1 88621181.084553
2 76097771.941116
3 116117935.807227
4 97980458.795545
5 119605147.194019
6 153704803.937036
7 173599796.776060
8 147041029.292101
9 281149406.104885
10 257411226.561132
11 314517598.898528
12 372456787.346917
13 355805319.473657
14 480340675.041707
15 510955713.325128
16 504084661.063526
17 672321623.117278
18 950230660.583850
19 848580239.570597
20 1074801206.237365
21 1117972133.509013
22 1162907086.199264
23 1655030355.297672
24 1906781734.948609
25 1546769255.193523
26 1198489053.352912
27 1855384899.874429
28 2334360866.036681
29 2255843171.703515
30 2211248118.963352
31 2548998604.273449
32 2512027667.747282
33 2737842530.342061
34 2895678146.511646
35 3705611684.715301
36 2978431607.466401
37 3895575769.766667
38 3367010818.574552
39 3713402616.261696
40 3983138583.347672
41 3862255444.345607
42 3748223965.985605
43 3122827073.871057
44 3075297690.821119
45 4392877083.764094
46 4290364904.167316
47 5593949713.597573
48 6597217340.111976
49 6377525992.651273
50 6504571331.659608
51 6368031856.974576
52 6200859860.970812
53 5269090053.929419
54 5328695976.330296
55 5653643113.680927
56 4343270701.319238
57 4556418497.054928
58 3418327377.599548
59 4650754259.189212
60 3950774304.580120
61 4591585316.409822
62 4857298713.748340
63 4602824668.337658
64 5088336842.716029
65 4603117381.947779
66 4955628198.514670
67 5854646955.961374
68 6187323204.102587
69 5747265818.803909
70 6158584623.131905
71 4836231183.884401
72 5328961389.810246
73 5352407633.764354
74 4810620565.391298
75 4684303372.332688
76 4577957653.278567
77 4901304452.928016
78 4390202399.213481
79 3566040349.727597
80 3610253209.487637
81 4212337376.837354
82 3751482028.561510
83 4373016736.604498
84 4700130441.682826
85 4288197476.983126
86 3221099830.020459
87 4110771581.681981
88 4570528852.896754
89 4507236509.031468
90 4535242811.356537
91 4568367902.267718
92 4146023733.198028
93 3445809792.288317
94 4260938944.304231
95 3862892736.312691
96 3733255122.970882
97 3019221934.276481
98 3469557537.871486
99 3333256262.249006
100 2875395571.707371
101 2305912131.454188
102 2373826604.722898
103 2526001597.197262
104 2349491552.593832
105 1848859511.396293
106 1891731189.026042
107 1896287116.328314
108 1480281266.398773
109 1671192734.112983
110 1908338519.020335
111 1867395041.226182
112 1741016896.342543
113 1388635795.041359
114 1714664079.215665
115 1517471361.094633
116 1646742189.698724
117 1342084592.922954
118 1208967215.019566
119 1417329081.089317
120 1454056332.636605
121 1499749602.321545
122 1319660028.876999
123 1416471401.730083
124 1241909006.035540
125 1361422848.747424
126 1283098656.617842
127 1369900309.367081
128 1197221972.868417
129 1098435944.342347
130 869111031.644970
131 910990078.805591
132 895591921.159928
133 1113357470.670943
134 973743332.277727
135 979461419.539056
136 781056754.492625
137 589300413.644552
138 652775201.968823
139 533473190.704074
140 626212614.915397
141 639602376.782257
142 530636746.239148
143 576961052.545633
144 653635841.524150
145 532939352.934912
146 580494173.234983
147 485179453.927156
148 535604047.932879
149 479336435.898895
150 505161084.638943
151 468443936.600375
152 541068121.908130
153 578409020.928857
154 367389786.296619
155 432905917.374917
156 339713950.751425
157 321491597.586132
158 270215342.239032
159 251270640.988567
160 252991297.562773
161 244353374.888219
162 220641855.582358
163 265098898.037165
164 257012626.896111
165 263385827.613564
166 241677863.669969
167 216489116.565759
168 239398058.105527
169 216163819.765105
170 210228318.324145
171 176582914.363615
172 153800887.766108
173 155471013.313425
174 146990461.536509
175 141748283.163150
176 122513527.002356
177 111613790.571680
178 127151733.532184
179 112813111.114598
180 128629549.496459
181 111057743.546614
182 116984315.366603
183 103328319.314346
184 106519576.403490
185 103678678.508807
186 102478047.709838
187 99133308.494264
188 93555134.059636
189 86802168.392837
190 85722635.825059
191 80724661.812410
192 83749913.690419
193 79940400.179898
194 59771357.928808
195 66038941.993925
196 65151567.769538
197 71483945.472100
198 65668713.578001
199 64476227.481278
200 57209555.909066
201 57099642.400064
202 52559765.621583
203 44459408.247775
204 45300633.043389
205 46159183.593752
206 37832611.500541
207 37254302.605232
208 38003820.519574
209 37108624.771951
210 35749240.091558
211 39896009.242988
212 33081404.411655
213 27203656.556561
214 28510498.707666
215 23949351.484444
216 23579381.968494
217 24727016.948235
218 22911356.767362
219 23136143.656783
220 20652589.350043
221 23111836.557564
222 21696822.979706
223 19348978.309111
224 21183507.620514
225 22770713.671729
226 20387849.197497
227 17619851.135253
228 15292052.165606
229 15895951.522789
230 18939640.729334
231 17454164.203666
232 19546098.685015
233 18082307.032971
234 19010036.326267
235 14283433.439538
236 11436153.540790
237 12899612.926795
238 12445843.724410
239 11482366.246766
240 12832824.734754
241 12307543.623942
242 12044996.220028
243 11043919.008354
244 11507435.908843
245 10920523.853037
246 9628636.853578
247 9259542.049579
248 10338288.058107
249 10109999.257700
250 9058651.174475
251 8904603.663637
252 10594205.771092
253 9446481.840350
254 10172373.457590
255 9528137.072241
256 9887497.158070
257 9798148.458832
258 9287833.144099
259 9466173.495894
260 9331196.895957
261 9381475.830260
262 9009597.524454
263 8468891.634818
264 8450651.692576
265 8367918.287636
266 6907388.595860
267 7779435.847105
268 7319584.780607
269 7391183.655609
270 7720462.905919
271 7735064.373261
272 7166753.035054
273 6919475.426576
274 6031462.439368
275 6443667.657498
276 6837315.057995
277 6749145.030391
278 6597107.693464
279 6406042.409585
280 5973367.837885
281 5549463.420058
282 5083387.823959
283 5529036.310500
284 4789192.987746
285 4924186.218772
286 5115379.582994
287 5201374.162514
288 4917536.826158
289 4367527.220369
290 4266136.231094
291 4441261.086482
292 4042419.147747
293 3845359.445775
294 3968741.249206
295 4275057.771822
296 3735307.548410
297 4054862.628152
298 3917076.117231
299 3728127.362140
300 3722992.273767
301 3502967.681268
302 3503577.173304
303 3616737.239612
304 3431932.414462
305 3386996.764777
306 3265574.601480
307 3108708.480373
308 3296555.565667
309 3169805.745314
310 3247324.138790
311 3275015.001826
312 3141271.177319
313 2892877.198683
314 3037366.110372
315 3046640.289171
316 3129818.768507
317 2907329.866420
318 2817394.833792
319 2693857.527912
320 2785698.617994
321 2766658.806680
322 2666603.859501
323 2610964.517855
324 2379490.050260
325 2509799.642710
326 2390280.374596
327 2422458.160893
328 2265415.106782
329 2076850.454632
330 2172617.513431
331 2161937.472165
332 2203332.214350
333 2111133.870534
334 2072156.418538
335 2013568.958741
336 1997272.177464
337 1809648.092675
338 1767686.437679
339 1834353.874074
340 1768419.359756
341 1743877.363260
342 1746944.696059
343 1782155.354179
344 1591956.999739
345 1456679.083126
346 1463321.353034
347 1498568.043309
348 1483691.440986
349 1476339.835325
350 1423626.050637
351 1420763.182273
352 1454467.926019
353 1316743.782838
354 1291203.036566
355 1280199.774141
356 1277868.825895
357 1279369.576096
358 1247970.088487
359 1305396.086481
360 1231636.608473
361 1158879.894223
362 1171445.238046
363 1162552.625583
364 1141015.548206
365 1168687.750353
366 1133303.467314
367 1127532.743740
368 1097282.746202
369 1046166.810568
370 1101762.143280
371 1070839.753605
372 1079637.256124
373 1015662.258489
374 1051073.752079
375 998972.159944
376 1006558.229038
377 1002815.647697
378 948885.416742
379 942557.064061
380 954821.065675
381 917730.511700
382 915018.182847
383 895522.653877
384 835303.475197
385 811410.727020
386 832687.325802
387 827060.147091
388 824864.417430
389 766209.542363
390 791537.487306
391 792535.410337
392 760020.716433
393 741110.511817
394 735630.897740
395 735927.728442
396 713953.804051
397 679638.981758
398 683985.723847
399 680876.192048
400 663894.836603
401 627110.403346
402 632344.430664
403 616020.690519
404 618935.252487
405 622227.146483
406 614092.280341
407 625729.550452
408 610964.658723
409 599774.023425
410 595652.630506
411 587801.609398
412 592564.175519
413 573900.955330
414 583155.686288
415 551437.203285
416 551970.365790
417 546874.908306
418 524721.283380
419 537184.309519
420 527870.171803
421 511717.441686
422 512551.482804
423 494668.313101
424 501672.582088
425 500021.948237
426 496149.427327
427 494564.340809
428 494280.710511
429 488627.883881
430 486648.703810
431 479615.739768
432 472955.206446
433 463125.083500
434 462915.594508
435 456362.114780
436 453123.433567
437 450500.667064
438 449180.612136
439 442126.695853
440 437249.628650
441 434975.634991
442 430510.792256
443 426426.167696
444 421295.110083
445 413179.234209
446 408508.854824
447 404561.002829
448 398396.691246
449 396450.835163
450 388572.153187
451 386190.731751
452 384174.154381
453 376093.918649
454 375314.582152
455 375365.506392
456 373677.013509
457 370460.885799
458 366738.580496
459 366811.620186
460 365490.184148
461 361156.022385
462 357594.387532
463 354612.712069
464 348485.979019
465 346294.125022
466 343656.944942
467 341902.224338
468 338493.821515
469 335877.411956
470 333609.103355
471 330806.812996
472 329776.798085
473 328170.774886
474 322795.827395
475 322215.478055
476 318848.162867
477 317632.063487
478 316049.147234
479 314297.045519
480 313530.265426
481 312068.300340
482 310874.645682
483 308459.954608
484 306559.670959
485 304739.766370
486 303394.436510
487 302695.743714
488 301715.330038
489 300464.215760
490 299023.826459
491 298364.700750
492 297814.806633
493 297053.097008
494 296487.358259
495 295771.540424
496 295224.041322
497 294838.845764
498 294349.497358
499 294207.380231
500 294075.309576
