1 81874878.075143
2 142808836.734017
3 393626386.886275
4 828838969.080721
5 1352280516.662807
6 3002399878.905942
7 5092477546.934479
8 10478015100.364069
9 14682694429.892656
10 33074580834.828720
11 28076601000.777504
12 15466831818.801733
13 13328102171.302082
14 34498084181.098656
15 69789056626.483017
16 143540396698.913635
17 203643631059.127075
18 324068383263.877258
19 476540105104.693970
20 617404190264.310547
21 644588549008.736084
22 1698121710179.487793
23 2465882543497.932617
24 3276645424567.705078
25 7152889181367.146484
26 11323745724147.376953
27 10568461714337.896484
28 6670855210060.408203
29 22725739302017.226562
30 26153465076182.683594
31 36832092039100.132812
32 70626470178739.484375
33 57540058086444.757812
34 93506731174091.781250
35 164148327534472.218750
36 133897441109894.140625
37 222603848142533.656250
38 286888963706523.750000
39 427829722360189.375000
40 425437329303311.937500
41 648991377955067.750000
42 913429725808040.250000
43 1561447696021588.500000
44 2520661422014671.500000
45 3332042498102490.500000
46 4505129389437065.000000
47 3689023774547957.500000
48 4775000070254788.000000
49 6617106161352988.000000
50 5471045922495106.000000
51 12846181446451308.000000
52 17233701006239404.000000
53 16446138909201182.000000
54 24272280590242460.000000
55 28576885373667572.000000
56 50437698304849376.000000
57 99041938264752064.000000
58 102672257236659632.000000
59 140825536830514304.000000
60 174197968349815616.000000
61 239851799801883712.000000
62 262401892460971744.000000
63 349408034703534848.000000
64 520989991104454784.000000
65 383556958712851008.000000
66 677709242739551104.000000
67 1153004455125421824.000000
68 1529250519266589696.000000
69 1358253119015627264.000000
70 1971383803133441792.000000
71 2899917520902384128.000000
72 1891240801162169344.000000
73 2654682684917570048.000000
74 2810550247014370304.000000
75 4206240809955570176.000000
76 3336893444898909696.000000
77 6194985605589814272.000000
78 6681114897746717696.000000
79 7730614185509193728.000000
80 10510591937073631232.000000
81 11420514060908781568.000000
82 13661962831614908416.000000
83 9726720986114449408.000000
84 20292315450959204352.000000
85 20750573301435928576.000000
86 32985595165801586688.000000
87 26370929427233349632.000000
88 33375339866730012672.000000
89 40286534531952574464.000000
90 44379670645469175808.000000
91 68005304070462808064.000000
92 81504523140377919488.000000
93 81747209511690076160.000000
94 108039743183969599488.000000
95 78971199230750441472.000000
96 88094675007867912192.000000
97 78693842099690209280.000000
98 117314269664658849792.000000
99 111538008978104975360.000000
100 185793663015671169024.000000
101 170845041070025015296.000000
102 177424146137362956288.000000
103 208077373226089414656.000000
104 310314231496967716864.000000
105 298771561955874242560.000000
106 358555600024117313536.000000
107 335310023154262081536.000000
108 389018701511217905664.000000
109 404756491463724302336.000000
110 279290225507559014400.000000
111 382016226733401047040.000000
112 287440274330358448128.000000
113 188605607270503251968.000000
114 257738545372762243072.000000
115 386120647787720146944.000000
116 240306156647679885312.000000
117 448970857945089310720.000000
118 594927026019055566848.000000
119 383206787897955909632.000000
120 620406621810458099712.000000
121 492495412745691856896.000000
122 429663117139358908416.000000
123 397291655596102254592.000000
124 458652287037112123392.000000
125 356460702903651794944.000000
126 447473027754343399424.000000
127 468007690830375944192.000000
128 404114698729037627392.000000
129 504638165322605789184.000000
130 472348464451372908544.000000
131 566742050877437050880.000000
132 532795485842358861824.000000
133 314739165848759500800.000000
134 399107646572618645504.000000
135 449011965574722879488.000000
136 510316327768129470464.000000
137 594420013618831687680.000000
138 632058103960452595712.000000
139 586388434018622046208.000000
140 543326210313459073024.000000
141 387460420902432407552.000000
142 395227880755829735424.000000
143 366665272251302674432.000000
144 325827104081917509632.000000
145 293435489986214002688.000000
146 359191157408828817408.000000
147 447871895543022288896.000000
148 409351532885808840704.000000
149 361259581082551320576.000000
150 311878824121979633664.000000
151 281493468845385023488.000000
152 224590389512765833216.000000
153 277300899966851350528.000000
154 205542141944291688448.000000
155 208428222248316960768.000000
156 226216530828324470784.000000
157 185670347971911122944.000000
158 195551676289237909504.000000
159 184070975880846376960.000000
160 109448986932219772928.000000
161 97438839445519253504.000000
162 101416217418425352192.000000
163 81239980155109343232.000000
164 74123880568088248320.000000
165 46347386660227252224.000000
166 49589037629325934592.000000
167 45340057819077607424.000000
168 47454759651595419648.000000
169 34887470832584671232.000000
170 33761651771290570752.000000
171 26447103464657235968.000000
172 20068173913208983552.000000
173 19147401406150156288.000000
174 24586108421941088256.000000
175 18014757912548855808.000000
176 16217709650938150912.000000
177 9145828434169848832.000000
178 12347862153277429760.000000
179 10706146595636287488.000000
180 9940465863120986112.000000
181 12116065811239966720.000000
182 8942632441372400640.000000
183 8283972942855854080.000000
184 8035245309287498752.000000
185 8139659643958649856.000000
186 6776387095604843520.000000
187 5792485886932625408.000000
188 3857326035364314112.000000
189 3538041168046128128.000000
190 3592612635867001856.000000
191 1693981486459362048.000000
192 1784920498641433600.000000
193 1775290866593043712.000000
194 1385410712876011520.000000
195 818146168994668416.000000
196 747129872116596096.000000
197 823151990672696192.000000
198 535230144898111808.000000
199 389057039329691392.000000
200 365618402982173632.000000
201 319384566976459904.000000
202 310061230634231424.000000
203 266191323917636288.000000
204 197947928228218592.000000
205 166667627158620192.000000
206 141652320502238656.000000
207 110193700364040816.000000
208 91291469633832560.000000
209 83913211709773296.000000
210 77797523654042304.000000
211 66125246152296456.000000
212 61763768248014208.000000
213 39153559893832272.000000
214 30616204318700312.000000
215 27187478967675320.000000
216 22510355804311336.000000
217 22303435835766444.000000
218 18416767227003308.000000
219 15872058159360858.000000
220 18493385996649680.000000
221 12426093852011048.000000
222 9166397619415464.000000
223 8080772355095446.000000
224 6291962920333873.000000
225 4690721843714187.000000
226 4179803315319837.500000
227 3509190010883169.000000
228 2916584149971682.000000
229 1854666766141015.250000
230 1295062845230458.000000
231 1025286845267705.875000
232 784672484103483.250000
233 617115735718187.875000
234 415024233336284.062500
235 269324103944051.562500
236 237358121099371.281250
237 163351108631786.406250
238 156645577447317.437500
239 113120296212132.375000
240 103157680293288.390625
241 78411287579222.671875
242 65658505889037.101562
243 46146534677056.382812
244 33200627815722.359375
245 29893716878352.179688
246 20506613553121.410156
247 13469920381576.121094
248 13647605393997.259766
249 11106045069284.716797
250 9096254572106.982422
251 7166063780484.602539
252 6074574489991.969727
253 4998164347168.641602
254 4122433302284.002441
255 3500909294987.774414
256 2778771230261.982910
257 1881148590477.709961
258 1879409564824.797363
259 1342275217496.698242
260 1052755573040.610962
261 856882200819.505493
262 681178639644.721313
263 475282604531.203552
264 287442179142.632141
265 206339033552.768127
266 193859976174.874115
267 157623913403.305267
268 114402743811.617279
269 91725278689.547012
270 76166475898.959702
271 52510507062.105713
272 44681250758.246078
273 36283725032.176811
274 28435167794.335773
275 23652096474.713684
276 12679323478.555511
277 8999591813.789196
278 6727325841.054926
279 5282095817.857505
280 4128085077.256823
281 3372172484.053102
282 2671414488.479474
283 2238851672.389448
284 1704889478.499534
285 1340774400.951910
286 1278307879.079697
287 911083008.315640
288 714508616.490545
289 661987582.385811
290 511412337.923232
291 390647548.276980
292 271051305.109631
293 244236307.647076
294 191709781.166614
295 160142729.457871
296 112763160.551304
297 81043926.018064
298 63376506.803190
299 42000428.493151
300 36159911.912596
301 30332225.456173
302 24228071.884797
303 16914447.283267
304 15092253.523593
305 15028248.185967
306 11017021.058846
307 7957642.622450
308 6594553.089320
309 5244054.802723
310 3859369.825734
311 2482384.694551
312 1661483.566145
313 1536030.985901
314 1412779.631650
315 1159784.087230
316 820625.386661
317 829101.563065
318 691535.457784
319 499297.033150
320 363124.863190
321 304410.279188
322 221618.228274
323 203301.250263
324 157946.028359
325 118462.382317
326 90675.125760
327 66475.492558
328 58403.201575
329 37050.133932
330 28133.452385
331 25882.463375
332 21252.400117
333 17488.309124
334 14544.891964
335 9379.661471
336 7255.141506
337 6228.746164
338 4196.787736
339 3243.812451
340 2270.900007
341 1580.742136
342 1347.515217
343 1035.457298
344 892.374011
345 735.658412
346 546.168779
347 462.159497
348 379.513870
349 281.432923
350 215.926038
351 154.179198
352 116.618237
353 85.202526
354 67.450550
355 56.595840
356 46.032873
357 39.075179
358 31.334377
359 25.217818
360 20.440521
361 14.902827
362 10.978284
363 8.256717
364 6.505937
365 5.361688
366 4.279258
367 3.911835
368 3.071637
369 2.520477
370 2.160946
371 1.801527
372 1.450570
373 1.113411
374 0.810482
375 0.666235
376 0.503337
377 0.389746
378 0.291736
379 0.244457
380 0.201253
381 0.144911
382 0.105638
383 0.085884
384 0.069510
385 0.054826
386 0.040689
387 0.034586
388 0.026659
389 0.020461
390 0.016010
391 0.012124
392 0.010005
393 0.007677
394 0.006433
395 0.005011
396 0.004236
397 0.003591
398 0.002911
399 0.002222
400 0.001782
401 0.001416
402 0.001104
403 0.000921
404 0.000718
405 0.000525
406 0.000444
407 0.000349
408 0.000276
409 0.000221
410 0.000174
411 0.000141
412 0.000109
413 0.000093
414 0.000074
415 0.000062
416 0.000049
417 0.000040
418 0.000034
419 0.000028
420 0.000022
421 0.000018
422 0.000013
423 0.000011
424 0.000009
425 0.000007
426 0.000005
427 0.000004
428 0.000004
429 0.000003
430 0.000002
431 0.000002
432 0.000001
433 0.000001
434 0.000001
435 0.000001
436 0.000001
437 0.000001
438 0.000000
439 0.000000
440 0.000000
441 0.000000
442 0.000000
443 0.000000
444 0.000000
445 0.000000
446 0.000000
447 0.000000
448 0.000000
449 0.000000
450 0.000000
451 0.000000
452 0.000000
453 0.000000
454 0.000000
455 0.000000
456 0.000000
457 0.000000
458 0.000000
459 0.000000
460 0.000000
461 0.000000
462 0.000000
463 0.000000
464 0.000000
465 0.000000
466 0.000000
467 0.000000
468 0.000000
469 0.000000
470 0.000000
471 0.000000
472 0.000000
473 0.000000
474 0.000000
475 0.000000
476 0.000000
477 0.000000
478 0.000000
479 0.000000
480 0.000000
481 0.000000
482 0.000000
483 0.000000
484 0.000000
485 0.000000
486 0.000000
487 0.000000
488 0.000000
489 0.000000
490 0.000000
491 0.000000
492 0.000000
493 0.000000
494 0.000000
495 0.000000
496 0.000000
497 0.000000
498 0.000000
499 0.000000
500 0.000000
