1 17590117.301253
2 17301937.229911
3 20158373.448738
4 22641853.035448
5 27066897.526430
6 25517663.138407
7 34866870.185029
8 40809532.452954
9 50182485.822959
10 36121562.871175
11 47043629.180378
12 65060162.635725
13 67575575.025193
14 67097385.129665
15 79863444.486244
16 68061618.391181
17 101847016.021818
18 91939411.034554
19 123633035.089506
20 134844669.833536
21 149461555.699375
22 179615418.083426
23 185358114.304326
24 169139933.729292
25 206907943.355454
26 279314777.255060
27 201561352.601368
28 276386869.860467
29 225088035.497663
30 253727107.767526
31 313559432.037191
32 277915392.026019
33 202605106.890239
34 394825411.658274
35 371883356.110521
36 371693002.447479
37 316123523.742056
38 289231428.224372
39 306865742.609498
40 365330173.137532
41 366403418.043720
42 293575846.228541
43 395040527.993132
44 488337299.117624
45 398336607.102986
46 372150540.114901
47 401357974.730406
48 451785501.899059
49 470077210.407397
50 489967863.158890
51 472010495.941062
52 504600461.760234
53 560258273.572899
54 702148127.467588
55 630970450.995720
56 537224621.695793
57 507177227.623570
58 575204041.517330
59 683030161.812794
60 558408831.431605
61 517245910.886499
62 485641523.820547
63 624571736.500517
64 553823847.945420
65 551230777.294458
66 447058385.795657
67 563749561.272063
68 503937110.655923
69 449145452.743431
70 450870294.246781
71 538627913.322971
72 332980298.010545
73 268709516.609243
74 318109336.533233
75 388074843.538431
76 314135040.394039
77 371259870.612158
78 342875033.256571
79 280963056.477885
80 281752401.139240
81 307820755.568640
82 287254146.969726
83 215632535.801089
84 275079208.273731
85 209867568.565372
86 260506844.504171
87 243663436.044789
88 240826745.862209
89 246750207.180971
90 194871554.588703
91 184396065.303890
92 174823636.720041
93 214550924.207096
94 230386974.637741
95 191228864.517260
96 179297166.655731
97 190991552.565638
98 159503120.457899
99 178869258.061350
100 146480200.999115
101 170321543.208177
102 154681767.643381
103 158280260.907517
104 151578195.881644
105 135994406.271773
106 160078155.496244
107 149340636.134557
108 123505226.431711
109 104632074.378738
110 125489954.785545
111 88494174.435485
112 109316241.740340
113 94850735.649536
114 87898741.673409
115 96285714.155278
116 80430292.929453
117 77463045.911149
118 65697444.275232
119 53099190.047943
120 60844765.500190
121 45456544.596619
122 53479474.181840
123 43931076.075572
124 50204364.109461
125 41802550.805169
126 41440938.023518
127 39466138.670349
128 32204335.023033
129 33471767.946129
130 39246310.138894
131 31585202.092257
132 32990027.621979
133 30137144.000520
134 28779448.806766
135 21776389.139309
136 20872037.366557
137 18674116.399619
138 17398341.523330
139 20885700.000584
140 14354440.737206
141 13653604.754923
142 14002981.345916
143 12705046.841113
144 11634401.247198
145 12320916.328146
146 11076603.861386
147 10858161.546519
148 10324417.353649
149 9994204.242505
150 9590378.431365
151 9021126.892897
152 8425110.071634
153 8182384.546341
154 7320648.078028
155 8345898.995567
156 8256479.047812
157 8004991.791275
158 8898363.257107
159 8377266.123873
160 8168896.428870
161 8357189.683746
162 7308140.662136
163 6408136.186779
164 6696286.054725
165 7830782.956500
166 5878880.737554
167 5456889.077848
168 6872574.322922
169 4668937.792174
170 4637977.879835
171 5072155.041657
172 3782356.977712
173 4321352.399895
174 3414434.852935
175 3653040.800045
176 3625302.402684
177 4047773.800319
178 4201162.604321
179 4235168.462506
180 3721047.743872
181 3746943.354900
182 3648832.087851
183 3349858.600954
184 3320826.360857
185 3407294.994611
186 2733481.038795
187 2533809.759196
188 2846745.606813
189 2519161.279556
190 2722850.683094
191 2400287.307279
192 2635556.445969
193 2382939.148878
194 2358444.362263
195 2127035.966880
196 2144674.540716
197 2103485.599565
198 1884781.097703
199 2239246.146435
200 1740824.260159
201 1934249.130317
202 1568234.448882
203 1509810.833780
204 1459653.191574
205 1368191.949761
206 1396842.399051
207 1146886.836315
208 1099265.745648
209 1055373.752591
210 952852.635606
211 939588.401768
212 839988.073550
213 749965.018402
214 825950.175566
215 967217.930700
216 806781.759750
217 787274.148722
218 704644.775252
219 744209.253649
220 715973.241812
221 656251.230907
222 653144.222395
223 624991.832773
224 473218.020845
225 589132.790401
226 498840.743513
227 529351.636211
228 414127.441786
229 503197.426178
230 423350.392316
231 538354.090250
232 467729.946039
233 508049.911981
234 451843.341986
235 391339.565360
236 370379.466688
237 328409.389576
238 360971.687794
239 317975.955494
240 314247.311940
241 327816.335023
242 275327.622553
243 289757.526836
244 261378.908731
245 265403.271807
246 274409.628289
247 253010.372019
248 256714.075614
249 227016.433785
250 245191.774050
251 224711.310161
252 213096.839492
253 242650.970704
254 200660.220373
255 200647.723023
256 210263.372751
257 183470.968345
258 192500.795931
259 188127.167868
260 171902.201232
261 173313.350869
262 179271.437699
263 158352.170306
264 161274.071310
265 142180.657321
266 134845.275026
267 139207.881962
268 122598.928566
269 128186.645724
270 110412.625520
271 111944.799209
272 115753.669162
273 106389.919128
274 101583.600087
275 98347.886451
276 84950.571093
277 84177.837999
278 91010.379722
279 79293.348788
280 84197.245663
281 78841.075194
282 72140.087272
283 72445.647633
284 71464.132290
285 70939.229768
286 69818.252468
287 64346.140438
288 61624.721723
289 63912.690813
290 53969.666473
291 58607.546699
292 58391.912472
293 56303.822070
294 52933.996142
295 54616.633317
296 54044.332281
297 53437.683572
298 49536.692328
299 51608.702470
300 46668.351474
301 47369.875877
302 55081.315679
303 54508.991860
304 50262.952991
305 47743.874117
306 48240.561552
307 42683.064237
308 38977.565024
309 40375.720841
310 41862.708681
311 37124.876900
312 37857.668310
313 36913.450855
314 38386.961696
315 35022.701932
316 34875.523140
317 33978.918528
318 33681.129017
319 34117.167838
320 31384.936104
321 33051.524004
322 33387.545231
323 32401.310569
324 31154.132510
325 31288.905422
326 30699.373323
327 28306.606363
328 25261.029040
329 25390.842272
330 23706.830468
331 25335.789781
332 23868.788384
333 23253.246675
334 21320.691621
335 20576.784756
336 20340.562540
337 19886.564832
338 19545.015983
339 19769.536029
340 18160.988127
341 17292.381527
342 18243.440442
343 17612.716174
344 18065.329310
345 17402.536418
346 16381.186514
347 17188.422403
348 17027.406225
349 16355.945507
350 15258.995581
351 13873.694109
352 15336.287789
353 15821.644539
354 14696.567058
355 14586.913988
356 14180.856562
357 13608.523543
358 14272.518441
359 13253.632863
360 13376.728662
361 13159.748484
362 13060.416938
363 12613.494907
364 12806.979441
365 12812.558312
366 12214.810138
367 11953.599572
368 11820.304907
369 11216.274343
370 11526.238022
371 11102.669440
372 10566.349781
373 10408.535124
374 10485.222362
375 10090.495178
376 10092.802752
377 10286.745662
378 10414.921358
379 9807.395236
380 9652.346623
381 9090.892544
382 8635.365631
383 8759.323425
384 8309.642280
385 8454.041998
386 8497.100194
387 8359.448003
388 8008.686672
389 7943.785885
390 7620.616056
391 7704.893352
392 7587.704026
393 7326.794678
394 7382.130931
395 7305.254426
396 7240.511384
397 7046.454765
398 7013.293596
399 6945.392227
400 7077.362813
401 6934.080150
402 7037.978399
403 6649.071064
404 6385.221423
405 6300.455013
406 6247.143607
407 6341.547457
408 6269.307298
409 6080.019742
410 6033.663716
411 5853.196139
412 5752.102633
413 5646.881840
414 5581.062634
415 5379.503989
416 5350.514176
417 5261.254070
418 5202.662154
419 5100.395667
420 5171.025713
421 4994.021966
422 4973.709602
423 4935.649622
424 4921.486814
425 4880.259823
426 4777.062034
427 4712.250366
428 4703.901517
429 4589.106098
430 4596.931652
431 4548.608485
432 4469.654579
433 4435.910160
434 4348.160296
435 4329.334897
436 4262.655766
437 4151.333074
438 4141.285839
439 4092.857096
440 4029.522319
441 3968.814219
442 3857.705064
443 3872.280671
444 3828.198821
445 3790.921248
446 3767.559970
447 3771.430754
448 3721.367095
449 3677.358352
450 3668.788354
451 3611.405052
452 3595.757539
453 3544.460099
454 3502.849561
455 3491.324319
456 3435.113126
457 3398.126552
458 3359.444872
459 3329.865448
460 3278.882304
461 3263.337653
462 3232.376242
463 3165.477039
464 3180.172671
465 3161.561502
466 3143.781250
467 3126.733674
468 3094.311656
469 3069.080439
470 3059.385980
471 3029.101809
472 2998.951714
473 2988.621603
474 2973.580936
475 2947.003620
476 2922.355384
477 2896.583113
478 2881.610611
479 2860.444654
480 2830.383522
481 2822.238109
482 2809.098497
483 2792.374380
484 2771.795708
485 2759.732926
486 2753.740408
487 2740.836469
488 2730.577892
489 2721.143798
490 2713.063943
491 2703.314829
492 2692.394039
493 2685.708731
494 2680.037531
495 2672.668791
496 2668.526449
497 2664.668967
498 2661.788160
499 2660.026695
500 2658.884391
