1 inf
2 inf
3 inf
4 inf
5 inf
6 inf
7 inf
8 inf
9 inf
10 506711544258980468873081631300734090967708080194102477157821452344679936567420267240375758109969901135876004626522252961988962438378822264624425495382788234680432159998529931887580314794358620979056713892737609027743584399113427026863986571985856047664332800.000000
11 76021855208719271380664072719425829303531436625381723417265159416046400849362740690917001297148701979445051664729588175418737894430429220565171724340904400157133163027333245204632948936229286958908095443501056.000000
12 82664113525375133934678155080611234380632748195180223907854516307417095232452889482226629046951034635243154451815420895751033375108679146617868124160.000000
13 780403175064662118487969179209254055296748683898192942096764191322194574668847420276736.000000
14 1609731253778336041674578329600.000000
15 9180.515571
16 9179.165437
17 8340.862482
18 8588.532207
19 7350.652102
20 8185.949990
21 5768.878526
22 5439.614224
23 5588.360631
24 4081.346007
25 3725.120236
26 2952.294922
27 2544.941531
28 2031.258954
29 1862.849557
30 1474.923276
31 1322.238303
32 1005.265512
33 1093.440586
34 793.983545
35 727.679300
36 583.520919
37 483.381024
38 527.141341
39 434.380938
40 303.286537
41 247.243210
42 204.635131
43 217.593459
44 152.393633
45 153.864379
46 151.099039
47 129.158664
48 107.152071
49 88.585668
50 89.616220
51 75.504464
52 51.472172
53 43.254667
54 36.849343
55 28.461478
56 21.163987
57 16.794672
58 10.946742
59 9.214884
60 7.710492
61 6.097391
62 4.571512
63 3.751474
64 4.021478
65 3.664556
66 2.880521
67 2.600775
68 2.319574
69 2.070408
70 1.630449
71 1.189971
72 0.908191
73 0.752343
74 0.609997
75 0.573608
76 0.517101
77 0.264905
78 0.160639
79 0.111839
80 0.092912
81 0.077837
82 0.062473
83 0.061336
84 0.060314
85 0.056035
86 0.047324
87 0.041272
88 0.039703
89 0.026674
90 0.018956
91 0.013935
92 0.010444
93 0.009291
94 0.007632
95 0.006291
96 0.005469
97 0.004861
98 0.004082
99 0.003255
100 0.003027
101 0.002445
102 0.002104
103 0.001864
104 0.001590
105 0.001252
106 0.000936
107 0.000915
108 0.000756
109 0.000584
110 0.000536
111 0.000445
112 0.000389
113 0.000331
114 0.000250
115 0.000195
116 0.000169
117 0.000115
118 0.000093
119 0.000085
120 0.000076
121 0.000056
122 0.000048
123 0.000044
124 0.000038
125 0.000031
126 0.000022
127 0.000019
128 0.000017
129 0.000013
130 0.000011
131 0.000008
132 0.000007
133 0.000005
134 0.000004
135 0.000003
136 0.000002
137 0.000002
138 0.000001
139 0.000001
140 0.000001
141 0.000001
142 0.000000
143 0.000000
144 0.000000
145 0.000000
146 0.000000
147 0.000000
148 0.000000
149 0.000000
150 0.000000
151 0.000000
152 0.000000
153 0.000000
154 0.000000
155 0.000000
156 0.000000
157 0.000000
158 0.000000
159 0.000000
160 0.000000
161 0.000000
162 0.000000
163 0.000000
164 0.000000
165 0.000000
166 0.000000
167 0.000000
168 0.000000
169 0.000000
170 0.000000
171 0.000000
172 0.000000
173 0.000000
174 0.000000
175 0.000000
176 0.000000
177 0.000000
178 0.000000
179 0.000000
180 0.000000
181 0.000000
182 0.000000
183 0.000000
184 0.000000
185 0.000000
186 0.000000
187 0.000000
188 0.000000
189 0.000000
190 0.000000
191 0.000000
192 0.000000
193 0.000000
194 0.000000
195 0.000000
196 0.000000
197 0.000000
198 0.000000
199 0.000000
200 0.000000
201 0.000000
202 0.000000
203 0.000000
204 0.000000
205 0.000000
206 0.000000
207 0.000000
208 0.000000
209 0.000000
210 0.000000
211 0.000000
212 0.000000
213 0.000000
214 0.000000
215 0.000000
216 0.000000
217 0.000000
218 0.000000
219 0.000000
220 0.000000
221 0.000000
222 0.000000
223 0.000000
224 0.000000
225 0.000000
226 0.000000
227 0.000000
228 0.000000
229 0.000000
230 0.000000
231 0.000000
232 0.000000
233 0.000000
234 0.000000
235 0.000000
236 0.000000
237 0.000000
238 0.000000
239 0.000000
240 0.000000
241 0.000000
242 0.000000
243 0.000000
244 0.000000
245 0.000000
246 0.000000
247 0.000000
248 0.000000
249 0.000000
250 0.000000
251 0.000000
252 0.000000
253 0.000000
254 0.000000
255 0.000000
256 0.000000
257 0.000000
258 0.000000
259 0.000000
260 0.000000
261 0.000000
262 0.000000
263 0.000000
264 0.000000
265 0.000000
266 0.000000
267 0.000000
268 0.000000
269 0.000000
270 0.000000
271 0.000000
272 0.000000
273 0.000000
274 0.000000
275 0.000000
276 0.000000
277 0.000000
278 0.000000
279 0.000000
280 0.000000
281 0.000000
282 0.000000
283 0.000000
284 0.000000
285 0.000000
286 0.000000
287 0.000000
288 0.000000
289 0.000000
290 0.000000
291 0.000000
292 0.000000
293 0.000000
294 0.000000
295 0.000000
296 0.000000
297 0.000000
298 0.000000
299 0.000000
300 0.000000
301 0.000000
302 0.000000
303 0.000000
304 0.000000
305 0.000000
306 0.000000
307 0.000000
308 0.000000
309 0.000000
310 0.000000
311 0.000000
312 0.000000
313 0.000000
314 0.000000
315 0.000000
316 0.000000
317 0.000000
318 0.000000
319 0.000000
320 0.000000
321 0.000000
322 0.000000
323 0.000000
324 0.000000
325 0.000000
326 0.000000
327 0.000000
328 0.000000
329 0.000000
330 0.000000
331 0.000000
332 0.000000
333 0.000000
334 0.000000
335 0.000000
336 0.000000
337 0.000000
338 0.000000
339 0.000000
340 0.000000
341 0.000000
342 0.000000
343 0.000000
344 0.000000
345 0.000000
346 0.000000
347 0.000000
348 0.000000
349 0.000000
350 0.000000
351 0.000000
352 0.000000
353 0.000000
354 0.000000
355 0.000000
356 0.000000
357 0.000000
358 0.000000
359 0.000000
360 0.000000
361 0.000000
362 0.000000
363 0.000000
364 0.000000
365 0.000000
366 0.000000
367 0.000000
368 0.000000
369 0.000000
370 0.000000
371 0.000000
372 0.000000
373 0.000000
374 0.000000
375 0.000000
376 0.000000
377 0.000000
378 0.000000
379 0.000000
380 0.000000
381 0.000000
382 0.000000
383 0.000000
384 0.000000
385 0.000000
386 0.000000
387 0.000000
388 0.000000
389 0.000000
390 0.000000
391 0.000000
392 0.000000
393 0.000000
394 0.000000
395 0.000000
396 0.000000
397 0.000000
398 0.000000
399 0.000000
400 0.000000
401 0.000000
402 0.000000
403 0.000000
404 0.000000
405 0.000000
406 0.000000
407 0.000000
408 0.000000
409 0.000000
410 0.000000
411 0.000000
412 0.000000
413 0.000000
414 0.000000
415 0.000000
416 0.000000
417 0.000000
418 0.000000
419 0.000000
420 0.000000
421 0.000000
422 0.000000
423 0.000000
424 0.000000
425 0.000000
426 0.000000
427 0.000000
428 0.000000
429 0.000000
430 0.000000
431 0.000000
432 0.000000
433 0.000000
434 0.000000
435 0.000000
436 0.000000
437 0.000000
438 0.000000
439 0.000000
440 0.000000
441 0.000000
442 0.000000
443 0.000000
444 0.000000
445 0.000000
446 0.000000
447 0.000000
448 0.000000
449 0.000000
450 0.000000
451 0.000000
452 0.000000
453 0.000000
454 0.000000
455 0.000000
456 0.000000
457 0.000000
458 0.000000
459 0.000000
460 0.000000
461 0.000000
462 0.000000
463 0.000000
464 0.000000
465 0.000000
466 0.000000
467 0.000000
468 0.000000
469 0.000000
470 0.000000
471 0.000000
472 0.000000
473 0.000000
474 0.000000
475 0.000000
476 0.000000
477 0.000000
478 0.000000
479 0.000000
480 0.000000
481 0.000000
482 0.000000
483 0.000000
484 0.000000
485 0.000000
486 0.000000
487 0.000000
488 0.000000
489 0.000000
490 0.000000
491 0.000000
492 0.000000
493 0.000000
494 0.000000
495 0.000000
496 0.000000
497 0.000000
498 0.000000
499 0.000000
500 0.000000
