1 1491200.997505
2 1631899.375503
3 1738522.293146
4 1803189.655480
5 1833419.676654
6 1832612.907691
7 1821687.255203
8 1824617.987612
9 1742396.507193
10 1798691.954704
11 1702381.349938
12 1671813.212737
13 1425664.870913
14 1479801.052958
15 1496132.880837
16 1423777.163244
17 1279230.733996
18 1311420.196770
19 1210666.942163
20 1204006.308547
21 1060416.887659
22 1011307.243210
23 974824.632834
24 814386.277642
25 832496.471396
26 826934.904995
27 787760.940080
28 732497.207538
29 717889.399487
30 695689.165329
31 675992.849294
32 593040.145900
33 505381.582964
34 510474.798603
35 475415.993584
36 444511.797725
37 418435.083998
38 387927.609991
39 345181.527225
40 326378.124506
41 307601.297382
42 284483.914944
43 265506.541840
44 225003.504159
45 210201.717184
46 173946.174444
47 166778.632349
48 153932.224718
49 140582.944981
50 123332.250043
51 114019.697779
52 101848.511340
53 90566.063162
54 81754.888950
55 74708.049466
56 64039.349328
57 56991.009764
58 48532.404828
59 44141.112630
60 39106.428913
61 36160.940046
62 31547.240406
63 28278.876908
64 25650.261618
65 21721.841343
66 19919.330630
67 16915.372845
68 14995.619909
69 12651.951466
70 12041.392295
71 10619.037930
72 9485.934640
73 8281.151313
74 7208.630084
75 6310.759190
76 5579.021470
77 4758.305580
78 4034.399081
79 3536.963004
80 3197.475846
81 2797.999810
82 2556.724511
83 2196.194244
84 1817.028736
85 1661.478956
86 1443.741830
87 1292.082855
88 1087.034022
89 980.210138
90 815.726804
91 749.644992
92 665.721923
93 615.149859
94 496.729766
95 451.692773
96 407.498185
97 359.218859
98 320.730607
99 286.140380
100 243.937573
101 210.101940
102 185.564528
103 162.793461
104 146.396333
105 128.732382
106 110.070804
107 95.088044
108 81.991143
109 71.094460
110 60.199065
111 51.699337
112 42.951739
113 38.657427
114 32.924079
115 27.564179
116 25.166083
117 21.830510
118 18.860806
119 16.133917
120 13.417704
121 12.059397
122 10.388608
123 9.105865
124 8.132119
125 7.223888
126 6.291088
127 5.321882
128 4.749770
129 4.332603
130 3.732734
131 3.212995
132 2.790371
133 2.499002
134 2.110334
135 1.913207
136 1.675437
137 1.462958
138 1.264342
139 1.076461
140 0.961266
141 0.856299
142 0.745347
143 0.650064
144 0.563423
145 0.502053
146 0.437939
147 0.378142
148 0.334304
149 0.293700
150 0.262752
151 0.234663
152 0.206034
153 0.183301
154 0.160692
155 0.136415
156 0.122038
157 0.111772
158 0.098542
159 0.089250
160 0.076198
161 0.066573
162 0.061138
163 0.052143
164 0.046328
165 0.041262
166 0.038295
167 0.034476
168 0.030268
169 0.027100
170 0.023512
171 0.021375
172 0.019081
173 0.016824
174 0.015146
175 0.013633
176 0.011862
177 0.010800
178 0.009599
179 0.007983
180 0.007372
181 0.006663
182 0.006055
183 0.005525
184 0.004834
185 0.004386
186 0.003885
187 0.003524
188 0.003204
189 0.002884
190 0.002519
191 0.002273
192 0.002051
193 0.001743
194 0.001651
195 0.001534
196 0.001384
197 0.001247
198 0.001143
199 0.001010
200 0.000932
201 0.000858
202 0.000787
203 0.000714
204 0.000660
205 0.000602
206 0.000550
207 0.000492
208 0.000453
209 0.000411
210 0.000375
211 0.000349
212 0.000323
213 0.000296
214 0.000266
215 0.000239
216 0.000215
217 0.000203
218 0.000182
219 0.000168
220 0.000154
221 0.000142
222 0.000130
223 0.000120
224 0.000111
225 0.000102
226 0.000092
227 0.000084
228 0.000078
229 0.000072
230 0.000067
231 0.000060
232 0.000057
233 0.000052
234 0.000047
235 0.000044
236 0.000041
237 0.000038
238 0.000035
239 0.000032
240 0.000030
241 0.000027
242 0.000025
243 0.000023
244 0.000022
245 0.000020
246 0.000019
247 0.000018
248 0.000016
249 0.000015
250 0.000014
251 0.000013
252 0.000012
253 0.000011
254 0.000010
255 0.000010
256 0.000009
257 0.000008
258 0.000008
259 0.000008
260 0.000007
261 0.000006
262 0.000006
263 0.000006
264 0.000005
265 0.000005
266 0.000005
267 0.000004
268 0.000004
269 0.000004
270 0.000004
271 0.000003
272 0.000003
273 0.000003
274 0.000003
275 0.000003
276 0.000002
277 0.000002
278 0.000002
279 0.000002
280 0.000002
281 0.000002
282 0.000002
283 0.000002
284 0.000002
285 0.000001
286 0.000001
287 0.000001
288 0.000001
289 0.000001
290 0.000001
291 0.000001
292 0.000001
293 0.000001
294 0.000001
295 0.000001
296 0.000001
297 0.000001
298 0.000001
299 0.000001
300 0.000001
301 0.000001
302 0.000001
303 0.000001
304 0.000001
305 0.000001
306 0.000000
307 0.000000
308 0.000000
309 0.000000
310 0.000000
311 0.000000
312 0.000000
313 0.000000
314 0.000000
315 0.000000
316 0.000000
317 0.000000
318 0.000000
319 0.000000
320 0.000000
321 0.000000
322 0.000000
323 0.000000
324 0.000000
325 0.000000
326 0.000000
327 0.000000
328 0.000000
329 0.000000
330 0.000000
331 0.000000
332 0.000000
333 0.000000
334 0.000000
335 0.000000
336 0.000000
337 0.000000
338 0.000000
339 0.000000
340 0.000000
341 0.000000
342 0.000000
343 0.000000
344 0.000000
345 0.000000
346 0.000000
347 0.000000
348 0.000000
349 0.000000
350 0.000000
351 0.000000
352 0.000000
353 0.000000
354 0.000000
355 0.000000
356 0.000000
357 0.000000
358 0.000000
359 0.000000
360 0.000000
361 0.000000
362 0.000000
363 0.000000
364 0.000000
365 0.000000
366 0.000000
367 0.000000
368 0.000000
369 0.000000
370 0.000000
371 0.000000
372 0.000000
373 0.000000
374 0.000000
375 0.000000
376 0.000000
377 0.000000
378 0.000000
379 0.000000
380 0.000000
381 0.000000
382 0.000000
383 0.000000
384 0.000000
385 0.000000
386 0.000000
387 0.000000
388 0.000000
389 0.000000
390 0.000000
391 0.000000
392 0.000000
393 0.000000
394 0.000000
395 0.000000
396 0.000000
397 0.000000
398 0.000000
399 0.000000
400 0.000000
401 0.000000
402 0.000000
403 0.000000
404 0.000000
405 0.000000
406 0.000000
407 0.000000
408 0.000000
409 0.000000
410 0.000000
411 0.000000
412 0.000000
413 0.000000
414 0.000000
415 0.000000
416 0.000000
417 0.000000
418 0.000000
419 0.000000
420 0.000000
421 0.000000
422 0.000000
423 0.000000
424 0.000000
425 0.000000
426 0.000000
427 0.000000
428 0.000000
429 0.000000
430 0.000000
431 0.000000
432 0.000000
433 0.000000
434 0.000000
435 0.000000
436 0.000000
437 0.000000
438 0.000000
439 0.000000
440 0.000000
441 0.000000
442 0.000000
443 0.000000
444 0.000000
445 0.000000
446 0.000000
447 0.000000
448 0.000000
449 0.000000
450 0.000000
451 0.000000
452 0.000000
453 0.000000
454 0.000000
455 0.000000
456 0.000000
457 0.000000
458 0.000000
459 0.000000
460 0.000000
461 0.000000
462 0.000000
463 0.000000
464 0.000000
465 0.000000
466 0.000000
467 0.000000
468 0.000000
469 0.000000
470 0.000000
471 0.000000
472 0.000000
473 0.000000
474 0.000000
475 0.000000
476 0.000000
477 0.000000
478 0.000000
479 0.000000
480 0.000000
481 0.000000
482 0.000000
483 0.000000
484 0.000000
485 0.000000
486 0.000000
487 0.000000
488 0.000000
489 0.000000
490 0.000000
491 0.000000
492 0.000000
493 0.000000
494 0.000000
495 0.000000
496 0.000000
497 0.000000
498 0.000000
499 0.000000
500 0.000000
