1 inf
2 inf
3 inf
4 inf
5 inf
6 inf
7 inf
8 inf
9 inf
10 inf
11 inf
12 inf
13 inf
14 inf
15 137020997150966021705261841418630446872927154539647308093052465781220031581545538165307957693050250673007808506126434960868297066051116326085238041014358287161965810961483515060899001069345008354939243881573744255457848599347116288720051961903605837864901954746706680341057289457082042868578128238739456000.000000
16 2207195015165891147169065308673430235690114885550748831606705138710279212605376649051984701705244894011900829825359571715649677160411664071310021217970528415897842282520910481490464103656559754257983261147960905199254229404735516570530180082779597242100933502934478394189066051675619408866181120.000000
17 1370790155634480154428087411935246377701917638991641424332213697563255331179086318454548879640959730765780417699626297306557763948005251085303128171040955076040981684109847386832885921292350001778758666463228414881154409359303624992006005242148357886066116518465584364919473401025911553261568.000000
18 2372785764574461853979256505797714130913148550641925360614046682531576646057817547846120724684667552064865276583321758222667318610477038760416811296359700049702207369247641935574606399875648210987050157155494246924647264417166500820380437530665166185830359290109829782286906343555072.000000
19 5321911586105194901096011008491872167066095037318597241215628832989909950141406683827248345923791609760648295246785562877615867372954724456579120795771716971622232937833569910944073915265152209566935477438284515322798391701180326821635735261683582714228243151137118617600.000000
20 451760000543427153441159368888253454062748222696835180980731334580196208267989301841973035505130903956886537657448544429986328340250915949770217798307520825430694289360228348073221285318048676339225269337690801212579871919819428727091575010652923183762814155507105792.000000
21 2395369308482605174185192886912797632576843371446455285634867782684753647910886189160060172548376107211607080523276479054869320592600634928560214361935806986058973678705226189943637469279848649160178579936022946028716616126271374785386588731355151084297866182656.000000
22 1931001312368488984694440469559513186754483558199932677002118960732656976334533752358603028404600710878948468151298423506456235675352366265642534264879381222270314152049469386028168687943394740067082825663700292772238327602865791433139996231467008.000000
23 2513428573056155657078342761517244742096329657691522066831800919649226088666047876557361367021288968360333105607257371737395923483887750619600592380751224268960436970650274232587409108111787931450108761799839742890889225306800920807342080000.000000
24 2468004393058451522219021858362993162426512578215267100258849782528434586787650159770702964241353174410690107615849932720465518619711232492754169744255837746427366061059313501799407219296133501904749131341251274706834820169728.000000
25 185383107431976618020355824217463065930942196176391812995645527775075630145007128478111741021838301032574313041289254292092029122326473208899465553770104863335229239463591799703080481430687281155716922809543671901342054481920.000000
26 336888624219255853847233125925066149075395213175639142327236909237606823060782638676508651658318040828343205158923541507349001141606499286041153365782328721659272222020680444412097362658481205666821154219499257717587968.000000
27 206341745324933232644676756031185662089742289137801311759924386128820375015518657071972757521273491088630598741218403885952983260652802052451869379981924934295537726314075321542104764328122406163694912232488960.000000
28 1619935022833817215635259703390099509517410828338842124614148359630072154396809718370295580123148371521437963468105522778999460272122692967160116652246946631978483982981923571112211416100141744558964736.000000
29 350478570531342132593561313531946975364032237260392030490504377936343220198305710555007841472711475827766586214460024700890101724699645768994718567406262399328865524465218006130343512585011200.000000
30 33879441081486683787538095298510898867016699166312047875767419787382365022464110174744621691994808532207836245416616059289470640123986347717231553528848803911649015769632335925870592.000000
31 2094153728084081304189165282025411836663888247425666639444550295526257599245404231375278429055228423128209609982102802302688348841156343842109867834502169110418275181931790336.000000
32 5180166980930057114474916744662467891659123621960097828139143056064555126056326626176033480764655077692407954681158661024103137013481848551974490949727562688355782535151616.000000
33 6797260058026952672404922795880408830405539243327011677493165986826635877227819437091266826074374696115915329706881057030978646118762904429454096728383778031927296.000000
34 2290024521703750706806733467069242119956018752700650704452181551270418665830190746416409775583511030980935366568164151341648910798241293152926855856128.000000
35 137685090670388855074897206296377890077196083420300841033558719393310784089950131837462463405167040139592137041666969797149885490675601680652761563136.000000
36 19946543381624749966925781091044842303935234427802861156010448225945435609323579183623427757578755507359004786598099635043670874614160504651776.000000
37 353003174199333575677816005777589774894497566585298474761297137202049125644991819743802404423683014570022397749466950008832.000000
38 23777021060570508839711155590918471422781586001292129884421493228298126129737789621262004763394332912426942464.000000
39 176606302321076572803642075674746063492879444058457403350527920000569163644645865662431402479612598521058820096.000000
40 267871894807184932378920109926593941170753701050922749686009706217211770701999801763791309844300485885952.000000
41 5995478296259912391936603356796260610577016814841276628458354786335931916214176510914411456626688.000000
42 79985177922495469444026120427820028363830810695520489781441472096274795930553303122837504.000000
43 69466878919067859022654928451312817229602394145312283261224659552991692455936.000000
44 133161017604761160579872252633925088771660872752047344424655899520577568768.000000
45 658779905709091618360727825918804934158607538450606023770112.000000
46 5816820035121970029262102982664535613112457975824384.000000
47 21617367044932362519792377007179678485867638292480.000000
48 1286043490221761912243166325506048.000000
49 76090234075108442112.000000
50 39095662639300.359375
51 5727.313786
52 4110.229800
53 3222.750795
54 2363.360907
55 2095.456298
56 1680.541096
57 1395.176957
58 1196.797782
59 1006.065436
60 919.596319
61 765.230684
62 673.407734
63 596.347453
64 509.792429
65 432.169129
66 407.530054
67 356.173042
68 304.426600
69 260.216429
70 231.524027
71 200.798398
72 177.372627
73 157.951584
74 135.699784
75 123.240637
76 109.662220
77 94.449960
78 85.479951
79 73.601093
80 64.757557
81 55.258408
82 51.255993
83 46.320334
84 41.178480
85 35.749462
86 32.417105
87 29.178367
88 25.969303
89 23.341104
90 20.547601
91 18.211655
92 16.368438
93 14.512029
94 12.792826
95 11.468875
96 10.320635
97 9.014318
98 8.059647
99 7.204947
100 6.516458
101 5.725287
102 4.811942
103 4.381584
104 3.993299
105 3.557702
106 3.162361
107 2.813510
108 2.461671
109 2.273752
110 1.949231
111 1.795787
112 1.587800
113 1.439988
114 1.279760
115 1.125930
116 1.001901
117 0.874386
118 0.776677
119 0.697997
120 0.628786
121 0.564242
122 0.511199
123 0.465564
124 0.412273
125 0.367471
126 0.312948
127 0.288780
128 0.255604
129 0.230211
130 0.208755
131 0.186264
132 0.166511
133 0.148822
134 0.132493
135 0.118802
136 0.104904
137 0.094422
138 0.083724
139 0.076336
140 0.068424
141 0.059907
142 0.055482
143 0.049347
144 0.044927
145 0.039609
146 0.035752
147 0.031489
148 0.028680
149 0.026076
150 0.023164
151 0.020859
152 0.018573
153 0.017016
154 0.015446
155 0.013892
156 0.012658
157 0.011136
158 0.010271
159 0.009127
160 0.008340
161 0.007368
162 0.006948
163 0.006182
164 0.005694
165 0.005093
166 0.004647
167 0.004308
168 0.003838
169 0.003497
170 0.003174
171 0.002814
172 0.002580
173 0.002357
174 0.002167
175 0.001902
176 0.001762
177 0.001618
178 0.001493
179 0.001366
180 0.001246
181 0.001135
182 0.001031
183 0.000930
184 0.000857
185 0.000800
186 0.000734
187 0.000682
188 0.000628
189 0.000585
190 0.000532
191 0.000494
192 0.000461
193 0.000424
194 0.000390
195 0.000361
196 0.000331
197 0.000308
198 0.000281
199 0.000261
200 0.000242
201 0.000223
202 0.000207
203 0.000194
204 0.000180
205 0.000166
206 0.000156
207 0.000146
208 0.000135
209 0.000126
210 0.000119
211 0.000110
212 0.000102
213 0.000096
214 0.000091
215 0.000085
216 0.000078
217 0.000074
218 0.000070
219 0.000065
220 0.000062
221 0.000057
222 0.000054
223 0.000050
224 0.000047
225 0.000044
226 0.000042
227 0.000040
228 0.000037
229 0.000035
230 0.000033
231 0.000032
232 0.000029
233 0.000028
234 0.000026
235 0.000025
236 0.000024
237 0.000022
238 0.000021
239 0.000020
240 0.000019
241 0.000018
242 0.000017
243 0.000016
244 0.000015
245 0.000014
246 0.000013
247 0.000013
248 0.000012
249 0.000011
250 0.000011
251 0.000010
252 0.000010
253 0.000009
254 0.000009
255 0.000008
256 0.000008
257 0.000008
258 0.000007
259 0.000007
260 0.000007
261 0.000006
262 0.000006
263 0.000006
264 0.000005
265 0.000005
266 0.000005
267 0.000005
268 0.000004
269 0.000004
270 0.000004
271 0.000004
272 0.000004
273 0.000004
274 0.000003
275 0.000003
276 0.000003
277 0.000003
278 0.000003
279 0.000003
280 0.000003
281 0.000003
282 0.000002
283 0.000002
284 0.000002
285 0.000002
286 0.000002
287 0.000002
288 0.000002
289 0.000002
290 0.000002
291 0.000002
292 0.000002
293 0.000002
294 0.000001
295 0.000001
296 0.000001
297 0.000001
298 0.000001
299 0.000001
300 0.000001
301 0.000001
302 0.000001
303 0.000001
304 0.000001
305 0.000001
306 0.000001
307 0.000001
308 0.000001
309 0.000001
310 0.000001
311 0.000001
312 0.000001
313 0.000001
314 0.000001
315 0.000001
316 0.000001
317 0.000001
318 0.000001
319 0.000001
320 0.000001
321 0.000001
322 0.000001
323 0.000001
324 0.000001
325 0.000001
326 0.000001
327 0.000000
328 0.000000
329 0.000000
330 0.000000
331 0.000000
332 0.000000
333 0.000000
334 0.000000
335 0.000000
336 0.000000
337 0.000000
338 0.000000
339 0.000000
340 0.000000
341 0.000000
342 0.000000
343 0.000000
344 0.000000
345 0.000000
346 0.000000
347 0.000000
348 0.000000
349 0.000000
350 0.000000
351 0.000000
352 0.000000
353 0.000000
354 0.000000
355 0.000000
356 0.000000
357 0.000000
358 0.000000
359 0.000000
360 0.000000
361 0.000000
362 0.000000
363 0.000000
364 0.000000
365 0.000000
366 0.000000
367 0.000000
368 0.000000
369 0.000000
370 0.000000
371 0.000000
372 0.000000
373 0.000000
374 0.000000
375 0.000000
376 0.000000
377 0.000000
378 0.000000
379 0.000000
380 0.000000
381 0.000000
382 0.000000
383 0.000000
384 0.000000
385 0.000000
386 0.000000
387 0.000000
388 0.000000
389 0.000000
390 0.000000
391 0.000000
392 0.000000
393 0.000000
394 0.000000
395 0.000000
396 0.000000
397 0.000000
398 0.000000
399 0.000000
400 0.000000
401 0.000000
402 0.000000
403 0.000000
404 0.000000
405 0.000000
406 0.000000
407 0.000000
408 0.000000
409 0.000000
410 0.000000
411 0.000000
412 0.000000
413 0.000000
414 0.000000
415 0.000000
416 0.000000
417 0.000000
418 0.000000
419 0.000000
420 0.000000
421 0.000000
422 0.000000
423 0.000000
424 0.000000
425 0.000000
426 0.000000
427 0.000000
428 0.000000
429 0.000000
430 0.000000
431 0.000000
432 0.000000
433 0.000000
434 0.000000
435 0.000000
436 0.000000
437 0.000000
438 0.000000
439 0.000000
440 0.000000
441 0.000000
442 0.000000
443 0.000000
444 0.000000
445 0.000000
446 0.000000
447 0.000000
448 0.000000
449 0.000000
450 0.000000
451 0.000000
452 0.000000
453 0.000000
454 0.000000
455 0.000000
456 0.000000
457 0.000000
458 0.000000
459 0.000000
460 0.000000
461 0.000000
462 0.000000
463 0.000000
464 0.000000
465 0.000000
466 0.000000
467 0.000000
468 0.000000
469 0.000000
470 0.000000
471 0.000000
472 0.000000
473 0.000000
474 0.000000
475 0.000000
476 0.000000
477 0.000000
478 0.000000
479 0.000000
480 0.000000
481 0.000000
482 0.000000
483 0.000000
484 0.000000
485 0.000000
486 0.000000
487 0.000000
488 0.000000
489 0.000000
490 0.000000
491 0.000000
492 0.000000
493 0.000000
494 0.000000
495 0.000000
496 0.000000
497 0.000000
498 0.000000
499 0.000000
500 0.000000
