1 4166665.063542
2 10163548.806353
3 17568791.488641
4 28276588.057118
5 68438111.120643
6 118113176.978206
7 134148122.042525
8 147500438.523466
9 302574198.794057
10 658388728.498741
11 884965727.126467
12 1222426533.077529
13 2300274320.676092
14 2693050487.706452
15 2694164139.404839
16 3391072109.609991
17 3439245721.870225
18 7646143193.570421
19 12141951570.808428
20 19995303907.900166
21 30019005802.477428
22 37837246606.211601
23 43912524938.862175
24 80440697281.463257
25 101872158925.552414
26 146875171544.865875
27 174490079860.745941
28 267740336846.532715
29 282614248486.756348
30 417536450929.534363
31 795739580265.663330
32 869056956273.478760
33 1035238247017.721313
34 1543729867825.281250
35 1415107275418.002930
36 1640821348009.250488
37 2550675421256.158691
38 4048838869152.125977
39 4189986770702.610352
40 4122670570026.442871
41 10215412497063.966797
42 11077747093024.166016
43 17554801196955.943359
44 10640863644782.013672
45 14347234526680.332031
46 16461893808189.609375
47 15809269015903.259766
48 20046207362359.046875
49 32484143219607.230469
50 35191007571564.867188
51 57694413583323.828125
52 46863440531224.046875
53 63440860252230.062500
54 66875206993322.562500
55 69734899536254.609375
56 119215555264371.734375
57 141396284028868.687500
58 204048809601194.656250
59 168141334433444.218750
60 100498813922769.718750
61 171227182781739.968750
62 173879589451420.281250
63 205204776639654.093750
64 236486270160876.468750
65 306733255257611.562500
66 321699936360750.125000
67 470530457387293.812500
68 458553120780100.250000
69 305121890948032.125000
70 444309541887657.937500
71 424751967597184.375000
72 580275246421787.375000
73 835444268149438.375000
74 698109172037153.250000
75 1003281112762292.625000
76 1128803255215164.750000
77 1304624087091407.500000
78 1961077501832430.000000
79 1414203997249545.250000
80 2018634798967308.000000
81 1800104335436816.750000
82 1936097384782942.000000
83 2351716686741086.000000
84 2364693257463831.500000
85 2195410849084197.500000
86 2089318620139585.000000
87 3246748552568072.500000
88 2766514533532706.000000
89 3845322338321672.000000
90 7324945538642352.000000
91 7782950027795282.000000
92 9719582687008248.000000
93 8183876883980964.000000
94 7066806735018513.000000
95 8719658442154495.000000
96 11873499210153342.000000
97 19893856386202464.000000
98 21576249817758060.000000
99 22732909405887892.000000
100 29065639681375156.000000
101 29644438066018752.000000
102 30418726439290616.000000
103 33058288034702156.000000
104 25592320522522604.000000
105 36341013741040224.000000
106 31672306379254024.000000
107 29444052740799576.000000
108 36570971252863264.000000
109 24612998841996232.000000
110 23128395125025672.000000
111 36653598057736264.000000
112 32647321241463992.000000
113 40276958440873296.000000
114 25584999407731992.000000
115 32544030140754296.000000
116 18867166542685264.000000
117 22126517766648204.000000
118 22833851138813740.000000
119 24125810855848576.000000
120 15228087175764788.000000
121 22793752041095900.000000
122 27585227725352228.000000
123 24085381428957544.000000
124 15247840061751262.000000
125 13822299149497366.000000
126 10763034300731986.000000
127 16832455405084072.000000
128 15250770938911556.000000
129 10116694802368616.000000
130 8627998906266448.000000
131 10572401087933816.000000
132 11802804483270938.000000
133 15210884605003580.000000
134 14352964175289824.000000
135 16572507669613632.000000
136 15555292994999792.000000
137 12658562307710358.000000
138 12047819168694292.000000
139 9808882352313830.000000
140 12788662055550298.000000
141 12884238387094242.000000
142 12243574858676762.000000
143 9691904415134920.000000
144 6930558590790540.000000
145 5910262691238278.000000
146 4911949977873215.000000
147 6078243453564845.000000
148 4240365495327794.500000
149 4461669972993876.500000
150 3515008008566168.500000
151 3064186304208079.000000
152 2698690459513796.500000
153 2346307012560927.000000
154 1972215512371359.750000
155 2159513878688974.500000
156 2112122372676802.750000
157 1049927721930024.000000
158 920826273370485.375000
159 1071458296851050.625000
160 626956962972140.375000
161 728674308754982.750000
162 547960284787402.062500
163 723902069398590.375000
164 292473914856833.437500
165 247649370159561.437500
166 249987342889284.218750
167 209050078947474.750000
168 159776447685600.062500
169 169633709661864.156250
170 160005179186425.000000
171 108907874304797.937500
172 85704613956661.234375
173 74416359668236.156250
174 74462023748874.093750
175 88642750825197.953125
176 80199927911285.484375
177 72714089998578.062500
178 52966175549148.468750
179 53960369908373.312500
180 40329167798884.507812
181 46134811412099.593750
182 27966754704580.609375
183 20975550876160.996094
184 17762535500867.445312
185 16069068843494.341797
186 10595029566135.355469
187 11875837663801.900391
188 10271709179040.822266
189 7971039343955.673828
190 6151199780738.049805
191 5314170956666.952148
192 4710956873555.946289
193 2458516356937.437988
194 3147013835956.739258
195 2689116777468.260254
196 1611108295829.841309
197 1023767769585.530396
198 954401571410.742554
199 767090384354.314087
200 633650507898.173462
201 560524636558.830933
202 463015659026.557678
203 367498009540.917908
204 293093926134.731689
205 211279043189.640137
206 197647414819.390808
207 175610691571.876770
208 137047377546.373337
209 100660903703.338898
210 68498407884.158669
211 47130355371.450821
212 35171121828.993584
213 25989277245.212547
214 20671017381.349419
215 18941842982.850521
216 13954507333.575491
217 11647128259.693354
218 10716497426.767296
219 7593145757.105522
220 6142261401.292819
221 4177495967.291556
222 3202728654.643481
223 2813604383.953041
224 2131596185.333204
225 1758583545.729121
226 1488524011.512216
227 1168962524.820376
228 882730845.527785
229 813931412.515823
230 487949926.914240
231 357162693.906942
232 352599422.939205
233 288558583.486678
234 249791194.870525
235 213401353.126173
236 128745963.950659
237 104304271.376798
238 70646829.441554
239 52325914.651374
240 36388330.746980
241 26576077.895306
242 21066961.288812
243 13772706.638013
244 13339312.345122
245 11188012.995510
246 7776505.826350
247 6896792.659271
248 4995634.365741
249 2989255.863132
250 2892777.739108
251 2652494.999304
252 1976730.171402
253 1605561.119492
254 1415912.759307
255 1120714.415890
256 1016661.136142
257 821581.716102
258 559624.623473
259 485902.267978
260 403681.382413
261 330203.915439
262 243039.124880
263 188663.520370
264 123815.758936
265 114227.098459
266 107671.740997
267 79159.459942
268 74522.942998
269 53584.418723
270 40655.932305
271 32189.159272
272 20962.485007
273 16764.808755
274 14270.810109
275 10569.508174
276 7426.719123
277 6818.406246
278 4757.256612
279 3592.468387
280 2941.180044
281 2232.336380
282 1946.460392
283 1395.699937
284 747.399922
285 581.048735
286 387.587067
287 287.064223
288 241.893780
289 162.893941
290 133.666485
291 108.905687
292 91.975718
293 63.538005
294 51.799616
295 37.823661
296 29.765983
297 20.357951
298 15.764941
299 11.676154
300 10.896702
301 5.633534
302 4.978242
303 2.943996
304 1.819741
305 1.557117
306 1.241104
307 1.019604
308 0.828730
309 0.654756
310 0.480022
311 0.338932
312 0.247405
313 0.213564
314 0.175478
315 0.137835
316 0.107591
317 0.073861
318 0.060569
319 0.042569
320 0.033574
321 0.027220
322 0.018653
323 0.016326
324 0.011903
325 0.010441
326 0.008166
327 0.005469
328 0.004533
329 0.003372
330 0.002428
331 0.001890
332 0.001492
333 0.001190
334 0.000988
335 0.000706
336 0.000507
337 0.000430
338 0.000354
339 0.000259
340 0.000191
341 0.000152
342 0.000109
343 0.000097
344 0.000069
345 0.000058
346 0.000046
347 0.000031
348 0.000025
349 0.000020
350 0.000015
351 0.000012
352 0.000011
353 0.000008
354 0.000006
355 0.000005
356 0.000004
357 0.000003
358 0.000002
359 0.000002
360 0.000002
361 0.000001
362 0.000001
363 0.000001
364 0.000001
365 0.000000
366 0.000000
367 0.000000
368 0.000000
369 0.000000
370 0.000000
371 0.000000
372 0.000000
373 0.000000
374 0.000000
375 0.000000
376 0.000000
377 0.000000
378 0.000000
379 0.000000
380 0.000000
381 0.000000
382 0.000000
383 0.000000
384 0.000000
385 0.000000
386 0.000000
387 0.000000
388 0.000000
389 0.000000
390 0.000000
391 0.000000
392 0.000000
393 0.000000
394 0.000000
395 0.000000
396 0.000000
397 0.000000
398 0.000000
399 0.000000
400 0.000000
401 0.000000
402 0.000000
403 0.000000
404 0.000000
405 0.000000
406 0.000000
407 0.000000
408 0.000000
409 0.000000
410 0.000000
411 0.000000
412 0.000000
413 0.000000
414 0.000000
415 0.000000
416 0.000000
417 0.000000
418 0.000000
419 0.000000
420 0.000000
421 0.000000
422 0.000000
423 0.000000
424 0.000000
425 0.000000
426 0.000000
427 0.000000
428 0.000000
429 0.000000
430 0.000000
431 0.000000
432 0.000000
433 0.000000
434 0.000000
435 0.000000
436 0.000000
437 0.000000
438 0.000000
439 0.000000
440 0.000000
441 0.000000
442 0.000000
443 0.000000
444 0.000000
445 0.000000
446 0.000000
447 0.000000
448 0.000000
449 0.000000
450 0.000000
451 0.000000
452 0.000000
453 0.000000
454 0.000000
455 0.000000
456 0.000000
457 0.000000
458 0.000000
459 0.000000
460 0.000000
461 0.000000
462 0.000000
463 0.000000
464 0.000000
465 0.000000
466 0.000000
467 0.000000
468 0.000000
469 0.000000
470 0.000000
471 0.000000
472 0.000000
473 0.000000
474 0.000000
475 0.000000
476 0.000000
477 0.000000
478 0.000000
479 0.000000
480 0.000000
481 0.000000
482 0.000000
483 0.000000
484 0.000000
485 0.000000
486 0.000000
487 0.000000
488 0.000000
489 0.000000
490 0.000000
491 0.000000
492 0.000000
493 0.000000
494 0.000000
495 0.000000
496 0.000000
497 0.000000
498 0.000000
499 0.000000
500 0.000000
