1 3135718.931543
2 3425545.413117
3 3580053.052196
4 3668685.208502
5 3943577.359343
6 3372255.058371
7 4202045.761384
8 3614485.875091
9 4758397.637619
10 4482543.387360
11 3878497.385769
12 3625879.265418
13 5610388.489377
14 5390564.668331
15 3693291.986660
16 2875877.820059
17 2509541.977836
18 2098690.172709
19 1957440.255059
20 2439698.750845
21 2423199.211267
22 2085179.139877
23 1833881.815746
24 1216417.438249
25 1195585.634822
26 834912.636514
27 1160881.354579
28 1261624.048268
29 1018772.156925
30 962747.689429
31 990026.803523
32 1125715.607290
33 1071532.167728
34 786992.313447
35 814565.470670
36 474141.686755
37 449117.938447
38 400849.593247
39 395924.563947
40 457007.375834
41 416322.498923
42 426259.767661
43 292622.941255
44 303808.844008
45 237698.507575
46 271018.865640
47 232916.922461
48 187187.301677
49 187839.851531
50 156108.899317
51 129142.074640
52 120853.840066
53 157177.565353
54 175179.781592
55 139715.424241
56 106324.254257
57 105029.998479
58 102496.844378
59 86761.547314
60 73110.367050
61 60668.280948
62 45429.591934
63 58715.940106
64 45389.209233
65 39714.228727
66 29688.919108
67 26405.085527
68 23342.616758
69 23465.254289
70 22649.207039
71 24066.572287
72 22210.230423
73 26817.120445
74 25549.066553
75 26187.724645
76 26745.601306
77 22288.573045
78 24773.106998
79 24427.212131
80 22623.884307
81 24664.695675
82 23240.792120
83 21727.333524
84 18262.663881
85 13848.998382
86 12263.076465
87 9904.803856
88 8397.784526
89 6831.810365
90 7388.580437
91 6422.580401
92 6215.137146
93 6341.889642
94 5805.934780
95 5185.679766
96 3974.474265
97 3750.277922
98 3156.182258
99 2712.944048
100 2787.133700
101 2695.186069
102 2291.027414
103 1581.771257
104 1145.261178
105 1084.324638
106 877.917450
107 681.364120
108 562.380167
109 517.561148
110 467.384480
111 444.682071
112 365.283472
113 327.792613
114 304.746003
115 292.507744
116 256.113631
117 236.382800
118 202.999801
119 179.944979
120 166.186953
121 164.621491
122 144.995332
123 133.003775
124 115.651920
125 94.336402
126 79.262117
127 69.088648
128 58.133337
129 47.975062
130 37.868643
131 32.250975
132 27.074778
133 20.486892
134 20.252454
135 18.351146
136 17.423077
137 12.564753
138 10.107304
139 8.685253
140 7.933078
141 6.111767
142 4.913747
143 4.318758
144 3.614282
145 3.076322
146 2.606318
147 2.165027
148 1.727343
149 1.491164
150 1.250215
151 0.984491
152 0.852652
153 0.674730
154 0.564817
155 0.430609
156 0.381374
157 0.366857
158 0.327983
159 0.268107
160 0.238674
161 0.178573
162 0.155233
163 0.117629
164 0.101356
165 0.082310
166 0.071725
167 0.052628
168 0.046528
169 0.036408
170 0.030967
171 0.025911
172 0.020930
173 0.016480
174 0.013315
175 0.010422
176 0.008830
177 0.007046
178 0.005987
179 0.004670
180 0.003924
181 0.003496
182 0.002601
183 0.002230
184 0.001798
185 0.001212
186 0.001080
187 0.000860
188 0.000690
189 0.000510
190 0.000429
191 0.000297
192 0.000239
193 0.000190
194 0.000141
195 0.000098
196 0.000086
197 0.000071
198 0.000056
199 0.000046
200 0.000036
201 0.000031
202 0.000024
203 0.000020
204 0.000015
205 0.000012
206 0.000009
207 0.000006
208 0.000005
209 0.000004
210 0.000003
211 0.000002
212 0.000002
213 0.000001
214 0.000001
215 0.000001
216 0.000001
217 0.000001
218 0.000000
219 0.000000
220 0.000000
221 0.000000
222 0.000000
223 0.000000
224 0.000000
225 0.000000
226 0.000000
227 0.000000
228 0.000000
229 0.000000
230 0.000000
231 0.000000
232 0.000000
233 0.000000
234 0.000000
235 0.000000
236 0.000000
237 0.000000
238 0.000000
239 0.000000
240 0.000000
241 0.000000
242 0.000000
243 0.000000
244 0.000000
245 0.000000
246 0.000000
247 0.000000
248 0.000000
249 0.000000
250 0.000000
251 0.000000
252 0.000000
253 0.000000
254 0.000000
255 0.000000
256 0.000000
257 0.000000
258 0.000000
259 0.000000
260 0.000000
261 0.000000
262 0.000000
263 0.000000
264 0.000000
265 0.000000
266 0.000000
267 0.000000
268 0.000000
269 0.000000
270 0.000000
271 0.000000
272 0.000000
273 0.000000
274 0.000000
275 0.000000
276 0.000000
277 0.000000
278 0.000000
279 0.000000
280 0.000000
281 0.000000
282 0.000000
283 0.000000
284 0.000000
285 0.000000
286 0.000000
287 0.000000
288 0.000000
289 0.000000
290 0.000000
291 0.000000
292 0.000000
293 0.000000
294 0.000000
295 0.000000
296 0.000000
297 0.000000
298 0.000000
299 0.000000
300 0.000000
301 0.000000
302 0.000000
303 0.000000
304 0.000000
305 0.000000
306 0.000000
307 0.000000
308 0.000000
309 0.000000
310 0.000000
311 0.000000
312 0.000000
313 0.000000
314 0.000000
315 0.000000
316 0.000000
317 0.000000
318 0.000000
319 0.000000
320 0.000000
321 0.000000
322 0.000000
323 0.000000
324 0.000000
325 0.000000
326 0.000000
327 0.000000
328 0.000000
329 0.000000
330 0.000000
331 0.000000
332 0.000000
333 0.000000
334 0.000000
335 0.000000
336 0.000000
337 0.000000
338 0.000000
339 0.000000
340 0.000000
341 0.000000
342 0.000000
343 0.000000
344 0.000000
345 0.000000
346 0.000000
347 0.000000
348 0.000000
349 0.000000
350 0.000000
351 0.000000
352 0.000000
353 0.000000
354 0.000000
355 0.000000
356 0.000000
357 0.000000
358 0.000000
359 0.000000
360 0.000000
361 0.000000
362 0.000000
363 0.000000
364 0.000000
365 0.000000
366 0.000000
367 0.000000
368 0.000000
369 0.000000
370 0.000000
371 0.000000
372 0.000000
373 0.000000
374 0.000000
375 0.000000
376 0.000000
377 0.000000
378 0.000000
379 0.000000
380 0.000000
381 0.000000
382 0.000000
383 0.000000
384 0.000000
385 0.000000
386 0.000000
387 0.000000
388 0.000000
389 0.000000
390 0.000000
391 0.000000
392 0.000000
393 0.000000
394 0.000000
395 0.000000
396 0.000000
397 0.000000
398 0.000000
399 0.000000
400 0.000000
401 0.000000
402 0.000000
403 0.000000
404 0.000000
405 0.000000
406 0.000000
407 0.000000
408 0.000000
409 0.000000
410 0.000000
411 0.000000
412 0.000000
413 0.000000
414 0.000000
415 0.000000
416 0.000000
417 0.000000
418 0.000000
419 0.000000
420 0.000000
421 0.000000
422 0.000000
423 0.000000
424 0.000000
425 0.000000
426 0.000000
427 0.000000
428 0.000000
429 0.000000
430 0.000000
431 0.000000
432 0.000000
433 0.000000
434 0.000000
435 0.000000
436 0.000000
437 0.000000
438 0.000000
439 0.000000
440 0.000000
441 0.000000
442 0.000000
443 0.000000
444 0.000000
445 0.000000
446 0.000000
447 0.000000
448 0.000000
449 0.000000
450 0.000000
451 0.000000
452 0.000000
453 0.000000
454 0.000000
455 0.000000
456 0.000000
457 0.000000
458 0.000000
459 0.000000
460 0.000000
461 0.000000
462 0.000000
463 0.000000
464 0.000000
465 0.000000
466 0.000000
467 0.000000
468 0.000000
469 0.000000
470 0.000000
471 0.000000
472 0.000000
473 0.000000
474 0.000000
475 0.000000
476 0.000000
477 0.000000
478 0.000000
479 0.000000
480 0.000000
481 0.000000
482 0.000000
483 0.000000
484 0.000000
485 0.000000
486 0.000000
487 0.000000
488 0.000000
489 0.000000
490 0.000000
491 0.000000
492 0.000000
493 0.000000
494 0.000000
495 0.000000
496 0.000000
497 0.000000
498 0.000000
499 0.000000
500 0.000000
