1 inf
2 inf
3 inf
4 inf
5 inf
6 inf
7 inf
8 inf
9 inf
10 inf
11 inf
12 inf
13 583843539480174508703765477943927785010094453969359153197664534762989152189633360828038049333014404453292831828740022121876566726724285278828870083397610243247788583680126281548905470462528736620770547456676986880.000000
14 26195728171722683593626344215971255329711327301162416819287662714618210935813520177764315288518343831357361314311700480.000000
15 89308495584342803742720.000000
16 20266.037885
17 18119.187069
18 12616.171006
19 9935.826769
20 9338.337369
21 8335.296310
22 8357.835891
23 7842.175834
24 5780.547159
25 5096.841490
26 4164.857152
27 4175.962421
28 4838.573490
29 4446.282726
30 4285.008377
31 4236.077422
32 4394.790639
33 4041.821657
34 3830.072562
35 2738.895311
36 2685.637540
37 2642.305460
38 2773.316334
39 2604.981874
40 2362.182778
41 2215.423597
42 2045.685123
43 1686.973233
44 1604.631748
45 1565.637794
46 1548.619702
47 1522.420460
48 1118.439790
49 1123.239862
50 1022.396935
51 938.249147
52 914.494834
53 840.476465
54 805.205840
55 698.398683
56 659.322905
57 592.557682
58 535.507335
59 472.516252
60 443.808490
61 397.204815
62 343.913704
63 321.279495
64 286.159941
65 247.107961
66 213.193509
67 207.147574
68 178.174381
69 155.129652
70 132.428658
71 127.572908
72 110.296870
73 91.445821
74 86.331595
75 71.150603
76 63.562487
77 51.699361
78 45.565590
79 41.054501
80 39.261866
81 32.123897
82 29.446907
83 27.154530
84 22.811198
85 20.261460
86 19.618450
87 14.601236
88 14.195682
89 12.543190
90 10.131577
91 9.640689
92 7.617923
93 6.662168
94 6.381374
95 5.683200
96 5.359878
97 4.791905
98 4.416198
99 3.979469
100 3.701843
101 3.232469
102 3.087985
103 2.818797
104 2.223447
105 1.938819
106 1.548034
107 1.453831
108 1.326912
109 1.139570
110 1.054687
111 0.995763
112 0.914806
113 0.772373
114 0.724722
115 0.641984
116 0.523917
117 0.497043
118 0.398643
119 0.366648
120 0.336028
121 0.309062
122 0.268348
123 0.250755
124 0.199724
125 0.174101
126 0.153394
127 0.133158
128 0.117637
129 0.106107
130 0.094691
131 0.087516
132 0.077012
133 0.070742
134 0.062149
135 0.056457
136 0.048949
137 0.042766
138 0.036573
139 0.032901
140 0.029818
141 0.026849
142 0.022422
143 0.020427
144 0.018429
145 0.015747
146 0.013911
147 0.012493
148 0.011096
149 0.010074
150 0.009546
151 0.008081
152 0.006983
153 0.006293
154 0.005630
155 0.004901
156 0.004505
157 0.004166
158 0.003751
159 0.003246
160 0.002831
161 0.002470
162 0.002207
163 0.001948
164 0.001707
165 0.001493
166 0.001296
167 0.001147
168 0.001015
169 0.000897
170 0.000782
171 0.000679
172 0.000601
173 0.000546
174 0.000466
175 0.000413
176 0.000352
177 0.000315
178 0.000277
179 0.000248
180 0.000220
181 0.000182
182 0.000162
183 0.000141
184 0.000126
185 0.000110
186 0.000099
187 0.000086
188 0.000076
189 0.000069
190 0.000059
191 0.000049
192 0.000045
193 0.000038
194 0.000032
195 0.000029
196 0.000025
197 0.000022
198 0.000019
199 0.000017
200 0.000014
201 0.000013
202 0.000011
203 0.000010
204 0.000008
205 0.000007
206 0.000006
207 0.000005
208 0.000005
209 0.000004
210 0.000003
211 0.000003
212 0.000002
213 0.000002
214 0.000002
215 0.000002
216 0.000001
217 0.000001
218 0.000001
219 0.000001
220 0.000001
221 0.000001
222 0.000001
223 0.000001
224 0.000000
225 0.000000
226 0.000000
227 0.000000
228 0.000000
229 0.000000
230 0.000000
231 0.000000
232 0.000000
233 0.000000
234 0.000000
235 0.000000
236 0.000000
237 0.000000
238 0.000000
239 0.000000
240 0.000000
241 0.000000
242 0.000000
243 0.000000
244 0.000000
245 0.000000
246 0.000000
247 0.000000
248 0.000000
249 0.000000
250 0.000000
251 0.000000
252 0.000000
253 0.000000
254 0.000000
255 0.000000
256 0.000000
257 0.000000
258 0.000000
259 0.000000
260 0.000000
261 0.000000
262 0.000000
263 0.000000
264 0.000000
265 0.000000
266 0.000000
267 0.000000
268 0.000000
269 0.000000
270 0.000000
271 0.000000
272 0.000000
273 0.000000
274 0.000000
275 0.000000
276 0.000000
277 0.000000
278 0.000000
279 0.000000
280 0.000000
281 0.000000
282 0.000000
283 0.000000
284 0.000000
285 0.000000
286 0.000000
287 0.000000
288 0.000000
289 0.000000
290 0.000000
291 0.000000
292 0.000000
293 0.000000
294 0.000000
295 0.000000
296 0.000000
297 0.000000
298 0.000000
299 0.000000
300 0.000000
301 0.000000
302 0.000000
303 0.000000
304 0.000000
305 0.000000
306 0.000000
307 0.000000
308 0.000000
309 0.000000
310 0.000000
311 0.000000
312 0.000000
313 0.000000
314 0.000000
315 0.000000
316 0.000000
317 0.000000
318 0.000000
319 0.000000
320 0.000000
321 0.000000
322 0.000000
323 0.000000
324 0.000000
325 0.000000
326 0.000000
327 0.000000
328 0.000000
329 0.000000
330 0.000000
331 0.000000
332 0.000000
333 0.000000
334 0.000000
335 0.000000
336 0.000000
337 0.000000
338 0.000000
339 0.000000
340 0.000000
341 0.000000
342 0.000000
343 0.000000
344 0.000000
345 0.000000
346 0.000000
347 0.000000
348 0.000000
349 0.000000
350 0.000000
351 0.000000
352 0.000000
353 0.000000
354 0.000000
355 0.000000
356 0.000000
357 0.000000
358 0.000000
359 0.000000
360 0.000000
361 0.000000
362 0.000000
363 0.000000
364 0.000000
365 0.000000
366 0.000000
367 0.000000
368 0.000000
369 0.000000
370 0.000000
371 0.000000
372 0.000000
373 0.000000
374 0.000000
375 0.000000
376 0.000000
377 0.000000
378 0.000000
379 0.000000
380 0.000000
381 0.000000
382 0.000000
383 0.000000
384 0.000000
385 0.000000
386 0.000000
387 0.000000
388 0.000000
389 0.000000
390 0.000000
391 0.000000
392 0.000000
393 0.000000
394 0.000000
395 0.000000
396 0.000000
397 0.000000
398 0.000000
399 0.000000
400 0.000000
401 0.000000
402 0.000000
403 0.000000
404 0.000000
405 0.000000
406 0.000000
407 0.000000
408 0.000000
409 0.000000
410 0.000000
411 0.000000
412 0.000000
413 0.000000
414 0.000000
415 0.000000
416 0.000000
417 0.000000
418 0.000000
419 0.000000
420 0.000000
421 0.000000
422 0.000000
423 0.000000
424 0.000000
425 0.000000
426 0.000000
427 0.000000
428 0.000000
429 0.000000
430 0.000000
431 0.000000
432 0.000000
433 0.000000
434 0.000000
435 0.000000
436 0.000000
437 0.000000
438 0.000000
439 0.000000
440 0.000000
441 0.000000
442 0.000000
443 0.000000
444 0.000000
445 0.000000
446 0.000000
447 0.000000
448 0.000000
449 0.000000
450 0.000000
451 0.000000
452 0.000000
453 0.000000
454 0.000000
455 0.000000
456 0.000000
457 0.000000
458 0.000000
459 0.000000
460 0.000000
461 0.000000
462 0.000000
463 0.000000
464 0.000000
465 0.000000
466 0.000000
467 0.000000
468 0.000000
469 0.000000
470 0.000000
471 0.000000
472 0.000000
473 0.000000
474 0.000000
475 0.000000
476 0.000000
477 0.000000
478 0.000000
479 0.000000
480 0.000000
481 0.000000
482 0.000000
483 0.000000
484 0.000000
485 0.000000
486 0.000000
487 0.000000
488 0.000000
489 0.000000
490 0.000000
491 0.000000
492 0.000000
493 0.000000
494 0.000000
495 0.000000
496 0.000000
497 0.000000
498 0.000000
499 0.000000
500 0.000000
