1 3131024.361699
2 3225212.992692
3 3158991.288638
4 3916851.704486
5 4176392.723651
6 4628581.207132
7 4495351.294300
8 4793020.754222
9 4741655.864401
10 5021707.834267
11 5053307.127590
12 5062849.324887
13 5321443.580540
14 5293675.670172
15 5181762.568588
16 5188149.261632
17 5293438.070380
18 5278450.663420
19 5345484.809822
20 5335868.021228
21 5143375.805404
22 5015126.411480
23 4989748.079160
24 4849394.151255
25 4947467.631448
26 4902632.813834
27 4760538.523259
28 4212822.247706
29 4373059.306470
30 4304461.311394
31 4073393.486119
32 4056115.432777
33 3749067.485121
34 3666510.650039
35 3398061.299398
36 3269181.743666
37 2945430.094227
38 3149062.402411
39 2945862.915953
40 2758349.301807
41 2689052.393513
42 2590105.137959
43 2325412.610768
44 2234952.227904
45 2088835.066625
46 1997970.863222
47 1888282.208532
48 1756391.922142
49 1612650.455310
50 1580164.416693
51 1435140.452835
52 1373597.329783
53 1286015.781396
54 1215004.061854
55 1166290.056159
56 1024663.680006
57 978820.690287
58 925985.009389
59 845822.086214
60 817499.353475
61 732193.957545
62 694354.707387
63 634401.818735
64 596516.605204
65 555661.678701
66 538368.168400
67 485449.324860
68 442292.143643
69 421786.934268
70 386685.078895
71 345630.035609
72 329012.904072
73 292871.302546
74 271900.638733
75 247940.427793
76 209643.482862
77 202702.026614
78 189218.146067
79 167726.285284
80 156842.165090
81 142658.307479
82 126107.508924
83 114694.255288
84 106681.225433
85 98428.435601
86 86284.859085
87 80469.215802
88 75071.643717
89 65377.189318
90 58512.533020
91 56233.229357
92 48793.389696
93 45874.033504
94 40292.293865
95 36653.651827
96 34050.068541
97 30887.333805
98 28485.149927
99 25753.579332
100 23112.537787
101 20934.710795
102 18257.502726
103 16149.647286
104 14602.483474
105 12638.664238
106 11750.508613
107 10314.997840
108 9476.200305
109 8545.516762
110 7450.592112
111 6886.971488
112 6112.631785
113 5676.843252
114 5037.703661
115 4499.386023
116 4006.023559
117 3596.720689
118 3305.677890
119 3023.412120
120 2717.566920
121 2417.510307
122 2147.902860
123 1974.467882
124 1763.886641
125 1621.191439
126 1493.386507
127 1334.536503
128 1186.178127
129 1079.491150
130 979.227877
131 838.866733
132 772.723228
133 680.528891
134 626.403772
135 566.516624
136 503.461149
137 460.413209
138 387.627306
139 366.717201
140 338.716220
141 294.869078
142 272.709799
143 237.105999
144 217.799771
145 193.157560
146 176.896728
147 159.440492
148 143.216689
149 129.404329
150 116.362344
151 104.091352
152 93.041113
153 84.332610
154 74.286815
155 68.060396
156 59.690844
157 53.817810
158 49.350658
159 44.902064
160 40.543697
161 37.116002
162 33.698274
163 29.787295
164 27.760018
165 24.759695
166 22.201522
167 20.660443
168 18.955844
169 17.194908
170 15.756073
171 14.261831
172 12.792638
173 11.792445
174 10.737384
175 9.435083
176 8.746998
177 7.926870
178 7.236193
179 6.358738
180 5.970010
181 5.425624
182 5.065283
183 4.669921
184 4.276408
185 3.945377
186 3.648230
187 3.365724
188 2.981088
189 2.880641
190 2.633306
191 2.451137
192 2.291702
193 2.137784
194 1.953754
195 1.777524
196 1.643033
197 1.525997
198 1.399032
199 1.321499
200 1.222885
201 1.141152
202 1.057703
203 0.991439
204 0.948383
205 0.888190
206 0.824572
207 0.774720
208 0.734021
209 0.671003
210 0.608498
211 0.571241
212 0.528254
213 0.491288
214 0.444170
215 0.400561
216 0.389302
217 0.357478
218 0.337224
219 0.315507
220 0.296401
221 0.278393
222 0.258264
223 0.243429
224 0.232239
225 0.218773
226 0.206201
227 0.193792
228 0.181733
229 0.170378
230 0.161955
231 0.152837
232 0.142677
233 0.133847
234 0.126637
235 0.118242
236 0.113034
237 0.106517
238 0.100918
239 0.093299
240 0.089484
241 0.085678
242 0.081920
243 0.076979
244 0.073270
245 0.069141
246 0.064767
247 0.060540
248 0.057894
249 0.054974
250 0.051884
251 0.049954
252 0.046887
253 0.044827
254 0.042118
255 0.040156
256 0.037555
257 0.036035
258 0.033861
259 0.031480
260 0.030244
261 0.028783
262 0.027697
263 0.026535
264 0.024785
265 0.023675
266 0.022555
267 0.021581
268 0.020488
269 0.019397
270 0.018141
271 0.017559
272 0.016598
273 0.015872
274 0.015117
275 0.014429
276 0.013697
277 0.013180
278 0.012679
279 0.012006
280 0.011591
281 0.011079
282 0.010447
283 0.010044
284 0.009498
285 0.009209
286 0.008888
287 0.008506
288 0.008164
289 0.007805
290 0.007490
291 0.007155
292 0.006800
293 0.006535
294 0.006243
295 0.006039
296 0.005801
297 0.005469
298 0.005340
299 0.005106
300 0.004846
301 0.004706
302 0.004458
303 0.004356
304 0.004176
305 0.004002
306 0.003877
307 0.003712
308 0.003587
309 0.003463
310 0.003316
311 0.003207
312 0.003089
313 0.002969
314 0.002870
315 0.002785
316 0.002679
317 0.002563
318 0.002486
319 0.002381
320 0.002291
321 0.002211
322 0.002124
323 0.002059
324 0.002002
325 0.001932
326 0.001874
327 0.001821
328 0.001750
329 0.001694
330 0.001657
331 0.001603
332 0.001556
333 0.001500
334 0.001462
335 0.001422
336 0.001378
337 0.001339
338 0.001296
339 0.001257
340 0.001222
341 0.001187
342 0.001149
343 0.001117
344 0.001078
345 0.001054
346 0.001016
347 0.000989
348 0.000964
349 0.000925
350 0.000908
351 0.000880
352 0.000862
353 0.000827
354 0.000811
355 0.000790
356 0.000771
357 0.000750
358 0.000733
359 0.000717
360 0.000696
361 0.000679
362 0.000663
363 0.000649
364 0.000632
365 0.000618
366 0.000605
367 0.000590
368 0.000576
369 0.000563
370 0.000550
371 0.000537
372 0.000525
373 0.000514
374 0.000503
375 0.000491
376 0.000481
377 0.000468
378 0.000458
379 0.000448
380 0.000439
381 0.000431
382 0.000422
383 0.000415
384 0.000407
385 0.000399
386 0.000389
387 0.000383
388 0.000376
389 0.000368
390 0.000360
391 0.000353
392 0.000344
393 0.000339
394 0.000332
395 0.000327
396 0.000320
397 0.000312
398 0.000308
399 0.000300
400 0.000296
401 0.000291
402 0.000285
403 0.000280
404 0.000276
405 0.000270
406 0.000266
407 0.000262
408 0.000258
409 0.000253
410 0.000248
411 0.000244
412 0.000241
413 0.000237
414 0.000234
415 0.000230
416 0.000226
417 0.000222
418 0.000220
419 0.000217
420 0.000214
421 0.000211
422 0.000209
423 0.000206
424 0.000203
425 0.000201
426 0.000198
427 0.000195
428 0.000193
429 0.000191
430 0.000188
431 0.000186
432 0.000184
433 0.000182
434 0.000180
435 0.000178
436 0.000176
437 0.000174
438 0.000172
439 0.000170
440 0.000169
441 0.000167
442 0.000165
443 0.000164
444 0.000162
445 0.000160
446 0.000159
447 0.000157
448 0.000156
449 0.000154
450 0.000153
451 0.000152
452 0.000150
453 0.000149
454 0.000148
455 0.000146
456 0.000145
457 0.000144
458 0.000143
459 0.000142
460 0.000141
461 0.000140
462 0.000139
463 0.000138
464 0.000137
465 0.000136
466 0.000136
467 0.000135
468 0.000134
469 0.000133
470 0.000133
471 0.000132
472 0.000131
473 0.000131
474 0.000130
475 0.000130
476 0.000129
477 0.000129
478 0.000128
479 0.000128
480 0.000127
481 0.000127
482 0.000126
483 0.000126
484 0.000125
485 0.000125
486 0.000125
487 0.000124
488 0.000124
489 0.000124
490 0.000124
491 0.000124
492 0.000123
493 0.000123
494 0.000123
495 0.000123
496 0.000123
497 0.000123
498 0.000123
499 0.000123
500 0.000123
