1 inf
2 inf
3 inf
4 inf
5 inf
6 inf
7 inf
8 inf
9 inf
10 inf
11 inf
12 inf
13 inf
14 inf
15 15990541458394624525634002737413391527996582777341112865164562977994438561811077797102572844387380260806113218245137752535019711251754712706986160817455582379456544998122367344156910873901816026774566905792815602280818214458040231973247311553919735441527695638841615967653529470525982968536385777041408.000000
16 8828033223572913757061244907025880845757953591127837362573404472766871203881774884828304236893502532075122910403143054330142512726144161452187875688514764722247995667666051579081379880110764399789517897101310914032227407097928244070325958080221025882274511830706569832993157532923675541504.000000
17 1108125395051016992407526054112661010456791690431758719862398797005243400749807051578537523810539408104530201833846498235875298335802642498772649876770847311220650831642064186278436583526291910259476543738619940566759520071234692696399428277973852180420249018907147990112141312.000000
18 4492045057864464011059980235755614281094076495302240688151400321469604257516210896563140164101975488029841962523438589079508023385313389728329580110297814660231634769601969320035363414478176207117889036386454757578721530700099960916873762934828556376443997249764363444682752.000000
19 813775812964672154716033901998844815010043710117614437580681762577880266017931743803153202526094372581743717275894035301489687865018466598918544010179915271492551095818374614631436490645808133705671952149172971137773757991346010621434440749017498549094948818294669312.000000
20 8317449195575275624273575917643002182862760747444130752130258345475226706628009212419844596421881991563978216268811480229887207368185318512909894224251421371998271340915242516426419688519602846742961057482520283039526775456341833169133975400979565326685437952.000000
21 13709053955530718104249239353073469153660913044258426354542037201740126853003285133761799863028967742992224728454223510656661137890700579143478441392956461162589250392229222533556412702254339946853127239432043568302372144232356720350660425013044183040.000000
22 853573105164067406323579349421230121765630281536620748384657496179084332666323759082417338993983486337362100698566428497570651359149470331831879287101961973782757917162793211464673779807608311158840507373263490085649456219407353392457056256.000000
23 296668483498657300539912479367591190031005200437037230865280314314624615470138577802340070214121115612056202127613110853954550610822399393114915400769941809881092919775523178311717773243321850742606200739729144358784084472802177840054272.000000
24 3193192712125372735801963773985904396195262376877251456928767807291139575276949706794926763744154686801709774186048722652763411895496735233542269692484440932237435064807910594580018855859784218121064218155299490341363582106599424.000000
25 3852825928785416697462233905987688901908488167627909119458081761383030163511438798298336631568296239472387719937465737998411136993868133945945467611748891850295268924619290858762003010071788657182114011246493794347234885632.000000
26 733192725900441718417851847173426832100671440509044990839195303719146882609484545869145559554203810856459388747230701650255225311220690660912878628726845674845633531586071438926648864915602466550443789905326768128.000000
27 20875866719798533564007354667383417966577396516867084864062676451993870507975393574120539872223545708455513407038519725684328359803029294845582750737373316948045926089303060725479769781192315751479644107309056.000000
28 1603799583604706476365697537377592486581392295193142895902304867366969329071198467262584811991967911704410307797055566890834894425907969991867131712001941198385745605756525978869127419785646397884203008.000000
29 1945142295696907656844616297246360503874066282885431583555113727766682702207779221709861190004837395368558320452345583235548241937020930961367778320664627262703815224819297108111196949300903936.000000
30 105250182653877006184431135460658461977336817931883817325139074508890998373808627373069747787374374186787428922340029336266507217394507381703009262909354602671050471842427600633856.000000
31 284538695687282145543504561533100760354798486608789182121986194498508581695011956163155949422121544572643565421007844267814280148929483074024412310247033089810526930085085184.000000
32 242823029655715844773542250755472334581978685172561475707901768451979747357108386222602282206221331794868682919548684821604996302881403285823823896755503754704830439882752.000000
33 98290021925778243546472682230399321357126341278604410191023097487695086001867902872082842579571354478583231307563841418558970465196947788905806554286436461943193600.000000
34 2116811312493282427100465856513688136046661170176850197515561540482722323806069615630544232829242290914834235247388192928964384553272764035721578521034752.000000
35 342551309076038658274425954878091318869796435484131651483410058426045836859169586838885727276426964471629034913503078156169751858075361998975008768.000000
36 972450302006675446747916269267200382840728562592526881945360986193494305366172499406503166850428904747672956497068143235351379150647590912.000000
37 107216048185303011411535241753652905137440645821711377287952857819817310049303018078647241285202695182480333004786570604975226880.000000
38 152846625717789170470182848746623903541949401301526848515226859534543494843475117029114435761521489368436533947877294080.000000
39 64043389601564349462911813230394530702123801726783556850855587761374090556434989166401366956888352419989159936.000000
40 78150784581344465817239649594559158469983975825856406710833084416606937797204411329401061600680476672.000000
41 4419264083196929268116920461538066793625332867941092623584966776749948540949482998595584.000000
42 109422366259049850106922496347157596615045560018230718083681933678980703977472.000000
43 99899102669510090124066598356395292036870708233859021380468795718500352.000000
44 18629719696425806555424053351629887493900733516605241541263360.000000
45 1937396971148386169527922764180406642779411894501376.000000
46 4414653089986067400358483831291904.000000
47 49804905579297177335691739136.000000
48 7664233682216719220736.000000
49 2335584752.840213
50 3199.690746
51 2632.760273
52 2170.774477
53 1820.346320
54 1393.939887
55 1221.768436
56 1114.925703
57 948.580414
58 823.284119
59 717.297336
60 614.688354
61 525.698660
62 455.625133
63 406.084379
64 358.948198
65 318.973459
66 285.149634
67 264.341601
68 229.214605
69 202.078231
70 175.103230
71 152.526429
72 139.526660
73 125.799028
74 110.919620
75 101.635809
76 87.707805
77 79.867170
78 71.086204
79 62.663433
80 55.816755
81 49.074442
82 42.646423
83 36.245251
84 33.038395
85 28.903920
86 25.322039
87 23.207360
88 20.425473
89 18.988796
90 16.360979
91 14.850984
92 13.386522
93 12.203513
94 10.727830
95 9.392389
96 8.463837
97 7.702351
98 6.455266
99 5.953416
100 5.421213
101 4.883061
102 4.322788
103 3.876767
104 3.424141
105 2.997783
106 2.719792
107 2.306518
108 2.077208
109 1.900685
110 1.724947
111 1.518445
112 1.383337
113 1.205353
114 1.086284
115 0.987039
116 0.862469
117 0.782529
118 0.686508
119 0.605924
120 0.537350
121 0.478185
122 0.423707
123 0.380807
124 0.338573
125 0.296902
126 0.266079
127 0.243905
128 0.217542
129 0.193993
130 0.177950
131 0.156299
132 0.140496
133 0.125269
134 0.111933
135 0.098733
136 0.090799
137 0.082205
138 0.073804
139 0.065412
140 0.059415
141 0.052490
142 0.047378
143 0.042756
144 0.038708
145 0.034441
146 0.030638
147 0.026955
148 0.024345
149 0.021426
150 0.018857
151 0.016899
152 0.015358
153 0.013554
154 0.011976
155 0.011145
156 0.009831
157 0.009102
158 0.008256
159 0.007513
160 0.006807
161 0.006131
162 0.005732
163 0.005221
164 0.004714
165 0.004355
166 0.003969
167 0.003644
168 0.003328
169 0.003001
170 0.002716
171 0.002416
172 0.002242
173 0.002057
174 0.001865
175 0.001715
176 0.001560
177 0.001425
178 0.001314
179 0.001201
180 0.001100
181 0.001014
182 0.000907
183 0.000850
184 0.000781
185 0.000719
186 0.000654
187 0.000600
188 0.000551
189 0.000515
190 0.000470
191 0.000435
192 0.000394
193 0.000367
194 0.000341
195 0.000314
196 0.000286
197 0.000265
198 0.000245
199 0.000228
200 0.000214
201 0.000197
202 0.000182
203 0.000169
204 0.000158
205 0.000146
206 0.000136
207 0.000125
208 0.000116
209 0.000109
210 0.000101
211 0.000093
212 0.000087
213 0.000081
214 0.000075
215 0.000070
216 0.000065
217 0.000061
218 0.000057
219 0.000053
220 0.000049
221 0.000046
222 0.000043
223 0.000040
224 0.000038
225 0.000035
226 0.000034
227 0.000032
228 0.000030
229 0.000028
230 0.000026
231 0.000025
232 0.000023
233 0.000022
234 0.000021
235 0.000019
236 0.000018
237 0.000017
238 0.000016
239 0.000015
240 0.000015
241 0.000014
242 0.000013
243 0.000013
244 0.000012
245 0.000011
246 0.000011
247 0.000010
248 0.000010
249 0.000009
250 0.000009
251 0.000008
252 0.000008
253 0.000007
254 0.000007
255 0.000007
256 0.000006
257 0.000006
258 0.000006
259 0.000006
260 0.000005
261 0.000005
262 0.000005
263 0.000005
264 0.000004
265 0.000004
266 0.000004
267 0.000004
268 0.000004
269 0.000003
270 0.000003
271 0.000003
272 0.000003
273 0.000003
274 0.000003
275 0.000003
276 0.000003
277 0.000002
278 0.000002
279 0.000002
280 0.000002
281 0.000002
282 0.000002
283 0.000002
284 0.000002
285 0.000002
286 0.000002
287 0.000002
288 0.000002
289 0.000001
290 0.000001
291 0.000001
292 0.000001
293 0.000001
294 0.000001
295 0.000001
296 0.000001
297 0.000001
298 0.000001
299 0.000001
300 0.000001
301 0.000001
302 0.000001
303 0.000001
304 0.000001
305 0.000001
306 0.000001
307 0.000001
308 0.000001
309 0.000001
310 0.000001
311 0.000001
312 0.000001
313 0.000001
314 0.000001
315 0.000001
316 0.000001
317 0.000001
318 0.000001
319 0.000001
320 0.000001
321 0.000000
322 0.000000
323 0.000000
324 0.000000
325 0.000000
326 0.000000
327 0.000000
328 0.000000
329 0.000000
330 0.000000
331 0.000000
332 0.000000
333 0.000000
334 0.000000
335 0.000000
336 0.000000
337 0.000000
338 0.000000
339 0.000000
340 0.000000
341 0.000000
342 0.000000
343 0.000000
344 0.000000
345 0.000000
346 0.000000
347 0.000000
348 0.000000
349 0.000000
350 0.000000
351 0.000000
352 0.000000
353 0.000000
354 0.000000
355 0.000000
356 0.000000
357 0.000000
358 0.000000
359 0.000000
360 0.000000
361 0.000000
362 0.000000
363 0.000000
364 0.000000
365 0.000000
366 0.000000
367 0.000000
368 0.000000
369 0.000000
370 0.000000
371 0.000000
372 0.000000
373 0.000000
374 0.000000
375 0.000000
376 0.000000
377 0.000000
378 0.000000
379 0.000000
380 0.000000
381 0.000000
382 0.000000
383 0.000000
384 0.000000
385 0.000000
386 0.000000
387 0.000000
388 0.000000
389 0.000000
390 0.000000
391 0.000000
392 0.000000
393 0.000000
394 0.000000
395 0.000000
396 0.000000
397 0.000000
398 0.000000
399 0.000000
400 0.000000
401 0.000000
402 0.000000
403 0.000000
404 0.000000
405 0.000000
406 0.000000
407 0.000000
408 0.000000
409 0.000000
410 0.000000
411 0.000000
412 0.000000
413 0.000000
414 0.000000
415 0.000000
416 0.000000
417 0.000000
418 0.000000
419 0.000000
420 0.000000
421 0.000000
422 0.000000
423 0.000000
424 0.000000
425 0.000000
426 0.000000
427 0.000000
428 0.000000
429 0.000000
430 0.000000
431 0.000000
432 0.000000
433 0.000000
434 0.000000
435 0.000000
436 0.000000
437 0.000000
438 0.000000
439 0.000000
440 0.000000
441 0.000000
442 0.000000
443 0.000000
444 0.000000
445 0.000000
446 0.000000
447 0.000000
448 0.000000
449 0.000000
450 0.000000
451 0.000000
452 0.000000
453 0.000000
454 0.000000
455 0.000000
456 0.000000
457 0.000000
458 0.000000
459 0.000000
460 0.000000
461 0.000000
462 0.000000
463 0.000000
464 0.000000
465 0.000000
466 0.000000
467 0.000000
468 0.000000
469 0.000000
470 0.000000
471 0.000000
472 0.000000
473 0.000000
474 0.000000
475 0.000000
476 0.000000
477 0.000000
478 0.000000
479 0.000000
480 0.000000
481 0.000000
482 0.000000
483 0.000000
484 0.000000
485 0.000000
486 0.000000
487 0.000000
488 0.000000
489 0.000000
490 0.000000
491 0.000000
492 0.000000
493 0.000000
494 0.000000
495 0.000000
496 0.000000
497 0.000000
498 0.000000
499 0.000000
500 0.000000
