1 1484963.074971
2 1445357.828827
3 1605458.048826
4 1890076.850856
5 1981138.197642
6 1897104.212703
7 1577521.040685
8 1737643.294974
9 1841074.674446
10 1606545.736039
11 1422359.835144
12 1286436.492814
13 1530426.426905
14 1332638.027098
15 1434605.740706
16 1019073.667250
17 1132775.306770
18 1144510.187914
19 1009174.357911
20 1098991.826069
21 1201983.553162
22 671519.335134
23 616151.906228
24 652812.141642
25 654287.745552
26 262563.470053
27 240472.698368
28 282762.027836
29 156858.197610
30 165508.601016
31 181488.048024
32 85465.597458
33 69754.726765
34 69677.514323
35 48792.839737
36 32270.185374
37 28056.754954
38 35827.975576
39 40700.871109
40 30537.221752
41 33831.716818
42 26327.754184
43 19397.132067
44 24108.066057
45 26432.866956
46 18072.465031
47 20043.857007
48 20324.274977
49 16118.892944
50 18661.136078
51 15615.273588
52 16220.960643
53 15783.069389
54 15771.583974
55 15214.001554
56 12803.647152
57 10195.487508
58 10989.405689
59 12192.258190
60 12439.460270
61 13589.290229
62 8935.847241
63 7764.680274
64 5939.077839
65 5480.677947
66 5694.439069
67 5040.349967
68 5446.289568
69 5282.914194
70 4262.348125
71 4022.346452
72 3221.985284
73 3140.121416
74 2890.207805
75 3185.818043
76 2758.704713
77 2767.256971
78 2432.768332
79 2092.635211
80 1838.042658
81 1487.924489
82 1523.240501
83 1436.881677
84 1351.979521
85 1283.646698
86 1185.748440
87 972.523159
88 914.860053
89 765.889884
90 799.251010
91 723.991271
92 631.674923
93 637.825678
94 611.600521
95 530.477632
96 527.532269
97 402.289198
98 433.245774
99 403.059257
100 349.113669
101 211.826376
102 187.367013
103 157.126862
104 144.813704
105 132.730876
106 108.587935
107 114.815464
108 102.609005
109 97.084369
110 89.998255
111 75.603089
112 61.636140
113 53.719470
114 44.724000
115 41.706268
116 32.008642
117 26.278879
118 21.939000
119 18.479338
120 16.411586
121 14.280909
122 13.537018
123 12.676618
124 11.593411
125 11.534054
126 9.942943
127 8.574045
128 6.526733
129 5.112124
130 4.477614
131 3.707758
132 3.607884
133 3.135202
134 2.782168
135 2.610278
136 2.484901
137 2.108770
138 1.647349
139 1.417242
140 1.329407
141 1.254590
142 1.207486
143 0.972002
144 0.843256
145 0.742955
146 0.732197
147 0.634190
148 0.551187
149 0.474491
150 0.397659
151 0.360134
152 0.299921
153 0.247107
154 0.214841
155 0.164221
156 0.135725
157 0.100754
158 0.078693
159 0.058991
160 0.047134
161 0.036441
162 0.035303
163 0.025756
164 0.021169
165 0.018421
166 0.015008
167 0.012829
168 0.010652
169 0.008958
170 0.007521
171 0.005685
172 0.004492
173 0.003430
174 0.002608
175 0.002305
176 0.001912
177 0.001479
178 0.001310
179 0.001050
180 0.000841
181 0.000668
182 0.000582
183 0.000490
184 0.000379
185 0.000314
186 0.000230
187 0.000176
188 0.000113
189 0.000099
190 0.000076
191 0.000056
192 0.000043
193 0.000032
194 0.000027
195 0.000018
196 0.000015
197 0.000011
198 0.000009
199 0.000007
200 0.000005
201 0.000004
202 0.000003
203 0.000003
204 0.000002
205 0.000002
206 0.000001
207 0.000001
208 0.000001
209 0.000001
210 0.000000
211 0.000000
212 0.000000
213 0.000000
214 0.000000
215 0.000000
216 0.000000
217 0.000000
218 0.000000
219 0.000000
220 0.000000
221 0.000000
222 0.000000
223 0.000000
224 0.000000
225 0.000000
226 0.000000
227 0.000000
228 0.000000
229 0.000000
230 0.000000
231 0.000000
232 0.000000
233 0.000000
234 0.000000
235 0.000000
236 0.000000
237 0.000000
238 0.000000
239 0.000000
240 0.000000
241 0.000000
242 0.000000
243 0.000000
244 0.000000
245 0.000000
246 0.000000
247 0.000000
248 0.000000
249 0.000000
250 0.000000
251 0.000000
252 0.000000
253 0.000000
254 0.000000
255 0.000000
256 0.000000
257 0.000000
258 0.000000
259 0.000000
260 0.000000
261 0.000000
262 0.000000
263 0.000000
264 0.000000
265 0.000000
266 0.000000
267 0.000000
268 0.000000
269 0.000000
270 0.000000
271 0.000000
272 0.000000
273 0.000000
274 0.000000
275 0.000000
276 0.000000
277 0.000000
278 0.000000
279 0.000000
280 0.000000
281 0.000000
282 0.000000
283 0.000000
284 0.000000
285 0.000000
286 0.000000
287 0.000000
288 0.000000
289 0.000000
290 0.000000
291 0.000000
292 0.000000
293 0.000000
294 0.000000
295 0.000000
296 0.000000
297 0.000000
298 0.000000
299 0.000000
300 0.000000
301 0.000000
302 0.000000
303 0.000000
304 0.000000
305 0.000000
306 0.000000
307 0.000000
308 0.000000
309 0.000000
310 0.000000
311 0.000000
312 0.000000
313 0.000000
314 0.000000
315 0.000000
316 0.000000
317 0.000000
318 0.000000
319 0.000000
320 0.000000
321 0.000000
322 0.000000
323 0.000000
324 0.000000
325 0.000000
326 0.000000
327 0.000000
328 0.000000
329 0.000000
330 0.000000
331 0.000000
332 0.000000
333 0.000000
334 0.000000
335 0.000000
336 0.000000
337 0.000000
338 0.000000
339 0.000000
340 0.000000
341 0.000000
342 0.000000
343 0.000000
344 0.000000
345 0.000000
346 0.000000
347 0.000000
348 0.000000
349 0.000000
350 0.000000
351 0.000000
352 0.000000
353 0.000000
354 0.000000
355 0.000000
356 0.000000
357 0.000000
358 0.000000
359 0.000000
360 0.000000
361 0.000000
362 0.000000
363 0.000000
364 0.000000
365 0.000000
366 0.000000
367 0.000000
368 0.000000
369 0.000000
370 0.000000
371 0.000000
372 0.000000
373 0.000000
374 0.000000
375 0.000000
376 0.000000
377 0.000000
378 0.000000
379 0.000000
380 0.000000
381 0.000000
382 0.000000
383 0.000000
384 0.000000
385 0.000000
386 0.000000
387 0.000000
388 0.000000
389 0.000000
390 0.000000
391 0.000000
392 0.000000
393 0.000000
394 0.000000
395 0.000000
396 0.000000
397 0.000000
398 0.000000
399 0.000000
400 0.000000
401 0.000000
402 0.000000
403 0.000000
404 0.000000
405 0.000000
406 0.000000
407 0.000000
408 0.000000
409 0.000000
410 0.000000
411 0.000000
412 0.000000
413 0.000000
414 0.000000
415 0.000000
416 0.000000
417 0.000000
418 0.000000
419 0.000000
420 0.000000
421 0.000000
422 0.000000
423 0.000000
424 0.000000
425 0.000000
426 0.000000
427 0.000000
428 0.000000
429 0.000000
430 0.000000
431 0.000000
432 0.000000
433 0.000000
434 0.000000
435 0.000000
436 0.000000
437 0.000000
438 0.000000
439 0.000000
440 0.000000
441 0.000000
442 0.000000
443 0.000000
444 0.000000
445 0.000000
446 0.000000
447 0.000000
448 0.000000
449 0.000000
450 0.000000
451 0.000000
452 0.000000
453 0.000000
454 0.000000
455 0.000000
456 0.000000
457 0.000000
458 0.000000
459 0.000000
460 0.000000
461 0.000000
462 0.000000
463 0.000000
464 0.000000
465 0.000000
466 0.000000
467 0.000000
468 0.000000
469 0.000000
470 0.000000
471 0.000000
472 0.000000
473 0.000000
474 0.000000
475 0.000000
476 0.000000
477 0.000000
478 0.000000
479 0.000000
480 0.000000
481 0.000000
482 0.000000
483 0.000000
484 0.000000
485 0.000000
486 0.000000
487 0.000000
488 0.000000
489 0.000000
490 0.000000
491 0.000000
492 0.000000
493 0.000000
494 0.000000
495 0.000000
496 0.000000
497 0.000000
498 0.000000
499 0.000000
500 0.000000
