1 66324493.457947
2 80378007.559610
3 118009043.442256
4 109366822.214024
5 163912283.155365
6 154877431.673162
7 157634059.609861
8 169001490.328893
9 318290991.072101
10 338055699.555030
11 344194984.900190
12 345296772.109389
13 387239554.410378
14 447307516.769325
15 577311264.703263
16 650745487.816884
17 669667917.985482
18 655554220.592572
19 864227405.965997
20 906004320.536929
21 747905867.363805
22 1154526021.619047
23 965298354.548903
24 1398596470.899694
25 1791547517.480713
26 1564102615.090298
27 1982445780.616377
28 1675924719.765254
29 2863581814.718378
30 2910321277.788748
31 3397226848.786970
32 3103314040.481664
33 4221532538.505587
34 4911873131.042204
35 5206300519.545288
36 4783529922.857177
37 4866512907.158710
38 5518446673.825413
39 5073741401.584481
40 5644544373.228902
41 6287847652.202500
42 5804446333.881621
43 6313189198.883053
44 7982104135.087665
45 5640065635.426740
46 8007196067.638605
47 5211702326.274300
48 6859154726.794370
49 6420907993.665890
50 8369846094.316915
51 9324524556.025280
52 8686781476.449551
53 6768646705.907022
54 8311257922.542898
55 8852378254.299740
56 7260236801.301385
57 7787855526.626390
58 7528004929.039855
59 7162744433.607565
60 7297308373.553263
61 7431239943.414573
62 7362938005.005512
63 7238493244.866680
64 7223134887.394189
65 7932009023.434088
66 7082577788.343457
67 7147596435.093562
68 7445833662.158981
69 7564171268.346861
70 5627266821.705547
71 8700020314.175983
72 7729676721.834568
73 7113185916.720007
74 8379583912.349987
75 9706311595.301588
76 7639514091.878841
77 7823349381.680447
78 7550556550.089179
79 6771470199.334479
80 7537446168.861283
81 7514089407.876766
82 7216405574.243149
83 6020641045.716429
84 7467780503.324843
85 8783861298.993122
86 8753017502.759010
87 6835564918.595922
88 7056594196.769733
89 6564223305.078664
90 6075403095.399530
91 6041554444.828201
92 6482881240.789783
93 5137796823.902711
94 5784360123.158898
95 5316365365.706641
96 5385015726.021620
97 6126735900.860081
98 6966167606.506962
99 7083403303.622104
100 6414797890.590316
101 5709955169.521065
102 4762567437.711441
103 4973586851.618974
104 5036722309.776278
105 5656331477.804888
106 4537696629.731358
107 4245882248.056980
108 4840337854.983329
109 4591302852.813825
110 4570714724.449579
111 4152187486.947021
112 3997921012.001096
113 3316456100.937706
114 3509143780.907344
115 3829917697.211550
116 3869421286.682146
117 3282362831.315754
118 2958744353.443208
119 3418952093.301095
120 3169733412.905013
121 3071655639.360462
122 3266592243.266868
123 3750134716.023947
124 3327230675.674692
125 3201006538.470137
126 2714020982.948757
127 2396613076.392777
128 2280117732.583288
129 2223988999.113731
130 2037249463.127715
131 1839379922.809069
132 1946559291.875889
133 1820284840.806579
134 2006076682.772810
135 1378781276.740088
136 1237143650.589922
137 1311809475.613948
138 1289892469.623033
139 1446377795.679137
140 1225311045.430751
141 1235244248.470650
142 1134810100.948270
143 1335073025.279118
144 1212701989.738393
145 1125876937.950886
146 1026515306.568363
147 818032264.581987
148 858900444.868859
149 801368449.789906
150 972131922.071278
151 826047742.551581
152 861942330.658504
153 989471495.414584
154 937967770.740031
155 1033206561.198162
156 1037304081.077196
157 985588296.411961
158 831249845.446003
159 732051621.599609
160 771508956.072288
161 576775086.118292
162 562419002.944517
163 494443868.256711
164 590373657.564231
165 485271349.394590
166 439618165.581777
167 389246776.371691
168 496983419.609443
169 391675413.455879
170 369555608.004680
171 299459019.432068
172 306037517.525592
173 313021084.527076
174 382167016.475018
175 369221305.775059
176 328702804.996760
177 353121370.462696
178 338757285.254215
179 313107932.049144
180 266965512.577888
181 296897778.693340
182 276445940.441669
183 201883236.630622
184 220771678.546408
185 173343022.116454
186 194733062.318369
187 167726528.546288
188 145999048.243719
189 175740034.844387
190 161847032.983974
191 161147880.952756
192 166665592.975597
193 185218908.969005
194 154391930.045391
195 182646677.415658
196 179163763.545885
197 174589659.571556
198 166292943.096606
199 172203206.619679
200 163503713.683986
201 150550848.218613
202 134603004.994948
203 142052225.699506
204 120688608.541129
205 148512934.155183
206 121598363.415402
207 138173527.409881
208 112672629.973599
209 113470743.920851
210 107099493.439729
211 104968523.181233
212 110665460.905437
213 105626943.474378
214 98850714.481052
215 86753052.529680
216 83775790.540091
217 81262071.141560
218 77711813.803105
219 69422130.578560
220 63283775.259901
221 67751198.283705
222 55484505.845672
223 50083387.357345
224 52133312.583944
225 56250637.521317
226 49036231.819648
227 50690075.418278
228 49041881.070590
229 38539201.219278
230 40726158.413268
231 36746917.917568
232 36685924.252248
233 32908117.705496
234 29450085.158026
235 29420352.745616
236 26879439.786842
237 28225972.299180
238 28198539.475783
239 24183375.193439
240 28847958.049754
241 27758938.408116
242 28169923.197201
243 26523363.263667
244 24826921.963525
245 24502214.987722
246 23053665.124463
247 21998122.683771
248 24391859.712777
249 23020865.753607
250 23412946.078864
251 19198661.231663
252 18939851.583729
253 17326029.362887
254 19271951.979798
255 18551479.696035
256 18578177.513481
257 18835716.296836
258 16655977.964167
259 18428567.285281
260 14797850.521543
261 17835612.679203
262 19040224.579956
263 18838957.625487
264 18645693.775392
265 18155454.394919
266 16432274.434032
267 17336679.979606
268 15072951.890342
269 14637972.913918
270 14245816.355448
271 13604476.429639
272 12916055.020535
273 12370157.851606
274 13512089.678678
275 11863774.428614
276 13417329.612888
277 12455392.271856
278 11524276.102020
279 12420138.261731
280 11005908.044222
281 12244658.912164
282 11445006.576671
283 11590091.642347
284 11720337.670875
285 11150523.055578
286 9919247.260863
287 9599204.683044
288 8693069.011948
289 9604707.789721
290 8625877.158197
291 9181845.936446
292 8496389.131509
293 8292690.030446
294 7919851.034583
295 7969718.791164
296 8139694.606206
297 8703104.752736
298 8148546.456264
299 7861116.126141
300 7382302.114633
301 7007510.444648
302 6164815.409203
303 7145657.682244
304 6554178.260052
305 7089758.715287
306 7342368.002180
307 6361629.228009
308 6645278.517319
309 6496088.483197
310 6514634.039225
311 5985608.890889
312 5723199.354130
313 6333034.231458
314 6091520.115884
315 5774565.766108
316 5906185.983612
317 5181768.922962
318 4838425.616339
319 5070184.839650
320 5663842.360474
321 5566731.713494
322 5258814.230223
323 5381777.489239
324 5307706.033603
325 5166062.163815
326 5239489.923513
327 4977327.266475
328 4954189.392625
329 5242745.361493
330 4893549.820321
331 4764659.720628
332 4592673.316006
333 4502097.922807
334 4800020.942368
335 4838729.816312
336 4555009.273965
337 4481551.636016
338 4455606.925826
339 4214102.111819
340 4355462.181030
341 4283616.447678
342 4034050.188952
343 4137339.337356
344 3707866.564629
345 3824585.393491
346 4004509.734853
347 3870708.327624
348 3925673.632186
349 3998677.426270
350 3668681.718747
351 3442013.882414
352 3460350.139493
353 3516038.019293
354 3592041.367981
355 3384673.152519
356 3383466.089559
357 3240936.754752
358 3250402.317457
359 3098047.887146
360 2995003.421562
361 2995200.739263
362 2846030.176559
363 2697811.867122
364 2516928.300963
365 2471718.246967
366 2507195.243245
367 2467346.888107
368 2423172.318102
369 2258047.280793
370 2302892.148649
371 2190459.870047
372 2071190.709076
373 2059063.528357
374 1916672.602952
375 2012087.202705
376 1978301.787539
377 1984562.364930
378 1808852.975934
379 1772421.812470
380 1717846.514361
381 1795248.174349
382 1745630.854312
383 1745294.873708
384 1640399.839930
385 1623552.334824
386 1616018.423724
387 1621573.397205
388 1601374.792054
389 1533750.253081
390 1513278.991291
391 1495877.652798
392 1485087.243129
393 1482297.726446
394 1483414.996423
395 1469618.320790
396 1356890.194002
397 1369072.190523
398 1366958.921967
399 1354898.165444
400 1309810.143002
401 1313256.103780
402 1377502.913177
403 1356301.511045
404 1347865.904120
405 1301180.182887
406 1246886.042740
407 1261983.238108
408 1241661.473760
409 1215440.032663
410 1192535.812012
411 1178831.253975
412 1152039.183406
413 1151443.818376
414 1096679.395212
415 1062473.372024
416 1090933.081971
417 1080840.099914
418 1073540.624378
419 1077691.423973
420 1053356.123059
421 1049021.644258
422 1048061.908316
423 1026153.302895
424 997728.536396
425 1000545.572308
426 1012217.659158
427 953986.578859
428 950280.831652
429 927978.480337
430 913130.677079
431 908700.693702
432 906635.865031
433 879436.393720
434 898891.659551
435 879467.312066
436 871832.704861
437 863301.784461
438 859095.146865
439 848375.450265
440 839762.037667
441 832440.862394
442 831779.402228
443 819040.147342
444 831945.825107
445 822052.182292
446 813137.660796
447 808735.657537
448 781176.285757
449 781185.752188
450 789388.516487
451 776605.205236
452 779929.445445
453 776159.770632
454 770379.927151
455 759136.557063
456 748140.663111
457 742284.997886
458 728659.252841
459 729681.702280
460 723669.506506
461 715449.615669
462 714811.533948
463 709073.094722
464 705843.681324
465 699635.070969
466 689949.918443
467 685120.704679
468 680100.838905
469 670026.808636
470 665744.856772
471 664331.595272
472 658169.625343
473 654904.225766
474 649145.442049
475 644096.773786
476 639925.311281
477 634631.154468
478 631655.353303
479 626092.198774
480 625108.764860
481 624428.457597
482 620869.865109
483 616026.081238
484 614511.555998
485 612574.248244
486 608366.359508
487 607998.665993
488 603467.497684
489 601541.395888
490 600113.994728
491 597662.418926
492 596114.467712
493 593739.619189
494 592030.076670
495 591253.863303
496 590053.524215
497 588388.935501
498 588266.145035
499 587699.675662
500 587363.272493
