1 inf
2 inf
3 inf
4 inf
5 inf
6 inf
7 inf
8 inf
9 inf
10 inf
11 inf
12 inf
13 inf
14 inf
15 inf
16 inf
17 inf
18 inf
19 inf
20 inf
21 inf
22 inf
23 inf
24 inf
25 inf
26 inf
27 inf
28 inf
29 inf
30 inf
31 inf
32 inf
33 inf
34 inf
35 inf
36 inf
37 inf
38 inf
39 inf
40 inf
41 inf
42 inf
43 inf
44 inf
45 inf
46 12958703812112491102083158081649005584401670190571270494461168318972823118111270614876798994033606679106934459138482298851556993466174477377123196315206862804039877033422137335254375804286625166867244262237890351318144568103231441876151904759949549182923566876084329905004811458680947300366569030177435680768.000000
47 166847072913569223879151887983365978784803245997758689729246407564512693628715281313574055226479641561299684407569614469111180776512273672010453231645356167536656797471390045294952848046688395770155294351969368544085587033853128342851586508248121732430687044732870146909426959559900256422556860416.000000
48 60718962076566701148072619087537693577180738984616319692781712037854891142029149756055201748869030299105970077340647808535832806048194024493339548996773473376793706899174844620075433679063502181018522020743177661866379236708854924519780439155183133633830932819906780667797577924608.000000
49 532163759512662585479753697132044005162240213491532480517860039313604209691956819231559758473782527318373410915724567991312679798104057985105215274842418238550946321570458460679270078539319421630987367162602614756839153142114449398742361364356317268859225636864.000000
50 240544630183775404303522791860875569641013211453375259608262527734642404247035524854692635557117163375584229904913328951546109283092804415224000051305117502555800080810813565182023701765902755438400242557509547389598656658556750848070287506213437440.000000
51 70253150144981550376887802252141411604905701191633523800503846331991628598260565302600918068179842156686801956572719748594243312304133927752624753665166067797665391462236331201232171115020409988349007035342805505198671668811527530479616.000000
52 22083837606538243699504768083775681275225921331642768333393748119962617275095664620594795737356794920522987226917760794476383827540440557839164846185386501237251271966513881089626097410427375380364099478153646478336255328256.000000
53 307998056592434774457374643134711661732088467187074928754480640206078428725840440661343347606995011355809175854370875072617379285537248293981656907691794428158586933237849593327964360873321418457088.000000
54 1390021803239793743779540649962576632224699809643565415347582436869495147561234146231291282916797314262910308331891009164481423329070297634028114777496782598436278639049834496.000000
55 28427484651647630922869099769180541419628255219032664332195431154214406998638034954283769922714947362352346498774985570272086923046836602612825829990632736178804097024.000000
56 733038349563008231461592663031381390825880893129206001333144041094300436712293693291190118981340627866861911852282629504174789579793569312625655808.000000
57 336972330550233432685313726241255505441429732306034402462890718808893545787667337979438570620642064640922897566524042847790364442694254592.000000
58 149599551879718888084665181202638866102719105037567409980953313017437005962496750363982755787315467436046257876462614964338688.000000
59 30333487462523400124224176693962663516377328380189149541818653472225307926729418598118914851019708956672.000000
60 9698060331515660563295203409819465456168953420434394248414716884884210422120448.000000
61 67072763320351273362648124834856263310110141476341410340261593088.000000
62 3590876600046276066390998261466694188785467392.000000
63 493190244080944382612326659915776.000000
64 20653728506.405163
65 20254.593819
66 14427.029519
67 10187.019972
68 8611.118151
69 7180.950884
70 5840.891139
71 5039.635016
72 4167.265631
73 3797.569698
74 3393.304567
75 2919.024929
76 2556.289115
77 2312.646931
78 2092.020395
79 1858.558415
80 1640.790381
81 1482.434349
82 1362.359415
83 1214.906932
84 1101.574102
85 1023.694946
86 935.119905
87 858.833640
88 773.415468
89 693.063895
90 627.582604
91 581.892915
92 530.305778
93 475.078683
94 437.483202
95 393.882165
96 359.012768
97 323.857677
98 297.286020
99 273.692658
100 248.504365
101 219.979709
102 192.549500
103 179.005116
104 158.550007
105 149.068667
106 136.893176
107 122.471573
108 113.841885
109 101.907504
110 93.251448
111 86.919134
112 78.914327
113 72.639357
114 66.245698
115 61.069224
116 55.419970
117 50.671930
118 46.486071
119 42.464394
120 37.718041
121 34.796546
122 32.125916
123 29.344520
124 27.090817
125 24.950604
126 22.628139
127 20.678562
128 18.831270
129 17.120589
130 15.860977
131 14.604436
132 13.474631
133 12.269735
134 11.126621
135 10.023942
136 9.337762
137 8.540354
138 7.926560
139 7.188163
140 6.544778
141 5.955308
142 5.516381
143 5.055716
144 4.654897
145 4.265813
146 3.880251
147 3.620377
148 3.337836
149 2.993986
150 2.830442
151 2.560016
152 2.419136
153 2.239101
154 2.063803
155 1.910449
156 1.752147
157 1.618345
158 1.512467
159 1.407877
160 1.313575
161 1.209762
162 1.131250
163 1.062959
164 0.962261
165 0.878103
166 0.835455
167 0.793882
168 0.738028
169 0.691199
170 0.646343
171 0.599553
172 0.570464
173 0.526215
174 0.497758
175 0.463629
176 0.432606
177 0.404624
178 0.381969
179 0.355405
180 0.334783
181 0.312217
182 0.293650
183 0.273305
184 0.253777
185 0.239399
186 0.225413
187 0.210010
188 0.197591
189 0.185527
190 0.171641
191 0.163688
192 0.154757
193 0.145810
194 0.136657
195 0.130096
196 0.121297
197 0.114802
198 0.109268
199 0.102710
200 0.096893
201 0.091929
202 0.087381
203 0.081937
204 0.077574
205 0.074076
206 0.070823
207 0.066881
208 0.063672
209 0.060351
210 0.057268
211 0.054026
212 0.051279
213 0.048521
214 0.046481
215 0.044150
216 0.041761
217 0.039975
218 0.037877
219 0.035996
220 0.034093
221 0.032254
222 0.030964
223 0.029360
224 0.028073
225 0.026939
226 0.025669
227 0.024097
228 0.022950
229 0.022052
230 0.021016
231 0.020184
232 0.019398
233 0.018696
234 0.017741
235 0.017066
236 0.016265
237 0.015578
238 0.014905
239 0.014275
240 0.013599
241 0.013080
242 0.012634
243 0.012117
244 0.011575
245 0.011195
246 0.010815
247 0.010449
248 0.010052
249 0.009611
250 0.009270
251 0.008868
252 0.008535
253 0.008197
254 0.007935
255 0.007604
256 0.007253
257 0.007024
258 0.006756
259 0.006512
260 0.006283
261 0.006083
262 0.005871
263 0.005675
264 0.005482
265 0.005288
266 0.005101
267 0.004914
268 0.004789
269 0.004642
270 0.004412
271 0.004311
272 0.004175
273 0.004024
274 0.003927
275 0.003792
276 0.003660
277 0.003555
278 0.003428
279 0.003352
280 0.003232
281 0.003153
282 0.003058
283 0.002968
284 0.002887
285 0.002793
286 0.002709
287 0.002627
288 0.002552
289 0.002491
290 0.002402
291 0.002353
292 0.002289
293 0.002211
294 0.002154
295 0.002097
296 0.002025
297 0.001979
298 0.001923
299 0.001861
300 0.001808
301 0.001773
302 0.001724
303 0.001677
304 0.001634
305 0.001586
306 0.001550
307 0.001508
308 0.001478
309 0.001434
310 0.001404
311 0.001366
312 0.001334
313 0.001302
314 0.001266
315 0.001238
316 0.001208
317 0.001179
318 0.001153
319 0.001122
320 0.001102
321 0.001077
322 0.001056
323 0.001025
324 0.001008
325 0.000983
326 0.000960
327 0.000940
328 0.000924
329 0.000906
330 0.000886
331 0.000866
332 0.000848
333 0.000829
334 0.000812
335 0.000793
336 0.000773
337 0.000761
338 0.000743
339 0.000725
340 0.000710
341 0.000699
342 0.000684
343 0.000672
344 0.000659
345 0.000647
346 0.000634
347 0.000623
348 0.000610
349 0.000600
350 0.000588
351 0.000578
352 0.000569
353 0.000557
354 0.000548
355 0.000538
356 0.000525
357 0.000519
358 0.000509
359 0.000500
360 0.000491
361 0.000483
362 0.000476
363 0.000468
364 0.000461
365 0.000453
366 0.000446
367 0.000436
368 0.000431
369 0.000425
370 0.000419
371 0.000411
372 0.000407
373 0.000400
374 0.000394
375 0.000388
376 0.000383
377 0.000377
378 0.000372
379 0.000367
380 0.000363
381 0.000358
382 0.000352
383 0.000348
384 0.000344
385 0.000337
386 0.000334
387 0.000328
388 0.000324
389 0.000321
390 0.000316
391 0.000312
392 0.000308
393 0.000304
394 0.000301
395 0.000297
396 0.000293
397 0.000290
398 0.000286
399 0.000283
400 0.000278
401 0.000276
402 0.000273
403 0.000270
404 0.000268
405 0.000264
406 0.000262
407 0.000260
408 0.000257
409 0.000254
410 0.000252
411 0.000249
412 0.000246
413 0.000244
414 0.000241
415 0.000239
416 0.000237
417 0.000235
418 0.000233
419 0.000230
420 0.000228
421 0.000226
422 0.000224
423 0.000222
424 0.000220
425 0.000218
426 0.000217
427 0.000215
428 0.000213
429 0.000211
430 0.000209
431 0.000208
432 0.000206
433 0.000205
434 0.000203
435 0.000202
436 0.000200
437 0.000199
438 0.000198
439 0.000196
440 0.000195
441 0.000194
442 0.000193
443 0.000191
444 0.000190
445 0.000189
446 0.000188
447 0.000187
448 0.000186
449 0.000185
450 0.000184
451 0.000183
452 0.000182
453 0.000181
454 0.000180
455 0.000179
456 0.000178
457 0.000178
458 0.000177
459 0.000176
460 0.000175
461 0.000174
462 0.000174
463 0.000173
464 0.000172
465 0.000172
466 0.000171
467 0.000170
468 0.000170
469 0.000169
470 0.000169
471 0.000168
472 0.000168
473 0.000167
474 0.000167
475 0.000166
476 0.000166
477 0.000165
478 0.000165
479 0.000164
480 0.000164
481 0.000164
482 0.000163
483 0.000163
484 0.000163
485 0.000162
486 0.000162
487 0.000162
488 0.000162
489 0.000162
490 0.000161
491 0.000161
492 0.000161
493 0.000161
494 0.000161
495 0.000161
496 0.000161
497 0.000160
498 0.000160
499 0.000160
500 0.000160
