1 55856278.132258
2 75600592.619393
3 95648003.612953
4 136810517.575004
5 155428245.532898
6 145545678.344629
7 176506205.674070
8 248090604.485056
9 289913210.363881
10 250610664.548401
11 297189558.447264
12 346348672.468696
13 451547653.705983
14 424160361.834407
15 628516072.261376
16 606807464.204791
17 538882620.775253
18 748174047.784104
19 908554358.750046
20 905590567.747951
21 992268606.375433
22 1261261829.370766
23 1814159390.803081
24 1725991098.960655
25 1480824824.425907
26 1343913773.529390
27 2080596127.948091
28 2067026031.637332
29 2199557574.629303
30 1954189911.415821
31 2731441881.342428
32 1995903655.446204
33 2446161324.365935
34 2846818486.150098
35 3079441135.516896
36 3185113498.675836
37 2617601988.520478
38 3693798755.491405
39 3651347227.858262
40 4084029521.222579
41 4392088217.890815
42 5594757807.509219
43 4547304107.150829
44 5502504304.534052
45 4486095958.370942
46 5835072031.724998
47 4481268480.143347
48 4623474103.311302
49 4291418322.350066
50 5765367494.767741
51 7031461922.475487
52 6503670924.098136
53 6149425567.357559
54 7339652563.620420
55 6198966767.001398
56 7432851293.429870
57 8285636327.322002
58 9470871089.121544
59 9908137507.940201
60 6358252571.289090
61 11120090880.271626
62 8719010542.088253
63 9802620309.901930
64 9337423937.835184
65 7594084084.447661
66 8259402327.104234
67 9044658883.276426
68 9030977947.199617
69 9334432819.020792
70 8213509271.193581
71 7283463156.378001
72 6475709818.714854
73 6596241964.897602
74 6637434167.815617
75 6263629699.704169
76 7802330726.104950
77 7480797351.913740
78 4920782632.223601
79 6648371211.739821
80 5609177641.043648
81 5187470109.284431
82 6227007427.825302
83 5380453633.985146
84 7445719057.048074
85 6882477852.255601
86 7392900072.317554
87 8411644359.690049
88 7650977753.175447
89 8124707186.545725
90 8461069428.210726
91 8795564863.510733
92 8497205257.518395
93 9651668529.071886
94 9373147161.973799
95 7649145075.585210
96 7197908533.477130
97 7900011994.836945
98 6222066686.959112
99 8295822512.898983
100 7141537956.729180
101 7372493777.816690
102 6365546411.933324
103 7073574222.749844
104 6783719575.918475
105 7215849447.389555
106 7298149510.439109
107 4935586632.786000
108 5910816556.048651
109 5728601073.786096
110 5714894939.868886
111 5191387777.531505
112 6421358145.100694
113 5242446554.243370
114 5356182208.065450
115 4736028625.172790
116 4442437617.578169
117 4105937431.089033
118 3205537784.965037
119 4126164885.382670
120 3500902793.051417
121 4009720359.250819
122 4169587138.735393
123 4151282546.625752
124 3180103533.616133
125 2284309713.343555
126 2687883902.142478
127 2356132040.017752
128 1723306731.591944
129 1729533985.543493
130 2548320408.403171
131 2352639829.424446
132 2411917327.007546
133 2150577369.243646
134 2450416293.098302
135 2247468662.100673
136 2439520194.962941
137 1977536188.980381
138 1754990788.561079
139 2015224413.033376
140 2093796612.199883
141 1688821500.199853
142 1634435259.091202
143 1621845891.400852
144 1992450083.657132
145 1667269364.874611
146 1483315290.390129
147 1365035365.845526
148 1315359708.571008
149 1582825633.365266
150 1304090738.853623
151 1089547506.384009
152 1027391768.584316
153 870981725.537013
154 861037836.900425
155 540111155.166081
156 745438111.671312
157 714212966.014012
158 805797804.555313
159 776058409.759388
160 715275991.400069
161 680821325.978419
162 659030216.620147
163 594791930.594952
164 554502913.658309
165 574363884.688166
166 550918926.628304
167 435817577.776072
168 450564550.347462
169 509464382.534406
170 498299874.204341
171 488965322.505287
172 438525644.920223
173 422004770.337517
174 357079439.016060
175 403385037.466045
176 324795475.221937
177 321183451.372931
178 313089075.732631
179 292137683.797543
180 219713065.691960
181 287242022.828467
182 281932528.248514
183 243222068.604059
184 223728600.920161
185 213365391.096926
186 212083335.221607
187 261298560.051868
188 232624886.679278
189 281584502.674561
190 255630136.993583
191 214308921.988858
192 180843923.201876
193 165584261.334911
194 170370114.536451
195 130638256.256644
196 148497376.423762
197 133430615.497853
198 124018952.205015
199 126318343.821342
200 105470417.805380
201 111603564.834201
202 107156159.159591
203 109266073.170763
204 101755439.484803
205 112623266.167457
206 97885121.559223
207 85674562.076080
208 92123432.604757
209 86031702.633606
210 100327697.573437
211 103060734.022282
212 93793334.164979
213 93463593.700980
214 95408134.086949
215 90936860.657101
216 102595334.755045
217 73580597.161444
218 92143018.600468
219 84002150.364542
220 82305787.662622
221 83048318.645709
222 74092282.271913
223 82894615.433270
224 80763982.110718
225 74720645.792394
226 65044691.283525
227 66997659.672379
228 70287342.065101
229 70726264.669829
230 63014589.940890
231 65843374.717205
232 60378733.332557
233 53875800.299392
234 54454341.126472
235 60105171.586123
236 52434953.382698
237 45643908.166272
238 39579407.518949
239 42721795.483024
240 40914193.673184
241 36045837.784555
242 36226597.643676
243 36009873.489085
244 29965093.457842
245 30348059.124677
246 26951325.372420
247 26926618.245921
248 27196354.089541
249 25208743.412236
250 27678189.195348
251 26610342.983200
252 23955951.258856
253 24556662.091988
254 24366822.388333
255 22978541.675924
256 20246586.686614
257 19834431.937693
258 21135351.773687
259 19448051.199045
260 17819719.052803
261 17918687.514639
262 17303646.808370
263 17577261.379058
264 19307516.524791
265 18335499.279043
266 17994453.136861
267 16176069.494277
268 16538234.677180
269 16689946.452707
270 15503064.092775
271 13966994.604956
272 12651689.406974
273 13367548.263631
274 11630527.553892
275 10539988.995215
276 10901511.780845
277 11442401.347792
278 10547558.706351
279 10761043.400143
280 9990505.302126
281 10016202.104618
282 10359589.446436
283 10051209.417797
284 9758846.882798
285 9601538.990051
286 9373329.909169
287 8916668.965320
288 7482651.503171
289 7691657.275617
290 7592285.293928
291 7416393.642175
292 6547858.940579
293 7057658.774435
294 6749863.423795
295 6033317.382223
296 5955895.346637
297 5923660.170136
298 5778971.256789
299 5248893.817139
300 5519074.712722
301 5553616.039341
302 5340479.791635
303 5399620.825349
304 5488281.532186
305 5165091.795650
306 5006466.853518
307 5107882.065982
308 4885564.450250
309 4809440.800050
310 4683949.518347
311 4770397.527110
312 4473230.069697
313 4554942.175869
314 4553589.894984
315 4442435.656866
316 4531051.392329
317 4143353.541360
318 4171085.856975
319 4155325.548144
320 4165944.351308
321 4183687.805247
322 3898466.614946
323 3835173.559960
324 3803787.831186
325 3562994.789727
326 3562883.197004
327 3438221.774954
328 3478986.692697
329 3206502.088555
330 3397851.906472
331 3108224.494206
332 3136486.270389
333 3006633.482537
334 2989970.537085
335 2952525.987770
336 2868267.702863
337 2723168.278120
338 2665382.705201
339 2581208.777470
340 2513531.623856
341 2469666.432131
342 2503564.112018
343 2378316.403347
344 2157090.576248
345 2367369.604696
346 2248878.794829
347 2367717.109455
348 2259629.372841
349 2121022.362368
350 2153455.758860
351 1973850.929072
352 2001066.160091
353 1961398.687900
354 1909256.535416
355 1975307.458236
356 1898086.105583
357 1868433.785851
358 1855025.948908
359 1864664.833763
360 1852181.440096
361 1710436.334596
362 1752695.214907
363 1784963.056812
364 1611609.928782
365 1652468.004617
366 1557879.146138
367 1572949.020329
368 1621072.149252
369 1600672.806300
370 1570159.483096
371 1530296.892266
372 1464836.991811
373 1446892.243148
374 1447315.760829
375 1331704.733285
376 1324271.893579
377 1365568.942984
378 1305171.481742
379 1319878.727010
380 1339186.569013
381 1302087.239028
382 1262440.435741
383 1202555.199589
384 1190758.827230
385 1203261.191250
386 1189425.527367
387 1204870.518874
388 1186891.912291
389 1176739.299636
390 1099073.475596
391 1137257.351730
392 1097758.388626
393 1120460.239030
394 1119031.474220
395 1108335.378617
396 1066457.858515
397 1111064.396556
398 1089848.528854
399 1063897.105602
400 1077230.025357
401 1031787.559796
402 995446.605834
403 992100.054873
404 988862.270929
405 977023.441295
406 945841.939487
407 948372.561142
408 921791.603673
409 914465.429034
410 910788.641688
411 901731.843987
412 888731.252572
413 890015.862516
414 862416.340859
415 851361.825540
416 847044.226481
417 845344.067065
418 811291.579351
419 807880.883773
420 813739.526811
421 799230.926419
422 786185.264709
423 780170.904026
424 765159.376263
425 760527.840937
426 756962.270715
427 751754.070894
428 736793.056834
429 728497.038719
430 731561.232542
431 711175.113479
432 729529.870772
433 687228.178860
434 688308.127795
435 689417.748462
436 683161.469009
437 669163.746749
438 674645.225255
439 673172.297584
440 652043.866871
441 654459.493409
442 653002.139568
443 653079.762313
444 645665.338687
445 632298.756591
446 634138.727947
447 618711.093975
448 619625.675893
449 616345.740042
450 612485.535237
451 605685.191060
452 601815.906522
453 602216.558608
454 596452.869411
455 586453.456776
456 583608.111070
457 578685.897011
458 571563.806034
459 569870.213864
460 567737.977650
461 561252.364403
462 557783.175955
463 551439.721663
464 545780.016651
465 542917.313032
466 534995.366671
467 535701.243839
468 531445.529703
469 523613.563408
470 518608.441945
471 517392.533997
472 511672.603821
473 510583.681540
474 505342.210348
475 503485.928830
476 497869.568847
477 496249.659450
478 491401.778995
479 488969.061806
480 485914.700023
481 482994.120103
482 480100.014300
483 478201.134085
484 476304.322110
485 473301.028822
486 470977.577681
487 469200.029132
488 467032.087554
489 464945.708993
490 463643.471953
491 461536.409739
492 460714.578184
493 459639.904155
494 458449.326469
495 457436.802562
496 456775.402228
497 456274.685715
498 455615.332298
499 455251.586621
500 455073.353543
