1 15297208.445829
2 22279895.417440
3 21296500.134730
4 32052863.269584
5 34486160.923870
6 41396062.695591
7 30314318.369264
8 54985965.711585
9 57355494.239125
10 56398932.073204
11 76241251.369748
12 95642988.217262
13 65212111.876490
14 102369971.107157
15 133525682.801170
16 159465137.979450
17 166223159.033514
18 159695890.555847
19 123146038.073018
20 183421589.997877
21 181072773.901347
22 176416002.678826
23 196072743.100500
24 202484277.922175
25 215839330.528682
26 209826126.438522
27 302603244.041775
28 326027547.851859
29 362006556.462674
30 315356176.947682
31 416360621.537318
32 405399571.627460
33 356757071.570912
34 320270358.320082
35 393500074.531323
36 342940690.513598
37 344766415.322735
38 276885460.862806
39 350466668.776135
40 404613819.412876
41 510130006.700977
42 359193473.528535
43 339704352.671650
44 523345987.809436
45 433584669.299749
46 533552095.776068
47 520646313.390166
48 534132566.757649
49 555480483.402015
50 513689989.020597
51 509264328.262527
52 454365069.971602
53 424144807.693947
54 400137762.915011
55 429715251.604170
56 545591629.042501
57 461735410.098174
58 481344080.467423
59 483859763.565824
60 606422621.471368
61 355385344.001777
62 468110333.701480
63 531462392.608724
64 368601055.341683
65 591830509.176611
66 347555918.154189
67 474542570.005675
68 403926754.744954
69 358052563.665341
70 326632572.500413
71 297762616.916826
72 340063358.644633
73 375890915.190319
74 422194600.076414
75 401931003.451962
76 349279682.319897
77 265866084.007634
78 443352113.813812
79 414740269.975636
80 328995473.106317
81 322200367.198226
82 325544627.326937
83 324351602.033094
84 394727717.028922
85 399795413.150026
86 347449058.131046
87 300364274.606324
88 259259396.176797
89 274974062.692212
90 368255740.972002
91 336698967.038667
92 259468421.705082
93 292537215.327685
94 283634714.716118
95 304705336.171415
96 337903562.215516
97 321378653.812285
98 293866921.395899
99 254730042.085894
100 284610339.384731
101 356672920.711960
102 254251883.153282
103 339391256.842139
104 285216947.158562
105 267017267.851668
106 322275936.649330
107 307340651.677098
108 281434258.597249
109 257724234.247644
110 274927706.640606
111 284479257.235478
112 274460137.484134
113 288746012.399215
114 227462918.985414
115 247595735.044335
116 246760371.192140
117 244323814.860844
118 166487150.431048
119 191850414.442097
120 224105848.154210
121 226222718.559223
122 216974149.418804
123 191675934.569563
124 154450668.770277
125 245259639.304614
126 221458119.722491
127 232046780.312480
128 209983510.865607
129 232848455.707214
130 178375349.355877
131 187938805.237802
132 240398404.911774
133 210701363.591090
134 182917358.994701
135 134841946.399076
136 139824900.836006
137 118553825.596164
138 133881989.724865
139 135897226.397710
140 137765492.796831
141 120435178.409193
142 102960784.174004
143 107670320.470527
144 68777491.578685
145 55300643.939906
146 56884474.231119
147 52218593.875741
148 47194418.558850
149 49289132.235433
150 49199466.415402
151 46484242.405840
152 42250069.318772
153 36237079.062362
154 43588335.880008
155 35453361.262625
156 31987007.316458
157 36370914.567611
158 32031494.087528
159 27199481.281337
160 24620121.518924
161 23591373.896134
162 25527777.844908
163 22656473.154290
164 22993199.024430
165 24437630.061623
166 17147489.126360
167 18919621.255262
168 20965322.506058
169 14539185.922392
170 15875965.059924
171 12536224.280508
172 15558939.631314
173 13223139.146912
174 11099575.208188
175 10366231.241949
176 11195336.782776
177 10571062.319649
178 9398991.749173
179 9668271.774116
180 7899445.046534
181 8550920.744966
182 9958457.832957
183 8612943.436952
184 7530108.010951
185 7293974.025356
186 7099848.692123
187 7397898.998349
188 6910192.403390
189 9009676.573628
190 7629572.067846
191 6434566.424771
192 7029635.936426
193 6400114.335388
194 6512438.075245
195 6684649.282738
196 6261641.128553
197 6258969.316447
198 5901176.775304
199 6006380.007865
200 6393771.836130
201 5965143.211911
202 5762112.950522
203 5713526.608104
204 6219047.364134
205 5888997.851241
206 4877254.108919
207 4890018.427948
208 4860362.464283
209 4746351.657472
210 4530520.224184
211 3552128.314605
212 4024455.640868
213 3406850.937220
214 3224121.527379
215 3650242.026056
216 3256837.047357
217 3584882.232294
218 3592962.701698
219 3082529.769793
220 3325441.974230
221 3062866.689444
222 2728400.611419
223 2321070.169116
224 1863643.328755
225 1815512.538999
226 2073616.849473
227 2275526.234280
228 2039713.682796
229 2064029.701132
230 2186934.752974
231 2100201.249792
232 1767818.840947
233 1936631.381194
234 2092934.447427
235 2078250.956522
236 1718066.982596
237 1610788.562819
238 1739406.206557
239 1769783.559945
240 1612762.901850
241 1549752.951089
242 1498598.194031
243 1469231.493546
244 1482160.609059
245 1387531.692447
246 1359937.899845
247 1306476.797851
248 1267877.325688
249 1331660.919716
250 1219479.711854
251 1218095.911612
252 1028488.826906
253 939496.588738
254 1022589.845266
255 941540.403237
256 943859.269918
257 939149.542763
258 850605.312668
259 775296.488601
260 727907.857647
261 756909.632457
262 605857.922558
263 615189.110044
264 644548.373212
265 671261.359886
266 579750.945972
267 627490.198236
268 642769.124726
269 582765.414444
270 534482.103796
271 503731.552370
272 504816.909146
273 475569.848707
274 448037.516556
275 416381.915146
276 415109.330623
277 427114.082474
278 385917.997230
279 357983.559396
280 335180.282768
281 336673.820109
282 323216.492272
283 294935.028486
284 310402.681155
285 275852.407041
286 265378.977439
287 260657.325403
288 267102.198604
289 267472.003923
290 250089.864696
291 257247.869202
292 219785.989043
293 223136.758591
294 200681.634470
295 199830.352498
296 190358.277167
297 183277.518002
298 162158.217580
299 160598.792802
300 171230.113294
301 168940.417745
302 163550.707379
303 167616.651840
304 156948.444063
305 151631.637342
306 143950.798605
307 136470.924556
308 137371.540697
309 123096.930775
310 120811.329709
311 108461.612253
312 116496.221226
313 112592.296439
314 102469.683208
315 107214.924771
316 111608.894737
317 100743.872775
318 91555.195532
319 90138.115237
320 88203.377683
321 84551.195623
322 85779.000050
323 84541.710474
324 83431.424099
325 85967.017518
326 84316.355781
327 75608.214869
328 74352.943048
329 74244.016712
330 72024.873221
331 75207.877332
332 70285.311663
333 70214.630972
334 70523.799574
335 70526.765853
336 69117.420020
337 65890.183017
338 66977.450165
339 64381.298019
340 64992.725386
341 63616.024997
342 63279.802348
343 60903.738059
344 59978.960663
345 59135.478880
346 56286.748062
347 58419.979569
348 56271.098542
349 56569.821027
350 50019.831138
351 51493.703977
352 49606.385274
353 49518.875048
354 43687.505397
355 45116.441370
356 43389.784022
357 42433.805643
358 40832.103678
359 41097.394371
360 41267.903756
361 40825.337048
362 40078.641110
363 38533.148076
364 39247.431623
365 37902.978408
366 35652.028248
367 37201.136125
368 36300.876863
369 36113.081982
370 34089.702676
371 34396.315543
372 33538.626070
373 31747.869910
374 29882.416986
375 30822.329748
376 29884.815076
377 27382.114851
378 27550.933753
379 27473.916243
380 26390.846420
381 26038.595792
382 26447.727854
383 26217.424087
384 26365.252633
385 26125.639556
386 25231.635072
387 24713.246999
388 24308.636478
389 24253.203303
390 23739.218691
391 24128.371274
392 22679.849940
393 22478.530037
394 23858.972154
395 22621.239618
396 22501.767865
397 22059.372636
398 21887.176431
399 21965.550019
400 21313.501898
401 20104.669351
402 20551.993836
403 19482.727992
404 19554.369304
405 19518.526923
406 19034.093974
407 18906.629195
408 18631.262329
409 18232.985267
410 18042.353019
411 17709.112322
412 17942.310384
413 17257.508038
414 17040.891674
415 16875.817764
416 16975.403561
417 16467.680586
418 16174.321785
419 15880.979783
420 15658.886257
421 15212.546644
422 15350.286590
423 14725.859207
424 15083.761052
425 14491.914091
426 14531.923787
427 14481.351735
428 14262.936844
429 13942.897073
430 13912.434696
431 13895.220020
432 13699.957790
433 13529.735233
434 13398.464420
435 13446.164372
436 13195.088194
437 12860.526624
438 12866.890540
439 12536.405654
440 12283.173001
441 12292.089974
442 12151.902892
443 12098.780842
444 12147.155904
445 11977.044801
446 11908.646056
447 11847.716916
448 11771.509459
449 11569.136812
450 11516.808744
451 11484.311370
452 11383.032279
453 11332.977358
454 11239.074792
455 11099.510738
456 10960.967327
457 10804.137327
458 10777.715636
459 10574.288002
460 10504.540865
461 10407.921587
462 10416.517488
463 10324.684031
464 10234.737082
465 10208.897441
466 10080.637917
467 10013.672752
468 9932.996527
469 9859.934906
470 9805.690645
471 9713.075509
472 9656.142044
473 9580.611536
474 9500.202659
475 9462.178240
476 9434.078487
477 9395.120783
478 9304.261824
479 9243.888374
480 9194.496567
481 9139.681945
482 9075.098673
483 9028.429525
484 8992.507950
485 8937.430302
486 8914.827297
487 8866.452328
488 8837.711819
489 8770.931210
490 8759.039762
491 8719.792301
492 8693.156171
493 8675.494737
494 8652.004893
495 8636.695991
496 8616.073589
497 8598.172837
498 8587.356414
499 8581.656489
500 8575.596919
