1 18471611.441206
2 20094919.249314
3 26042438.682621
4 30472871.851086
5 33023908.997491
6 34946951.120692
7 50143691.403263
8 59245093.996983
9 60996300.594135
10 67658963.020796
11 81578539.749521
12 101418367.947901
13 107196901.252696
14 118540335.497261
15 138068910.788673
16 162235355.155627
17 174102839.546479
18 184221046.422734
19 189069697.899787
20 162745435.955748
21 171442672.857894
22 261067696.179379
23 245195043.986506
24 300553609.253780
25 331295704.844269
26 371078191.148301
27 277703461.537205
28 327740535.191659
29 420321492.841897
30 376166480.380330
31 416602263.377696
32 390332864.558538
33 276508572.725834
34 458446814.615633
35 469872772.680381
36 531376539.925372
37 431848682.475692
38 519292298.870241
39 302162679.318766
40 518206462.427005
41 457338962.691622
42 653927431.814086
43 528044547.640637
44 612273450.749422
45 568061767.265664
46 813209872.493052
47 786776880.765594
48 910198649.341100
49 769004426.891132
50 709504593.053328
51 997875987.101194
52 1044103708.255344
53 731800798.451645
54 782475747.254156
55 1002198620.616621
56 898490955.716292
57 705008143.351032
58 843337648.209200
59 931825120.575727
60 987670558.912856
61 791414718.032660
62 906267820.738999
63 656039696.990528
64 924019519.294438
65 918877835.162632
66 876616427.514241
67 920252117.342341
68 1155915495.991590
69 688771602.903366
70 907072420.436703
71 888093783.301238
72 882451429.445692
73 1173516230.890087
74 1046311186.576525
75 1289109781.131358
76 1213645921.051766
77 1014730553.505630
78 1295371829.254915
79 1429141970.936467
80 922322268.092794
81 1381530364.087821
82 1130906018.531927
83 974673043.972314
84 1120548865.434816
85 857031789.851003
86 869783532.492310
87 678776647.446918
88 736954289.627357
89 636496110.912027
90 612671887.127354
91 729102025.065354
92 680310866.118276
93 670731930.085606
94 544363554.340276
95 619740697.084780
96 442178450.175968
97 527747536.816726
98 728540015.766078
99 698247910.687794
100 578458242.858409
101 853124042.630814
102 830388486.247126
103 589014025.851478
104 747028199.252245
105 676582989.484856
106 692123171.277871
107 424733302.640905
108 705999166.058622
109 644635999.361652
110 696029473.608704
111 473889803.585859
112 509732087.187308
113 454994258.643201
114 374146479.667459
115 380347175.291389
116 450824802.049046
117 479135816.793624
118 368989254.891059
119 303056717.785987
120 302211312.560491
121 312751574.322162
122 261696269.020616
123 216260512.551576
124 230683066.268910
125 180384898.859127
126 226111483.285971
127 195708212.494274
128 235805492.822945
129 235317190.674845
130 224209367.684177
131 239287569.177580
132 223579677.193547
133 229300262.031613
134 211490138.780132
135 176919076.459770
136 179080218.223211
137 181655906.207151
138 162486462.256682
139 140328965.861907
140 159054501.083944
141 137268004.270929
142 131003597.220018
143 133531790.459908
144 110603182.476378
145 126348764.233627
146 132493678.050204
147 105074063.335217
148 105304329.023875
149 91684630.773518
150 94455751.207035
151 76405953.342372
152 59710369.446587
153 68415771.677906
154 65009093.242549
155 60803430.545342
156 58021844.295771
157 54214962.986857
158 57288113.868399
159 61768533.654851
160 68624586.386761
161 53250328.810134
162 46497839.631081
163 51232418.000008
164 54135528.601812
165 53988248.870740
166 39038733.766593
167 40572700.301042
168 32009606.222451
169 37871686.767946
170 33348685.522157
171 31034204.051003
172 29059692.677234
173 26622847.674486
174 24407390.244010
175 24584909.734301
176 19906521.330580
177 20704156.790783
178 19797743.146405
179 21860698.660394
180 21166504.337739
181 20344474.258650
182 17927206.872429
183 19170397.178404
184 16429762.843363
185 14903107.735633
186 13870812.312806
187 11267360.737037
188 12288607.015105
189 12890909.383781
190 11212058.739545
191 12918359.941171
192 11169801.021630
193 10800086.623163
194 9771651.438091
195 8215646.383004
196 8798465.175889
197 7599412.453344
198 6271905.006498
199 6753514.691821
200 6081661.876164
201 6489944.698270
202 6455239.387910
203 5877484.894013
204 5001854.891482
205 4460144.179182
206 4866733.518042
207 4019872.621713
208 4483051.669381
209 4221153.652948
210 4139687.007080
211 4100029.896885
212 3320945.257978
213 3389175.284165
214 3279501.324093
215 2882553.888085
216 2670095.420685
217 2606045.039007
218 2186441.756916
219 2260896.675987
220 2479559.175057
221 2308379.184934
222 2260565.361643
223 2432503.869631
224 2271970.066646
225 2102503.193827
226 2021857.930119
227 2079055.951960
228 1707981.548814
229 1264994.028982
230 1525511.829055
231 1264254.679936
232 1293865.430593
233 1473986.671041
234 1250549.721303
235 1197193.041324
236 1197004.618022
237 1104590.911356
238 1174029.890435
239 1028298.565901
240 1108001.149094
241 1028946.827563
242 935982.050415
243 1034469.001615
244 923768.253732
245 1038202.793939
246 947505.710874
247 961253.171554
248 1054098.717781
249 937585.668309
250 807088.758361
251 871668.390626
252 848507.294915
253 690121.448490
254 709734.515499
255 696615.788652
256 688679.474952
257 696658.874372
258 695098.474203
259 657331.242534
260 675981.630380
261 660218.509770
262 626740.418239
263 646169.816210
264 558437.162534
265 564958.812296
266 538055.475948
267 470044.525994
268 487392.546766
269 488746.434042
270 457909.095994
271 428637.443705
272 417345.325625
273 414391.236148
274 407082.352933
275 385419.222638
276 391616.494007
277 359010.554754
278 346850.371317
279 341854.711452
280 323159.343279
281 320808.978793
282 334670.831544
283 303372.792676
284 280137.329189
285 278680.147858
286 273647.479648
287 258630.864829
288 223898.816693
289 215312.034813
290 210722.826190
291 222348.053543
292 233252.944618
293 220903.094125
294 201515.078397
295 207074.214598
296 194631.669649
297 207271.671230
298 181589.639943
299 197774.806710
300 162392.495476
301 177889.948828
302 174942.565147
303 153220.746663
304 161195.103420
305 165060.339431
306 150371.017704
307 145891.968622
308 142525.297088
309 151683.521390
310 150276.029931
311 147322.553927
312 124043.410453
313 134829.060831
314 125107.523081
315 128382.232330
316 123907.594024
317 107903.150963
318 111343.820744
319 109961.142631
320 101757.614630
321 100641.795252
322 98239.258589
323 98801.784906
324 94763.825348
325 88885.317839
326 93286.087538
327 85593.542249
328 80854.165233
329 81056.487649
330 81977.447264
331 74053.206539
332 71763.155094
333 71144.430878
334 70866.901637
335 65501.066681
336 71339.625665
337 67883.516466
338 67924.735638
339 62162.234547
340 64400.746127
341 63024.683336
342 60131.845661
343 60900.701984
344 56995.663387
345 57389.161660
346 56385.418043
347 54049.936605
348 53662.140992
349 53593.078684
350 54068.537458
351 53821.737770
352 50992.695736
353 50869.476996
354 49732.421893
355 50697.712484
356 48308.332388
357 46898.147403
358 46810.708792
359 45221.995476
360 44234.830540
361 43255.563416
362 43695.792319
363 41509.034092
364 40049.854719
365 39892.620374
366 39013.141179
367 37882.959802
368 37282.644529
369 34937.531889
370 36322.934194
371 35541.563639
372 34862.215309
373 34034.816884
374 33901.009784
375 34715.597238
376 35986.425940
377 32551.241368
378 32048.141244
379 31499.859233
380 31260.982082
381 31440.017532
382 30881.938651
383 31020.745327
384 30892.515724
385 31731.119354
386 31061.858524
387 29891.932799
388 28436.150455
389 27727.958518
390 28139.260921
391 27917.359924
392 27847.279092
393 26110.828474
394 25969.660193
395 26197.459725
396 25906.898419
397 25080.731027
398 25063.556209
399 25745.426125
400 24877.968280
401 24478.210895
402 24062.122424
403 24084.384208
404 22971.248463
405 21832.663793
406 21823.466703
407 21880.335729
408 21493.216828
409 21121.623541
410 20625.004549
411 21109.052415
412 20010.454016
413 19989.485237
414 20244.710404
415 18891.790920
416 18184.408378
417 18303.015804
418 17846.524301
419 17861.700276
420 17279.659401
421 17097.715162
422 16928.467364
423 16594.499461
424 16107.181220
425 16163.467947
426 15951.314184
427 15595.566361
428 15597.601913
429 14913.642521
430 14543.408489
431 14217.203082
432 13915.148510
433 14199.527593
434 13993.325241
435 13624.738783
436 13578.543696
437 13258.209442
438 13084.765056
439 13026.965791
440 12881.525300
441 12671.809078
442 12557.523309
443 12428.674540
444 12316.928968
445 12401.780441
446 12320.282665
447 12049.027404
448 12076.551175
449 12021.240216
450 11884.174720
451 11790.164019
452 11705.635729
453 11621.825208
454 11495.608672
455 11304.211148
456 11336.304505
457 11315.665787
458 11175.450895
459 11057.605171
460 10950.347258
461 10787.509710
462 10575.509793
463 10567.612135
464 10339.965036
465 10249.089886
466 10162.572587
467 10144.982236
468 10084.068678
469 9973.233656
470 9876.253010
471 9812.763674
472 9747.822438
473 9704.223507
474 9615.657135
475 9574.757733
476 9478.130685
477 9409.829824
478 9354.846469
479 9274.785603
480 9232.732580
481 9182.481708
482 9143.701031
483 9084.865147
484 9047.701893
485 9024.825040
486 8992.362120
487 8944.178238
488 8889.136413
489 8861.727283
490 8822.190970
491 8782.326692
492 8768.916889
493 8743.100330
494 8720.909708
495 8697.753181
496 8684.504593
497 8667.300985
498 8658.264641
499 8649.413545
500 8645.725549
