1 1528866.925793
2 1671948.582796
3 1767903.980177
4 1715484.013989
5 1450483.636667
6 1523904.202737
7 1728970.374544
8 2096461.339230
9 1908066.941649
10 2050701.492181
11 2271039.418061
12 1851885.971054
13 1575337.134043
14 1655424.353570
15 970057.590086
16 1018416.607381
17 886087.360026
18 1065427.395431
19 978226.039984
20 642837.670325
21 365498.089070
22 556601.330214
23 438122.030991
24 547004.974428
25 625102.165072
26 673545.750437
27 484100.791247
28 448001.351787
29 368857.847985
30 397988.835927
31 400832.678028
32 392686.560352
33 458096.922745
34 415111.137355
35 387496.602725
36 481089.926022
37 459568.663847
38 580450.841749
39 588998.796206
40 658646.056890
41 741244.638562
42 855809.454531
43 978637.594101
44 849402.618475
45 1028451.159601
46 1079165.387468
47 968405.645784
48 1159778.724647
49 972299.812291
50 1035337.420012
51 837963.014488
52 802354.374676
53 627572.126398
54 611862.079487
55 558467.406476
56 593770.126478
57 575601.055321
58 579068.312196
59 691156.403873
60 764318.839863
61 588357.896655
62 548401.452707
63 626811.058490
64 593336.159539
65 447483.962858
66 347076.334070
67 325537.982623
68 278211.645746
69 226638.366721
70 233845.656347
71 192760.911045
72 205224.584578
73 191068.264610
74 190337.863085
75 179645.476088
76 152805.709622
77 161374.038477
78 139486.179448
79 105088.215546
80 96884.884926
81 80880.005034
82 75237.303902
83 84848.448346
84 69506.127853
85 63004.423825
86 65803.545697
87 62673.615060
88 44293.162883
89 40973.841358
90 35195.980994
91 34496.332186
92 32973.833853
93 29478.822543
94 24685.776283
95 22249.779747
96 21011.769482
97 21029.793166
98 21895.261519
99 19712.191891
100 16728.675709
101 13966.324750
102 12746.685834
103 12596.278964
104 10379.563494
105 8607.737415
106 7962.245058
107 6859.414630
108 6005.916141
109 6125.221504
110 5389.834038
111 4206.623831
112 3811.601758
113 3777.032440
114 2592.390917
115 2281.944525
116 2080.469256
117 1732.477929
118 1335.842046
119 1166.649663
120 1033.328729
121 999.453733
122 978.911500
123 762.164272
124 563.095051
125 442.874121
126 389.370881
127 357.783054
128 334.227010
129 292.811146
130 244.160201
131 223.657663
132 200.672966
133 204.460566
134 178.537831
135 160.319147
136 124.024812
137 103.428424
138 91.275812
139 85.552513
140 76.403355
141 55.761305
142 44.901841
143 37.842022
144 30.526421
145 26.323304
146 23.343303
147 19.405185
148 17.030805
149 15.304401
150 12.131495
151 8.979267
152 7.963650
153 7.051594
154 6.060302
155 5.298280
156 4.036901
157 3.081546
158 2.666215
159 1.988917
160 1.613549
161 1.459808
162 1.164066
163 0.858491
164 0.664343
165 0.549848
166 0.402855
167 0.355956
168 0.313558
169 0.247484
170 0.216855
171 0.192391
172 0.156926
173 0.122865
174 0.092837
175 0.085573
176 0.072986
177 0.059894
178 0.054594
179 0.045645
180 0.040726
181 0.032903
182 0.023451
183 0.018231
184 0.014570
185 0.012136
186 0.009725
187 0.007415
188 0.006111
189 0.004955
190 0.004000
191 0.003046
192 0.002481
193 0.002052
194 0.001698
195 0.001434
196 0.001089
197 0.000873
198 0.000678
199 0.000554
200 0.000422
201 0.000327
202 0.000213
203 0.000162
204 0.000130
205 0.000099
206 0.000073
207 0.000055
208 0.000043
209 0.000033
210 0.000026
211 0.000019
212 0.000014
213 0.000012
214 0.000009
215 0.000007
216 0.000005
217 0.000004
218 0.000003
219 0.000002
220 0.000002
221 0.000001
222 0.000001
223 0.000001
224 0.000000
225 0.000000
226 0.000000
227 0.000000
228 0.000000
229 0.000000
230 0.000000
231 0.000000
232 0.000000
233 0.000000
234 0.000000
235 0.000000
236 0.000000
237 0.000000
238 0.000000
239 0.000000
240 0.000000
241 0.000000
242 0.000000
243 0.000000
244 0.000000
245 0.000000
246 0.000000
247 0.000000
248 0.000000
249 0.000000
250 0.000000
251 0.000000
252 0.000000
253 0.000000
254 0.000000
255 0.000000
256 0.000000
257 0.000000
258 0.000000
259 0.000000
260 0.000000
261 0.000000
262 0.000000
263 0.000000
264 0.000000
265 0.000000
266 0.000000
267 0.000000
268 0.000000
269 0.000000
270 0.000000
271 0.000000
272 0.000000
273 0.000000
274 0.000000
275 0.000000
276 0.000000
277 0.000000
278 0.000000
279 0.000000
280 0.000000
281 0.000000
282 0.000000
283 0.000000
284 0.000000
285 0.000000
286 0.000000
287 0.000000
288 0.000000
289 0.000000
290 0.000000
291 0.000000
292 0.000000
293 0.000000
294 0.000000
295 0.000000
296 0.000000
297 0.000000
298 0.000000
299 0.000000
300 0.000000
301 0.000000
302 0.000000
303 0.000000
304 0.000000
305 0.000000
306 0.000000
307 0.000000
308 0.000000
309 0.000000
310 0.000000
311 0.000000
312 0.000000
313 0.000000
314 0.000000
315 0.000000
316 0.000000
317 0.000000
318 0.000000
319 0.000000
320 0.000000
321 0.000000
322 0.000000
323 0.000000
324 0.000000
325 0.000000
326 0.000000
327 0.000000
328 0.000000
329 0.000000
330 0.000000
331 0.000000
332 0.000000
333 0.000000
334 0.000000
335 0.000000
336 0.000000
337 0.000000
338 0.000000
339 0.000000
340 0.000000
341 0.000000
342 0.000000
343 0.000000
344 0.000000
345 0.000000
346 0.000000
347 0.000000
348 0.000000
349 0.000000
350 0.000000
351 0.000000
352 0.000000
353 0.000000
354 0.000000
355 0.000000
356 0.000000
357 0.000000
358 0.000000
359 0.000000
360 0.000000
361 0.000000
362 0.000000
363 0.000000
364 0.000000
365 0.000000
366 0.000000
367 0.000000
368 0.000000
369 0.000000
370 0.000000
371 0.000000
372 0.000000
373 0.000000
374 0.000000
375 0.000000
376 0.000000
377 0.000000
378 0.000000
379 0.000000
380 0.000000
381 0.000000
382 0.000000
383 0.000000
384 0.000000
385 0.000000
386 0.000000
387 0.000000
388 0.000000
389 0.000000
390 0.000000
391 0.000000
392 0.000000
393 0.000000
394 0.000000
395 0.000000
396 0.000000
397 0.000000
398 0.000000
399 0.000000
400 0.000000
401 0.000000
402 0.000000
403 0.000000
404 0.000000
405 0.000000
406 0.000000
407 0.000000
408 0.000000
409 0.000000
410 0.000000
411 0.000000
412 0.000000
413 0.000000
414 0.000000
415 0.000000
416 0.000000
417 0.000000
418 0.000000
419 0.000000
420 0.000000
421 0.000000
422 0.000000
423 0.000000
424 0.000000
425 0.000000
426 0.000000
427 0.000000
428 0.000000
429 0.000000
430 0.000000
431 0.000000
432 0.000000
433 0.000000
434 0.000000
435 0.000000
436 0.000000
437 0.000000
438 0.000000
439 0.000000
440 0.000000
441 0.000000
442 0.000000
443 0.000000
444 0.000000
445 0.000000
446 0.000000
447 0.000000
448 0.000000
449 0.000000
450 0.000000
451 0.000000
452 0.000000
453 0.000000
454 0.000000
455 0.000000
456 0.000000
457 0.000000
458 0.000000
459 0.000000
460 0.000000
461 0.000000
462 0.000000
463 0.000000
464 0.000000
465 0.000000
466 0.000000
467 0.000000
468 0.000000
469 0.000000
470 0.000000
471 0.000000
472 0.000000
473 0.000000
474 0.000000
475 0.000000
476 0.000000
477 0.000000
478 0.000000
479 0.000000
480 0.000000
481 0.000000
482 0.000000
483 0.000000
484 0.000000
485 0.000000
486 0.000000
487 0.000000
488 0.000000
489 0.000000
490 0.000000
491 0.000000
492 0.000000
493 0.000000
494 0.000000
495 0.000000
496 0.000000
497 0.000000
498 0.000000
499 0.000000
500 0.000000
