1 1452005.308456
2 1550534.325659
3 1646272.379067
4 1820657.114340
5 1899394.392120
6 1873688.843967
7 1788356.474148
8 1727181.367454
9 1742561.810389
10 1706809.285006
11 1599572.652355
12 1538885.573551
13 1595782.386612
14 1499081.965919
15 1501238.141042
16 1442412.542656
17 1270926.459094
18 1349758.782953
19 1243194.148839
20 1267327.151538
21 1182203.815139
22 1146057.504033
23 1085019.226728
24 948903.263497
25 937346.988741
26 844044.055310
27 785673.431886
28 739822.086550
29 693642.498511
30 670435.778104
31 640614.545949
32 590746.670641
33 543009.515189
34 498519.894249
35 454806.232670
36 438207.095161
37 377454.906467
38 378660.123032
39 343033.914071
40 311731.181493
41 279057.251938
42 259610.824202
43 234531.959569
44 225983.236472
45 197705.133717
46 186934.222627
47 164761.805702
48 156111.239306
49 132484.769140
50 122844.049583
51 113301.602308
52 105039.736198
53 92075.811695
54 88600.902169
55 78914.033518
56 68941.752841
57 63050.186860
58 57581.100721
59 52820.245772
60 45994.308067
61 41230.706036
62 37659.581017
63 32076.134958
64 29732.245843
65 26410.463748
66 24183.415577
67 20692.376893
68 19698.655449
69 17835.366103
70 15537.787457
71 13892.153496
72 12559.683764
73 11043.964439
74 9662.347722
75 8782.094636
76 7762.370906
77 7095.474337
78 6131.677429
79 5649.356540
80 4930.651332
81 4455.228844
82 3761.326449
83 3493.460749
84 3017.787309
85 2712.042382
86 2401.867378
87 2037.971472
88 1753.959569
89 1591.280164
90 1438.086005
91 1228.635965
92 1082.056187
93 978.030318
94 837.394754
95 753.895496
96 641.463794
97 585.701642
98 511.794419
99 440.420060
100 404.998096
101 356.613795
102 310.732683
103 270.012732
104 242.248541
105 208.311447
106 180.783307
107 152.758399
108 133.220361
109 112.018018
110 100.361803
111 84.016873
112 71.215202
113 63.104785
114 53.919846
115 47.107989
116 40.912656
117 34.958239
118 31.339040
119 27.002736
120 23.666058
121 20.692014
122 18.171569
123 15.228876
124 13.305601
125 11.431594
126 9.989968
127 8.649104
128 7.818957
129 6.707386
130 5.868895
131 5.091826
132 4.421143
133 3.923856
134 3.306239
135 2.937555
136 2.629932
137 2.334621
138 1.985677
139 1.640953
140 1.462243
141 1.285445
142 1.135316
143 0.879019
144 0.821588
145 0.730967
146 0.626847
147 0.535363
148 0.447676
149 0.412230
150 0.373868
151 0.331211
152 0.293558
153 0.256396
154 0.233583
155 0.205521
156 0.182113
157 0.155478
158 0.141747
159 0.126434
160 0.117059
161 0.104022
162 0.093925
163 0.083915
164 0.070592
165 0.062928
166 0.053902
167 0.048056
168 0.042523
169 0.038444
170 0.033297
171 0.029381
172 0.026523
173 0.023868
174 0.021713
175 0.018761
176 0.017218
177 0.015272
178 0.013953
179 0.012238
180 0.011189
181 0.009871
182 0.008956
183 0.008219
184 0.007328
185 0.006493
186 0.006025
187 0.005375
188 0.004901
189 0.004364
190 0.003833
191 0.003517
192 0.003165
193 0.002911
194 0.002599
195 0.002355
196 0.002079
197 0.001898
198 0.001708
199 0.001534
200 0.001376
201 0.001266
202 0.001111
203 0.000989
204 0.000914
205 0.000827
206 0.000752
207 0.000698
208 0.000626
209 0.000580
210 0.000525
211 0.000473
212 0.000436
213 0.000394
214 0.000364
215 0.000339
216 0.000311
217 0.000280
218 0.000258
219 0.000241
220 0.000220
221 0.000204
222 0.000189
223 0.000175
224 0.000162
225 0.000150
226 0.000139
227 0.000128
228 0.000121
229 0.000110
230 0.000103
231 0.000096
232 0.000088
233 0.000083
234 0.000076
235 0.000072
236 0.000065
237 0.000060
238 0.000055
239 0.000051
240 0.000047
241 0.000044
242 0.000041
243 0.000038
244 0.000035
245 0.000033
246 0.000031
247 0.000029
248 0.000027
249 0.000024
250 0.000024
251 0.000022
252 0.000020
253 0.000019
254 0.000018
255 0.000016
256 0.000016
257 0.000015
258 0.000014
259 0.000013
260 0.000012
261 0.000011
262 0.000011
263 0.000010
264 0.000009
265 0.000009
266 0.000008
267 0.000008
268 0.000007
269 0.000007
270 0.000006
271 0.000006
272 0.000006
273 0.000006
274 0.000005
275 0.000005
276 0.000005
277 0.000004
278 0.000004
279 0.000004
280 0.000004
281 0.000003
282 0.000003
283 0.000003
284 0.000003
285 0.000003
286 0.000003
287 0.000002
288 0.000002
289 0.000002
290 0.000002
291 0.000002
292 0.000002
293 0.000002
294 0.000002
295 0.000002
296 0.000001
297 0.000001
298 0.000001
299 0.000001
300 0.000001
301 0.000001
302 0.000001
303 0.000001
304 0.000001
305 0.000001
306 0.000001
307 0.000001
308 0.000001
309 0.000001
310 0.000001
311 0.000001
312 0.000001
313 0.000001
314 0.000001
315 0.000001
316 0.000001
317 0.000001
318 0.000001
319 0.000000
320 0.000000
321 0.000000
322 0.000000
323 0.000000
324 0.000000
325 0.000000
326 0.000000
327 0.000000
328 0.000000
329 0.000000
330 0.000000
331 0.000000
332 0.000000
333 0.000000
334 0.000000
335 0.000000
336 0.000000
337 0.000000
338 0.000000
339 0.000000
340 0.000000
341 0.000000
342 0.000000
343 0.000000
344 0.000000
345 0.000000
346 0.000000
347 0.000000
348 0.000000
349 0.000000
350 0.000000
351 0.000000
352 0.000000
353 0.000000
354 0.000000
355 0.000000
356 0.000000
357 0.000000
358 0.000000
359 0.000000
360 0.000000
361 0.000000
362 0.000000
363 0.000000
364 0.000000
365 0.000000
366 0.000000
367 0.000000
368 0.000000
369 0.000000
370 0.000000
371 0.000000
372 0.000000
373 0.000000
374 0.000000
375 0.000000
376 0.000000
377 0.000000
378 0.000000
379 0.000000
380 0.000000
381 0.000000
382 0.000000
383 0.000000
384 0.000000
385 0.000000
386 0.000000
387 0.000000
388 0.000000
389 0.000000
390 0.000000
391 0.000000
392 0.000000
393 0.000000
394 0.000000
395 0.000000
396 0.000000
397 0.000000
398 0.000000
399 0.000000
400 0.000000
401 0.000000
402 0.000000
403 0.000000
404 0.000000
405 0.000000
406 0.000000
407 0.000000
408 0.000000
409 0.000000
410 0.000000
411 0.000000
412 0.000000
413 0.000000
414 0.000000
415 0.000000
416 0.000000
417 0.000000
418 0.000000
419 0.000000
420 0.000000
421 0.000000
422 0.000000
423 0.000000
424 0.000000
425 0.000000
426 0.000000
427 0.000000
428 0.000000
429 0.000000
430 0.000000
431 0.000000
432 0.000000
433 0.000000
434 0.000000
435 0.000000
436 0.000000
437 0.000000
438 0.000000
439 0.000000
440 0.000000
441 0.000000
442 0.000000
443 0.000000
444 0.000000
445 0.000000
446 0.000000
447 0.000000
448 0.000000
449 0.000000
450 0.000000
451 0.000000
452 0.000000
453 0.000000
454 0.000000
455 0.000000
456 0.000000
457 0.000000
458 0.000000
459 0.000000
460 0.000000
461 0.000000
462 0.000000
463 0.000000
464 0.000000
465 0.000000
466 0.000000
467 0.000000
468 0.000000
469 0.000000
470 0.000000
471 0.000000
472 0.000000
473 0.000000
474 0.000000
475 0.000000
476 0.000000
477 0.000000
478 0.000000
479 0.000000
480 0.000000
481 0.000000
482 0.000000
483 0.000000
484 0.000000
485 0.000000
486 0.000000
487 0.000000
488 0.000000
489 0.000000
490 0.000000
491 0.000000
492 0.000000
493 0.000000
494 0.000000
495 0.000000
496 0.000000
497 0.000000
498 0.000000
499 0.000000
500 0.000000
