1 714556.233887
2 712385.745408
3 753249.299433
4 780456.943393
5 744803.261472
6 728268.077241
7 689722.963485
8 676563.013943
9 662029.111315
10 526011.283738
11 555957.801624
12 512747.316077
13 525918.513782
14 461788.035750
15 475889.218779
16 402927.104572
17 382297.218625
18 366001.906078
19 318060.482707
20 296137.186051
21 233689.033176
22 212613.003991
23 198296.079887
24 171980.207695
25 159013.915641
26 145246.935218
27 121773.139231
28 112981.063259
29 101479.790802
30 89270.667003
31 83243.171185
32 81905.652481
33 69476.231265
34 62673.686837
35 54839.911879
36 51641.346764
37 43396.718363
38 36781.898069
39 32742.409918
40 27697.127221
41 23749.532947
42 20717.622036
43 20220.652819
44 18699.336212
45 16456.383386
46 14469.027917
47 14431.766284
48 12071.425554
49 10316.987773
50 9000.669145
51 8008.569214
52 6387.023095
53 6418.214517
54 5205.392514
55 4161.163026
56 3356.196408
57 3002.107752
58 2360.958997
59 2177.896478
60 1733.363529
61 1521.184221
62 1311.633341
63 1072.918098
64 1031.001214
65 882.122516
66 842.761668
67 599.246017
68 539.683769
69 483.701126
70 391.730852
71 326.011633
72 291.539821
73 238.057083
74 199.215626
75 180.387485
76 144.517813
77 128.853333
78 97.735416
79 84.922151
80 76.695582
81 65.383525
82 62.285413
83 51.186808
84 45.793491
85 40.399647
86 32.463499
87 25.305664
88 22.819222
89 21.176061
90 16.553968
91 15.553651
92 13.784938
93 11.805959
94 10.150925
95 8.176858
96 7.155542
97 5.691635
98 4.946617
99 4.039886
100 3.382297
101 3.136920
102 2.505252
103 2.190889
104 1.868550
105 1.486555
106 1.259050
107 1.110694
108 0.930274
109 0.738407
110 0.648753
111 0.491301
112 0.457273
113 0.396922
114 0.320818
115 0.246725
116 0.205921
117 0.187724
118 0.146166
119 0.123004
120 0.110402
121 0.101253
122 0.083233
123 0.070301
124 0.051331
125 0.045369
126 0.039320
127 0.032615
128 0.025880
129 0.022332
130 0.019350
131 0.017022
132 0.012787
133 0.011432
134 0.009113
135 0.008451
136 0.007155
137 0.006024
138 0.004695
139 0.004223
140 0.003306
141 0.002733
142 0.002343
143 0.002122
144 0.001842
145 0.001585
146 0.001302
147 0.001149
148 0.001011
149 0.000840
150 0.000716
151 0.000571
152 0.000506
153 0.000413
154 0.000354
155 0.000285
156 0.000231
157 0.000190
158 0.000160
159 0.000135
160 0.000114
161 0.000089
162 0.000079
163 0.000064
164 0.000056
165 0.000049
166 0.000040
167 0.000035
168 0.000029
169 0.000026
170 0.000021
171 0.000020
172 0.000016
173 0.000015
174 0.000012
175 0.000010
176 0.000009
177 0.000008
178 0.000006
179 0.000005
180 0.000004
181 0.000004
182 0.000003
183 0.000003
184 0.000002
185 0.000002
186 0.000002
187 0.000002
188 0.000001
189 0.000001
190 0.000001
191 0.000001
192 0.000001
193 0.000001
194 0.000001
195 0.000001
196 0.000000
197 0.000000
198 0.000000
199 0.000000
200 0.000000
201 0.000000
202 0.000000
203 0.000000
204 0.000000
205 0.000000
206 0.000000
207 0.000000
208 0.000000
209 0.000000
210 0.000000
211 0.000000
212 0.000000
213 0.000000
214 0.000000
215 0.000000
216 0.000000
217 0.000000
218 0.000000
219 0.000000
220 0.000000
221 0.000000
222 0.000000
223 0.000000
224 0.000000
225 0.000000
226 0.000000
227 0.000000
228 0.000000
229 0.000000
230 0.000000
231 0.000000
232 0.000000
233 0.000000
234 0.000000
235 0.000000
236 0.000000
237 0.000000
238 0.000000
239 0.000000
240 0.000000
241 0.000000
242 0.000000
243 0.000000
244 0.000000
245 0.000000
246 0.000000
247 0.000000
248 0.000000
249 0.000000
250 0.000000
251 0.000000
252 0.000000
253 0.000000
254 0.000000
255 0.000000
256 0.000000
257 0.000000
258 0.000000
259 0.000000
260 0.000000
261 0.000000
262 0.000000
263 0.000000
264 0.000000
265 0.000000
266 0.000000
267 0.000000
268 0.000000
269 0.000000
270 0.000000
271 0.000000
272 0.000000
273 0.000000
274 0.000000
275 0.000000
276 0.000000
277 0.000000
278 0.000000
279 0.000000
280 0.000000
281 0.000000
282 0.000000
283 0.000000
284 0.000000
285 0.000000
286 0.000000
287 0.000000
288 0.000000
289 0.000000
290 0.000000
291 0.000000
292 0.000000
293 0.000000
294 0.000000
295 0.000000
296 0.000000
297 0.000000
298 0.000000
299 0.000000
300 0.000000
301 0.000000
302 0.000000
303 0.000000
304 0.000000
305 0.000000
306 0.000000
307 0.000000
308 0.000000
309 0.000000
310 0.000000
311 0.000000
312 0.000000
313 0.000000
314 0.000000
315 0.000000
316 0.000000
317 0.000000
318 0.000000
319 0.000000
320 0.000000
321 0.000000
322 0.000000
323 0.000000
324 0.000000
325 0.000000
326 0.000000
327 0.000000
328 0.000000
329 0.000000
330 0.000000
331 0.000000
332 0.000000
333 0.000000
334 0.000000
335 0.000000
336 0.000000
337 0.000000
338 0.000000
339 0.000000
340 0.000000
341 0.000000
342 0.000000
343 0.000000
344 0.000000
345 0.000000
346 0.000000
347 0.000000
348 0.000000
349 0.000000
350 0.000000
351 0.000000
352 0.000000
353 0.000000
354 0.000000
355 0.000000
356 0.000000
357 0.000000
358 0.000000
359 0.000000
360 0.000000
361 0.000000
362 0.000000
363 0.000000
364 0.000000
365 0.000000
366 0.000000
367 0.000000
368 0.000000
369 0.000000
370 0.000000
371 0.000000
372 0.000000
373 0.000000
374 0.000000
375 0.000000
376 0.000000
377 0.000000
378 0.000000
379 0.000000
380 0.000000
381 0.000000
382 0.000000
383 0.000000
384 0.000000
385 0.000000
386 0.000000
387 0.000000
388 0.000000
389 0.000000
390 0.000000
391 0.000000
392 0.000000
393 0.000000
394 0.000000
395 0.000000
396 0.000000
397 0.000000
398 0.000000
399 0.000000
400 0.000000
401 0.000000
402 0.000000
403 0.000000
404 0.000000
405 0.000000
406 0.000000
407 0.000000
408 0.000000
409 0.000000
410 0.000000
411 0.000000
412 0.000000
413 0.000000
414 0.000000
415 0.000000
416 0.000000
417 0.000000
418 0.000000
419 0.000000
420 0.000000
421 0.000000
422 0.000000
423 0.000000
424 0.000000
425 0.000000
426 0.000000
427 0.000000
428 0.000000
429 0.000000
430 0.000000
431 0.000000
432 0.000000
433 0.000000
434 0.000000
435 0.000000
436 0.000000
437 0.000000
438 0.000000
439 0.000000
440 0.000000
441 0.000000
442 0.000000
443 0.000000
444 0.000000
445 0.000000
446 0.000000
447 0.000000
448 0.000000
449 0.000000
450 0.000000
451 0.000000
452 0.000000
453 0.000000
454 0.000000
455 0.000000
456 0.000000
457 0.000000
458 0.000000
459 0.000000
460 0.000000
461 0.000000
462 0.000000
463 0.000000
464 0.000000
465 0.000000
466 0.000000
467 0.000000
468 0.000000
469 0.000000
470 0.000000
471 0.000000
472 0.000000
473 0.000000
474 0.000000
475 0.000000
476 0.000000
477 0.000000
478 0.000000
479 0.000000
480 0.000000
481 0.000000
482 0.000000
483 0.000000
484 0.000000
485 0.000000
486 0.000000
487 0.000000
488 0.000000
489 0.000000
490 0.000000
491 0.000000
492 0.000000
493 0.000000
494 0.000000
495 0.000000
496 0.000000
497 0.000000
498 0.000000
499 0.000000
500 0.000000
1 691566.080758
2 728689.128783
3 689009.619837
4 796288.962347
5 784185.476467
6 726051.927790
7 591691.272193
8 573929.888518
9 592679.729360
10 514362.595857
11 500988.468683
12 440804.830373
13 489350.837832
14 427517.283978
15 407547.460897
16 398358.536448
17 384681.541361
18 347332.200086
19 291166.089085
20 259046.814173
21 226200.392295
22 234342.872466
23 208938.741351
24 186238.639423
25 171621.523069
26 149270.141854
27 143001.880372
28 132373.719229
29 109127.249904
30 95040.785492
31 79209.249015
32 75468.452437
33 61099.625639
34 49790.238146
35 48162.857619
36 46254.555638
37 42534.501668
38 37895.340250
39 31701.489538
40 28319.214263
41 24744.130581
42 21596.557362
43 19156.307966
44 16126.533854
45 13876.076447
46 11815.450058
47 10117.645362
48 8010.839708
49 7680.576584
50 6615.461430
51 5844.400474
52 5514.493069
53 5030.550465
54 3875.363016
55 3841.860082
56 3391.199420
57 2936.928796
58 2636.590358
59 2461.516552
60 1903.412655
61 1764.223797
62 1407.126450
63 1081.384069
64 898.934127
65 828.263603
66 598.545033
67 490.035346
68 500.102371
69 411.121925
70 368.183257
71 315.416003
72 262.089563
73 223.125607
74 208.939460
75 182.638106
76 157.817944
77 118.159810
78 117.849298
79 97.038176
80 89.161965
81 74.296305
82 63.591304
83 50.972498
84 44.032890
85 36.359763
86 29.264762
87 23.434780
88 22.363193
89 18.988432
90 14.825366
91 11.670031
92 10.300209
93 8.908584
94 7.489969
95 6.853731
96 5.842349
97 5.119981
98 4.288534
99 3.471191
100 2.700928
101 2.403738
102 2.018926
103 1.699759
104 1.558736
105 1.300081
106 1.179573
107 0.973232
108 0.799667
109 0.644553
110 0.531757
111 0.452757
112 0.384807
113 0.310368
114 0.282114
115 0.268707
116 0.216981
117 0.176143
118 0.149286
119 0.126992
120 0.106461
121 0.090349
122 0.074914
123 0.067846
124 0.056366
125 0.047936
126 0.040642
127 0.033828
128 0.023442
129 0.022176
130 0.018720
131 0.015505
132 0.012460
133 0.010685
134 0.009593
135 0.008354
136 0.006865
137 0.005661
138 0.004961
139 0.004135
140 0.003353
141 0.002820
142 0.002570
143 0.002128
144 0.001737
145 0.001438
146 0.001317
147 0.001110
148 0.000933
149 0.000821
150 0.000704
151 0.000611
152 0.000497
153 0.000419
154 0.000355
155 0.000301
156 0.000241
157 0.000212
158 0.000176
159 0.000144
160 0.000126
161 0.000110
162 0.000091
163 0.000077
164 0.000067
165 0.000057
166 0.000049
167 0.000042
168 0.000037
169 0.000032
170 0.000029
171 0.000025
172 0.000022
173 0.000019
174 0.000016
175 0.000014
176 0.000012
177 0.000010
178 0.000008
179 0.000007
180 0.000006
181 0.000005
182 0.000005
183 0.000004
184 0.000004
185 0.000003
186 0.000003
187 0.000002
188 0.000002
189 0.000002
190 0.000002
191 0.000001
192 0.000001
193 0.000001
194 0.000001
195 0.000001
196 0.000001
197 0.000001
198 0.000001
199 0.000001
200 0.000000
201 0.000000
202 0.000000
203 0.000000
204 0.000000
205 0.000000
206 0.000000
207 0.000000
208 0.000000
209 0.000000
210 0.000000
211 0.000000
212 0.000000
213 0.000000
214 0.000000
215 0.000000
216 0.000000
217 0.000000
218 0.000000
219 0.000000
220 0.000000
221 0.000000
222 0.000000
223 0.000000
224 0.000000
225 0.000000
226 0.000000
227 0.000000
228 0.000000
229 0.000000
230 0.000000
231 0.000000
232 0.000000
233 0.000000
234 0.000000
235 0.000000
236 0.000000
237 0.000000
238 0.000000
239 0.000000
240 0.000000
241 0.000000
242 0.000000
243 0.000000
244 0.000000
245 0.000000
246 0.000000
247 0.000000
248 0.000000
249 0.000000
250 0.000000
251 0.000000
252 0.000000
253 0.000000
254 0.000000
255 0.000000
256 0.000000
257 0.000000
258 0.000000
259 0.000000
260 0.000000
261 0.000000
262 0.000000
263 0.000000
264 0.000000
265 0.000000
266 0.000000
267 0.000000
268 0.000000
269 0.000000
270 0.000000
271 0.000000
272 0.000000
273 0.000000
274 0.000000
275 0.000000
276 0.000000
277 0.000000
278 0.000000
279 0.000000
280 0.000000
281 0.000000
282 0.000000
283 0.000000
284 0.000000
285 0.000000
286 0.000000
287 0.000000
288 0.000000
289 0.000000
290 0.000000
291 0.000000
292 0.000000
293 0.000000
294 0.000000
295 0.000000
296 0.000000
297 0.000000
298 0.000000
299 0.000000
300 0.000000
301 0.000000
302 0.000000
303 0.000000
304 0.000000
305 0.000000
306 0.000000
307 0.000000
308 0.000000
309 0.000000
310 0.000000
311 0.000000
312 0.000000
313 0.000000
314 0.000000
315 0.000000
316 0.000000
317 0.000000
318 0.000000
319 0.000000
320 0.000000
321 0.000000
322 0.000000
323 0.000000
324 0.000000
325 0.000000
326 0.000000
327 0.000000
328 0.000000
329 0.000000
330 0.000000
331 0.000000
332 0.000000
333 0.000000
334 0.000000
335 0.000000
336 0.000000
337 0.000000
338 0.000000
339 0.000000
340 0.000000
341 0.000000
342 0.000000
343 0.000000
344 0.000000
345 0.000000
346 0.000000
347 0.000000
348 0.000000
349 0.000000
350 0.000000
351 0.000000
352 0.000000
353 0.000000
354 0.000000
355 0.000000
356 0.000000
357 0.000000
358 0.000000
359 0.000000
360 0.000000
361 0.000000
362 0.000000
363 0.000000
364 0.000000
365 0.000000
366 0.000000
367 0.000000
368 0.000000
369 0.000000
370 0.000000
371 0.000000
372 0.000000
373 0.000000
374 0.000000
375 0.000000
376 0.000000
377 0.000000
378 0.000000
379 0.000000
380 0.000000
381 0.000000
382 0.000000
383 0.000000
384 0.000000
385 0.000000
386 0.000000
387 0.000000
388 0.000000
389 0.000000
390 0.000000
391 0.000000
392 0.000000
393 0.000000
394 0.000000
395 0.000000
396 0.000000
397 0.000000
398 0.000000
399 0.000000
400 0.000000
401 0.000000
402 0.000000
403 0.000000
404 0.000000
405 0.000000
406 0.000000
407 0.000000
408 0.000000
409 0.000000
410 0.000000
411 0.000000
412 0.000000
413 0.000000
414 0.000000
415 0.000000
416 0.000000
417 0.000000
418 0.000000
419 0.000000
420 0.000000
421 0.000000
422 0.000000
423 0.000000
424 0.000000
425 0.000000
426 0.000000
427 0.000000
428 0.000000
429 0.000000
430 0.000000
431 0.000000
432 0.000000
433 0.000000
434 0.000000
435 0.000000
436 0.000000
437 0.000000
438 0.000000
439 0.000000
440 0.000000
441 0.000000
442 0.000000
443 0.000000
444 0.000000
445 0.000000
446 0.000000
447 0.000000
448 0.000000
449 0.000000
450 0.000000
451 0.000000
452 0.000000
453 0.000000
454 0.000000
455 0.000000
456 0.000000
457 0.000000
458 0.000000
459 0.000000
460 0.000000
461 0.000000
462 0.000000
463 0.000000
464 0.000000
465 0.000000
466 0.000000
467 0.000000
468 0.000000
469 0.000000
470 0.000000
471 0.000000
472 0.000000
473 0.000000
474 0.000000
475 0.000000
476 0.000000
477 0.000000
478 0.000000
479 0.000000
480 0.000000
481 0.000000
482 0.000000
483 0.000000
484 0.000000
485 0.000000
486 0.000000
487 0.000000
488 0.000000
489 0.000000
490 0.000000
491 0.000000
492 0.000000
493 0.000000
494 0.000000
495 0.000000
496 0.000000
497 0.000000
498 0.000000
499 0.000000
500 0.000000
