1 3078311.245156
2 3483158.926953
3 3280648.434792
4 3575204.635244
5 3622951.125425
6 3131274.069042
7 3225055.154409
8 3254278.468441
9 2638421.704289
10 3053763.911087
11 3427066.500982
12 3655749.247686
13 2792232.444212
14 3782061.583966
15 2659435.354817
16 2550149.918658
17 2515084.740351
18 1591778.527325
19 1795075.532583
20 817251.217784
21 457937.788392
22 316999.071771
23 334281.918729
24 354047.081339
25 306283.011124
26 235975.157449
27 248409.664524
28 274344.528089
29 256636.817633
30 275712.914641
31 238827.362515
32 188683.266943
33 153270.269920
34 147996.782244
35 125163.269946
36 109951.007065
37 115856.322473
38 112189.136008
39 88453.381960
40 96879.954339
41 107572.057951
42 117550.086836
43 79989.178724
44 84212.822013
45 79066.602585
46 78575.428542
47 79483.978096
48 63149.728796
49 63886.753182
50 52907.405830
51 55904.221338
52 59148.666930
53 66942.634766
54 58764.341554
55 45768.433955
56 45190.016128
57 38346.116693
58 41603.720735
59 35324.181110
60 29965.234754
61 29445.165625
62 27109.903927
63 26864.447684
64 20298.018752
65 19889.015005
66 19768.510360
67 17489.969466
68 16590.741600
69 16015.675574
70 14224.275562
71 13274.252657
72 12820.900361
73 12899.933146
74 14640.061047
75 11395.134618
76 10568.794203
77 10231.787915
78 8955.917835
79 8250.818183
80 7142.979235
81 6308.829692
82 5655.210576
83 6039.244145
84 5752.561125
85 6121.006743
86 5635.325074
87 4865.892796
88 3855.346265
89 2826.524380
90 2995.629220
91 2733.770886
92 2591.849777
93 2281.155339
94 1726.154670
95 1623.428832
96 1486.449559
97 1154.329615
98 1132.488249
99 1106.803306
100 1139.309434
101 964.992976
102 896.423295
103 919.883151
104 950.750462
105 892.699602
106 879.838647
107 791.574559
108 685.098267
109 557.994280
110 383.091817
111 339.649762
112 324.790917
113 264.828827
114 234.897410
115 189.992346
116 181.904202
117 150.215331
118 135.709978
119 102.035471
120 94.783567
121 88.683527
122 79.671098
123 75.285174
124 64.089178
125 55.548033
126 50.002173
127 43.549431
128 41.111245
129 38.781435
130 33.836694
131 29.563000
132 26.712480
133 24.734813
134 23.121260
135 22.001642
136 20.688935
137 18.250930
138 17.299899
139 17.199697
140 14.807969
141 11.887341
142 10.672716
143 9.157977
144 8.660663
145 7.458961
146 6.923932
147 5.913011
148 5.290358
149 4.626692
150 3.865970
151 2.789031
152 2.561183
153 2.095666
154 1.661788
155 1.481425
156 1.373926
157 1.142114
158 0.847095
159 0.746767
160 0.626111
161 0.514671
162 0.468572
163 0.395373
164 0.342779
165 0.305543
166 0.240466
167 0.191451
168 0.149684
169 0.132935
170 0.117271
171 0.090133
172 0.073159
173 0.066822
174 0.051431
175 0.040795
176 0.030359
177 0.024291
178 0.017967
179 0.014917
180 0.012337
181 0.010170
182 0.007919
183 0.006796
184 0.005846
185 0.004756
186 0.003775
187 0.003093
188 0.002606
189 0.002086
190 0.001739
191 0.001303
192 0.001114
193 0.000845
194 0.000672
195 0.000493
196 0.000418
197 0.000344
198 0.000259
199 0.000208
200 0.000171
201 0.000135
202 0.000103
203 0.000086
204 0.000063
205 0.000049
206 0.000039
207 0.000029
208 0.000023
209 0.000019
210 0.000015
211 0.000012
212 0.000009
213 0.000007
214 0.000006
215 0.000005
216 0.000003
217 0.000003
218 0.000002
219 0.000002
220 0.000001
221 0.000001
222 0.000001
223 0.000001
224 0.000000
225 0.000000
226 0.000000
227 0.000000
228 0.000000
229 0.000000
230 0.000000
231 0.000000
232 0.000000
233 0.000000
234 0.000000
235 0.000000
236 0.000000
237 0.000000
238 0.000000
239 0.000000
240 0.000000
241 0.000000
242 0.000000
243 0.000000
244 0.000000
245 0.000000
246 0.000000
247 0.000000
248 0.000000
249 0.000000
250 0.000000
251 0.000000
252 0.000000
253 0.000000
254 0.000000
255 0.000000
256 0.000000
257 0.000000
258 0.000000
259 0.000000
260 0.000000
261 0.000000
262 0.000000
263 0.000000
264 0.000000
265 0.000000
266 0.000000
267 0.000000
268 0.000000
269 0.000000
270 0.000000
271 0.000000
272 0.000000
273 0.000000
274 0.000000
275 0.000000
276 0.000000
277 0.000000
278 0.000000
279 0.000000
280 0.000000
281 0.000000
282 0.000000
283 0.000000
284 0.000000
285 0.000000
286 0.000000
287 0.000000
288 0.000000
289 0.000000
290 0.000000
291 0.000000
292 0.000000
293 0.000000
294 0.000000
295 0.000000
296 0.000000
297 0.000000
298 0.000000
299 0.000000
300 0.000000
301 0.000000
302 0.000000
303 0.000000
304 0.000000
305 0.000000
306 0.000000
307 0.000000
308 0.000000
309 0.000000
310 0.000000
311 0.000000
312 0.000000
313 0.000000
314 0.000000
315 0.000000
316 0.000000
317 0.000000
318 0.000000
319 0.000000
320 0.000000
321 0.000000
322 0.000000
323 0.000000
324 0.000000
325 0.000000
326 0.000000
327 0.000000
328 0.000000
329 0.000000
330 0.000000
331 0.000000
332 0.000000
333 0.000000
334 0.000000
335 0.000000
336 0.000000
337 0.000000
338 0.000000
339 0.000000
340 0.000000
341 0.000000
342 0.000000
343 0.000000
344 0.000000
345 0.000000
346 0.000000
347 0.000000
348 0.000000
349 0.000000
350 0.000000
351 0.000000
352 0.000000
353 0.000000
354 0.000000
355 0.000000
356 0.000000
357 0.000000
358 0.000000
359 0.000000
360 0.000000
361 0.000000
362 0.000000
363 0.000000
364 0.000000
365 0.000000
366 0.000000
367 0.000000
368 0.000000
369 0.000000
370 0.000000
371 0.000000
372 0.000000
373 0.000000
374 0.000000
375 0.000000
376 0.000000
377 0.000000
378 0.000000
379 0.000000
380 0.000000
381 0.000000
382 0.000000
383 0.000000
384 0.000000
385 0.000000
386 0.000000
387 0.000000
388 0.000000
389 0.000000
390 0.000000
391 0.000000
392 0.000000
393 0.000000
394 0.000000
395 0.000000
396 0.000000
397 0.000000
398 0.000000
399 0.000000
400 0.000000
401 0.000000
402 0.000000
403 0.000000
404 0.000000
405 0.000000
406 0.000000
407 0.000000
408 0.000000
409 0.000000
410 0.000000
411 0.000000
412 0.000000
413 0.000000
414 0.000000
415 0.000000
416 0.000000
417 0.000000
418 0.000000
419 0.000000
420 0.000000
421 0.000000
422 0.000000
423 0.000000
424 0.000000
425 0.000000
426 0.000000
427 0.000000
428 0.000000
429 0.000000
430 0.000000
431 0.000000
432 0.000000
433 0.000000
434 0.000000
435 0.000000
436 0.000000
437 0.000000
438 0.000000
439 0.000000
440 0.000000
441 0.000000
442 0.000000
443 0.000000
444 0.000000
445 0.000000
446 0.000000
447 0.000000
448 0.000000
449 0.000000
450 0.000000
451 0.000000
452 0.000000
453 0.000000
454 0.000000
455 0.000000
456 0.000000
457 0.000000
458 0.000000
459 0.000000
460 0.000000
461 0.000000
462 0.000000
463 0.000000
464 0.000000
465 0.000000
466 0.000000
467 0.000000
468 0.000000
469 0.000000
470 0.000000
471 0.000000
472 0.000000
473 0.000000
474 0.000000
475 0.000000
476 0.000000
477 0.000000
478 0.000000
479 0.000000
480 0.000000
481 0.000000
482 0.000000
483 0.000000
484 0.000000
485 0.000000
486 0.000000
487 0.000000
488 0.000000
489 0.000000
490 0.000000
491 0.000000
492 0.000000
493 0.000000
494 0.000000
495 0.000000
496 0.000000
497 0.000000
498 0.000000
499 0.000000
500 0.000000
