1 inf
2 inf
3 inf
4 inf
5 inf
6 inf
7 inf
8 inf
9 inf
10 inf
11 inf
12 inf
13 inf
14 2504370206182930830282069324012864550937430534489969506614154882378255447646201031552848241896182787065901736661792401992220667412697149798773001240738483070138323474286730234497057328419324039101571929287916730567496212391789677633672668665666396146525935001883132715789588307309311257445573233875351502848.000000
15 11925054719461040949302551920102984284129913054136330336532109847485551599293209512755383676399460989000747265551175822882494054646564199121435370683427139193989263699339103969438879445963313653091075048653930100778671220210756312206819929043860253542521035437938485362340519973240994937237691948859392.000000
16 11374613681157776560583782836074498030976997492647104602306292292618438566609113804075668243471131497549579836736741055339306666720540898499715713414116360386360457892806991512529254890007868704506275577529802515182947080083021111720652420512529013583080258907652652294100582922286947893248.000000
17 1963415836989247347202054651702405542922399916092149471055261681785077763469832270206606678158233449812131484526879064222325757651540636566218045335283405590444264146338624805165196348491159673922391399092821269955171745128207444924905671205203706041489345900282802735407293267968.000000
18 787236392409700365270438087744605586393813993510553383318386408809546919741464068559608764169557885858342103954825729839992922422961021435373949954890005397404270091513220630912598497016143319368758259200276221396409497319743539148086475336915048385153782255970664078137884672.000000
19 3997753910080484953395860738435977619082029137039099882693780751601657000983405373022209228089792367040336991293019321255730350412790687646326957481285938653923918377582077835303943890927718725141318934191500947466233470204293779583215612441298463546979660562283102208.000000
20 112210471389081114694973555489880253640209305735502516339676817194990796432994517424947551520764613390929328882290395281239973550653643732203032669294168153448284196502768363494907766537905638303557675891383939769686421130634125602218071529812160152310246411337728.000000
21 209941365927113118416008258336422341759037552800990178633543500738544926441532084601294343714325048428133374519678823868518111539400368256998998278050932528514920549027999244140554398666247074018079420049788190294872625965469365381517213035543408484477304832.000000
22 1174975936468183946081682724655830982999458720967071685206985540212002952759589547507926907944524236392259482044910090340140649569364704372198801204287324301024879579038990506574085885619628247456724242054252164623469088182535481369288919306207232.000000
23 7563984680945732367570024187539884941112687300872441331305997422119985935108615126790577600535228571745995814716287523082503448673389881909012269623055713628644392299081087303615431365936991412886747350635944320019395282452713066587685388288.000000
24 29254145666310951299043025349266897647299420611337489888458095153060631296653533553264832414623159355788863371668114538701043236692603592362160560909221349499809776582259261874631827760212628734446684658394195082356839105882488832.000000
25 932710236430893381136780053689590863166101025099346448213062263672825533923004416759076707340285444910681633148468796745991915693944257704190833920380830950979952769448065271599949027379365785009038338785277597937362440028160.000000
26 1815356409254366563123647548872444698252114799561014746031342554012037661792327310017168541047778412104554691214789921261360179507603997759981258521817491040676888427222019774011069072934867264123349860571711870599168.000000
27 255033996961475439926707105573716395744461880396370895431849749601517575228084840649846298286861656441203176781445492500821658910465554395035294583218558484118982683506003226166476162421309875101695373612037439488.000000
28 9122642366667984917123883905514541464051788680022937438093583723705352417330163819944942490123467315642003850785817982568146704978403990045694706634084613565453316328362967285267991505854791680.000000
29 5340178705458669027283587371770624865706937985776350203425680299562315435394194605163595253280976506846508421544273295091610487008616885506091071933246188305551518099909881428955740139760176332800.000000
30 1032866254046569635357872880284667666804454438589779223528021172691567357133457017425761943083109917724927395435455427783531767119555077714847424070540308376840220912321146313027625156608.000000
31 6166566236897799781845695913858151351962294879574746327161876602557506230789569496840264762743532939619912110150931411546767333366140590151542248535611392583757418267743879168.000000
32 18636560381076266849971655459480835400627013820032975710272810247610872033838141405758406293487878658272445958773347676848487602646834009466512822903283108452237312.000000
33 5833410727248245116301422713717261993919822541133402295881770318816154297275541681395885048225155822044388891885598803666183413324255798163026093905243510145024.000000
34 69190996404653333815741180922675260576646998306930725544758500287717049200424912176619181631996864229316396203711375154227331805440535039133614080.000000
35 495701427509898313358369768298773584899503873064152284989357812523279185373608149020646538363070252195477748491364751476433596890442840932352.000000
36 12930169787781835423396034557028634815494198671620552857151252652933570024796623617540652463289650965769855344314054445975317340225536.000000
37 20787498281782559307234909824129559691548878452889780771511865906022594098727765387055513358817652850290297542523410710528.000000
38 121675072723902930049476049310033645831365027169818964139180059128998135451178299164766545705084361919241912320000.000000
39 10526386963773523324580547657070305293534866183199445488487037099955196195896976164949673816983890273763328.000000
40 6762179833200072792564697204428912516060039700382290828441999396446918744705317150603510521266176.000000
41 45184365091666631006981879221429053502511647897072941237187062021162816420934516522090496.000000
42 3396039322158741636407981954999909514782904403302248956203232458329554944.000000
43 60676825310577124019278508925159921180704645408882688.000000
44 13897904889112888056624724382064995108590802222186496.000000
45 396443509252376272886212849190557450240.000000
46 6719913780843935760799236096.000000
47 21111896301044862976.000000
48 3324976134.475762
49 6819.364066
50 4424.966492
51 3367.167098
52 2630.040356
53 2341.460547
54 1889.291489
55 1662.680481
56 1409.504986
57 1192.761664
58 1005.545364
59 871.900414
60 756.358794
61 642.171872
62 551.092250
63 491.020699
64 426.532119
65 368.058879
66 325.908748
67 276.964025
68 258.040109
69 224.087808
70 202.017183
71 181.406807
72 159.963996
73 140.854716
74 125.756399
75 112.214484
76 100.781450
77 86.969626
78 78.257714
79 69.638332
80 62.953994
81 54.934357
82 48.344765
83 42.957004
84 39.154005
85 34.042431
86 30.841254
87 26.351338
88 23.387330
89 20.744997
90 18.511724
91 16.705422
92 14.553376
93 12.738061
94 11.237681
95 10.087956
96 8.725266
97 7.379043
98 6.960365
99 6.190614
100 5.392892
101 4.704816
102 4.218333
103 3.639839
104 3.211118
105 2.798256
106 2.498062
107 2.214705
108 1.976294
109 1.738602
110 1.531437
111 1.376149
112 1.254123
113 1.109401
114 1.007591
115 0.875638
116 0.764229
117 0.689663
118 0.634674
119 0.567733
120 0.503901
121 0.433777
122 0.390093
123 0.346491
124 0.301313
125 0.278480
126 0.246415
127 0.220913
128 0.199406
129 0.178513
130 0.158209
131 0.143159
132 0.128017
133 0.114695
134 0.103347
135 0.091966
136 0.081096
137 0.074004
138 0.065847
139 0.058141
140 0.050551
141 0.045499
142 0.040894
143 0.037039
144 0.033273
145 0.030480
146 0.027783
147 0.024965
148 0.022703
149 0.020336
150 0.018080
151 0.016167
152 0.014752
153 0.013070
154 0.011804
155 0.010721
156 0.009859
157 0.008835
158 0.007989
159 0.007341
160 0.006577
161 0.005863
162 0.005210
163 0.004708
164 0.004315
165 0.003922
166 0.003598
167 0.003252
168 0.003046
169 0.002731
170 0.002495
171 0.002296
172 0.002063
173 0.001924
174 0.001737
175 0.001591
176 0.001447
177 0.001343
178 0.001251
179 0.001131
180 0.001053
181 0.000969
182 0.000899
183 0.000830
184 0.000759
185 0.000705
186 0.000649
187 0.000596
188 0.000560
189 0.000517
190 0.000465
191 0.000439
192 0.000401
193 0.000361
194 0.000336
195 0.000313
196 0.000289
197 0.000269
198 0.000247
199 0.000228
200 0.000214
201 0.000198
202 0.000184
203 0.000171
204 0.000160
205 0.000149
206 0.000137
207 0.000129
208 0.000120
209 0.000110
210 0.000103
211 0.000095
212 0.000089
213 0.000083
214 0.000077
215 0.000072
216 0.000068
217 0.000064
218 0.000059
219 0.000056
220 0.000052
221 0.000049
222 0.000046
223 0.000043
224 0.000039
225 0.000038
226 0.000035
227 0.000033
228 0.000032
229 0.000030
230 0.000028
231 0.000026
232 0.000025
233 0.000023
234 0.000023
235 0.000021
236 0.000020
237 0.000019
238 0.000018
239 0.000017
240 0.000016
241 0.000015
242 0.000015
243 0.000014
244 0.000013
245 0.000012
246 0.000012
247 0.000011
248 0.000011
249 0.000010
250 0.000010
251 0.000009
252 0.000009
253 0.000008
254 0.000008
255 0.000007
256 0.000007
257 0.000007
258 0.000006
259 0.000006
260 0.000006
261 0.000006
262 0.000005
263 0.000005
264 0.000005
265 0.000005
266 0.000004
267 0.000004
268 0.000004
269 0.000004
270 0.000004
271 0.000004
272 0.000003
273 0.000003
274 0.000003
275 0.000003
276 0.000003
277 0.000003
278 0.000003
279 0.000003
280 0.000002
281 0.000002
282 0.000002
283 0.000002
284 0.000002
285 0.000002
286 0.000002
287 0.000002
288 0.000002
289 0.000002
290 0.000002
291 0.000002
292 0.000001
293 0.000001
294 0.000001
295 0.000001
296 0.000001
297 0.000001
298 0.000001
299 0.000001
300 0.000001
301 0.000001
302 0.000001
303 0.000001
304 0.000001
305 0.000001
306 0.000001
307 0.000001
308 0.000001
309 0.000001
310 0.000001
311 0.000001
312 0.000001
313 0.000001
314 0.000001
315 0.000001
316 0.000001
317 0.000001
318 0.000001
319 0.000001
320 0.000001
321 0.000001
322 0.000001
323 0.000001
324 0.000000
325 0.000000
326 0.000000
327 0.000000
328 0.000000
329 0.000000
330 0.000000
331 0.000000
332 0.000000
333 0.000000
334 0.000000
335 0.000000
336 0.000000
337 0.000000
338 0.000000
339 0.000000
340 0.000000
341 0.000000
342 0.000000
343 0.000000
344 0.000000
345 0.000000
346 0.000000
347 0.000000
348 0.000000
349 0.000000
350 0.000000
351 0.000000
352 0.000000
353 0.000000
354 0.000000
355 0.000000
356 0.000000
357 0.000000
358 0.000000
359 0.000000
360 0.000000
361 0.000000
362 0.000000
363 0.000000
364 0.000000
365 0.000000
366 0.000000
367 0.000000
368 0.000000
369 0.000000
370 0.000000
371 0.000000
372 0.000000
373 0.000000
374 0.000000
375 0.000000
376 0.000000
377 0.000000
378 0.000000
379 0.000000
380 0.000000
381 0.000000
382 0.000000
383 0.000000
384 0.000000
385 0.000000
386 0.000000
387 0.000000
388 0.000000
389 0.000000
390 0.000000
391 0.000000
392 0.000000
393 0.000000
394 0.000000
395 0.000000
396 0.000000
397 0.000000
398 0.000000
399 0.000000
400 0.000000
401 0.000000
402 0.000000
403 0.000000
404 0.000000
405 0.000000
406 0.000000
407 0.000000
408 0.000000
409 0.000000
410 0.000000
411 0.000000
412 0.000000
413 0.000000
414 0.000000
415 0.000000
416 0.000000
417 0.000000
418 0.000000
419 0.000000
420 0.000000
421 0.000000
422 0.000000
423 0.000000
424 0.000000
425 0.000000
426 0.000000
427 0.000000
428 0.000000
429 0.000000
430 0.000000
431 0.000000
432 0.000000
433 0.000000
434 0.000000
435 0.000000
436 0.000000
437 0.000000
438 0.000000
439 0.000000
440 0.000000
441 0.000000
442 0.000000
443 0.000000
444 0.000000
445 0.000000
446 0.000000
447 0.000000
448 0.000000
449 0.000000
450 0.000000
451 0.000000
452 0.000000
453 0.000000
454 0.000000
455 0.000000
456 0.000000
457 0.000000
458 0.000000
459 0.000000
460 0.000000
461 0.000000
462 0.000000
463 0.000000
464 0.000000
465 0.000000
466 0.000000
467 0.000000
468 0.000000
469 0.000000
470 0.000000
471 0.000000
472 0.000000
473 0.000000
474 0.000000
475 0.000000
476 0.000000
477 0.000000
478 0.000000
479 0.000000
480 0.000000
481 0.000000
482 0.000000
483 0.000000
484 0.000000
485 0.000000
486 0.000000
487 0.000000
488 0.000000
489 0.000000
490 0.000000
491 0.000000
492 0.000000
493 0.000000
494 0.000000
495 0.000000
496 0.000000
497 0.000000
498 0.000000
499 0.000000
500 0.000000
