1 inf
2 inf
3 inf
4 inf
5 inf
6 inf
7 inf
8 inf
9 inf
10 inf
11 inf
12 inf
13 inf
14 inf
15 inf
16 inf
17 2795347413689893219966293538276432860097615853491334204204978330987942232268997041221452548733656129120157763578857761088335833521456432418725971270845912849752184470596368435797137959303220654955560780626483324751949499025312618835252731131580140275788883518616074233491772440811424635528566132128696238080.000000
18 81075359422554764619822676963273436232013075631364236932561325994630826951297009926248590345205365529899432012480656723366847000481073983684838311954821665291650892895429725180917112884767387420194174058842931895441059178898105175301741435935635741399336627189552263256227478989191363186620905816064.000000
19 14210930595259450082552632550536007260875648449419820459109489598856531940180296071444324788049524800195502797379374993033200631732125301840456075406415424430989890697577238925086873401611478296094500813040428360040658079590134047981309623424724961883994687520429179937618895312053600256.000000
20 228918810493646126264310634167864227698827707098597688095258245602134232894833330804136654365486140334602999196011911056130166287537904439293395064188763315478413590188301658563405689086078661563055961431056989317335353314539743076821072594040637806027544397752992038901447131136.000000
21 78715991949278838677019122464498995739294283373972822554695454576837695682771350309406321080630301559114470156403015761173572895835077173819258961763304999476251547773502940828502414816204610931165795726500041481846116043532974915420759750791695924064327091861425496260608.000000
22 16536502488178757271015382644241194948709769349623933229183422969126215357347385940923280133079098567210278121534713673125955880506625144727211707222230734535664490831240569708372736265939689827520011361621783832979489356536417352621301076233504471365943158242279424.000000
23 76721421956827976267652953191677223511844977435258775909996557883630482029135504898028542297431843569582002861419497398914257332886410739813690061400068903646189230510510411051409655603449006832882207407812564868937713740846267378251437685094153911871209472.000000
24 146441001381090540976019084355367740228335946608242538317627067538428155730387025106467245078959700232945887847184397171218049067665045915001336363913812828805474113561254584493108296949547615520527242276851436807299545216395926389763478248226816.000000
25 1289548840940709634227336889317336796633330650713843016160349614255623929167847071399680244470481499602256036397064527798643668104408089166625751585055663951002736408085948692991089833222440711854413944456432915878594069772551134602330112.000000
26 1048148111165994887455790509834840782880884174076542637758007091521708302333976270882871116776062198722727260946581646728566267376833622506179572438478712392824817450034198925750948592750469811228526073697429634445859563183440003919249408.000000
27 23092630213663547211738775703305058492621868592064548839379262947424519900682889494810513719757940105365772179364568576504787461946371959877817432149670828116198024010353550029581556331207194119321403463328318594045968384.000000
28 253362195416334528855669618560862568788157874753728807730531752072866526002823159354810226273064498430952258086024122349129116385044908493395777884296914685475279187805922613482665655032050534336344764197834669948928.000000
29 1523225719569660816209125302533083274757029029684366400749095232206867128753955340094926334809739276206347639334140331751663149654481417071334460784537544578929375563950573394317661345923076208003338222599929856.000000
30 48481396479702384870339377689046321667258166313977336141753630284759811198065624579816837844091415604876487339292806587468146561881404424370020366457296090944695078626658246749702773601046809521533485056.000000
31 2055301845612208720663532089996654537768659533440719439598393515017890824870259129172464806690609178217189113658161736204256687070377554040444447833559812053602330017850498694877123541204992.000000
32 661563222117964114147218738764467519617486961070452946948603338289503160936191399131836940924924772611438408098436142061945579526560859713823080355780956748134275887500538588445016064.000000
33 10412103465264557577543289678469461636848193658078820776164700019416738075614798667815093222893991167752504288438497282209120690773245414998811986265007775717412306944.000000
34 440594592863792696968685422158874500971332589354189553793007723650301470772457402918159894042602776932326236105637336909837435705829710029711108028597224341504.000000
35 3701686081118783409894218539237879072332620274235903708838091723948195679528344107559034406662833720812308526089466453793824996078071505432710689587200.000000
36 49284492528149933955824130789559449205915469620945816300887542477126042420630380662217410788282295789056710288663535075417461762281486594080768.000000
37 189022780088477076271143662251745418557760375293858856954760548692150759279864503215829474528540772645845453721125499187638818100477952.000000
38 60257509584983971928888699545762095182121672493684562553494368159817903319196941864600490645551627579184585601827337373126492160.000000
39 18926228431325510704123099554738656742301130188676695061821472087500523913761415408030153366037380627149080231936.000000
40 460331963581662578870100122684062115040170808061698918495421594796013668869475131972701374572920832.000000
41 864274305491015143461017319851225125691192258310916399966610668565959341474456689762916557127680.000000
42 897712144770924145977640845007674578566521874213574242004484233735876616837996936129675264.000000
43 897761303258241392021624987757865014414569339888100372479263622322202215448576.000000
44 129980359697630731308218144464576727637731927162792854515489964032.000000
45 29527870487528416756053873492775368490318505545014706176.000000
46 1840199976955796577058636334558907804447777226752.000000
47 5030620873609830676535465753456934912.000000
48 5025721357932070140298253041664.000000
49 5100376999873030914048.000000
50 7447200265203.630859
51 8613.096983
52 4547.834582
53 3189.223987
54 2700.705708
55 2104.761853
56 1829.738618
57 1564.101214
58 1332.007428
59 1098.210117
60 974.752570
61 863.739137
62 736.540189
63 631.969007
64 557.967783
65 513.811395
66 448.423395
67 383.220229
68 331.616146
69 298.974096
70 269.549687
71 233.370823
72 211.479335
73 186.750163
74 161.293478
75 136.275988
76 117.752108
77 106.471827
78 92.731291
79 83.716263
80 72.193480
81 65.655118
82 60.991870
83 54.494406
84 48.948477
85 43.636195
86 37.949673
87 34.247297
88 30.454020
89 25.527997
90 22.485101
91 19.764615
92 17.484055
93 15.262116
94 13.705660
95 12.168108
96 10.682332
97 9.082449
98 8.383588
99 7.220027
100 6.434660
101 5.862103
102 5.051996
103 4.316981
104 3.912337
105 3.514985
106 3.166443
107 2.784525
108 2.412637
109 2.186112
110 1.972170
111 1.679370
112 1.550719
113 1.357224
114 1.178741
115 1.039261
116 0.925655
117 0.826232
118 0.744795
119 0.656573
120 0.592149
121 0.524101
122 0.458218
123 0.406314
124 0.361495
125 0.319154
126 0.289294
127 0.258303
128 0.235805
129 0.210985
130 0.184249
131 0.169691
132 0.150233
133 0.133899
134 0.121049
135 0.107182
136 0.096527
137 0.086418
138 0.075609
139 0.065228
140 0.059943
141 0.053428
142 0.048557
143 0.043309
144 0.039864
145 0.035895
146 0.031731
147 0.028003
148 0.026233
149 0.023392
150 0.021006
151 0.018688
152 0.017210
153 0.015372
154 0.014016
155 0.012794
156 0.011531
157 0.010515
158 0.009287
159 0.008261
160 0.007536
161 0.006719
162 0.006090
163 0.005648
164 0.005131
165 0.004693
166 0.004218
167 0.003855
168 0.003439
169 0.003199
170 0.002910
171 0.002579
172 0.002351
173 0.002133
174 0.001966
175 0.001801
176 0.001634
177 0.001485
178 0.001385
179 0.001265
180 0.001163
181 0.001067
182 0.000988
183 0.000912
184 0.000832
185 0.000759
186 0.000704
187 0.000647
188 0.000590
189 0.000544
190 0.000503
191 0.000466
192 0.000430
193 0.000389
194 0.000363
195 0.000335
196 0.000310
197 0.000285
198 0.000264
199 0.000245
200 0.000229
201 0.000212
202 0.000195
203 0.000182
204 0.000171
205 0.000160
206 0.000150
207 0.000141
208 0.000131
209 0.000121
210 0.000113
211 0.000105
212 0.000099
213 0.000093
214 0.000086
215 0.000082
216 0.000077
217 0.000070
218 0.000067
219 0.000062
220 0.000058
221 0.000055
222 0.000052
223 0.000049
224 0.000045
225 0.000043
226 0.000040
227 0.000038
228 0.000035
229 0.000034
230 0.000032
231 0.000030
232 0.000028
233 0.000027
234 0.000025
235 0.000024
236 0.000022
237 0.000021
238 0.000020
239 0.000019
240 0.000018
241 0.000017
242 0.000016
243 0.000015
244 0.000014
245 0.000013
246 0.000013
247 0.000012
248 0.000011
249 0.000011
250 0.000010
251 0.000010
252 0.000009
253 0.000009
254 0.000008
255 0.000008
256 0.000008
257 0.000007
258 0.000007
259 0.000007
260 0.000006
261 0.000006
262 0.000006
263 0.000005
264 0.000005
265 0.000005
266 0.000005
267 0.000004
268 0.000004
269 0.000004
270 0.000004
271 0.000004
272 0.000004
273 0.000003
274 0.000003
275 0.000003
276 0.000003
277 0.000003
278 0.000003
279 0.000003
280 0.000003
281 0.000002
282 0.000002
283 0.000002
284 0.000002
285 0.000002
286 0.000002
287 0.000002
288 0.000002
289 0.000002
290 0.000002
291 0.000002
292 0.000002
293 0.000002
294 0.000001
295 0.000001
296 0.000001
297 0.000001
298 0.000001
299 0.000001
300 0.000001
301 0.000001
302 0.000001
303 0.000001
304 0.000001
305 0.000001
306 0.000001
307 0.000001
308 0.000001
309 0.000001
310 0.000001
311 0.000001
312 0.000001
313 0.000001
314 0.000001
315 0.000001
316 0.000001
317 0.000001
318 0.000001
319 0.000001
320 0.000001
321 0.000001
322 0.000001
323 0.000001
324 0.000001
325 0.000001
326 0.000000
327 0.000000
328 0.000000
329 0.000000
330 0.000000
331 0.000000
332 0.000000
333 0.000000
334 0.000000
335 0.000000
336 0.000000
337 0.000000
338 0.000000
339 0.000000
340 0.000000
341 0.000000
342 0.000000
343 0.000000
344 0.000000
345 0.000000
346 0.000000
347 0.000000
348 0.000000
349 0.000000
350 0.000000
351 0.000000
352 0.000000
353 0.000000
354 0.000000
355 0.000000
356 0.000000
357 0.000000
358 0.000000
359 0.000000
360 0.000000
361 0.000000
362 0.000000
363 0.000000
364 0.000000
365 0.000000
366 0.000000
367 0.000000
368 0.000000
369 0.000000
370 0.000000
371 0.000000
372 0.000000
373 0.000000
374 0.000000
375 0.000000
376 0.000000
377 0.000000
378 0.000000
379 0.000000
380 0.000000
381 0.000000
382 0.000000
383 0.000000
384 0.000000
385 0.000000
386 0.000000
387 0.000000
388 0.000000
389 0.000000
390 0.000000
391 0.000000
392 0.000000
393 0.000000
394 0.000000
395 0.000000
396 0.000000
397 0.000000
398 0.000000
399 0.000000
400 0.000000
401 0.000000
402 0.000000
403 0.000000
404 0.000000
405 0.000000
406 0.000000
407 0.000000
408 0.000000
409 0.000000
410 0.000000
411 0.000000
412 0.000000
413 0.000000
414 0.000000
415 0.000000
416 0.000000
417 0.000000
418 0.000000
419 0.000000
420 0.000000
421 0.000000
422 0.000000
423 0.000000
424 0.000000
425 0.000000
426 0.000000
427 0.000000
428 0.000000
429 0.000000
430 0.000000
431 0.000000
432 0.000000
433 0.000000
434 0.000000
435 0.000000
436 0.000000
437 0.000000
438 0.000000
439 0.000000
440 0.000000
441 0.000000
442 0.000000
443 0.000000
444 0.000000
445 0.000000
446 0.000000
447 0.000000
448 0.000000
449 0.000000
450 0.000000
451 0.000000
452 0.000000
453 0.000000
454 0.000000
455 0.000000
456 0.000000
457 0.000000
458 0.000000
459 0.000000
460 0.000000
461 0.000000
462 0.000000
463 0.000000
464 0.000000
465 0.000000
466 0.000000
467 0.000000
468 0.000000
469 0.000000
470 0.000000
471 0.000000
472 0.000000
473 0.000000
474 0.000000
475 0.000000
476 0.000000
477 0.000000
478 0.000000
479 0.000000
480 0.000000
481 0.000000
482 0.000000
483 0.000000
484 0.000000
485 0.000000
486 0.000000
487 0.000000
488 0.000000
489 0.000000
490 0.000000
491 0.000000
492 0.000000
493 0.000000
494 0.000000
495 0.000000
496 0.000000
497 0.000000
498 0.000000
499 0.000000
500 0.000000
