1 1000000000000000019884624838656.000000
2 1000000000000000019884624838656.000000
3 1000000000000000019884624838656.000000
4 1000000000000000019884624838656.000000
5 3716751.596109
6 3716751.596109
7 3716751.596109
8 3716751.596109
9 3716751.596109
10 3832253.425651
11 3832253.425651
12 3832253.425651
13 3832253.425651
14 3832253.425651
15 3926538.801422
16 3926538.801422
17 3926538.801422
18 3926538.801422
19 3926538.801422
20 4178559.937901
21 4178559.937901
22 4178559.937901
23 4178559.937901
24 4178559.937901
25 4585944.300403
26 4585944.300403
27 4585944.300403
28 4585944.300403
29 4585944.300403
30 4273707.847388
31 4273707.847388
32 4273707.847388
33 4273707.847388
34 4273707.847388
35 4601509.023978
36 4601509.023978
37 4601509.023978
38 4601509.023978
39 4601509.023978
40 4651358.245503
41 4651358.245503
42 4651358.245503
43 4651358.245503
44 4651358.245503
45 4617777.405507
46 4617777.405507
47 4617777.405507
48 4617777.405507
49 4617777.405507
50 4593644.341353
51 4593644.341353
52 4593644.341353
53 4593644.341353
54 4593644.341353
55 4271863.313434
56 4271863.313434
57 4271863.313434
58 4271863.313434
59 4271863.313434
60 4100356.006392
61 4100356.006392
62 4100356.006392
63 4100356.006392
64 4100356.006392
65 3950579.690473
66 3950579.690473
67 3950579.690473
68 3950579.690473
69 3950579.690473
70 3897331.541937
71 3897331.541937
72 3897331.541937
73 3897331.541937
74 3897331.541937
75 3756557.429690
76 3756557.429690
77 3756557.429690
78 3756557.429690
79 3756557.429690
80 3585456.041000
81 3585456.041000
82 3585456.041000
83 3585456.041000
84 3585456.041000
85 3385273.614136
86 3385273.614136
87 3385273.614136
88 3385273.614136
89 3385273.614136
90 3120573.661245
91 3120573.661245
92 3120573.661245
93 3120573.661245
94 3120573.661245
95 2901126.192235
96 2901126.192235
97 2901126.192235
98 2901126.192235
99 2901126.192235
100 2819918.925289
101 2819918.925289
102 2819918.925289
103 2819918.925289
104 2819918.925289
105 2485329.258032
106 2485329.258032
107 2485329.258032
108 2485329.258032
109 2485329.258032
110 2703577.987053
111 2703577.987053
112 2703577.987053
113 2703577.987053
114 2703577.987053
115 2547103.516035
116 2547103.516035
117 2547103.516035
118 2547103.516035
119 2547103.516035
120 2352244.808473
121 2352244.808473
122 2352244.808473
123 2352244.808473
124 2352244.808473
125 2270890.782028
126 2270890.782028
127 2270890.782028
128 2270890.782028
129 2270890.782028
130 2118884.374820
131 2118884.374820
132 2118884.374820
133 2118884.374820
134 2118884.374820
135 1929022.967723
136 1929022.967723
137 1929022.967723
138 1929022.967723
139 1929022.967723
140 1856517.711335
141 1856517.711335
142 1856517.711335
143 1856517.711335
144 1856517.711335
145 1759606.134015
146 1759606.134015
147 1759606.134015
148 1759606.134015
149 1759606.134015
150 1746438.143342
151 1746438.143342
152 1746438.143342
153 1746438.143342
154 1746438.143342
155 1642332.056098
156 1642332.056098
157 1642332.056098
158 1642332.056098
159 1642332.056098
160 1445881.260163
161 1445881.260163
162 1445881.260163
163 1445881.260163
164 1445881.260163
165 1439424.508240
166 1439424.508240
167 1439424.508240
168 1439424.508240
169 1439424.508240
170 1357622.716306
171 1357622.716306
172 1357622.716306
173 1357622.716306
174 1357622.716306
175 1314955.411215
176 1314955.411215
177 1314955.411215
178 1314955.411215
179 1314955.411215
180 1290711.594831
181 1290711.594831
182 1290711.594831
183 1290711.594831
184 1290711.594831
185 1168201.700398
186 1168201.700398
187 1168201.700398
188 1168201.700398
189 1168201.700398
190 1098988.733468
191 1098988.733468
192 1098988.733468
193 1098988.733468
194 1098988.733468
195 1104340.778153
196 1104340.778153
197 1104340.778153
198 1104340.778153
199 1104340.778153
200 1030330.634762
201 1030330.634762
202 1030330.634762
203 1030330.634762
204 1030330.634762
205 1012197.579464
206 1012197.579464
207 1012197.579464
208 1012197.579464
209 1012197.579464
210 935746.439916
211 935746.439916
212 935746.439916
213 935746.439916
214 935746.439916
215 913911.269981
216 913911.269981
217 913911.269981
218 913911.269981
219 913911.269981
220 893770.933678
221 893770.933678
222 893770.933678
223 893770.933678
224 893770.933678
225 858024.103793
226 858024.103793
227 858024.103793
228 858024.103793
229 858024.103793
230 827699.157155
231 827699.157155
232 827699.157155
233 827699.157155
234 827699.157155
235 809782.768926
236 809782.768926
237 809782.768926
238 809782.768926
239 809782.768926
240 776485.196339
241 776485.196339
242 776485.196339
243 776485.196339
244 776485.196339
245 748058.077628
246 748058.077628
247 748058.077628
248 748058.077628
249 748058.077628
250 722350.623518
251 722350.623518
252 722350.623518
253 722350.623518
254 722350.623518
255 719227.135903
256 719227.135903
257 719227.135903
258 719227.135903
259 719227.135903
260 680167.038716
261 680167.038716
262 680167.038716
263 680167.038716
264 680167.038716
265 677194.810652
266 677194.810652
267 677194.810652
268 677194.810652
269 677194.810652
270 654675.675451
271 654675.675451
272 654675.675451
273 654675.675451
274 654675.675451
275 631771.134559
276 631771.134559
277 631771.134559
278 631771.134559
279 631771.134559
280 604192.948106
281 604192.948106
282 604192.948106
283 604192.948106
284 604192.948106
285 575661.711032
286 575661.711032
287 575661.711032
288 575661.711032
289 575661.711032
290 570381.396437
291 570381.396437
292 570381.396437
293 570381.396437
294 570381.396437
295 539363.654416
296 539363.654416
297 539363.654416
298 539363.654416
299 539363.654416
300 541946.052229
301 541946.052229
302 541946.052229
303 541946.052229
304 541946.052229
305 524761.612897
306 524761.612897
307 524761.612897
308 524761.612897
309 524761.612897
310 504202.608587
311 504202.608587
312 504202.608587
313 504202.608587
314 504202.608587
315 497654.318763
316 497654.318763
317 497654.318763
318 497654.318763
319 497654.318763
320 480395.677551
321 480395.677551
322 480395.677551
323 480395.677551
324 480395.677551
325 473855.136018
326 473855.136018
327 473855.136018
328 473855.136018
329 473855.136018
330 466345.934892
331 466345.934892
332 466345.934892
333 466345.934892
334 466345.934892
335 455555.269683
336 455555.269683
337 455555.269683
338 455555.269683
339 455555.269683
340 440732.698426
341 440732.698426
342 440732.698426
343 440732.698426
344 440732.698426
345 436499.617142
346 436499.617142
347 436499.617142
348 436499.617142
349 436499.617142
350 434706.538594
351 434706.538594
352 434706.538594
353 434706.538594
354 434706.538594
355 427025.594000
356 427025.594000
357 427025.594000
358 427025.594000
359 427025.594000
360 420765.450993
361 420765.450993
362 420765.450993
363 420765.450993
364 420765.450993
365 411228.067636
366 411228.067636
367 411228.067636
368 411228.067636
369 411228.067636
370 405608.870233
371 405608.870233
372 405608.870233
373 405608.870233
374 405608.870233
375 399957.760326
376 399957.760326
377 399957.760326
378 399957.760326
379 399957.760326
380 386678.683632
381 386678.683632
382 386678.683632
383 386678.683632
384 386678.683632
385 378082.446488
386 378082.446488
387 378082.446488
388 378082.446488
389 378082.446488
390 379207.949853
391 379207.949853
392 379207.949853
393 379207.949853
394 379207.949853
395 369914.626300
396 369914.626300
397 369914.626300
398 369914.626300
399 369914.626300
400 362726.775138
401 362726.775138
402 362726.775138
403 362726.775138
404 362726.775138
405 358754.218525
406 358754.218525
407 358754.218525
408 358754.218525
409 358754.218525
410 354341.105252
411 354341.105252
412 354341.105252
413 354341.105252
414 354341.105252
415 350995.937423
416 350995.937423
417 350995.937423
418 350995.937423
419 350995.937423
420 347025.582436
421 347025.582436
422 347025.582436
423 347025.582436
424 347025.582436
425 342392.231988
426 342392.231988
427 342392.231988
428 342392.231988
429 342392.231988
430 338395.715127
431 338395.715127
432 338395.715127
433 338395.715127
434 338395.715127
435 337041.275530
436 337041.275530
437 337041.275530
438 337041.275530
439 337041.275530
440 332374.019282
441 332374.019282
442 332374.019282
443 332374.019282
444 332374.019282
445 331388.780010
446 331388.780010
447 331388.780010
448 331388.780010
449 331388.780010
450 328053.306796
451 328053.306796
452 328053.306796
453 328053.306796
454 328053.306796
455 327596.192750
456 327596.192750
457 327596.192750
458 327596.192750
459 327596.192750
460 325745.719848
461 325745.719848
462 325745.719848
463 325745.719848
464 325745.719848
465 324353.813344
466 324353.813344
467 324353.813344
468 324353.813344
469 324353.813344
470 323530.647127
471 323530.647127
472 323530.647127
473 323530.647127
474 323530.647127
475 322772.006229
476 322772.006229
477 322772.006229
478 322772.006229
479 322772.006229
480 321933.989141
481 321933.989141
482 321933.989141
483 321933.989141
484 321933.989141
485 320989.704525
486 320989.704525
487 320989.704525
488 320989.704525
489 320989.704525
490 321119.727044
491 321119.727044
492 321119.727044
493 321119.727044
494 321119.727044
495 320905.697431
496 320905.697431
497 320905.697431
498 320905.697431
499 320905.697431
500 320912.361112
