1 5075596.043413
2 5811623.678520
3 6608994.694704
4 8306781.678083
5 9449316.829178
6 11388395.659723
7 11258618.016505
8 12767891.517825
9 16360489.673071
10 18614141.562477
11 16926832.026010
12 21819629.125734
13 21043867.414824
14 20056253.896413
15 24384601.651333
16 24261125.723427
17 29400144.980546
18 34068626.105046
19 36236191.985766
20 29713087.135725
21 39688107.168386
22 35148017.836914
23 56984784.569585
24 46730335.912066
25 69660115.562733
26 75080390.961140
27 66885429.509167
28 67070852.758092
29 54909387.455884
30 63614062.940417
31 85608396.760414
32 75641174.454951
33 58477090.901753
34 67669937.681981
35 76910432.441676
36 58321204.552976
37 58771779.757937
38 58169133.482062
39 65979535.485537
40 58956138.514555
41 63725618.479664
42 64862805.375183
43 77910320.948343
44 65886428.817764
45 60861631.704858
46 71788980.057044
47 57082995.900912
48 56360591.163922
49 45612358.041320
50 53324098.753834
51 35268101.345991
52 37246614.461009
53 40425149.845873
54 49308856.479900
55 41571463.088807
56 56879994.115657
57 48244833.648350
58 46857128.079603
59 47641553.745445
60 41015589.202757
61 41758698.776547
62 43049882.955798
63 41973313.005683
64 38079130.949864
65 27347083.778095
66 34071317.301233
67 28787848.645271
68 28619841.470322
69 26721694.211977
70 25778340.151121
71 28467159.218834
72 25000289.081979
73 25521756.032666
74 26380550.435370
75 24699290.724745
76 17984782.241005
77 22216574.188702
78 15548417.493070
79 14868524.564832
80 14996976.262148
81 12226671.930523
82 12172388.885852
83 12407316.859717
84 12554177.138367
85 12500387.765986
86 10678763.310152
87 11331855.941798
88 12275090.424180
89 10135249.954531
90 9712778.674961
91 8677329.580676
92 8413136.525829
93 8327996.748034
94 8369053.814181
95 7072104.531975
96 6775321.624020
97 4110987.668394
98 5527353.120554
99 5184802.671957
100 3493462.414633
101 4838573.129099
102 4972459.312461
103 4155625.133402
104 3166427.872172
105 4195630.610338
106 3777707.893128
107 3044165.307992
108 2655244.457955
109 1943486.037260
110 2400940.943943
111 2436173.257992
112 2022125.181699
113 2051843.889957
114 1947040.040306
115 1595259.809124
116 1509420.513363
117 1595745.196726
118 1626008.842896
119 1718847.141230
120 1840389.780816
121 1816382.800941
122 1781716.529186
123 1450983.542327
124 1545409.328879
125 2125227.488887
126 1860145.786758
127 1819676.743118
128 1886087.778618
129 1858048.619258
130 1615943.709545
131 1736832.574026
132 1988044.967157
133 1650136.498311
134 1545705.279224
135 1273642.915556
136 1099164.993279
137 1549865.296533
138 1966409.717308
139 1843222.831941
140 1823446.909348
141 1712640.929216
142 1292966.067770
143 1316847.069903
144 1168496.722843
145 1167162.285683
146 833652.056901
147 1000984.969700
148 894717.120312
149 693219.969210
150 556352.042916
151 664526.729327
152 537693.428732
153 576286.451600
154 506684.988366
155 478066.382600
156 423950.993644
157 440670.059230
158 406560.965501
159 385428.851979
160 392716.314550
161 316819.164933
162 293818.294612
163 270987.987375
164 267931.419571
165 247966.617561
166 207033.208266
167 234193.702166
168 177620.054312
169 179485.822456
170 185475.137924
171 188323.404439
172 164677.353994
173 149864.852016
174 150309.513789
175 141320.119712
176 107577.377347
177 115476.303816
178 109526.010691
179 80666.141642
180 101955.548875
181 80521.944810
182 87370.683417
183 67897.661376
184 76563.479112
185 86800.566216
186 90329.586444
187 82140.736808
188 77715.594290
189 71648.101492
190 78410.208681
191 76418.075722
192 72110.909210
193 72334.994504
194 69702.471143
195 65387.621395
196 71063.496800
197 60428.317146
198 55156.947670
199 55777.518733
200 55122.186940
201 50417.455790
202 54287.831641
203 42328.352409
204 49052.424748
205 44503.529467
206 43463.398849
207 42107.996022
208 38439.500632
209 36478.544136
210 34256.932294
211 31456.547718
212 28104.234386
213 32047.133561
214 28960.546780
215 26013.032071
216 24849.091842
217 22364.425667
218 23387.260334
219 18405.475559
220 18749.916327
221 20034.636360
222 18619.631054
223 16238.630234
224 14647.160728
225 14637.263478
226 15054.994835
227 13814.238080
228 13568.744595
229 10767.705526
230 10719.654105
231 10365.511302
232 10684.918816
233 10739.325040
234 10223.510908
235 9048.255062
236 8845.770410
237 9071.931892
238 8866.081701
239 8155.979570
240 7792.557413
241 7811.604671
242 6949.424819
243 7407.627359
244 6422.755233
245 6713.341143
246 6022.210619
247 5514.891859
248 5557.264290
249 5162.779006
250 5253.731050
251 5400.342006
252 4921.357630
253 5478.895480
254 5720.495674
255 5388.487913
256 4910.026633
257 4943.233604
258 5181.440174
259 4515.992761
260 4027.102550
261 4206.642693
262 3879.313053
263 3511.069748
264 3764.391847
265 3053.407251
266 3244.759617
267 2988.631552
268 2730.660874
269 3048.393503
270 2852.887710
271 2909.196738
272 2664.207529
273 2681.415636
274 2457.278687
275 2232.217938
276 2126.260946
277 2064.071624
278 1928.980822
279 1972.420192
280 1887.461209
281 1897.308180
282 1928.607076
283 1855.822061
284 1744.555846
285 1628.810043
286 1659.424875
287 1489.272861
288 1444.751069
289 1456.258764
290 1422.948813
291 1305.446409
292 1260.174948
293 1295.692649
294 1217.303302
295 1161.533853
296 1252.177567
297 1179.596407
298 1057.962079
299 1034.872901
300 1025.658036
301 953.230948
302 898.770515
303 853.937674
304 825.344540
305 744.362409
306 729.193228
307 726.265445
308 707.874807
309 709.477370
310 711.103273
311 719.269988
312 700.177829
313 681.271846
314 632.160986
315 614.347219
316 563.666918
317 544.169690
318 545.292881
319 512.961505
320 509.256953
321 519.166347
322 509.409011
323 486.010439
324 450.029642
325 412.488253
326 437.950025
327 439.261290
328 418.214984
329 397.249444
330 377.141612
331 388.260805
332 401.513827
333 386.566265
334 369.449296
335 368.659161
336 367.236361
337 354.415697
338 323.028070
339 311.159695
340 309.917514
341 288.952750
342 269.739011
343 278.209565
344 268.260421
345 288.475125
346 276.051774
347 254.112727
348 261.032107
349 249.435219
350 251.421861
351 259.115350
352 240.977194
353 247.200409
354 238.128053
355 239.555106
356 226.379454
357 213.925946
358 208.060449
359 199.306636
360 200.230269
361 196.925348
362 186.002484
363 183.258742
364 176.152979
365 175.311360
366 173.693512
367 165.839130
368 168.937636
369 167.881934
370 160.904682
371 153.901761
372 154.513729
373 153.255607
374 150.160233
375 148.291509
376 143.754576
377 144.862804
378 133.255207
379 131.364416
380 128.352841
381 126.526577
382 126.615227
383 124.722057
384 121.229930
385 114.841622
386 115.960535
387 117.055003
388 108.692475
389 108.978947
390 106.691935
391 103.300853
392 104.773743
393 100.532588
394 100.629386
395 101.700345
396 96.294963
397 98.522766
398 96.050758
399 93.731584
400 92.325251
401 86.111012
402 86.983524
403 84.916481
404 85.384115
405 80.273170
406 80.916541
407 79.734162
408 78.413151
409 78.112245
410 78.164132
411 75.123773
412 72.802365
413 72.741475
414 70.698570
415 69.013000
416 68.851637
417 66.245878
418 65.037666
419 64.746029
420 62.907930
421 62.551961
422 61.399207
423 59.963980
424 59.287876
425 57.029893
426 56.334548
427 55.091784
428 53.962179
429 52.786706
430 51.963583
431 51.375048
432 50.195307
433 49.945416
434 48.220419
435 48.640716
436 47.081618
437 46.904871
438 46.034570
439 45.296728
440 44.712420
441 44.274119
442 43.185516
443 43.377895
444 43.051821
445 42.182753
446 41.712200
447 41.144273
448 40.981044
449 40.288856
450 39.927911
451 39.301519
452 39.225380
453 38.627554
454 38.126377
455 37.735465
456 37.542472
457 37.200065
458 36.768172
459 36.300409
460 36.139082
461 35.843825
462 35.370756
463 35.163030
464 34.839219
465 34.575462
466 34.229664
467 33.539338
468 33.411040
469 33.152092
470 32.812070
471 32.620241
472 32.296292
473 31.784867
474 31.787336
475 31.574877
476 31.218142
477 31.027550
478 30.824962
479 30.536093
480 30.366393
481 30.155636
482 29.959921
483 29.639382
484 29.482762
485 29.332384
486 29.154662
487 29.097688
488 28.975412
489 28.817160
490 28.688249
491 28.607427
492 28.475679
493 28.415455
494 28.351700
495 28.282613
496 28.224030
497 28.166195
498 28.121278
499 28.099876
500 28.087525
