1 inf
2 inf
3 inf
4 inf
5 inf
6 inf
7 inf
8 inf
9 inf
10 inf
11 inf
12 inf
13 inf
14 inf
15 inf
16 inf
17 inf
18 inf
19 inf
20 inf
21 inf
22 inf
23 inf
24 inf
25 inf
26 inf
27 inf
28 inf
29 inf
30 inf
31 inf
32 inf
33 inf
34 inf
35 inf
36 inf
37 inf
38 inf
39 inf
40 inf
41 inf
42 inf
43 inf
44 inf
45 inf
46 inf
47 inf
48 inf
49 inf
50 inf
51 inf
52 inf
53 inf
54 inf
55 inf
56 inf
57 inf
58 inf
59 inf
60 inf
61 inf
62 inf
63 353803468227931570115326826411250909603588034020113949961768824560530769830003193258505266269901124921819610952262767231146384249544160495386728841270784427192239109840723007313478693624470991417430942129834520750615415688468866686358479711471335013688302692376061509901252962707225536752109609207988224.000000
64 50263252133282076109224198570941314343078878403329069388351984766403545421288628669539196873006663791384603510550525157705796371352511520071259689935329283945167056377810805515612079029488519738164845521896037939561140764749302634115000118341469421084627573764259840.000000
65 162999324841623310876624543466786974895394018541920408510159016220685012884519003125765474153842205613572537168884027898325572112820850954962060558107684648668314987828987302275299689546501083747231820533894874937487275959595787404443648.000000
66 151925568730154644365710624087662401310371305814388193602020059098329669691057829438547720371060532000655454528618017738229191645149102020938724445737034426306708424958775750161288716489356305925931008.000000
67 151551496462809317561803097941044014615016042209739125197035606480064239899575359687312327927316440123041095287411739505594501520805573360299834744198830518960128.000000
68 39587329144858593031630704931420832365903886991414823831498810190538015204594150173693842369806842371153714222033591526334772830797824.000000
69 96559695801650565029728619095133159908372353299992413490757594672413480348077222443990318201027118249321431040.000000
70 44866881917690214879922286581841266973935617325450695064651424368792679904968704.000000
71 108129265091276607614790544114573681762697304080384.000000
72 1210664558886360.500000
73 42991.891493
74 36336.270730
75 29620.624924
76 25644.487022
77 22102.863217
78 19467.966047
79 17498.679453
80 15587.750839
81 13754.760876
82 12774.149145
83 11634.966625
84 10662.069090
85 9568.852582
86 8998.010608
87 8171.213074
88 7444.567995
89 6873.691415
90 6094.259472
91 5711.073474
92 5016.513393
93 4740.390944
94 4381.944541
95 4034.800821
96 3678.697709
97 3534.653773
98 3178.647514
99 2944.038617
100 2692.720691
101 2572.959187
102 2377.541932
103 2188.632629
104 1971.367718
105 1870.828957
106 1730.636320
107 1590.151346
108 1465.787409
109 1324.029355
110 1260.886739
111 1163.252739
112 1090.814357
113 1008.106091
114 936.558043
115 872.662881
116 813.325041
117 755.871102
118 690.160579
119 651.144148
120 586.389513
121 567.495688
122 523.631769
123 480.067630
124 447.202263
125 418.272544
126 389.120847
127 354.569406
128 326.767101
129 300.330404
130 274.314953
131 262.748677
132 244.762193
133 229.385335
134 213.668995
135 203.436044
136 186.875116
137 171.810053
138 163.472205
139 151.742023
140 141.883671
141 132.241100
142 121.754349
143 114.625917
144 107.208657
145 101.022889
146 94.593521
147 89.700360
148 82.823356
149 78.307029
150 73.685605
151 69.621094
152 65.377274
153 61.478799
154 57.452456
155 53.733726
156 50.488432
157 47.515371
158 45.233519
159 42.406280
160 39.901690
161 37.812944
162 35.718347
163 33.965029
164 31.402633
165 30.335916
166 28.368179
167 26.856916
168 25.624408
169 24.118410
170 23.017762
171 21.566439
172 20.552028
173 19.520051
174 18.188823
175 17.418968
176 16.455110
177 15.660881
178 14.931089
179 14.170274
180 13.511245
181 12.830009
182 12.179000
183 11.459177
184 10.881267
185 10.313805
186 9.854400
187 9.404653
188 8.860516
189 8.383026
190 8.061132
191 7.639563
192 7.316299
193 6.995011
194 6.645306
195 6.330343
196 6.060412
197 5.769803
198 5.520746
199 5.275888
200 5.013291
201 4.816229
202 4.555233
203 4.383317
204 4.190020
205 4.046047
206 3.875664
207 3.700144
208 3.563814
209 3.413880
210 3.293263
211 3.145693
212 3.022545
213 2.891464
214 2.792483
215 2.691714
216 2.588924
217 2.493418
218 2.379975
219 2.307133
220 2.222612
221 2.140082
222 2.060817
223 1.989356
224 1.910240
225 1.843309
226 1.770609
227 1.703472
228 1.645365
229 1.578269
230 1.532464
231 1.477683
232 1.429498
233 1.380073
234 1.332668
235 1.293195
236 1.251273
237 1.212224
238 1.178151
239 1.134322
240 1.095606
241 1.061632
242 1.029667
243 0.995413
244 0.964577
245 0.936178
246 0.908923
247 0.880697
248 0.855196
249 0.831704
250 0.811028
251 0.780203
252 0.760783
253 0.742084
254 0.717468
255 0.700868
256 0.681952
257 0.655799
258 0.634677
259 0.619843
260 0.604761
261 0.588024
262 0.571973
263 0.556804
264 0.542746
265 0.525663
266 0.513731
267 0.500094
268 0.485549
269 0.472046
270 0.461776
271 0.448789
272 0.437730
273 0.424592
274 0.416185
275 0.406305
276 0.396208
277 0.388922
278 0.379390
279 0.370227
280 0.361691
281 0.353036
282 0.344702
283 0.337679
284 0.330473
285 0.322704
286 0.314534
287 0.308351
288 0.300263
289 0.293552
290 0.288163
291 0.281646
292 0.275680
293 0.270173
294 0.263987
295 0.258357
296 0.252599
297 0.247014
298 0.241767
299 0.237276
300 0.232269
301 0.228437
302 0.223384
303 0.218700
304 0.214154
305 0.209743
306 0.205547
307 0.202309
308 0.197956
309 0.194549
310 0.191268
311 0.187250
312 0.183934
313 0.180539
314 0.177291
315 0.173880
316 0.170306
317 0.167370
318 0.164360
319 0.161646
320 0.158640
321 0.155632
322 0.152928
323 0.150616
324 0.148155
325 0.145549
326 0.143023
327 0.140870
328 0.138753
329 0.136099
330 0.133831
331 0.131670
332 0.129226
333 0.127195
334 0.125235
335 0.123064
336 0.121216
337 0.119335
338 0.117589
339 0.115672
340 0.113739
341 0.112075
342 0.110239
343 0.108864
344 0.107268
345 0.105557
346 0.104217
347 0.102780
348 0.101474
349 0.100035
350 0.098581
351 0.097029
352 0.095684
353 0.094180
354 0.092619
355 0.091469
356 0.090074
357 0.089113
358 0.087931
359 0.086714
360 0.085226
361 0.084484
362 0.083387
363 0.082164
364 0.081171
365 0.080204
366 0.079170
367 0.078206
368 0.077220
369 0.076262
370 0.075421
371 0.074564
372 0.073654
373 0.072738
374 0.071740
375 0.070995
376 0.070183
377 0.069297
378 0.068576
379 0.067705
380 0.066949
381 0.066309
382 0.065695
383 0.064937
384 0.064169
385 0.063530
386 0.062793
387 0.062222
388 0.061544
389 0.060917
390 0.060400
391 0.059874
392 0.059241
393 0.058726
394 0.058193
395 0.057752
396 0.057182
397 0.056570
398 0.056098
399 0.055626
400 0.055099
401 0.054659
402 0.054177
403 0.053689
404 0.053180
405 0.052801
406 0.052363
407 0.051935
408 0.051474
409 0.051188
410 0.050750
411 0.050350
412 0.049978
413 0.049573
414 0.049198
415 0.048842
416 0.048532
417 0.048149
418 0.047835
419 0.047506
420 0.047147
421 0.046821
422 0.046536
423 0.046207
424 0.045878
425 0.045574
426 0.045347
427 0.045057
428 0.044822
429 0.044542
430 0.044254
431 0.044021
432 0.043749
433 0.043516
434 0.043287
435 0.043005
436 0.042729
437 0.042503
438 0.042304
439 0.042080
440 0.041866
441 0.041636
442 0.041452
443 0.041226
444 0.041039
445 0.040854
446 0.040584
447 0.040465
448 0.040270
449 0.040129
450 0.039968
451 0.039803
452 0.039635
453 0.039470
454 0.039326
455 0.039163
456 0.039044
457 0.038865
458 0.038735
459 0.038617
460 0.038489
461 0.038375
462 0.038228
463 0.038113
464 0.037991
465 0.037888
466 0.037764
467 0.037665
468 0.037527
469 0.037414
470 0.037336
471 0.037232
472 0.037140
473 0.037064
474 0.036986
475 0.036914
476 0.036814
477 0.036750
478 0.036685
479 0.036616
480 0.036557
481 0.036488
482 0.036424
483 0.036374
484 0.036326
485 0.036276
486 0.036233
487 0.036191
488 0.036152
489 0.036106
490 0.036075
491 0.036048
492 0.036019
493 0.035992
494 0.035970
495 0.035950
496 0.035940
497 0.035926
498 0.035918
499 0.035912
500 0.035910
