1 inf
2 inf
3 inf
4 inf
5 inf
6 inf
7 inf
8 inf
9 inf
10 inf
11 inf
12 84086411228408701674660194714977470476025267386730118878142754375868390499319431410912047916615377065340379842177258917357540510715043829969358452515162459212404939244818934785812853912970687888821155189776508021003657080243717757892812568968075447101186825254548995937317390811953185318754058240.000000
13 4252873840152463914660985176395352014792169019320926727902390088790830520912751712674992655890811339536728216762845558612109631782069547118798965642827240633623139750097956372480.000000
14 97720630648806110796872555716712050810090445448039700456635832222471333871616.000000
15 16204.419670
16 14539.345602
17 14192.030359
18 14938.391526
19 14185.798264
20 11378.690029
21 10840.202012
22 9422.994557
23 10947.606831
24 11057.418728
25 9694.943807
26 10209.413375
27 8907.788214
28 8421.804854
29 7641.815861
30 6908.716907
31 6558.455674
32 5836.075484
33 5256.525776
34 5128.688378
35 4267.376533
36 4187.442466
37 3160.200866
38 2735.665288
39 2506.079002
40 2617.762445
41 2173.967999
42 2289.476711
43 2420.777093
44 2268.508989
45 2276.919920
46 2024.102129
47 1986.714660
48 1832.806993
49 1548.977881
50 1427.422816
51 1349.538054
52 1302.028651
53 1172.886505
54 1074.016908
55 991.157786
56 861.702929
57 809.839396
58 743.150162
59 638.949145
60 611.170186
61 560.212774
62 517.445709
63 471.355611
64 403.494880
65 400.828610
66 351.961979
67 325.146731
68 302.830174
69 252.307517
70 226.846705
71 208.151160
72 175.430217
73 180.218315
74 176.399121
75 170.550606
76 160.585989
77 145.339683
78 135.881083
79 126.696471
80 115.687723
81 102.331910
82 96.642274
83 89.839449
84 87.799148
85 72.893521
86 67.170895
87 61.043031
88 53.718734
89 48.360263
90 40.851474
91 35.596934
92 29.227222
93 26.578880
94 21.506194
95 20.867054
96 17.712284
97 16.034409
98 15.374308
99 14.581273
100 11.594231
101 10.277321
102 9.355024
103 7.498005
104 6.818099
105 6.368893
106 5.443414
107 4.705449
108 4.144319
109 3.601262
110 3.354976
111 3.082445
112 2.918935
113 2.554423
114 2.303650
115 2.157481
116 1.720681
117 1.533813
118 1.334100
119 1.203325
120 1.083788
121 1.033554
122 0.915886
123 0.836572
124 0.740562
125 0.597438
126 0.519198
127 0.463578
128 0.416594
129 0.360633
130 0.330806
131 0.304391
132 0.279209
133 0.247743
134 0.215030
135 0.198400
136 0.173654
137 0.152213
138 0.141349
139 0.135926
140 0.114739
141 0.106633
142 0.095550
143 0.087945
144 0.075884
145 0.067882
146 0.059678
147 0.053770
148 0.046812
149 0.043462
150 0.038933
151 0.035642
152 0.030947
153 0.027968
154 0.025056
155 0.021832
156 0.018950
157 0.016627
158 0.014981
159 0.013694
160 0.012046
161 0.010278
162 0.008887
163 0.007977
164 0.007184
165 0.006363
166 0.005506
167 0.004717
168 0.003946
169 0.003446
170 0.002977
171 0.002603
172 0.002255
173 0.001942
174 0.001750
175 0.001556
176 0.001360
177 0.001201
178 0.001076
179 0.000959
180 0.000842
181 0.000728
182 0.000638
183 0.000596
184 0.000503
185 0.000448
186 0.000378
187 0.000338
188 0.000298
189 0.000256
190 0.000226
191 0.000185
192 0.000168
193 0.000147
194 0.000130
195 0.000110
196 0.000096
197 0.000083
198 0.000073
199 0.000063
200 0.000055
201 0.000048
202 0.000042
203 0.000035
204 0.000030
205 0.000026
206 0.000023
207 0.000020
208 0.000016
209 0.000015
210 0.000012
211 0.000011
212 0.000009
213 0.000008
214 0.000007
215 0.000006
216 0.000005
217 0.000004
218 0.000004
219 0.000003
220 0.000003
221 0.000003
222 0.000002
223 0.000002
224 0.000002
225 0.000001
226 0.000001
227 0.000001
228 0.000001
229 0.000001
230 0.000001
231 0.000001
232 0.000000
233 0.000000
234 0.000000
235 0.000000
236 0.000000
237 0.000000
238 0.000000
239 0.000000
240 0.000000
241 0.000000
242 0.000000
243 0.000000
244 0.000000
245 0.000000
246 0.000000
247 0.000000
248 0.000000
249 0.000000
250 0.000000
251 0.000000
252 0.000000
253 0.000000
254 0.000000
255 0.000000
256 0.000000
257 0.000000
258 0.000000
259 0.000000
260 0.000000
261 0.000000
262 0.000000
263 0.000000
264 0.000000
265 0.000000
266 0.000000
267 0.000000
268 0.000000
269 0.000000
270 0.000000
271 0.000000
272 0.000000
273 0.000000
274 0.000000
275 0.000000
276 0.000000
277 0.000000
278 0.000000
279 0.000000
280 0.000000
281 0.000000
282 0.000000
283 0.000000
284 0.000000
285 0.000000
286 0.000000
287 0.000000
288 0.000000
289 0.000000
290 0.000000
291 0.000000
292 0.000000
293 0.000000
294 0.000000
295 0.000000
296 0.000000
297 0.000000
298 0.000000
299 0.000000
300 0.000000
301 0.000000
302 0.000000
303 0.000000
304 0.000000
305 0.000000
306 0.000000
307 0.000000
308 0.000000
309 0.000000
310 0.000000
311 0.000000
312 0.000000
313 0.000000
314 0.000000
315 0.000000
316 0.000000
317 0.000000
318 0.000000
319 0.000000
320 0.000000
321 0.000000
322 0.000000
323 0.000000
324 0.000000
325 0.000000
326 0.000000
327 0.000000
328 0.000000
329 0.000000
330 0.000000
331 0.000000
332 0.000000
333 0.000000
334 0.000000
335 0.000000
336 0.000000
337 0.000000
338 0.000000
339 0.000000
340 0.000000
341 0.000000
342 0.000000
343 0.000000
344 0.000000
345 0.000000
346 0.000000
347 0.000000
348 0.000000
349 0.000000
350 0.000000
351 0.000000
352 0.000000
353 0.000000
354 0.000000
355 0.000000
356 0.000000
357 0.000000
358 0.000000
359 0.000000
360 0.000000
361 0.000000
362 0.000000
363 0.000000
364 0.000000
365 0.000000
366 0.000000
367 0.000000
368 0.000000
369 0.000000
370 0.000000
371 0.000000
372 0.000000
373 0.000000
374 0.000000
375 0.000000
376 0.000000
377 0.000000
378 0.000000
379 0.000000
380 0.000000
381 0.000000
382 0.000000
383 0.000000
384 0.000000
385 0.000000
386 0.000000
387 0.000000
388 0.000000
389 0.000000
390 0.000000
391 0.000000
392 0.000000
393 0.000000
394 0.000000
395 0.000000
396 0.000000
397 0.000000
398 0.000000
399 0.000000
400 0.000000
401 0.000000
402 0.000000
403 0.000000
404 0.000000
405 0.000000
406 0.000000
407 0.000000
408 0.000000
409 0.000000
410 0.000000
411 0.000000
412 0.000000
413 0.000000
414 0.000000
415 0.000000
416 0.000000
417 0.000000
418 0.000000
419 0.000000
420 0.000000
421 0.000000
422 0.000000
423 0.000000
424 0.000000
425 0.000000
426 0.000000
427 0.000000
428 0.000000
429 0.000000
430 0.000000
431 0.000000
432 0.000000
433 0.000000
434 0.000000
435 0.000000
436 0.000000
437 0.000000
438 0.000000
439 0.000000
440 0.000000
441 0.000000
442 0.000000
443 0.000000
444 0.000000
445 0.000000
446 0.000000
447 0.000000
448 0.000000
449 0.000000
450 0.000000
451 0.000000
452 0.000000
453 0.000000
454 0.000000
455 0.000000
456 0.000000
457 0.000000
458 0.000000
459 0.000000
460 0.000000
461 0.000000
462 0.000000
463 0.000000
464 0.000000
465 0.000000
466 0.000000
467 0.000000
468 0.000000
469 0.000000
470 0.000000
471 0.000000
472 0.000000
473 0.000000
474 0.000000
475 0.000000
476 0.000000
477 0.000000
478 0.000000
479 0.000000
480 0.000000
481 0.000000
482 0.000000
483 0.000000
484 0.000000
485 0.000000
486 0.000000
487 0.000000
488 0.000000
489 0.000000
490 0.000000
491 0.000000
492 0.000000
493 0.000000
494 0.000000
495 0.000000
496 0.000000
497 0.000000
498 0.000000
499 0.000000
500 0.000000
