1 16404493.244010
2 26754087.624174
3 28093138.437959
4 27685792.275627
5 34136776.380440
6 45974633.673863
7 42266344.617129
8 45758270.274163
9 47967281.527269
10 50114623.656424
11 59434995.341985
12 58853430.969605
13 103543691.654148
14 76369347.983425
15 73982152.240666
16 136038083.458290
17 136696087.957611
18 186757415.990357
19 177422717.442658
20 224180736.614758
21 148869188.892683
22 188265642.660826
23 182067515.972637
24 195050097.830908
25 182018473.247228
26 258422491.193190
27 228831411.120344
28 214460479.428928
29 248889144.184300
30 309348855.037162
31 250839620.000187
32 303832728.716678
33 353921383.048447
34 359785390.892985
35 289592402.426292
36 250725097.021289
37 291533695.146068
38 344548779.101536
39 392703010.813327
40 354582626.435679
41 347363075.716082
42 351881049.130139
43 328291855.436522
44 477866451.328181
45 394251625.997459
46 388622681.414022
47 453306483.678032
48 567595923.032989
49 576263604.074740
50 471032320.437304
51 468920216.223797
52 418437223.221497
53 402567418.126017
54 472207351.544400
55 383728764.723586
56 404167850.766290
57 377907561.525204
58 394109616.912376
59 375795439.980705
60 303490002.436445
61 294818689.660732
62 401914104.204212
63 434123738.103149
64 431215384.566940
65 421558613.933272
66 393052938.681038
67 400616203.113384
68 353237293.209075
69 237711180.574590
70 350095072.349694
71 290389274.672853
72 262579039.222828
73 256653235.584962
74 250475907.428733
75 332351431.995807
76 281124529.636467
77 269445939.057580
78 292511898.519794
79 269214033.269946
80 212974992.067406
81 240588341.857674
82 264259562.451909
83 273364267.656370
84 298123071.706625
85 282769696.180117
86 257243258.939474
87 145287243.967518
88 187002719.292195
89 165116066.759592
90 158873557.092956
91 150044026.096076
92 174342194.616743
93 165262716.407653
94 150656033.729115
95 160591757.649031
96 172638140.829614
97 148237918.799589
98 183708626.830128
99 161378729.758029
100 165090448.341967
101 135501642.764613
102 116978460.575135
103 129496912.540977
104 136326175.194969
105 107562788.513073
106 127710230.016696
107 121531169.142248
108 130034941.069019
109 103931001.010993
110 92719759.187887
111 100253919.446953
112 77794141.982198
113 93860164.633892
114 99162776.099348
115 106281616.567220
116 93044034.163889
117 98089473.953200
118 78146837.780041
119 85250126.806005
120 75000198.199759
121 63087540.944116
122 70731873.953078
123 73576849.526546
124 67334435.900993
125 54955025.089018
126 42690268.786720
127 52627487.261946
128 49913745.434167
129 48149580.484611
130 52393709.897248
131 54292097.746722
132 51905540.973173
133 49556051.053143
134 56175981.232991
135 35981455.805613
136 50462443.727404
137 47709932.208162
138 43106574.059738
139 41298978.197367
140 50522730.831639
141 58334074.208349
142 52378773.902861
143 34154476.739446
144 41091100.603120
145 38886848.728192
146 36008016.359340
147 31846087.427555
148 28613903.791873
149 30797283.857432
150 32949930.475912
151 30173412.287865
152 28991828.076130
153 22727052.185426
154 27900711.553105
155 21405709.132174
156 24498692.629282
157 21913131.509623
158 24168806.097772
159 21746726.751449
160 16813925.062872
161 19107026.855764
162 14139774.290885
163 16921110.205078
164 14996387.080322
165 11292299.132509
166 11780009.341063
167 11644905.774330
168 13570724.558670
169 10643482.315088
170 7510238.430402
171 7339861.188711
172 7655378.250293
173 7306529.266935
174 6786276.080503
175 6019786.032764
176 7280066.003535
177 7127047.301044
178 6665318.426408
179 6890616.582938
180 5996966.556809
181 6349179.779191
182 5513945.499307
183 6029526.195748
184 5282044.609783
185 4935058.644407
186 4861794.715198
187 5218832.088361
188 4635664.970968
189 5386870.466264
190 4766319.721233
191 4132053.173763
192 4822161.677804
193 3744477.863056
194 4246876.178459
195 3161315.469417
196 3168301.385542
197 3385387.540104
198 3074723.693344
199 2883755.971986
200 2445434.008015
201 3277628.286543
202 3000314.482790
203 2787039.793936
204 2572596.258266
205 2619951.421852
206 2437008.037342
207 2489345.871635
208 2348836.363878
209 2251895.149790
210 2154129.209199
211 2233673.819606
212 1830992.749865
213 1961624.349180
214 1809110.635766
215 1531569.397799
216 1611624.133532
217 1530847.390207
218 1513263.331505
219 1516335.886569
220 1411278.413028
221 1332561.645063
222 1413616.013338
223 1309483.261381
224 1497894.247427
225 1191649.110926
226 1092942.221878
227 998645.563060
228 1057049.471102
229 1127607.480673
230 1128382.881009
231 1089490.149906
232 1087104.320380
233 951645.320144
234 970156.720788
235 870277.610247
236 919152.418913
237 811487.775553
238 803130.843881
239 645027.141647
240 587205.233586
241 694875.576333
242 616183.390209
243 650094.246611
244 560373.713371
245 662791.011230
246 658773.041265
247 595266.792041
248 591032.396387
249 566880.104828
250 534034.198398
251 474097.945119
252 464524.857172
253 459799.242397
254 496949.837129
255 502627.329178
256 470549.351618
257 472584.215723
258 466175.482742
259 444648.423671
260 431024.939094
261 383953.368651
262 397417.453546
263 431297.339312
264 278050.588631
265 339310.319573
266 291056.301262
267 257133.244723
268 267554.038974
269 283746.702712
270 284439.076077
271 276133.213338
272 271038.007285
273 249439.321150
274 250007.010948
275 295929.614265
276 246134.703815
277 235284.065533
278 213109.413978
279 241448.721830
280 214137.372011
281 218967.271885
282 217954.016895
283 189258.433141
284 195534.600486
285 181581.982715
286 184619.301355
287 201651.167584
288 170836.306239
289 183361.530603
290 171077.904523
291 174373.315725
292 174359.624738
293 161022.435381
294 150645.310355
295 143424.145144
296 130770.948851
297 127876.950152
298 125456.146455
299 112750.496773
300 129255.052718
301 118580.542071
302 127451.823502
303 128065.562146
304 111979.263073
305 125766.461115
306 113989.858907
307 121904.995345
308 114574.925789
309 107631.521200
310 101166.570827
311 100518.533571
312 104600.175536
313 101402.858988
314 101673.688986
315 85860.083551
316 92622.137320
317 93094.983568
318 102398.120180
319 92040.793772
320 88351.980907
321 88456.682551
322 90210.014820
323 84539.027864
324 79978.966851
325 78815.853279
326 76512.062293
327 78730.541151
328 78752.467122
329 81523.498231
330 81708.974874
331 81209.761216
332 80000.150678
333 67047.720648
334 63804.237373
335 66263.219539
336 65362.980115
337 66186.971224
338 65251.558554
339 61769.514364
340 58291.319579
341 60331.136604
342 58136.360193
343 55120.117160
344 53738.740370
345 55589.919760
346 54672.767067
347 52036.976923
348 51600.241527
349 49235.998262
350 49301.086884
351 47110.111314
352 45710.061620
353 47098.994007
354 45930.978632
355 45989.466639
356 44494.536291
357 43249.315382
358 44464.157223
359 41049.252486
360 39817.702395
361 39559.453806
362 40377.924564
363 39617.354522
364 37821.679087
365 37833.761816
366 35911.798545
367 34755.973189
368 36314.277576
369 36495.684921
370 33760.347328
371 33853.609121
372 33508.364079
373 31079.857851
374 30394.622005
375 28478.742771
376 28913.038757
377 28503.979556
378 28296.891940
379 27482.596242
380 27797.635634
381 26377.934126
382 26063.959605
383 27087.273125
384 27573.868536
385 26715.948834
386 26300.761130
387 25507.146886
388 26397.225717
389 25554.908855
390 24932.113963
391 25113.236835
392 24736.413125
393 24742.631427
394 24374.591025
395 22929.229453
396 23437.364301
397 22629.114350
398 22737.353290
399 21874.018738
400 22803.396552
401 20589.486718
402 21350.020138
403 20834.116898
404 20719.764543
405 20558.509939
406 19554.899509
407 19014.638329
408 19380.435150
409 19250.250677
410 19072.313016
411 18620.206463
412 18701.419095
413 18415.902757
414 17938.496547
415 17643.797658
416 17449.531834
417 17344.236065
418 16795.382917
419 16711.448592
420 16650.023864
421 16496.754537
422 15884.253662
423 15955.812879
424 15602.388444
425 15547.562521
426 15051.343629
427 14751.117242
428 14811.951160
429 14870.417695
430 14630.419134
431 14253.417919
432 14046.132954
433 14099.280205
434 13972.254086
435 13581.947251
436 13646.582931
437 13405.737561
438 13346.796612
439 13169.064163
440 12891.278278
441 12790.535880
442 12716.622792
443 12554.446395
444 12402.049075
445 12263.220495
446 12037.385165
447 11887.874763
448 11795.951454
449 11810.744272
450 11596.817756
451 11439.793507
452 11231.370804
453 11155.461176
454 11095.843432
455 11080.185783
456 10803.068368
457 10755.025582
458 10719.616573
459 10691.398129
460 10572.517016
461 10553.636095
462 10434.922476
463 10391.885193
464 10269.789985
465 10175.888639
466 10078.829719
467 10064.648387
468 9855.304728
469 9851.856630
470 9762.524841
471 9747.099323
472 9676.208922
473 9641.561830
474 9520.203836
475 9479.150736
476 9463.688746
477 9355.352041
478 9267.748937
479 9227.288532
480 9152.864604
481 9086.329384
482 9063.721869
483 9001.140100
484 8975.101492
485 8933.141665
486 8902.330258
487 8856.257417
488 8816.905664
489 8778.150844
490 8737.088880
491 8690.868525
492 8676.372864
493 8655.959497
494 8637.495864
495 8617.516547
496 8601.366931
497 8590.715391
498 8577.752423
499 8573.473959
500 8569.113426
