1 20084771.419286
2 16878060.714008
3 31113770.479702
4 60254138.444102
5 104248958.677200
6 91082003.554657
7 293559475.601715
8 379868937.605618
9 659524878.827040
10 1814202503.504394
11 1316927848.916173
12 3146517450.386881
13 5952090292.173978
14 7312722882.372694
15 6006235838.129179
16 12811826242.253319
17 15392576482.231318
18 29827899660.677593
19 33989181739.914066
20 55855024940.761192
21 90003144948.798035
22 99750597117.183807
23 180911923183.485687
24 261619774091.217224
25 358473533813.498718
26 882509833426.948975
27 1165904392274.301758
28 1806590186816.868164
29 2655252506631.998047
30 3709010487938.010254
31 7221901039921.490234
32 6406033951499.188477
33 9699081428402.988281
34 7798409318116.878906
35 6985319811761.684570
36 11928810466397.703125
37 17694917951002.800781
38 29753643159380.804688
39 33367010372805.128906
40 54127961390555.265625
41 72500456885235.875000
42 101318066691156.578125
43 166466771172105.125000
44 185939169728416.375000
45 258994281733818.843750
46 268404718341680.812500
47 393505386555393.187500
48 437338471050911.312500
49 490232523595546.375000
50 506761051791930.750000
51 716513162165115.750000
52 796329443293022.875000
53 1225329702588070.750000
54 1302311109646171.000000
55 2188671147832318.750000
56 1623664505419973.750000
57 2587291107877201.500000
58 2781936343384109.500000
59 4199769957903467.500000
60 4155127176965758.500000
61 3948724725148064.500000
62 3779906380192671.000000
63 3681703903638512.000000
64 6636085558125587.000000
65 8887370998077167.000000
66 9932984699201586.000000
67 10293885259136864.000000
68 10781125687066156.000000
69 9999308025940204.000000
70 9968818738096462.000000
71 17865543187295840.000000
72 20129695954520844.000000
73 19397877028878216.000000
74 18933881216759212.000000
75 26350126518406884.000000
76 29256369149324056.000000
77 20668344778260420.000000
78 37478370755284104.000000
79 38434878416224264.000000
80 32573234751999540.000000
81 32942603285750216.000000
82 30270263252131160.000000
83 38153336143082288.000000
84 38756341745626784.000000
85 26939394693183200.000000
86 31120364475036496.000000
87 54247045089383096.000000
88 72824856940476480.000000
89 40836085493105192.000000
90 82914330226589456.000000
91 52467320812975096.000000
92 50414191523642664.000000
93 72131794140846000.000000
94 103876868875893760.000000
95 78414577142647888.000000
96 71266253534559928.000000
97 80694831061171168.000000
98 104295170711804480.000000
99 124861546414311104.000000
100 113640024310968880.000000
101 98681063623804224.000000
102 81991693654734784.000000
103 73042012852065552.000000
104 93057676550255856.000000
105 72652910033378992.000000
106 57461764772735632.000000
107 88863159631471120.000000
108 75897044902372400.000000
109 73839500506593360.000000
110 107355454616017072.000000
111 69154484918781072.000000
112 88602713641041968.000000
113 53289383998900376.000000
114 92401507373411424.000000
115 76424389520910448.000000
116 104690239999144608.000000
117 86770984516222816.000000
118 84104188219416800.000000
119 81051101435368448.000000
120 49943145403587624.000000
121 60643173346373416.000000
122 44520713571579936.000000
123 40372886706335896.000000
124 34266043800640660.000000
125 31993746760987676.000000
126 34515810762030064.000000
127 28188620196628016.000000
128 25000460224328024.000000
129 25655523313876536.000000
130 19768898994406568.000000
131 18836179198894504.000000
132 20216016505328016.000000
133 18336324275126052.000000
134 18320389382781664.000000
135 18600960151915260.000000
136 19956901803086176.000000
137 21434725915466340.000000
138 15710508867809422.000000
139 10489797192198780.000000
140 13695565773750410.000000
141 14128449084706716.000000
142 11919752173497526.000000
143 10254771924757448.000000
144 9047692032482024.000000
145 5707896063649790.000000
146 4185813873929925.000000
147 3438813175760665.000000
148 2029361856771916.500000
149 3558842453078458.500000
150 1944027858280381.250000
151 1701366449067416.000000
152 1558375113847580.500000
153 924132928987739.625000
154 912397318046248.625000
155 914989543587206.125000
156 867926241421863.375000
157 910062218251490.125000
158 596985307007624.250000
159 558759297029045.500000
160 400034655641899.750000
161 378085059102778.062500
162 206027724746856.187500
163 305243906417437.562500
164 152805930049511.062500
165 165275773682318.281250
166 145035116497970.125000
167 118309114858373.187500
168 118142878387994.031250
169 105537180110429.468750
170 82627663238165.421875
171 71192647202522.234375
172 51595674184081.187500
173 26688840360930.964844
174 19560022393140.960938
175 14558812797729.662109
176 15868251520069.574219
177 12093535005825.304688
178 6717719381164.647461
179 7631422255469.772461
180 3732468480520.907715
181 3821350278258.740723
182 2812137940497.791504
183 2949524134752.894043
184 1743507187190.572510
185 1503929855121.052490
186 808199634953.075073
187 964543812095.855225
188 691936929689.569458
189 447177791548.503052
190 471942163401.196289
191 216978312180.066406
192 171375366804.873199
193 124828691624.584717
194 106701815348.954697
195 89292577306.883286
196 79172740765.337479
197 55513948987.810905
198 50355982778.722481
199 32721827721.644085
200 23334063581.525837
201 18247473254.403019
202 12150922311.545534
203 9668068956.763823
204 6139305096.285472
205 6706245637.516681
206 3585025203.610547
207 2769219331.073549
208 2558910649.164807
209 2042165848.965689
210 1100987037.004843
211 997341636.268767
212 718035914.207515
213 441662931.305928
214 315323512.612671
215 266895572.522773
216 206669991.063473
217 138297075.846154
218 97073703.114687
219 79853115.803078
220 59296777.173441
221 32977103.566126
222 30607833.321969
223 13847081.162940
224 12979169.988537
225 11694668.442612
226 7876343.608483
227 3978826.651290
228 2327159.975705
229 2188480.814884
230 742618.324597
231 629796.391343
232 504478.167381
233 354509.277905
234 208742.652973
235 200447.364156
236 134858.252125
237 102442.518067
238 63419.951164
239 37966.571248
240 28266.430974
241 19214.235302
242 14338.821355
243 8566.573596
244 5550.099945
245 3718.462448
246 2898.282867
247 1932.592516
248 919.253032
249 831.229245
250 381.122917
251 308.968102
252 230.988287
253 133.569041
254 109.504854
255 59.820147
256 37.421900
257 27.364942
258 15.683847
259 12.333374
260 7.411771
261 5.469303
262 3.095491
263 2.102342
264 1.235374
265 0.796747
266 0.578462
267 0.355991
268 0.244399
269 0.107101
270 0.086436
271 0.047382
272 0.033562
273 0.021946
274 0.014121
275 0.007450
276 0.004852
277 0.003560
278 0.002392
279 0.001231
280 0.000768
281 0.000374
282 0.000175
283 0.000095
284 0.000056
285 0.000029
286 0.000019
287 0.000010
288 0.000007
289 0.000004
290 0.000002
291 0.000001
292 0.000001
293 0.000000
294 0.000000
295 0.000000
296 0.000000
297 0.000000
298 0.000000
299 0.000000
300 0.000000
301 0.000000
302 0.000000
303 0.000000
304 0.000000
305 0.000000
306 0.000000
307 0.000000
308 0.000000
309 0.000000
310 0.000000
311 0.000000
312 0.000000
313 0.000000
314 0.000000
315 0.000000
316 0.000000
317 0.000000
318 0.000000
319 0.000000
320 0.000000
321 0.000000
322 0.000000
323 0.000000
324 0.000000
325 0.000000
326 0.000000
327 0.000000
328 0.000000
329 0.000000
330 0.000000
331 0.000000
332 0.000000
333 0.000000
334 0.000000
335 0.000000
336 0.000000
337 0.000000
338 0.000000
339 0.000000
340 0.000000
341 0.000000
342 0.000000
343 0.000000
344 0.000000
345 0.000000
346 0.000000
347 0.000000
348 0.000000
349 0.000000
350 0.000000
351 0.000000
352 0.000000
353 0.000000
354 0.000000
355 0.000000
356 0.000000
357 0.000000
358 0.000000
359 0.000000
360 0.000000
361 0.000000
362 0.000000
363 0.000000
364 0.000000
365 0.000000
366 0.000000
367 0.000000
368 0.000000
369 0.000000
370 0.000000
371 0.000000
372 0.000000
373 0.000000
374 0.000000
375 0.000000
376 0.000000
377 0.000000
378 0.000000
379 0.000000
380 0.000000
381 0.000000
382 0.000000
383 0.000000
384 0.000000
385 0.000000
386 0.000000
387 0.000000
388 0.000000
389 0.000000
390 0.000000
391 0.000000
392 0.000000
393 0.000000
394 0.000000
395 0.000000
396 0.000000
397 0.000000
398 0.000000
399 0.000000
400 0.000000
401 0.000000
402 0.000000
403 0.000000
404 0.000000
405 0.000000
406 0.000000
407 0.000000
408 0.000000
409 0.000000
410 0.000000
411 0.000000
412 0.000000
413 0.000000
414 0.000000
415 0.000000
416 0.000000
417 0.000000
418 0.000000
419 0.000000
420 0.000000
421 0.000000
422 0.000000
423 0.000000
424 0.000000
425 0.000000
426 0.000000
427 0.000000
428 0.000000
429 0.000000
430 0.000000
431 0.000000
432 0.000000
433 0.000000
434 0.000000
435 0.000000
436 0.000000
437 0.000000
438 0.000000
439 0.000000
440 0.000000
441 0.000000
442 0.000000
443 0.000000
444 0.000000
445 0.000000
446 0.000000
447 0.000000
448 0.000000
449 0.000000
450 0.000000
451 0.000000
452 0.000000
453 0.000000
454 0.000000
455 0.000000
456 0.000000
457 0.000000
458 0.000000
459 0.000000
460 0.000000
461 0.000000
462 0.000000
463 0.000000
464 0.000000
465 0.000000
466 0.000000
467 0.000000
468 0.000000
469 0.000000
470 0.000000
471 0.000000
472 0.000000
473 0.000000
474 0.000000
475 0.000000
476 0.000000
477 0.000000
478 0.000000
479 0.000000
480 0.000000
481 0.000000
482 0.000000
483 0.000000
484 0.000000
485 0.000000
486 0.000000
487 0.000000
488 0.000000
489 0.000000
490 0.000000
491 0.000000
492 0.000000
493 0.000000
494 0.000000
495 0.000000
496 0.000000
497 0.000000
498 0.000000
499 0.000000
500 0.000000
