1 inf
2 inf
3 inf
4 inf
5 inf
6 inf
7 inf
8 inf
9 inf
10 inf
11 inf
12 inf
13 inf
14 inf
15 inf
16 inf
17 inf
18 inf
19 inf
20 inf
21 inf
22 inf
23 inf
24 inf
25 inf
26 inf
27 inf
28 inf
29 inf
30 inf
31 inf
32 inf
33 inf
34 inf
35 inf
36 inf
37 inf
38 inf
39 inf
40 inf
41 inf
42 inf
43 inf
44 inf
45 inf
46 inf
47 inf
48 inf
49 inf
50 inf
51 inf
52 inf
53 231055537539981333041165307919462350676744731744341836324472916592050491770426177044279788918344755690380064438972692517524336377678573712549452555630179125714216296398492365733652609238748264655493231954591260616898715026744898371663679064024969775590096688536969839642226265014716015288479085152436224.000000
54 184654928134056799792979258954699814054286182253853016014281299084340297233480420041075242093757116332496013053053232832974282935863485994228565619563069373027360637367104990557636468943196326783506319399816633829969314300216716997058375593327954428828403568992617696860106018812592128.000000
55 71132507992433639130980093313621852154291713588492457654610738579756032311124873881454472205096955194160168501695536438236971956550719109010020075318073548164347560792958479207737673098549263618243694717321794221467261129056858487902714451232043413945219658285056.000000
56 19539972724177777590782592417632503484779183329967630497803190254282155374166027744046897516730837740644716750148834970877918485733962357318895137360412731827125708984861491877189301438279753523352488074111558769340629631143839099749662720.000000
57 13868299689592176703794729104575264952891078989491113137668573948545369704726546933205254503355416932982819982879955421434288560881094900306538724826428097497985020009803578759896365494450074352751042240885502468821125401935872.000000
58 411004484537582970086097370150921192801012926330737346612793252501859211491840728074812980894123732333435080548156560871988625262013717965753563492971803364267892390369975412190139742872917608588855547037139075072.000000
59 2735231265407078435784036520131744717256302446339219823969095420049037572898934918686971105300082252163447521017083025883333866654147044033756504100328441753387672250158618722997226176512.000000
60 4912252093869567206242745830740501561405116554289514360966829157227842221650791085986588925470683882646052511333337832331362686832961450527934230678799070787332787810405974016.000000
61 407289535941914810895630277760231770457543667849011849073860436165204102245699209169991093175122565020062337199762507219592003922085434471355398110576640.000000
62 6988699622013249059267566236578590125901771053139338987518126301643171838971719385350412393575918777799041392397800129851965452910067712.000000
63 20878633440710374482891924892656482839382185279495584545278434125316409821097664157959683258627692047458341887148032.000000
64 2859783199035051699825416565668442756962892834206976695422626107873715277428887067703272838702941989765120.000000
65 66260861798302932977405852226562361120178102826275647289813618356045054475605502853120.000000
66 22953552739350547551181448904083129387499654363391565711420804447600640.000000
67 181674461224889899229426266442230769857669160239104.000000
68 36172956928538373015818408558592.000000
69 402236.815973
70 12471.302947
71 8673.605361
72 7630.702409
73 6687.932165
74 5932.623015
75 5138.105545
76 4294.875552
77 3887.274282
78 3411.043218
79 3064.319177
80 2810.428607
81 2348.952153
82 2146.166064
83 1887.030968
84 1692.480848
85 1560.982002
86 1416.985699
87 1300.586130
88 1193.039546
89 1029.500373
90 956.202704
91 876.267145
92 786.335197
93 702.731529
94 646.099413
95 596.788260
96 522.968475
97 487.029068
98 441.166867
99 411.052338
100 372.826878
101 336.131457
102 302.300652
103 272.591606
104 248.746547
105 228.181530
106 199.966317
107 188.644499
108 170.612131
109 151.065133
110 138.077455
111 124.786830
112 111.488554
113 105.043606
114 91.350780
115 86.876081
116 76.508363
117 68.540090
118 64.531127
119 59.808347
120 54.437000
121 50.009815
122 45.985632
123 41.556076
124 38.205570
125 35.595842
126 32.758346
127 29.550543
128 26.478528
129 24.793565
130 22.254938
131 20.590590
132 18.946430
133 16.996938
134 15.733486
135 14.191438
136 13.198914
137 12.163581
138 11.246096
139 10.328392
140 9.438182
141 8.809391
142 8.014489
143 7.424858
144 6.829769
145 6.202451
146 5.837925
147 5.337335
148 4.961655
149 4.587699
150 4.203644
151 3.872269
152 3.604256
153 3.306436
154 3.092457
155 2.885283
156 2.692407
157 2.514378
158 2.297440
159 2.151133
160 2.007013
161 1.863323
162 1.728140
163 1.610681
164 1.507854
165 1.376912
166 1.297237
167 1.199888
168 1.131227
169 1.029451
170 0.977245
171 0.901919
172 0.848813
173 0.791517
174 0.738844
175 0.695374
176 0.640466
177 0.586330
178 0.551712
179 0.519473
180 0.481796
181 0.449843
182 0.420374
183 0.392492
184 0.361331
185 0.342118
186 0.322040
187 0.304181
188 0.284760
189 0.267304
190 0.251209
191 0.236850
192 0.223019
193 0.208757
194 0.196126
195 0.186614
196 0.175352
197 0.163702
198 0.155217
199 0.146612
200 0.138504
201 0.130775
202 0.124599
203 0.116566
204 0.111564
205 0.105253
206 0.099904
207 0.092614
208 0.088562
209 0.084840
210 0.079777
211 0.075824
212 0.071473
213 0.068248
214 0.064242
215 0.060515
216 0.057355
217 0.054467
218 0.051796
219 0.049455
220 0.047093
221 0.045030
222 0.042663
223 0.040435
224 0.038476
225 0.036643
226 0.035103
227 0.033640
228 0.032196
229 0.030908
230 0.029193
231 0.028298
232 0.027030
233 0.025735
234 0.024615
235 0.023530
236 0.022503
237 0.021528
238 0.020678
239 0.019736
240 0.019046
241 0.018315
242 0.017375
243 0.016639
244 0.016055
245 0.015411
246 0.014821
247 0.014199
248 0.013729
249 0.013243
250 0.012743
251 0.012238
252 0.011856
253 0.011433
254 0.010986
255 0.010568
256 0.010157
257 0.009858
258 0.009529
259 0.009183
260 0.008896
261 0.008599
262 0.008309
263 0.007943
264 0.007744
265 0.007488
266 0.007238
267 0.007005
268 0.006741
269 0.006543
270 0.006317
271 0.006123
272 0.005903
273 0.005705
274 0.005537
275 0.005369
276 0.005214
277 0.005038
278 0.004837
279 0.004691
280 0.004573
281 0.004438
282 0.004270
283 0.004186
284 0.004027
285 0.003935
286 0.003807
287 0.003708
288 0.003615
289 0.003517
290 0.003414
291 0.003325
292 0.003225
293 0.003129
294 0.003040
295 0.002966
296 0.002887
297 0.002804
298 0.002708
299 0.002642
300 0.002571
301 0.002493
302 0.002414
303 0.002373
304 0.002314
305 0.002255
306 0.002194
307 0.002135
308 0.002084
309 0.002023
310 0.001979
311 0.001934
312 0.001889
313 0.001845
314 0.001793
315 0.001753
316 0.001714
317 0.001675
318 0.001632
319 0.001590
320 0.001555
321 0.001519
322 0.001489
323 0.001450
324 0.001423
325 0.001390
326 0.001367
327 0.001339
328 0.001309
329 0.001283
330 0.001255
331 0.001227
332 0.001200
333 0.001174
334 0.001151
335 0.001130
336 0.001104
337 0.001085
338 0.001060
339 0.001040
340 0.001019
341 0.000996
342 0.000979
343 0.000963
344 0.000938
345 0.000926
346 0.000911
347 0.000890
348 0.000871
349 0.000857
350 0.000837
351 0.000826
352 0.000814
353 0.000800
354 0.000786
355 0.000774
356 0.000762
357 0.000747
358 0.000735
359 0.000723
360 0.000712
361 0.000700
362 0.000686
363 0.000676
364 0.000665
365 0.000656
366 0.000644
367 0.000635
368 0.000625
369 0.000616
370 0.000606
371 0.000596
372 0.000589
373 0.000580
374 0.000572
375 0.000564
376 0.000555
377 0.000548
378 0.000539
379 0.000531
380 0.000524
381 0.000516
382 0.000509
383 0.000504
384 0.000497
385 0.000490
386 0.000482
387 0.000476
388 0.000471
389 0.000465
390 0.000459
391 0.000453
392 0.000447
393 0.000442
394 0.000436
395 0.000430
396 0.000426
397 0.000421
398 0.000416
399 0.000411
400 0.000406
401 0.000401
402 0.000398
403 0.000393
404 0.000389
405 0.000385
406 0.000380
407 0.000376
408 0.000372
409 0.000368
410 0.000365
411 0.000361
412 0.000357
413 0.000354
414 0.000350
415 0.000346
416 0.000343
417 0.000340
418 0.000336
419 0.000334
420 0.000330
421 0.000327
422 0.000325
423 0.000321
424 0.000319
425 0.000316
426 0.000314
427 0.000311
428 0.000309
429 0.000307
430 0.000304
431 0.000302
432 0.000300
433 0.000297
434 0.000294
435 0.000292
436 0.000290
437 0.000288
438 0.000286
439 0.000284
440 0.000283
441 0.000281
442 0.000279
443 0.000277
444 0.000275
445 0.000273
446 0.000272
447 0.000270
448 0.000269
449 0.000267
450 0.000266
451 0.000264
452 0.000263
453 0.000261
454 0.000260
455 0.000259
456 0.000258
457 0.000256
458 0.000255
459 0.000254
460 0.000253
461 0.000252
462 0.000251
463 0.000250
464 0.000249
465 0.000248
466 0.000247
467 0.000246
468 0.000245
469 0.000244
470 0.000243
471 0.000243
472 0.000242
473 0.000241
474 0.000241
475 0.000240
476 0.000239
477 0.000239
478 0.000238
479 0.000237
480 0.000237
481 0.000236
482 0.000236
483 0.000235
484 0.000235
485 0.000235
486 0.000234
487 0.000234
488 0.000234
489 0.000233
490 0.000233
491 0.000233
492 0.000232
493 0.000232
494 0.000232
495 0.000232
496 0.000232
497 0.000232
498 0.000232
499 0.000232
500 0.000231
