1 56686064.334195
2 167220643.841747
3 351003824.314665
4 771495108.689261
5 1260169809.115261
6 3271814011.318326
7 4142260282.105517
8 8772931286.943230
9 13498095718.267481
10 25347492839.805496
11 34521550311.006523
12 54909724362.547417
13 110235237061.083557
14 139040698107.525879
15 156102519465.904236
16 357137999118.191284
17 712904190333.871826
18 1137209873008.471680
19 1842051539911.471680
20 4272869976336.227539
21 4692032986948.110352
22 7400318378836.256836
23 13001319626813.783203
24 22988167568540.472656
25 31473025498839.148438
26 41124404179045.460938
27 88243347217256.062500
28 123915353265264.046875
29 190419540038666.593750
30 140843532044782.593750
31 430876075559551.875000
32 489298218352958.125000
33 439933067615353.875000
34 1051625772056010.250000
35 2470886139232569.500000
36 3078403398414048.500000
37 3807752895391777.500000
38 7874271330917650.000000
39 7335574490389356.000000
40 15795199549743326.000000
41 25060941411556252.000000
42 21644811393167960.000000
43 38547925978966232.000000
44 47090437514546744.000000
45 91344425723723040.000000
46 114766634320773888.000000
47 168204551252858176.000000
48 245488198358610272.000000
49 288665378730054016.000000
50 399720165097061888.000000
51 432302685300798208.000000
52 539966316116077376.000000
53 612622926224781056.000000
54 814972061910584064.000000
55 710819109618601600.000000
56 584421329783236096.000000
57 1061117770255643392.000000
58 1159638564746588416.000000
59 1450316670529441792.000000
60 1686265563389197824.000000
61 2221408289564382208.000000
62 2568429768744821760.000000
63 3529242484654596608.000000
64 3609262417821173760.000000
65 4335101676336366592.000000
66 5603417220344965120.000000
67 5012363711483235328.000000
68 5298202576485585920.000000
69 10489230135851014144.000000
70 9045530531386477568.000000
71 14835336579847110656.000000
72 24815782343783075840.000000
73 31716782916460908544.000000
74 35711466849143574528.000000
75 41893578667003494400.000000
76 55232964750472609792.000000
77 46066048536464441344.000000
78 57143130183615471616.000000
79 78091518765872447488.000000
80 77845556662368010240.000000
81 104301960846444363776.000000
82 135890359510153003008.000000
83 111530566120966864896.000000
84 128448592781325991936.000000
85 155130446526942674944.000000
86 202234313324713967616.000000
87 186814368697112264704.000000
88 181157849789518643200.000000
89 205499656977361731584.000000
90 406207174778836221952.000000
91 431814950224084467712.000000
92 566100571054454734848.000000
93 454375148767954862080.000000
94 297227920459312005120.000000
95 555147419075524624384.000000
96 482945392663364567040.000000
97 652703010352829169664.000000
98 623677650959227027456.000000
99 752166782915280240640.000000
100 685772078672759095296.000000
101 743512692839767343104.000000
102 888314254680532451328.000000
103 1506810292134007799808.000000
104 1892107239754708025344.000000
105 2052010544020872757248.000000
106 1440426897640741142528.000000
107 2230103460997356322816.000000
108 1673279401174143074304.000000
109 2707133966023757135872.000000
110 2136833827368860909568.000000
111 3228914372708663820288.000000
112 2230695307775957794816.000000
113 2702023116623252553728.000000
114 2876986475657664397312.000000
115 3049401712837593137152.000000
116 2876251204636034727936.000000
117 2242891272193649934336.000000
118 2361706795562138861568.000000
119 1928422091567208857600.000000
120 2632362217374986272768.000000
121 2206627957324172492800.000000
122 2487602614429521805312.000000
123 3247741739875251519488.000000
124 2825971336228950769664.000000
125 3611566917176362795008.000000
126 3664261540950006300672.000000
127 2363789469068246908928.000000
128 3982434853791961448448.000000
129 3197208404569177456640.000000
130 3909391359719678410752.000000
131 4224849826006726344704.000000
132 2551553074609543184384.000000
133 3643403247032727502848.000000
134 4035232208749948043264.000000
135 4185774256507493285888.000000
136 4640619791438523662336.000000
137 4936112774588016885760.000000
138 1935503773632456294400.000000
139 2192039785031837679616.000000
140 2223621811030393618432.000000
141 1972047776052809826304.000000
142 2136275341415103070208.000000
143 1618310765486362591232.000000
144 1856471703953931763712.000000
145 1684929280835748102144.000000
146 989971419075522854912.000000
147 1033003306801557012480.000000
148 1216111222339476652032.000000
149 889848315498746216448.000000
150 777938431008852410368.000000
151 736612439102301274112.000000
152 701589702595722477568.000000
153 920794439707471904768.000000
154 830420668261452349440.000000
155 815036235581278650368.000000
156 566830092693215969280.000000
157 519810739444026703872.000000
158 485228058416109780992.000000
159 549493658104550457344.000000
160 581774454707783139328.000000
161 578963960817209573376.000000
162 512956002809760972800.000000
163 364555753432852267008.000000
164 388168515508983300096.000000
165 364855922040406671360.000000
166 430490335579723661312.000000
167 225032551388191358976.000000
168 188454934578056462336.000000
169 134507732873916432384.000000
170 117849919282801295360.000000
171 97526578899186941952.000000
172 77917406306333868032.000000
173 108904234260952596480.000000
174 112369824927496552448.000000
175 121149237394867339264.000000
176 79389823690050945024.000000
177 83572048946392580096.000000
178 57528845291412062208.000000
179 56333030808836227072.000000
180 48809016580687306752.000000
181 57397837912041725952.000000
182 37122331989525233664.000000
183 35478131416980525056.000000
184 26621411291252305920.000000
185 20200323236643303424.000000
186 16595657956475623424.000000
187 13008601733497626624.000000
188 14770301721162549248.000000
189 15044836471131717632.000000
190 12486414697357449216.000000
191 9597629777337137152.000000
192 7566777576292509696.000000
193 7181913546626279424.000000
194 5447443443676551168.000000
195 5154304693899530240.000000
196 4818179317379958784.000000
197 5008512743352689664.000000
198 3340090343788214272.000000
199 2992893937018724864.000000
200 2645301640541260288.000000
201 2337180551096699904.000000
202 1865138348766800384.000000
203 1364627973239412992.000000
204 1133597939654570112.000000
205 1248355673068766976.000000
206 880332171961588992.000000
207 739129939805283200.000000
208 731604743100829056.000000
209 653767862809472128.000000
210 560248444794722752.000000
211 466099753560026496.000000
212 430938425713007872.000000
213 370360083359982208.000000
214 342485939396968320.000000
215 287415822959449856.000000
216 237634102466513120.000000
217 262600773038511744.000000
218 196203167290006016.000000
219 142870537134343328.000000
220 113984627998517520.000000
221 84086620272744992.000000
222 62260605821546472.000000
223 49862619790788864.000000
224 33954123823696284.000000
225 35380118920784580.000000
226 33590445296080208.000000
227 20649966565536188.000000
228 16809413377513512.000000
229 11801270960535086.000000
230 8762836217239809.000000
231 7687398827089706.000000
232 6708799671762669.000000
233 5450224546277677.000000
234 3945145564309067.500000
235 3578529352407695.000000
236 2597244175875340.500000
237 1736893244660170.250000
238 1662073030123452.750000
239 1383332492489999.750000
240 995753527367994.375000
241 627574987284037.375000
242 490429289983126.562500
243 405198626948760.312500
244 243344051830461.218750
245 181312880268487.031250
246 184607699002343.468750
247 139116341277304.687500
248 107550713685927.406250
249 90907551678374.703125
250 73165150424557.109375
251 51618645410699.039062
252 42589072657303.648438
253 39311644827042.484375
254 31074975724985.179688
255 25614073473514.398438
256 18146398085753.097656
257 15712295507016.712891
258 10896176692079.941406
259 9093864315908.173828
260 7226588292439.391602
261 5467878388664.249023
262 4163047031136.504395
263 2140178262836.022705
264 1474582146707.952637
265 1383898132738.823975
266 842750954077.305908
267 812890187143.947876
268 647431929160.147461
269 475214836295.024536
270 369556753237.039185
271 314374129009.037842
272 247825597101.734985
273 193245768768.476379
274 160247988859.637177
275 123386158251.820938
276 92843108845.626419
277 91202984366.429047
278 56975344731.858711
279 47981136685.142952
280 31277220613.637497
281 30896338684.725384
282 21492810423.033520
283 17718753461.107571
284 13495765115.698307
285 11209544983.793871
286 6769325220.608107
287 5059988102.464961
288 3929975850.587487
289 2965337121.315794
290 2258053041.568739
291 2006768421.422258
292 1304717007.450637
293 1115078601.350205
294 955189942.023563
295 774496374.656554
296 519328707.266691
297 403875522.994954
298 272672923.047678
299 222595838.939607
300 169119908.787468
301 145765306.405801
302 118281066.063700
303 102405262.301508
304 84109968.974682
305 57840190.245765
306 44845791.534040
307 38710581.931508
308 32514769.383107
309 26140667.688744
310 19279780.928407
311 15862715.120507
312 11552265.583563
313 8900879.658433
314 4643322.677222
315 3571404.755323
316 3228721.591265
317 2805541.353234
318 2160925.792366
319 1624932.658699
320 1296721.592325
321 915544.532135
322 846031.889548
323 624821.431108
324 487936.894155
325 413225.256317
326 300665.087934
327 256078.771260
328 213086.413487
329 170768.371672
330 136445.765945
331 113646.998986
332 94471.122428
333 81088.499317
334 69282.678933
335 51134.413001
336 40891.297702
337 29429.109992
338 26671.301560
339 18652.307744
340 13821.245150
341 9871.199949
342 7804.297888
343 6158.133813
344 4410.333761
345 4105.118437
346 2884.360811
347 2538.426962
348 1889.780454
349 1297.029058
350 1068.846978
351 822.972912
352 704.157686
353 579.141977
354 470.236184
355 369.677758
356 277.466130
357 228.582075
358 175.413287
359 129.512551
360 102.017410
361 81.707448
362 72.783847
363 55.110909
364 43.047903
365 35.686120
366 27.369143
367 18.224785
368 13.919555
369 12.194973
370 9.511532
371 7.614370
372 6.038079
373 4.947899
374 3.897826
375 3.450251
376 2.383473
377 2.095856
378 1.741164
379 1.348275
380 1.004180
381 0.771178
382 0.636692
383 0.569053
384 0.397334
385 0.373322
386 0.296092
387 0.255318
388 0.206855
389 0.166335
390 0.136305
391 0.110654
392 0.084575
393 0.066522
394 0.049399
395 0.042004
396 0.033563
397 0.026323
398 0.022029
399 0.018118
400 0.013315
401 0.011646
402 0.009591
403 0.007358
404 0.006311
405 0.004934
406 0.003819
407 0.003099
408 0.002674
409 0.002035
410 0.001732
411 0.001385
412 0.001204
413 0.000944
414 0.000765
415 0.000606
416 0.000527
417 0.000411
418 0.000341
419 0.000283
420 0.000230
421 0.000188
422 0.000149
423 0.000127
424 0.000098
425 0.000078
426 0.000065
427 0.000054
428 0.000043
429 0.000034
430 0.000027
431 0.000022
432 0.000018
433 0.000014
434 0.000012
435 0.000010
436 0.000008
437 0.000006
438 0.000005
439 0.000004
440 0.000003
441 0.000003
442 0.000002
443 0.000002
444 0.000001
445 0.000001
446 0.000001
447 0.000001
448 0.000001
449 0.000001
450 0.000000
451 0.000000
452 0.000000
453 0.000000
454 0.000000
455 0.000000
456 0.000000
457 0.000000
458 0.000000
459 0.000000
460 0.000000
461 0.000000
462 0.000000
463 0.000000
464 0.000000
465 0.000000
466 0.000000
467 0.000000
468 0.000000
469 0.000000
470 0.000000
471 0.000000
472 0.000000
473 0.000000
474 0.000000
475 0.000000
476 0.000000
477 0.000000
478 0.000000
479 0.000000
480 0.000000
481 0.000000
482 0.000000
483 0.000000
484 0.000000
485 0.000000
486 0.000000
487 0.000000
488 0.000000
489 0.000000
490 0.000000
491 0.000000
492 0.000000
493 0.000000
494 0.000000
495 0.000000
496 0.000000
497 0.000000
498 0.000000
499 0.000000
500 0.000000
