1 inf
2 inf
3 inf
4 inf
5 inf
6 inf
7 inf
8 inf
9 inf
10 inf
11 inf
12 inf
13 inf
14 inf
15 inf
16 inf
17 inf
18 inf
19 inf
20 inf
21 inf
22 inf
23 inf
24 inf
25 inf
26 inf
27 inf
28 inf
29 inf
30 inf
31 inf
32 inf
33 inf
34 inf
35 inf
36 inf
37 inf
38 inf
39 inf
40 inf
41 inf
42 inf
43 inf
44 inf
45 inf
46 inf
47 inf
48 inf
49 inf
50 inf
51 inf
52 123823794748068499665162826577353499645827843473370466977076649470809782016740595516812391863505415960489543991640728647447213340676829719415447422840810123835640573408021424373017312119275512572640296239771945345333930058644437450687635257683557000725571963439884204049948832102476499817854460662586015744.000000
53 1641519605462867285689479360033476279354043202888235665479316061853903260649304023856926329869493594696270393799735082688167591747574519109149642872583378247303443768125987334229110967472060030860497811404548843662520291105630198202783262680731034501600249954202139605834384915638733548552192.000000
54 4744152642712731867184726590650286540495292971738494116012292311767940482136086210602037268393398292296149580643155011611734447735022960121794351835017170997894846667370416210507829476665415178663242627944568735254993880001327163299702705878808698218257109680333520896.000000
55 5006322579144809806448292878443702061355844093755436197104575064622521605975889214426896951917981660735068727384294537939813287903470868978698500049769239251700929010189804630641040979069360279925776892025056310294354070145703488934004122529029913837568.000000
56 27610335549376424923434816133361565087966565676133757058414220035621831742029793992680619682110834952342303092086265892924041571354748951343685941700247195345515104008271681686573462272321737177922862154883470562854378615989612838912.000000
57 1767111264216293884326961464168616737334872260051562201661860142550708118940353263559443536077761012460640602431279107947545535673453556668573406844552502668807117497125286995396176100960144152929707918224261120.000000
58 13653229578568812503023636977914679192276757693365569169490519962154092695921331317105211722352210860711778199882762964122946133648774833206428988738646145039026224211897021838235704624795747352576.000000
59 85386642474920969638996406172923948992843324511533509405748391772720097520964941736130939046619697591249905183476289701024877610183865066362638338620848030353693199414934363963392.000000
60 350670860709049803753852019129535921745155734887521434769740795819919025886009917751278544687239264391949625271365879185133412745655417249777972922372902092800.000000
61 20922244148829555867331425243840423305188394776079349892203191656097345809166999808642051634348636179567686178503811853872424571646129471488.000000
62 4400505487917058318325538253625266700700137848063927806359911326710234611331351090506057985535563193084246117792612352.000000
63 100342045438246739146387686495497033640979594610717000497252070127205577471635250163378503151048929469584637952.000000
64 23786719898511900918031290314140698785162674943727827009275191026015729677983128045486080.000000
65 4537074224396401877110312634352120751495975791908797447717427836662841344.000000
66 146925383982435211359891802587280324085930694541312.000000
67 68537060837882201281339660553265610752.000000
68 16618883401545643531960320.000000
69 36334.914075
70 19497.937102
71 14671.622912
72 11791.832679
73 10371.484940
74 8806.190975
75 6930.497765
76 6102.993458
77 5243.370220
78 4582.826532
79 3915.638806
80 3367.689920
81 2975.939183
82 2618.479072
83 2332.898425
84 2106.712355
85 1834.841466
86 1630.066644
87 1435.976504
88 1297.444338
89 1174.389472
90 1060.716851
91 955.455912
92 851.705449
93 756.981706
94 698.408508
95 638.312813
96 565.336395
97 508.834428
98 447.955546
99 417.545699
100 379.627690
101 349.490444
102 305.385014
103 276.225005
104 249.153477
105 221.086993
106 203.938508
107 181.700411
108 165.029965
109 151.422414
110 138.785701
111 125.480814
112 113.164373
113 103.002051
114 93.364995
115 84.902070
116 78.366434
117 71.248286
118 66.398070
119 60.990991
120 54.694859
121 50.465363
122 45.937345
123 41.914030
124 37.317402
125 33.785617
126 31.075918
127 28.086608
128 25.131557
129 23.564220
130 20.797503
131 19.283917
132 17.630684
133 16.554202
134 15.103349
135 13.459885
136 12.157874
137 11.390529
138 10.416002
139 9.649158
140 8.919801
141 8.286028
142 7.704037
143 7.009280
144 6.474420
145 5.921716
146 5.454900
147 5.019463
148 4.651424
149 4.296039
150 3.950592
151 3.643890
152 3.326344
153 3.097368
154 2.842579
155 2.663019
156 2.485936
157 2.312196
158 2.088166
159 1.935236
160 1.775750
161 1.669975
162 1.522868
163 1.423647
164 1.323008
165 1.209233
166 1.137277
167 1.063420
168 0.993730
169 0.929032
170 0.868891
171 0.801501
172 0.749686
173 0.696967
174 0.648598
175 0.607834
176 0.573335
177 0.530929
178 0.500931
179 0.473846
180 0.439891
181 0.411644
182 0.386654
183 0.367055
184 0.345271
185 0.323976
186 0.305436
187 0.287107
188 0.269380
189 0.251948
190 0.241820
191 0.225916
192 0.215123
193 0.202622
194 0.191061
195 0.180738
196 0.169926
197 0.159901
198 0.150949
199 0.142435
200 0.135568
201 0.126583
202 0.120890
203 0.113072
204 0.107931
205 0.102415
206 0.096919
207 0.091180
208 0.086148
209 0.082114
210 0.078013
211 0.074267
212 0.071057
213 0.067238
214 0.064200
215 0.060963
216 0.057984
217 0.054986
218 0.052370
219 0.049954
220 0.047168
221 0.044958
222 0.042883
223 0.041074
224 0.039252
225 0.037358
226 0.035784
227 0.034307
228 0.032648
229 0.030887
230 0.029413
231 0.027905
232 0.026744
233 0.025753
234 0.024718
235 0.023615
236 0.022634
237 0.021585
238 0.020642
239 0.019663
240 0.018818
241 0.017854
242 0.017257
243 0.016571
244 0.015905
245 0.015279
246 0.014655
247 0.014062
248 0.013573
249 0.013041
250 0.012500
251 0.011990
252 0.011559
253 0.011200
254 0.010741
255 0.010393
256 0.009922
257 0.009653
258 0.009250
259 0.008964
260 0.008643
261 0.008354
262 0.008063
263 0.007776
264 0.007526
265 0.007286
266 0.007025
267 0.006803
268 0.006536
269 0.006269
270 0.006094
271 0.005897
272 0.005693
273 0.005498
274 0.005334
275 0.005161
276 0.004979
277 0.004837
278 0.004678
279 0.004519
280 0.004358
281 0.004241
282 0.004090
283 0.003956
284 0.003845
285 0.003723
286 0.003601
287 0.003484
288 0.003390
289 0.003293
290 0.003209
291 0.003108
292 0.003015
293 0.002919
294 0.002845
295 0.002765
296 0.002671
297 0.002573
298 0.002497
299 0.002424
300 0.002350
301 0.002293
302 0.002231
303 0.002176
304 0.002127
305 0.002068
306 0.002021
307 0.001947
308 0.001888
309 0.001845
310 0.001811
311 0.001761
312 0.001725
313 0.001686
314 0.001646
315 0.001599
316 0.001563
317 0.001525
318 0.001476
319 0.001440
320 0.001414
321 0.001381
322 0.001346
323 0.001317
324 0.001287
325 0.001256
326 0.001229
327 0.001202
328 0.001171
329 0.001144
330 0.001125
331 0.001103
332 0.001083
333 0.001059
334 0.001041
335 0.001018
336 0.000999
337 0.000977
338 0.000961
339 0.000941
340 0.000920
341 0.000903
342 0.000886
343 0.000869
344 0.000850
345 0.000834
346 0.000814
347 0.000797
348 0.000779
349 0.000766
350 0.000753
351 0.000739
352 0.000722
353 0.000706
354 0.000696
355 0.000682
356 0.000671
357 0.000660
358 0.000651
359 0.000635
360 0.000625
361 0.000613
362 0.000603
363 0.000594
364 0.000587
365 0.000576
366 0.000566
367 0.000557
368 0.000544
369 0.000538
370 0.000530
371 0.000523
372 0.000515
373 0.000507
374 0.000500
375 0.000494
376 0.000486
377 0.000480
378 0.000473
379 0.000467
380 0.000459
381 0.000452
382 0.000447
383 0.000440
384 0.000435
385 0.000428
386 0.000423
387 0.000417
388 0.000411
389 0.000407
390 0.000402
391 0.000396
392 0.000392
393 0.000387
394 0.000382
395 0.000377
396 0.000372
397 0.000368
398 0.000363
399 0.000359
400 0.000354
401 0.000350
402 0.000346
403 0.000341
404 0.000338
405 0.000335
406 0.000332
407 0.000328
408 0.000324
409 0.000322
410 0.000318
411 0.000314
412 0.000311
413 0.000308
414 0.000305
415 0.000302
416 0.000299
417 0.000297
418 0.000294
419 0.000292
420 0.000289
421 0.000286
422 0.000284
423 0.000281
424 0.000279
425 0.000277
426 0.000274
427 0.000273
428 0.000270
429 0.000269
430 0.000266
431 0.000264
432 0.000262
433 0.000261
434 0.000259
435 0.000257
436 0.000255
437 0.000253
438 0.000252
439 0.000249
440 0.000248
441 0.000246
442 0.000245
443 0.000243
444 0.000241
445 0.000240
446 0.000239
447 0.000237
448 0.000236
449 0.000235
450 0.000233
451 0.000232
452 0.000231
453 0.000229
454 0.000228
455 0.000227
456 0.000226
457 0.000225
458 0.000224
459 0.000223
460 0.000222
461 0.000221
462 0.000220
463 0.000219
464 0.000218
465 0.000217
466 0.000217
467 0.000216
468 0.000215
469 0.000214
470 0.000214
471 0.000213
472 0.000212
473 0.000212
474 0.000211
475 0.000210
476 0.000210
477 0.000209
478 0.000209
479 0.000208
480 0.000208
481 0.000207
482 0.000207
483 0.000206
484 0.000206
485 0.000206
486 0.000205
487 0.000205
488 0.000205
489 0.000204
490 0.000204
491 0.000204
492 0.000204
493 0.000204
494 0.000203
495 0.000203
496 0.000203
497 0.000203
498 0.000203
499 0.000203
500 0.000203
1 inf
2 inf
3 inf
4 inf
5 inf
6 inf
7 inf
8 inf
9 inf
10 inf
11 inf
12 inf
13 inf
14 inf
15 inf
16 inf
17 inf
18 inf
19 inf
20 inf
21 inf
22 inf
23 inf
24 inf
25 inf
26 inf
27 inf
28 inf
29 inf
30 inf
31 inf
32 inf
33 inf
34 inf
35 inf
36 inf
37 inf
38 inf
39 inf
40 inf
41 inf
42 inf
43 inf
44 inf
45 inf
46 inf
47 inf
48 74057452148863804325880511322137449443358428016032267770754074565122390678633893902795115278988721699727108113765225019715908670744896038162940091177046904651357206460265469273112258802813898885193049672919994127426287488730569014250355731718662756501868216224307141195501002043093341897705129227845632.000000
49 20303290447003499718120827811546916705490231530991974458717808343233020889456348846150589444465639892253863436164774427836388315723853143804024385556304885891624309651855020968078291430912502793587887766803643040122774425761747172081449733697662178091306918455845126039545053184000.000000
50 51301914687174018262551977081423432899826841468854327405979401913875841183651941754391106864683612194512537812834338468026415927251831894735436005367230624339722168588859114534274972037842316034115893786889028539638166728587113733055095597055437749522268160.000000
51 7212323954556537673180787260028119160071765320811140994482647103538852734694283026531225071554387855310293238259881886564115278999084194125150664831255674029633026812741447109822104270060563173132248280332283024937783128583007317739456132284416.000000
52 35356144621693263407314826802537710145724076761672494975922218593132405653759079899432642661202989438334139449713647527091481216552070193593493541581517172400729933959954745089831280696840607865220617612172656429859329802240.000000
53 212903127349207864477448174086674306027463783195137716692853431781614890743770310590179347794150948362168772344567905767452644922287715686536231943757014013695736012142109413580438569361238471164821504.000000
54 70516073635983965751739721504273427821082783349353069504449785756059101650446151030657816649657198175838657533605106432677828547438239798133546392557744975464524743440347647002542080.000000
55 333653170657949870125592575235375583393459929839623488310180670200234800239504874930429674733470171714082963916744041188370180241145187057825677615758410951416358687997952.000000
56 4367830507501777815901348991385929248496416575489115803717520795632880739938334730886957373049695613894703681458601416759011802257327326971279869906780160.000000
57 55216772523836848921905533051737772073415076966312657350438356479865386302248424237686261264400436588628323842209497561137288314880.000000
58 931641206038867947698897593154973455956127413786484811626342976097039957901066216620220822444896690394666952032256.000000
59 14554083283281020844237469845086995393777989163132235835214773440805936105521157095673108944711007076352.000000
60 1918277021932698400244927583912152593058084802528366850737429177034009221267456.000000
61 4746483168101026112413294071240672822686302063488070251525963776.000000
62 1347655402548807696852233011767491302053117952.000000
63 1334776597516789134619836416.000000
64 9940015.632135
65 13193.489229
66 10829.761355
67 8947.129138
68 7576.120822
69 6455.927482
70 5447.454979
71 4235.314651
72 4104.664123
73 3585.605116
74 3154.158890
75 2763.607899
76 2439.651925
77 2150.575667
78 1944.247587
79 1803.383580
80 1576.919474
81 1380.105647
82 1269.038482
83 1162.047783
84 1012.275204
85 953.305102
86 818.139179
87 780.836707
88 688.843366
89 613.911819
90 544.651146
91 472.563592
92 437.510026
93 399.103132
94 366.397350
95 334.203647
96 299.414314
97 273.984759
98 250.918555
99 226.988765
100 196.687282
101 185.826108
102 166.610560
103 153.626786
104 140.306885
105 125.008262
106 116.721541
107 108.779027
108 97.503656
109 89.552695
110 82.214733
111 73.375473
112 66.907697
113 61.492185
114 55.344142
115 50.290231
116 46.342347
117 40.948073
118 38.047490
119 34.189869
120 32.152624
121 29.355069
122 26.300176
123 24.198159
124 22.373036
125 20.524228
126 18.367108
127 16.445329
128 15.692746
129 14.288205
130 13.304514
131 12.254241
132 11.321380
133 10.561700
134 9.725806
135 8.816272
136 8.108931
137 7.621246
138 7.079585
139 6.527400
140 5.960473
141 5.638455
142 5.204363
143 4.765947
144 4.442320
145 4.112378
146 3.862513
147 3.535644
148 3.197458
149 3.001423
150 2.748764
151 2.465145
152 2.272241
153 2.066779
154 1.951220
155 1.794042
156 1.664636
157 1.549950
158 1.436113
159 1.341049
160 1.252987
161 1.179983
162 1.084504
163 1.014938
164 0.933186
165 0.844242
166 0.802991
167 0.746811
168 0.683405
169 0.637380
170 0.589051
171 0.552594
172 0.511910
173 0.481256
174 0.446375
175 0.414323
176 0.387133
177 0.363347
178 0.338108
179 0.317520
180 0.295963
181 0.274570
182 0.262709
183 0.246411
184 0.230065
185 0.217038
186 0.205321
187 0.193172
188 0.182793
189 0.172187
190 0.161497
191 0.149271
192 0.139868
193 0.133413
194 0.124980
195 0.116536
196 0.110020
197 0.103660
198 0.098152
199 0.093155
200 0.086609
201 0.079801
202 0.076310
203 0.071951
204 0.068679
205 0.064481
206 0.061015
207 0.057589
208 0.055196
209 0.052099
210 0.048696
211 0.046281
212 0.043554
213 0.041741
214 0.039857
215 0.037525
216 0.035382
217 0.033658
218 0.031540
219 0.030396
220 0.028848
221 0.027625
222 0.026202
223 0.025174
224 0.023901
225 0.022811
226 0.021741
227 0.020668
228 0.019852
229 0.018869
230 0.018078
231 0.017242
232 0.016591
233 0.015877
234 0.015306
235 0.014602
236 0.014083
237 0.013460
238 0.012891
239 0.012307
240 0.011693
241 0.011245
242 0.010807
243 0.010374
244 0.010040
245 0.009550
246 0.009150
247 0.008875
248 0.008534
249 0.008145
250 0.007838
251 0.007544
252 0.007259
253 0.006913
254 0.006673
255 0.006405
256 0.006179
257 0.005933
258 0.005734
259 0.005490
260 0.005302
261 0.005105
262 0.004922
263 0.004723
264 0.004571
265 0.004433
266 0.004283
267 0.004135
268 0.004004
269 0.003876
270 0.003744
271 0.003625
272 0.003525
273 0.003400
274 0.003281
275 0.003184
276 0.003087
277 0.002983
278 0.002883
279 0.002781
280 0.002706
281 0.002623
282 0.002539
283 0.002462
284 0.002382
285 0.002306
286 0.002251
287 0.002186
288 0.002118
289 0.002064
290 0.002008
291 0.001952
292 0.001901
293 0.001845
294 0.001797
295 0.001754
296 0.001700
297 0.001653
298 0.001618
299 0.001572
300 0.001528
301 0.001477
302 0.001439
303 0.001391
304 0.001368
305 0.001333
306 0.001303
307 0.001270
308 0.001240
309 0.001208
310 0.001175
311 0.001145
312 0.001114
313 0.001087
314 0.001062
315 0.001037
316 0.001013
317 0.000988
318 0.000969
319 0.000947
320 0.000925
321 0.000899
322 0.000883
323 0.000859
324 0.000834
325 0.000818
326 0.000802
327 0.000784
328 0.000766
329 0.000748
330 0.000732
331 0.000717
332 0.000700
333 0.000685
334 0.000670
335 0.000657
336 0.000644
337 0.000631
338 0.000617
339 0.000607
340 0.000594
341 0.000581
342 0.000571
343 0.000561
344 0.000548
345 0.000539
346 0.000530
347 0.000520
348 0.000511
349 0.000502
350 0.000493
351 0.000483
352 0.000475
353 0.000464
354 0.000458
355 0.000450
356 0.000442
357 0.000434
358 0.000424
359 0.000417
360 0.000409
361 0.000403
362 0.000397
363 0.000390
364 0.000384
365 0.000377
366 0.000372
367 0.000366
368 0.000360
369 0.000355
370 0.000349
371 0.000344
372 0.000338
373 0.000333
374 0.000327
375 0.000323
376 0.000318
377 0.000313
378 0.000309
379 0.000305
380 0.000300
381 0.000297
382 0.000292
383 0.000288
384 0.000285
385 0.000281
386 0.000277
387 0.000273
388 0.000269
389 0.000265
390 0.000262
391 0.000259
392 0.000255
393 0.000252
394 0.000249
395 0.000246
396 0.000243
397 0.000241
398 0.000238
399 0.000235
400 0.000233
401 0.000230
402 0.000227
403 0.000225
404 0.000222
405 0.000219
406 0.000217
407 0.000214
408 0.000212
409 0.000210
410 0.000208
411 0.000206
412 0.000204
413 0.000202
414 0.000200
415 0.000198
416 0.000196
417 0.000195
418 0.000193
419 0.000191
420 0.000189
421 0.000187
422 0.000186
423 0.000184
424 0.000182
425 0.000181
426 0.000179
427 0.000178
428 0.000176
429 0.000175
430 0.000173
431 0.000172
432 0.000171
433 0.000169
434 0.000168
435 0.000167
436 0.000166
437 0.000164
438 0.000163
439 0.000162
440 0.000161
441 0.000160
442 0.000159
443 0.000158
444 0.000157
445 0.000156
446 0.000155
447 0.000154
448 0.000154
449 0.000153
450 0.000152
451 0.000151
452 0.000150
453 0.000150
454 0.000149
455 0.000148
456 0.000147
457 0.000147
458 0.000146
459 0.000145
460 0.000145
461 0.000144
462 0.000143
463 0.000143
464 0.000142
465 0.000142
466 0.000141
467 0.000141
468 0.000140
469 0.000140
470 0.000139
471 0.000139
472 0.000138
473 0.000138
474 0.000137
475 0.000137
476 0.000137
477 0.000136
478 0.000136
479 0.000136
480 0.000135
481 0.000135
482 0.000135
483 0.000134
484 0.000134
485 0.000134
486 0.000134
487 0.000134
488 0.000133
489 0.000133
490 0.000133
491 0.000133
492 0.000133
493 0.000133
494 0.000133
495 0.000132
496 0.000132
497 0.000132
498 0.000132
499 0.000132
500 0.000132
