1 3146486.075165
2 3325695.021258
3 3406452.751181
4 3614120.081881
5 4233517.147345
6 4693455.225898
7 5430027.871897
8 6938423.734140
9 7974317.942829
10 6349668.768631
11 6802223.423406
12 3724096.097648
13 5589951.391947
14 5755408.382974
15 5254421.757113
16 5608519.477236
17 6661731.765675
18 6019453.309882
19 5401666.373651
20 6141874.165525
21 5223647.230117
22 5469182.821926
23 4898754.277372
24 7054395.535396
25 5082202.745433
26 4396345.308404
27 5124117.523347
28 6271668.666061
29 7667286.412186
30 6306970.938077
31 5132813.507686
32 5119069.128212
33 5457892.154883
34 5943109.094514
35 5417988.635803
36 5144860.765691
37 4916394.898880
38 5801150.936856
39 5638285.568327
40 6042448.280453
41 6778337.083105
42 7278278.679902
43 8560235.872045
44 6746253.250351
45 4943889.009598
46 5039721.640607
47 5628891.726073
48 5859746.045451
49 6900020.179011
50 6099620.249507
51 4171982.154449
52 4429553.788492
53 4175165.296337
54 4515783.077501
55 4634232.167748
56 4548074.411697
57 4158013.543744
58 4842754.645299
59 4987650.043157
60 4375192.668053
61 4145135.152175
62 4118963.873379
63 3024139.663974
64 2911464.942901
65 2864172.525540
66 1766473.607784
67 1358481.841591
68 1267146.069618
69 1267155.943786
70 1064765.465132
71 813386.361460
72 786537.389582
73 737062.923502
74 874783.985697
75 613082.522333
76 606523.531555
77 485963.394595
78 468171.260536
79 470822.470850
80 416118.924570
81 381763.490856
82 296189.319615
83 281310.868687
84 280178.784886
85 244202.539258
86 203552.367883
87 191077.412869
88 190016.820284
89 183642.031397
90 147819.445082
91 118977.239049
92 95697.468183
93 94556.319374
94 89045.002652
95 92888.956869
96 83133.328138
97 74176.566720
98 54635.175538
99 43786.587573
100 40898.572356
101 32624.515113
102 28091.990898
103 22485.506847
104 17891.439047
105 17380.416508
106 13028.096713
107 12280.776226
108 10686.953312
109 9789.728227
110 8233.076161
111 5681.404897
112 5689.611555
113 5532.187012
114 4370.991150
115 4190.797992
116 3333.404139
117 2635.742302
118 2101.905919
119 1848.619167
120 1579.444140
121 1410.311425
122 1303.587356
123 798.465773
124 697.157716
125 620.139823
126 532.382816
127 488.330155
128 416.676272
129 339.026152
130 291.777654
131 272.732889
132 257.839465
133 216.450795
134 199.049620
135 180.089211
136 159.256698
137 129.733232
138 122.550939
139 105.022112
140 87.444562
141 83.354352
142 69.666002
143 61.258480
144 57.866330
145 51.887791
146 47.343952
147 35.473438
148 29.918658
149 28.238074
150 23.737073
151 19.982745
152 14.028178
153 13.071256
154 11.381778
155 9.102495
156 7.772009
157 5.699160
158 4.991731
159 4.302055
160 3.549436
161 3.031413
162 2.715370
163 2.385735
164 2.068537
165 1.799455
166 1.446615
167 1.164588
168 1.022034
169 0.815343
170 0.644677
171 0.541855
172 0.455348
173 0.372518
174 0.300996
175 0.240225
176 0.190804
177 0.156057
178 0.131254
179 0.108849
180 0.087254
181 0.066725
182 0.059273
183 0.050388
184 0.041261
185 0.032973
186 0.026736
187 0.020585
188 0.016702
189 0.013321
190 0.009833
191 0.008384
192 0.006704
193 0.005143
194 0.004125
195 0.003277
196 0.002641
197 0.002131
198 0.001739
199 0.001310
200 0.001096
201 0.000919
202 0.000763
203 0.000644
204 0.000515
205 0.000427
206 0.000324
207 0.000270
208 0.000207
209 0.000173
210 0.000132
211 0.000113
212 0.000087
213 0.000072
214 0.000055
215 0.000045
216 0.000034
217 0.000027
218 0.000022
219 0.000016
220 0.000012
221 0.000010
222 0.000007
223 0.000006
224 0.000004
225 0.000003
226 0.000002
227 0.000002
228 0.000001
229 0.000001
230 0.000001
231 0.000001
232 0.000000
233 0.000000
234 0.000000
235 0.000000
236 0.000000
237 0.000000
238 0.000000
239 0.000000
240 0.000000
241 0.000000
242 0.000000
243 0.000000
244 0.000000
245 0.000000
246 0.000000
247 0.000000
248 0.000000
249 0.000000
250 0.000000
251 0.000000
252 0.000000
253 0.000000
254 0.000000
255 0.000000
256 0.000000
257 0.000000
258 0.000000
259 0.000000
260 0.000000
261 0.000000
262 0.000000
263 0.000000
264 0.000000
265 0.000000
266 0.000000
267 0.000000
268 0.000000
269 0.000000
270 0.000000
271 0.000000
272 0.000000
273 0.000000
274 0.000000
275 0.000000
276 0.000000
277 0.000000
278 0.000000
279 0.000000
280 0.000000
281 0.000000
282 0.000000
283 0.000000
284 0.000000
285 0.000000
286 0.000000
287 0.000000
288 0.000000
289 0.000000
290 0.000000
291 0.000000
292 0.000000
293 0.000000
294 0.000000
295 0.000000
296 0.000000
297 0.000000
298 0.000000
299 0.000000
300 0.000000
301 0.000000
302 0.000000
303 0.000000
304 0.000000
305 0.000000
306 0.000000
307 0.000000
308 0.000000
309 0.000000
310 0.000000
311 0.000000
312 0.000000
313 0.000000
314 0.000000
315 0.000000
316 0.000000
317 0.000000
318 0.000000
319 0.000000
320 0.000000
321 0.000000
322 0.000000
323 0.000000
324 0.000000
325 0.000000
326 0.000000
327 0.000000
328 0.000000
329 0.000000
330 0.000000
331 0.000000
332 0.000000
333 0.000000
334 0.000000
335 0.000000
336 0.000000
337 0.000000
338 0.000000
339 0.000000
340 0.000000
341 0.000000
342 0.000000
343 0.000000
344 0.000000
345 0.000000
346 0.000000
347 0.000000
348 0.000000
349 0.000000
350 0.000000
351 0.000000
352 0.000000
353 0.000000
354 0.000000
355 0.000000
356 0.000000
357 0.000000
358 0.000000
359 0.000000
360 0.000000
361 0.000000
362 0.000000
363 0.000000
364 0.000000
365 0.000000
366 0.000000
367 0.000000
368 0.000000
369 0.000000
370 0.000000
371 0.000000
372 0.000000
373 0.000000
374 0.000000
375 0.000000
376 0.000000
377 0.000000
378 0.000000
379 0.000000
380 0.000000
381 0.000000
382 0.000000
383 0.000000
384 0.000000
385 0.000000
386 0.000000
387 0.000000
388 0.000000
389 0.000000
390 0.000000
391 0.000000
392 0.000000
393 0.000000
394 0.000000
395 0.000000
396 0.000000
397 0.000000
398 0.000000
399 0.000000
400 0.000000
401 0.000000
402 0.000000
403 0.000000
404 0.000000
405 0.000000
406 0.000000
407 0.000000
408 0.000000
409 0.000000
410 0.000000
411 0.000000
412 0.000000
413 0.000000
414 0.000000
415 0.000000
416 0.000000
417 0.000000
418 0.000000
419 0.000000
420 0.000000
421 0.000000
422 0.000000
423 0.000000
424 0.000000
425 0.000000
426 0.000000
427 0.000000
428 0.000000
429 0.000000
430 0.000000
431 0.000000
432 0.000000
433 0.000000
434 0.000000
435 0.000000
436 0.000000
437 0.000000
438 0.000000
439 0.000000
440 0.000000
441 0.000000
442 0.000000
443 0.000000
444 0.000000
445 0.000000
446 0.000000
447 0.000000
448 0.000000
449 0.000000
450 0.000000
451 0.000000
452 0.000000
453 0.000000
454 0.000000
455 0.000000
456 0.000000
457 0.000000
458 0.000000
459 0.000000
460 0.000000
461 0.000000
462 0.000000
463 0.000000
464 0.000000
465 0.000000
466 0.000000
467 0.000000
468 0.000000
469 0.000000
470 0.000000
471 0.000000
472 0.000000
473 0.000000
474 0.000000
475 0.000000
476 0.000000
477 0.000000
478 0.000000
479 0.000000
480 0.000000
481 0.000000
482 0.000000
483 0.000000
484 0.000000
485 0.000000
486 0.000000
487 0.000000
488 0.000000
489 0.000000
490 0.000000
491 0.000000
492 0.000000
493 0.000000
494 0.000000
495 0.000000
496 0.000000
497 0.000000
498 0.000000
499 0.000000
500 0.000000
