1 inf
2 inf
3 inf
4 inf
5 inf
6 inf
7 inf
8 inf
9 inf
10 inf
11 inf
12 inf
13 inf
14 inf
15 264800032744105464997085810687037213353662166267441034024428007810674093612633658912241787332732604418118849681200582515682798935734780702054725649313465712597704502837456960278430985788293318125296246641428449959177543257847116502933064915194580901667896847567661359206486538420727947568370491466973184.000000
16 1053916550582338527587920920937328516844450528533867473624649076009062857106153592196048511329800151026278555787979998783324092798440457482224509721777119509182071225718997137665586157681155313375949616333161277068322186483389082463966052264722531725498303226355911271108098039403660478427168768.000000
17 192515918176777470745414810997855672534088400630782315202635348298164799890415379648515983335594218925133127158775405435349777687005716173039792481283974319597447372618802347083290885443805883136514446098242202351582228520565418088702905695804119830076305423290399460779401492920532992.000000
18 316903020372646190567737315203297317767849466145332348595270515338730875287799793512387230818660243853264606434488904292103167485667773120578978895921171640299533520704828533307140122754135499772350925152201820815062687886414477680868550847381204691523111920813465121266335744.000000
19 510599886008007373337894185423181400179843253774730900858085631449847954116067361667189749079017565837731954843166107939412106730319517784697095988459535323375124151025405836585698243467889596457923503974388967688982611060232400742297334012509642930548046525821152657408.000000
20 23482454748498947954073740282685839558203277010973437132202064528308891247146586763717949666441078941619726268334389971706736014067437936839458375407850015694044207662188708657144372465288143353264835341119123064793703350718264604856075856332825521291264.000000
21 41580460318820610394167350109453637570401576898585693774038712471447470648006936237099084982465293123209052718777323134015480677745478770242587812652824511219013248983942212431605633597712510687629433220737909528627663100447339932384377772997345280.000000
22 1135333858805153855222088560695902249133717693165568159513420978508473385697150286962586249877906014717226037957303881568792341376517153293936709360440215824304853597215832757112325517140923382923114569754872253905920335164603868821703360512.000000
23 1171820481201504261589923302177263734470367238298446162971851999660931721360947713140651211490330128290690786499919796768963919887900391221388879879288773111421034552512860832831173035716558106390321830485591523477746830673835279479996416.000000
24 761262628615753506356186783724234231035869610443909449331910168199038429182414408505124354532648748593415633105506494042160382755473928264167506101595044013180034707054144715166038137273897538940032725919581846291087336061621818621952.000000
25 11611596763659027851639112172208320004196229247957927547402822468991679082791354314866374643218638730470244197847652405744324410629233293157083754923647197129033727112296017523935924611312981490924162264029576812659838665359360.000000
26 470604630401225161752395216116178895707155552480075073205634333328353943985902555478505837168036771101572850796398414531802238570889795821540941433803801006878671200820907377086598065104141497336479826569068544.000000
27 661416173471128301194761962045453220529888933535596258836051713044462827284269232055889386154684365643724224743161839537436163208590811454469573812100338951296903315493771424571663261069106005197979648.000000
28 8378799127799245006395952829528571358525606873461635677668962173012590323915128000624848929622819117956200987492516633312124345731541298240117954724594247001419250941659452020152572988513845248.000000
29 7088630116187785253064996453585031849623811990127624030799732879133679834991904695024094866515357971753238167564670058598247649298270063464707735497191133352482931681883127317266432.000000
30 10658401644396144654569815265813087218122350551079337500266659277029194974409021232899155599561679473936363583531107093303166569570929391503828658011597471312016822243782920503296.000000
31 71704977638840243319151236984267708059687295840117834400638539296782611952534854525404952429306722759289965663981086994888862351542450948186609852304149408090983320543821824.000000
32 51167637519865977229698655759881106945615895756164651070216673227468295334073132236612791566283958693078901452590733744390102022950154777376715713118510854620609249280.000000
33 15687339454318699040861790890783610662023477481413618049020868697335077238187956820870954566649866168500608729760965610200644772671160943074402103466131456.000000
34 83986626967820280587803581836054233169244571679526545203874372531991514230430924486238705925792860141582640751907312799286257072087067687258370867200.000000
35 9784374413335922444076198263894640948484798984048069757468639924629881300803872336820159488435344821079333938176210438630435412965851136.000000
36 4693752462070512879569549491119794578831413849217029213719303011513022147248394553288177848306724051383315316019596223998104369627136.000000
37 6572339977077974546242594098258066408183017444404217606520259294845870858244338256893913664690554321513438315266778857472.000000
38 104322670520814504674763204302856526151437547603040177375824185432351991710473069808658178534790281862523650048.000000
39 169942086575367646474300480657422978262795582979561504328161585912158730338368595927268048737933459456.000000
40 1867142149895424135698803418104747424320332896063425366458463021337565042981707620987751628800.000000
41 33753316077455516349568295120790889541913630586152760106949092408294701505970176.000000
42 1513958747203865921692531803110741033461621107299209213457782953476096.000000
43 574216103995270137556520334270832452792981273098111332384768.000000
44 34552124824709159072406590325104335173939131442003968.000000
45 6318541956675776604302415770502844219654144.000000
46 88741067543480717385138437456134144.000000
47 7480330207066216988672.000000
48 485532177082442973184.000000
49 76766511710.632309
50 3797.513231
51 2467.355225
52 2555.079754
53 2017.412322
54 1656.188967
55 1405.415124
56 1166.604852
57 1017.352981
58 883.331247
59 752.234780
60 620.476968
61 578.940840
62 493.551923
63 430.726179
64 372.907800
65 329.275460
66 296.459995
67 266.492508
68 236.518221
69 211.432939
70 187.718964
71 169.086230
72 151.128985
73 132.465468
74 122.071525
75 104.340203
76 92.845986
77 82.835273
78 75.046598
79 67.294149
80 58.642635
81 52.923316
82 46.893139
83 43.102019
84 38.806750
85 35.562486
86 31.022885
87 27.876671
88 25.383674
89 22.175679
90 19.395356
91 18.132815
92 15.896909
93 14.119030
94 12.425407
95 11.196944
96 9.569423
97 8.565808
98 7.664077
99 6.654705
100 6.104989
101 5.528523
102 4.908995
103 4.336480
104 3.848937
105 3.475031
106 3.053674
107 2.792058
108 2.463124
109 2.238357
110 1.968015
111 1.724448
112 1.580025
113 1.391160
114 1.237141
115 1.093616
116 0.978328
117 0.832143
118 0.771980
119 0.692038
120 0.626464
121 0.554842
122 0.496759
123 0.445574
124 0.411039
125 0.367272
126 0.322928
127 0.297049
128 0.261213
129 0.234425
130 0.212255
131 0.187229
132 0.164941
133 0.148283
134 0.130043
135 0.119915
136 0.108787
137 0.096413
138 0.087167
139 0.076895
140 0.069723
141 0.061336
142 0.055483
143 0.048193
144 0.043990
145 0.040365
146 0.034992
147 0.032157
148 0.029166
149 0.026431
150 0.023802
151 0.020839
152 0.019330
153 0.017314
154 0.016002
155 0.014424
156 0.013105
157 0.011768
158 0.010631
159 0.009706
160 0.008631
161 0.007757
162 0.007206
163 0.006461
164 0.005973
165 0.005285
166 0.004858
167 0.004325
168 0.003972
169 0.003616
170 0.003288
171 0.002953
172 0.002707
173 0.002517
174 0.002276
175 0.002078
176 0.001925
177 0.001774
178 0.001607
179 0.001481
180 0.001346
181 0.001262
182 0.001149
183 0.001064
184 0.000994
185 0.000923
186 0.000853
187 0.000785
188 0.000706
189 0.000658
190 0.000609
191 0.000566
192 0.000523
193 0.000492
194 0.000457
195 0.000423
196 0.000392
197 0.000365
198 0.000342
199 0.000313
200 0.000296
201 0.000274
202 0.000255
203 0.000234
204 0.000220
205 0.000207
206 0.000191
207 0.000179
208 0.000166
209 0.000155
210 0.000144
211 0.000133
212 0.000125
213 0.000116
214 0.000109
215 0.000101
216 0.000095
217 0.000089
218 0.000083
219 0.000078
220 0.000073
221 0.000069
222 0.000064
223 0.000060
224 0.000057
225 0.000053
226 0.000050
227 0.000047
228 0.000044
229 0.000042
230 0.000039
231 0.000037
232 0.000034
233 0.000033
234 0.000030
235 0.000028
236 0.000027
237 0.000026
238 0.000024
239 0.000022
240 0.000021
241 0.000020
242 0.000019
243 0.000018
244 0.000017
245 0.000016
246 0.000016
247 0.000015
248 0.000014
249 0.000013
250 0.000012
251 0.000012
252 0.000011
253 0.000011
254 0.000010
255 0.000010
256 0.000009
257 0.000009
258 0.000008
259 0.000008
260 0.000007
261 0.000007
262 0.000007
263 0.000007
264 0.000006
265 0.000006
266 0.000006
267 0.000005
268 0.000005
269 0.000005
270 0.000005
271 0.000005
272 0.000004
273 0.000004
274 0.000004
275 0.000004
276 0.000004
277 0.000003
278 0.000003
279 0.000003
280 0.000003
281 0.000003
282 0.000003
283 0.000003
284 0.000003
285 0.000002
286 0.000002
287 0.000002
288 0.000002
289 0.000002
290 0.000002
291 0.000002
292 0.000002
293 0.000002
294 0.000002
295 0.000002
296 0.000002
297 0.000002
298 0.000002
299 0.000001
300 0.000001
301 0.000001
302 0.000001
303 0.000001
304 0.000001
305 0.000001
306 0.000001
307 0.000001
308 0.000001
309 0.000001
310 0.000001
311 0.000001
312 0.000001
313 0.000001
314 0.000001
315 0.000001
316 0.000001
317 0.000001
318 0.000001
319 0.000001
320 0.000001
321 0.000001
322 0.000001
323 0.000001
324 0.000001
325 0.000001
326 0.000001
327 0.000001
328 0.000001
329 0.000001
330 0.000001
331 0.000001
332 0.000001
333 0.000000
334 0.000000
335 0.000000
336 0.000000
337 0.000000
338 0.000000
339 0.000000
340 0.000000
341 0.000000
342 0.000000
343 0.000000
344 0.000000
345 0.000000
346 0.000000
347 0.000000
348 0.000000
349 0.000000
350 0.000000
351 0.000000
352 0.000000
353 0.000000
354 0.000000
355 0.000000
356 0.000000
357 0.000000
358 0.000000
359 0.000000
360 0.000000
361 0.000000
362 0.000000
363 0.000000
364 0.000000
365 0.000000
366 0.000000
367 0.000000
368 0.000000
369 0.000000
370 0.000000
371 0.000000
372 0.000000
373 0.000000
374 0.000000
375 0.000000
376 0.000000
377 0.000000
378 0.000000
379 0.000000
380 0.000000
381 0.000000
382 0.000000
383 0.000000
384 0.000000
385 0.000000
386 0.000000
387 0.000000
388 0.000000
389 0.000000
390 0.000000
391 0.000000
392 0.000000
393 0.000000
394 0.000000
395 0.000000
396 0.000000
397 0.000000
398 0.000000
399 0.000000
400 0.000000
401 0.000000
402 0.000000
403 0.000000
404 0.000000
405 0.000000
406 0.000000
407 0.000000
408 0.000000
409 0.000000
410 0.000000
411 0.000000
412 0.000000
413 0.000000
414 0.000000
415 0.000000
416 0.000000
417 0.000000
418 0.000000
419 0.000000
420 0.000000
421 0.000000
422 0.000000
423 0.000000
424 0.000000
425 0.000000
426 0.000000
427 0.000000
428 0.000000
429 0.000000
430 0.000000
431 0.000000
432 0.000000
433 0.000000
434 0.000000
435 0.000000
436 0.000000
437 0.000000
438 0.000000
439 0.000000
440 0.000000
441 0.000000
442 0.000000
443 0.000000
444 0.000000
445 0.000000
446 0.000000
447 0.000000
448 0.000000
449 0.000000
450 0.000000
451 0.000000
452 0.000000
453 0.000000
454 0.000000
455 0.000000
456 0.000000
457 0.000000
458 0.000000
459 0.000000
460 0.000000
461 0.000000
462 0.000000
463 0.000000
464 0.000000
465 0.000000
466 0.000000
467 0.000000
468 0.000000
469 0.000000
470 0.000000
471 0.000000
472 0.000000
473 0.000000
474 0.000000
475 0.000000
476 0.000000
477 0.000000
478 0.000000
479 0.000000
480 0.000000
481 0.000000
482 0.000000
483 0.000000
484 0.000000
485 0.000000
486 0.000000
487 0.000000
488 0.000000
489 0.000000
490 0.000000
491 0.000000
492 0.000000
493 0.000000
494 0.000000
495 0.000000
496 0.000000
497 0.000000
498 0.000000
499 0.000000
500 0.000000
1 inf
2 inf
3 inf
4 inf
5 inf
6 inf
7 inf
8 inf
9 inf
10 inf
11 inf
12 inf
13 inf
14 inf
15 inf
16 16777085466234872313438621924208851181224255860408991607370954421584461965108788620708701233327905848731659635317826249718016682111855944111692120124410114878027388323218349713873127574126701325946388235795446856623571751592514485692126442820388006065196290200657455411075057557493196029019618300395520.000000
17 1215128436070624798929664360776064251013518231412587631238511986480372330719329272285176539058139987206775199355865767058714629636708955066472101358286701540328606863697104968702797849636437374799448815811500567710375983234748055962141713039401512581376766167103058196359840922481072954933248.000000
18 642267812691050443446231100467494891858046004807447016207537446335085171894345141766395604050375757819013275024997835894540521860062231741136423087036987559535155590623725722458480314822000746082288710801711820128749197105565065292954726941567866302493052002050678558298785426964480.000000
19 653529146037571103892993948192143751671513233059084476266634960166934909617773083655827730405744149944039405992163622920901044941267088665603774512747024991809848192533563273725125590495383320842650562659744863274133624437984563923318506098981491102389456209582000963584.000000
20 224104779176040511664463660133251792650336636895773136970947363774069468451130509111539831143429190089032546688520650806533659858177683934406226318352967896641739575240644666320503830323467386412367651074597020115972649481798326936553278541887308107173791344361472.000000
21 182559147696543392092845280711608593881872745849882546095527014752635512535716132365288447857102247064455277840837987355047151044314870505297589575683276592670647126168635895390812615794650216779155463483236308736701012488047285144608305773443682668122210304.000000
22 2159495425531567294941202012825831864301530702073083774534797006469057571397746625732088048432441365495302285412545401939255350468179973691741623127088008570407909046572704894227740559490007128394001444560294846298019457483258543121006262210265088.000000
23 626934880220518530561090014627019760779739409264204448722073976964241667331261872066848209530878800533138569653977969109995270924690638474677359728938996752105172624565255388672396937791575818015252273221341424532500666674783195255913054208.000000
24 569314067864975151568562573778018109177874308181516562832214993367785783644195371566930616985639428476413433013514941767593848424474801255420336146677112746130639552444630037206170445037627555049606977773730643555347607739780483252224.000000
25 8975311480931450909027634809335338255542548806720970081065128707592131394216498628659755036649861756498591401003960786138469475614414986390230816350823970736949480447433842672815249355938980399866013140215184464938814285021184.000000
26 2428606102090668025491173038171594025686716535918205602826041978073694587074833159453842425288948106289643936047597189183857263915534898832785152937142716577741028527747024001090302438529922681772496018216845321261023232.000000
27 4258029078411037216132427793068940388881993711015194632204206195135406680644656407023069209168681670138117973282930523594015387723913290981659783237230557719412230022576897020019471773169108007821950502585417859072.000000
28 184030595729310477240041560616647015417121362845496370520671739906151095528845976764435721240774801660418663693984522278797658818244616472376706553369042709154088871070349824559564982111850860366174646960128.000000
29 1452872152618267933729723900211089918008255589284302845084723129073631476606099836038913518967045884738204861523534147998921627112160829750525481066309719678249117808325511909887630578493958389760.000000
30 115568437480194401246476864683750846168546781535837048406642831987517867462445921930992846493897764033853507735413597181102011485824827050151698497751628054090776467687192227591201386403987456.000000
31 17255622778706378596406257222062667295787106968824136699158267120996122501328829785034290949029898640977354090235633460626936876269415408264221059357702261658348042045460605566976.000000
32 1907626162747771625999779315260881010031878832959455834751920703536445043432789303362283283867423692306809111944021863051035775180502724765043128352341467931168735232.000000
33 32826531670959236868386790931939380445681295044422505869427129324881523332904895769213055692509419255643176801921486700065033902185855514103593375702712320.000000
34 6261378746471926404333998655490076279029526230767457721833210970172667221271206412498495522526098466294739298939579719362380069537865881616384.000000
35 26954663871925744327140081537800633306050261114612892367955246789491077207223030356640692158064514305296937177070522654744280825856.000000
36 94852834864004543732462474536803957311220735071160188329192803263606298788983241852205886206941491148843766221914500337990893568.000000
37 331116258975230010990042644257534577054523074583806527642407973553045454210638737723100962043786680983899822591311872.000000
38 1578643076270853782608388955433543592621208185028996284055691192741961469638405194593332236751157567257611075584.000000
39 8629774177387626737627510419074295262239074018733048651643782650663533698370536198259806478235030519808.000000
40 3516466814603683949399620887955505311919237010750239768496963938041525402904599785821819227521155072.000000
41 16715805834255994002434488469772951896873582766390954686409170041223801461176233250258944.000000
42 37264737511432720720786587539321946451318062153137676471288806554502982992396288.000000
43 3954893704620331126278534483445744573459982990314777082238163639453762977792.000000
44 102904216644702414278679964079434542159903826577745747981080445038100480.000000
45 480850339458072421168762406219077013100374962964355826581504.000000
46 2105313144988005438659904828209297131748481717217427193856.000000
47 90385615274744584249015644046751191531520.000000
48 6026376287451571432052886652059648.000000
49 3813766063288525984366592.000000
50 4609633398957873.000000
51 422660.593095
52 2379.485256
53 2094.709570
54 1646.896158
55 1457.860377
56 1162.031370
57 1048.241652
58 904.179739
59 771.846216
60 651.460871
61 591.506503
62 541.036786
63 472.135237
64 413.911578
65 360.099306
66 319.683801
67 278.984897
68 252.187642
69 227.822014
70 192.296094
71 168.412073
72 152.985770
73 138.051314
74 121.698896
75 107.886287
76 96.161949
77 87.237123
78 77.815513
79 68.532600
80 59.610452
81 55.199465
82 49.325668
83 43.018141
84 39.495825
85 35.088474
86 31.794328
87 29.207396
88 26.128226
89 23.494216
90 21.291979
91 18.857280
92 16.875967
93 15.371001
94 13.896122
95 11.794583
96 10.860423
97 9.459776
98 8.384581
99 7.562393
100 6.352851
101 5.860097
102 5.280054
103 4.655458
104 4.207204
105 3.624067
106 3.246490
107 2.845190
108 2.527772
109 2.348655
110 2.095734
111 1.867733
112 1.646263
113 1.465741
114 1.304919
115 1.132185
116 0.994300
117 0.882615
118 0.775639
119 0.682434
120 0.622813
121 0.560466
122 0.507704
123 0.468448
124 0.413248
125 0.368864
126 0.317721
127 0.278371
128 0.255983
129 0.227243
130 0.199676
131 0.180226
132 0.160500
133 0.143855
134 0.129309
135 0.114256
136 0.100789
137 0.089990
138 0.081539
139 0.072206
140 0.065642
141 0.059414
142 0.053382
143 0.048251
144 0.043204
145 0.038645
146 0.033895
147 0.030306
148 0.027739
149 0.025209
150 0.023283
151 0.020929
152 0.018343
153 0.016812
154 0.015027
155 0.013186
156 0.012172
157 0.010978
158 0.009809
159 0.008730
160 0.007697
161 0.006883
162 0.006249
163 0.005667
164 0.005067
165 0.004636
166 0.004184
167 0.003809
168 0.003494
169 0.003211
170 0.002896
171 0.002664
172 0.002410
173 0.002197
174 0.001988
175 0.001836
176 0.001670
177 0.001530
178 0.001380
179 0.001261
180 0.001156
181 0.001035
182 0.000951
183 0.000872
184 0.000808
185 0.000728
186 0.000671
187 0.000614
188 0.000557
189 0.000509
190 0.000474
191 0.000440
192 0.000402
193 0.000372
194 0.000333
195 0.000311
196 0.000291
197 0.000270
198 0.000248
199 0.000232
200 0.000215
201 0.000198
202 0.000184
203 0.000171
204 0.000161
205 0.000148
206 0.000140
207 0.000129
208 0.000122
209 0.000116
210 0.000108
211 0.000100
212 0.000093
213 0.000086
214 0.000082
215 0.000076
216 0.000071
217 0.000067
218 0.000062
219 0.000058
220 0.000055
221 0.000052
222 0.000048
223 0.000045
224 0.000043
225 0.000039
226 0.000037
227 0.000035
228 0.000033
229 0.000031
230 0.000029
231 0.000028
232 0.000026
233 0.000025
234 0.000023
235 0.000022
236 0.000020
237 0.000019
238 0.000018
239 0.000017
240 0.000016
241 0.000015
242 0.000015
243 0.000014
244 0.000013
245 0.000012
246 0.000012
247 0.000011
248 0.000010
249 0.000010
250 0.000009
251 0.000009
252 0.000008
253 0.000008
254 0.000007
255 0.000007
256 0.000007
257 0.000006
258 0.000006
259 0.000006
260 0.000006
261 0.000005
262 0.000005
263 0.000005
264 0.000005
265 0.000004
266 0.000004
267 0.000004
268 0.000004
269 0.000004
270 0.000003
271 0.000003
272 0.000003
273 0.000003
274 0.000003
275 0.000003
276 0.000003
277 0.000003
278 0.000002
279 0.000002
280 0.000002
281 0.000002
282 0.000002
283 0.000002
284 0.000002
285 0.000002
286 0.000002
287 0.000002
288 0.000002
289 0.000002
290 0.000002
291 0.000001
292 0.000001
293 0.000001
294 0.000001
295 0.000001
296 0.000001
297 0.000001
298 0.000001
299 0.000001
300 0.000001
301 0.000001
302 0.000001
303 0.000001
304 0.000001
305 0.000001
306 0.000001
307 0.000001
308 0.000001
309 0.000001
310 0.000001
311 0.000001
312 0.000001
313 0.000001
314 0.000001
315 0.000001
316 0.000001
317 0.000001
318 0.000001
319 0.000001
320 0.000001
321 0.000001
322 0.000000
323 0.000000
324 0.000000
325 0.000000
326 0.000000
327 0.000000
328 0.000000
329 0.000000
330 0.000000
331 0.000000
332 0.000000
333 0.000000
334 0.000000
335 0.000000
336 0.000000
337 0.000000
338 0.000000
339 0.000000
340 0.000000
341 0.000000
342 0.000000
343 0.000000
344 0.000000
345 0.000000
346 0.000000
347 0.000000
348 0.000000
349 0.000000
350 0.000000
351 0.000000
352 0.000000
353 0.000000
354 0.000000
355 0.000000
356 0.000000
357 0.000000
358 0.000000
359 0.000000
360 0.000000
361 0.000000
362 0.000000
363 0.000000
364 0.000000
365 0.000000
366 0.000000
367 0.000000
368 0.000000
369 0.000000
370 0.000000
371 0.000000
372 0.000000
373 0.000000
374 0.000000
375 0.000000
376 0.000000
377 0.000000
378 0.000000
379 0.000000
380 0.000000
381 0.000000
382 0.000000
383 0.000000
384 0.000000
385 0.000000
386 0.000000
387 0.000000
388 0.000000
389 0.000000
390 0.000000
391 0.000000
392 0.000000
393 0.000000
394 0.000000
395 0.000000
396 0.000000
397 0.000000
398 0.000000
399 0.000000
400 0.000000
401 0.000000
402 0.000000
403 0.000000
404 0.000000
405 0.000000
406 0.000000
407 0.000000
408 0.000000
409 0.000000
410 0.000000
411 0.000000
412 0.000000
413 0.000000
414 0.000000
415 0.000000
416 0.000000
417 0.000000
418 0.000000
419 0.000000
420 0.000000
421 0.000000
422 0.000000
423 0.000000
424 0.000000
425 0.000000
426 0.000000
427 0.000000
428 0.000000
429 0.000000
430 0.000000
431 0.000000
432 0.000000
433 0.000000
434 0.000000
435 0.000000
436 0.000000
437 0.000000
438 0.000000
439 0.000000
440 0.000000
441 0.000000
442 0.000000
443 0.000000
444 0.000000
445 0.000000
446 0.000000
447 0.000000
448 0.000000
449 0.000000
450 0.000000
451 0.000000
452 0.000000
453 0.000000
454 0.000000
455 0.000000
456 0.000000
457 0.000000
458 0.000000
459 0.000000
460 0.000000
461 0.000000
462 0.000000
463 0.000000
464 0.000000
465 0.000000
466 0.000000
467 0.000000
468 0.000000
469 0.000000
470 0.000000
471 0.000000
472 0.000000
473 0.000000
474 0.000000
475 0.000000
476 0.000000
477 0.000000
478 0.000000
479 0.000000
480 0.000000
481 0.000000
482 0.000000
483 0.000000
484 0.000000
485 0.000000
486 0.000000
487 0.000000
488 0.000000
489 0.000000
490 0.000000
491 0.000000
492 0.000000
493 0.000000
494 0.000000
495 0.000000
496 0.000000
497 0.000000
498 0.000000
499 0.000000
500 0.000000
