1 5324443.420129
2 5415211.207661
3 6510238.594243
4 5952561.466558
5 6528631.393423
6 11086104.394041
7 9873198.747833
8 12018253.046024
9 11079829.644175
10 12687899.020386
11 12917754.176116
12 16419538.088921
13 17235598.837647
14 21614193.038861
15 22386885.861155
16 25500156.895874
17 32394455.353923
18 27044994.260472
19 35531244.076043
20 29761617.895272
21 30084759.236313
22 23477477.372951
23 25367370.825375
24 26837572.619427
25 28404985.850731
26 26296782.700604
27 28965003.799706
28 30940372.648022
29 41571725.137430
30 37558381.495471
31 46096233.983410
32 35823065.134746
33 31214792.692232
34 36544526.232386
35 41519938.184467
36 33956123.730693
37 37804192.299478
38 45069471.822158
39 51098417.078074
40 50477606.876035
41 46141124.837768
42 62776984.188729
43 52464705.412075
44 57141247.994828
45 56013580.741244
46 49884304.174363
47 49857199.113521
48 45716044.515149
49 60203362.681842
50 65560990.298124
51 59929007.986028
52 37726726.416492
53 44560045.199231
54 42117830.206978
55 38551063.539414
56 44008085.792361
57 46533395.770474
58 24314522.742773
59 50335059.040553
60 52078548.876645
61 47077768.508429
62 56538285.961877
63 37622775.255146
64 40366337.998761
65 37736501.115031
66 47998898.461497
67 41651055.815413
68 36809853.251780
69 48461684.595067
70 44684895.145571
71 38391548.374634
72 51055343.953722
73 50321904.104055
74 32855175.985890
75 29337865.933379
76 41588986.067637
77 31821052.552032
78 34864581.800604
79 26764044.654891
80 26978062.082471
81 25953843.124665
82 34377530.117301
83 30034362.900917
84 23126371.881084
85 23763334.773603
86 25557138.442355
87 23387863.788694
88 22296379.096709
89 19933789.947922
90 15701942.628891
91 22632577.521774
92 18377061.002900
93 14536745.970380
94 14874205.136729
95 16470718.045775
96 13661866.582563
97 10940222.109201
98 10533990.410891
99 9284856.818688
100 6957272.862934
101 7202801.425643
102 7132944.334603
103 6910392.268418
104 6890392.414736
105 6459173.665502
106 6407505.131863
107 4672779.200421
108 4929417.685974
109 4091456.880003
110 3766899.236061
111 3237363.944561
112 3416697.641959
113 2598031.617513
114 2917222.836188
115 2730077.488473
116 2853511.755713
117 2601617.589978
118 2615612.019209
119 1743496.292720
120 1619455.159917
121 1737036.740784
122 1278367.253979
123 1506314.481071
124 1531072.434533
125 1435971.246058
126 1214177.881958
127 1543134.298908
128 1156399.722842
129 1166433.922241
130 707843.283663
131 971865.697228
132 936532.501780
133 886606.743504
134 758450.613500
135 799401.158626
136 705177.910979
137 521397.928793
138 463484.012595
139 571548.562351
140 410734.285343
141 449011.677035
142 352920.157930
143 446906.507786
144 439133.215112
145 381229.856560
146 489380.147921
147 465374.302218
148 355950.627890
149 478975.320311
150 437867.923233
151 438802.932551
152 466170.127909
153 383855.542651
154 404078.553050
155 406999.980522
156 302915.700336
157 294657.563075
158 327231.124271
159 250782.763790
160 210761.296210
161 188611.043517
162 179840.070470
163 213542.049455
164 207673.214678
165 211194.793433
166 219919.411863
167 214914.425926
168 179343.157333
169 166952.205039
170 155294.913327
171 160752.548227
172 148009.127136
173 150526.351444
174 127751.908669
175 115483.829898
176 102826.381689
177 102167.347486
178 90546.158391
179 100555.983211
180 99047.616034
181 97280.979258
182 81699.028132
183 80464.426673
184 54057.445880
185 59385.376798
186 65516.510525
187 58921.973485
188 51622.321615
189 36710.263167
190 37722.258197
191 40489.560851
192 38153.982515
193 41186.776834
194 36386.987569
195 30126.054302
196 28636.747581
197 28761.731669
198 24474.754367
199 22381.343621
200 26167.309760
201 21458.845646
202 19397.892587
203 20259.701660
204 20037.358768
205 21519.793513
206 23088.906752
207 22867.280694
208 22015.278420
209 20245.244904
210 20271.329942
211 17950.467267
212 14829.657615
213 16483.892320
214 15879.645900
215 13394.673297
216 12898.532398
217 11455.865087
218 12138.893200
219 10712.231165
220 10644.102378
221 9058.190461
222 9054.499589
223 8365.504928
224 7000.097027
225 6480.436880
226 5593.670644
227 5791.639113
228 5378.620721
229 5175.091565
230 5542.443217
231 5308.012449
232 5747.694237
233 5864.021573
234 4696.317318
235 4669.748865
236 4680.375826
237 4932.755268
238 4469.691912
239 4707.512191
240 4556.503496
241 4241.417384
242 3995.578452
243 3949.843932
244 4199.016827
245 3571.541454
246 3969.035022
247 3880.597767
248 4032.212114
249 3477.608232
250 3545.458811
251 3148.525127
252 3369.427471
253 2842.659507
254 2653.691021
255 2727.459553
256 2552.360779
257 2174.072172
258 2135.213264
259 2075.195667
260 2148.055358
261 2048.242632
262 2067.146301
263 1924.650510
264 1752.457895
265 1705.035134
266 1841.521777
267 1755.990258
268 1646.530357
269 1318.809983
270 1330.577813
271 1328.109312
272 1250.717747
273 1119.936707
274 1356.841115
275 1318.241121
276 1210.199367
277 1076.032611
278 1135.662511
279 1058.905056
280 1130.455211
281 1100.079907
282 1094.483739
283 1065.886085
284 919.077058
285 914.724176
286 861.937587
287 772.938184
288 760.550010
289 712.744518
290 692.399064
291 721.851175
292 680.453723
293 658.173284
294 717.022189
295 705.207249
296 639.167108
297 625.084680
298 665.781600
299 602.722640
300 584.441316
301 608.404136
302 573.286909
303 589.540239
304 530.118838
305 537.737555
306 522.186822
307 493.793244
308 454.001084
309 429.570856
310 428.190120
311 445.745349
312 423.987068
313 420.471840
314 380.744583
315 344.093922
316 377.104640
317 346.543339
318 346.395170
319 338.327517
320 346.937764
321 348.290371
322 320.395038
323 311.667390
324 303.408466
325 315.729665
326 289.851355
327 291.492204
328 297.401423
329 268.217723
330 278.756106
331 253.156906
332 248.819150
333 245.654663
334 253.101571
335 239.567944
336 241.424916
337 247.552785
338 222.434167
339 228.738285
340 222.817240
341 218.263679
342 209.477340
343 206.747261
344 193.535404
345 178.183629
346 180.353076
347 173.948343
348 167.962376
349 171.774110
350 160.986558
351 148.779713
352 150.818144
353 137.760434
354 143.705423
355 140.682403
356 137.086315
357 133.548981
358 131.566970
359 130.103033
360 131.441277
361 125.819538
362 118.827498
363 117.001442
364 115.363964
365 109.928265
366 110.688254
367 111.045057
368 108.290808
369 106.703306
370 103.737974
371 100.543105
372 101.034170
373 99.348966
374 95.241818
375 94.122574
376 91.703094
377 87.717474
378 87.550893
379 84.639779
380 81.802551
381 80.997403
382 78.993987
383 76.611678
384 74.168771
385 72.196252
386 69.435551
387 68.139513
388 69.039392
389 67.985930
390 66.910247
391 66.795242
392 67.075062
393 65.649909
394 64.447806
395 61.893769
396 59.355014
397 59.452857
398 60.461065
399 58.544404
400 57.460098
401 56.567014
402 57.543209
403 57.457055
404 57.130800
405 56.346978
406 55.284568
407 52.837510
408 52.424060
409 51.762917
410 49.752069
411 50.198098
412 49.307312
413 48.888490
414 48.366622
415 46.810128
416 46.846016
417 45.553968
418 45.517100
419 43.896100
420 43.824495
421 42.017231
422 42.520354
423 41.541062
424 40.539620
425 39.595447
426 38.911729
427 38.162743
428 38.219926
429 37.265402
430 36.681450
431 36.160371
432 35.324850
433 35.242207
434 34.895418
435 34.905818
436 34.150244
437 33.859037
438 33.442063
439 33.406134
440 32.536304
441 32.555567
442 31.845840
443 31.640331
444 31.368898
445 30.694326
446 30.087648
447 29.649423
448 29.349464
449 28.806529
450 28.788691
451 28.598369
452 28.188268
453 28.108018
454 27.881787
455 27.674099
456 27.470340
457 27.345795
458 26.989046
459 26.581811
460 26.255763
461 26.045805
462 25.774345
463 25.335365
464 25.104806
465 24.852838
466 24.718701
467 24.501969
468 24.298107
469 24.091411
470 23.935761
471 23.729301
472 23.559640
473 23.379477
474 23.231119
475 23.027470
476 22.838541
477 22.655190
478 22.567722
479 22.370966
480 22.227227
481 22.051878
482 21.888038
483 21.803979
484 21.718313
485 21.561155
486 21.421222
487 21.328131
488 21.223656
489 21.121685
490 21.088585
491 21.003739
492 20.946289
493 20.867173
494 20.811410
495 20.763788
496 20.700840
497 20.657534
498 20.632385
499 20.614717
500 20.604090
