1 3139502.057057
2 3074349.947980
3 3286845.000299
4 3453329.967258
5 3814935.586028
6 4226496.160058
7 4410613.803396
8 4686612.640773
9 4783249.598024
10 4890005.331530
11 4969243.828746
12 5117817.211008
13 5315304.699031
14 5279814.605444
15 5355178.397318
16 5518951.106957
17 5655567.805888
18 5730360.847490
19 5653295.573767
20 5345259.320744
21 5505266.455097
22 5530479.236190
23 5628080.799092
24 5301743.510171
25 4949189.681974
26 4946813.322158
27 4548704.160058
28 4398929.505108
29 4378957.587836
30 4246948.141927
31 4198913.574850
32 4212297.047449
33 3864413.821953
34 3660380.975148
35 3686611.133531
36 3636719.050625
37 3412106.890954
38 3118265.944665
39 2987986.023760
40 2893677.130173
41 2778058.223951
42 2600082.082193
43 2280493.905191
44 2288308.482817
45 2149854.686906
46 1952048.064003
47 1895701.586778
48 1757624.222497
49 1612833.119889
50 1519007.123364
51 1507807.327047
52 1417450.951967
53 1296739.355575
54 1136782.221386
55 1082981.317144
56 1031331.207111
57 941808.256455
58 873850.866334
59 825418.340122
60 766529.337782
61 690507.975721
62 633190.973078
63 583325.199019
64 561619.286587
65 495137.632388
66 481103.782616
67 464384.657153
68 434509.067266
69 409155.473169
70 373047.082478
71 353158.649050
72 306581.464301
73 284906.143727
74 266173.268241
75 220510.093809
76 213606.573846
77 197520.421295
78 177267.596688
79 159808.422057
80 147443.194404
81 132693.482691
82 126196.081844
83 115763.441553
84 102697.005849
85 92547.718605
86 82926.644307
87 74839.101793
88 69686.658702
89 65232.699392
90 58359.760031
91 51700.323436
92 48006.948941
93 42905.375933
94 37656.540280
95 33524.659872
96 29720.683889
97 25445.772280
98 22615.453044
99 19875.959568
100 18263.785132
101 16908.287093
102 14441.028347
103 13276.095667
104 12219.416335
105 11281.080544
106 9832.515196
107 9168.741921
108 8103.433049
109 7557.228053
110 6899.484587
111 6150.748497
112 5774.061622
113 5233.977528
114 4703.144585
115 4187.004573
116 3752.075638
117 3181.636049
118 2980.027160
119 2742.346475
120 2484.438169
121 2259.023281
122 1967.990712
123 1730.338543
124 1577.288463
125 1370.585639
126 1225.217133
127 1115.240536
128 955.057625
129 874.181102
130 775.994006
131 717.320317
132 649.657593
133 606.614705
134 556.084600
135 509.181156
136 453.397746
137 421.858056
138 373.224394
139 325.968582
140 295.649770
141 261.124605
142 232.288833
143 219.271524
144 197.523107
145 177.120889
146 160.113126
147 138.293676
148 130.176168
149 116.941826
150 106.494474
151 97.244146
152 89.293029
153 80.001436
154 73.366539
155 68.380711
156 60.756621
157 53.695430
158 48.835674
159 43.177303
160 39.791534
161 34.403998
162 32.730752
163 29.565227
164 26.860638
165 25.032313
166 22.956991
167 21.141114
168 18.954580
169 17.402042
170 15.615758
171 14.529021
172 13.453209
173 12.266686
174 11.202698
175 10.487362
176 9.626250
177 8.711643
178 8.145380
179 7.561591
180 6.851428
181 6.118899
182 5.838710
183 5.522734
184 4.923232
185 4.547933
186 4.189360
187 3.799037
188 3.483579
189 3.230014
190 2.888312
191 2.726344
192 2.543017
193 2.326805
194 2.157632
195 1.981645
196 1.878776
197 1.738121
198 1.605818
199 1.482165
200 1.359000
201 1.279945
202 1.178490
203 1.079968
204 0.977770
205 0.893642
206 0.830471
207 0.763973
208 0.705117
209 0.671790
210 0.625714
211 0.564018
212 0.539854
213 0.501473
214 0.466410
215 0.429904
216 0.400075
217 0.366656
218 0.347752
219 0.322927
220 0.298894
221 0.282518
222 0.259811
223 0.244806
224 0.224443
225 0.212054
226 0.198146
227 0.183194
228 0.172381
229 0.160000
230 0.150439
231 0.140538
232 0.131962
233 0.124161
234 0.115189
235 0.110509
236 0.101742
237 0.097274
238 0.092878
239 0.088045
240 0.083282
241 0.077803
242 0.072272
243 0.067574
244 0.063415
245 0.059119
246 0.056236
247 0.052585
248 0.048954
249 0.046240
250 0.043167
251 0.040739
252 0.038256
253 0.035722
254 0.034464
255 0.032494
256 0.030502
257 0.029150
258 0.027623
259 0.026109
260 0.024769
261 0.023417
262 0.022061
263 0.021121
264 0.020075
265 0.019141
266 0.018250
267 0.017301
268 0.016498
269 0.015739
270 0.015027
271 0.014308
272 0.013648
273 0.012959
274 0.012150
275 0.011601
276 0.010987
277 0.010463
278 0.009860
279 0.009486
280 0.009063
281 0.008661
282 0.008345
283 0.008045
284 0.007724
285 0.007402
286 0.007065
287 0.006656
288 0.006483
289 0.006169
290 0.005882
291 0.005640
292 0.005447
293 0.005210
294 0.005014
295 0.004817
296 0.004623
297 0.004403
298 0.004333
299 0.004149
300 0.003988
301 0.003814
302 0.003663
303 0.003518
304 0.003389
305 0.003242
306 0.003108
307 0.003028
308 0.002929
309 0.002811
310 0.002712
311 0.002605
312 0.002511
313 0.002411
314 0.002318
315 0.002244
316 0.002156
317 0.002063
318 0.002001
319 0.001915
320 0.001853
321 0.001788
322 0.001724
323 0.001668
324 0.001612
325 0.001570
326 0.001516
327 0.001456
328 0.001421
329 0.001360
330 0.001318
331 0.001277
332 0.001245
333 0.001206
334 0.001169
335 0.001131
336 0.001103
337 0.001060
338 0.001020
339 0.000994
340 0.000972
341 0.000947
342 0.000906
343 0.000882
344 0.000859
345 0.000834
346 0.000812
347 0.000782
348 0.000756
349 0.000742
350 0.000722
351 0.000704
352 0.000683
353 0.000668
354 0.000654
355 0.000636
356 0.000618
357 0.000602
358 0.000588
359 0.000569
360 0.000557
361 0.000543
362 0.000528
363 0.000514
364 0.000499
365 0.000489
366 0.000475
367 0.000465
368 0.000454
369 0.000446
370 0.000432
371 0.000422
372 0.000413
373 0.000405
374 0.000396
375 0.000386
376 0.000378
377 0.000371
378 0.000362
379 0.000355
380 0.000348
381 0.000339
382 0.000333
383 0.000325
384 0.000317
385 0.000312
386 0.000306
387 0.000300
388 0.000294
389 0.000289
390 0.000284
391 0.000279
392 0.000274
393 0.000268
394 0.000262
395 0.000257
396 0.000252
397 0.000248
398 0.000242
399 0.000239
400 0.000235
401 0.000230
402 0.000227
403 0.000223
404 0.000220
405 0.000216
406 0.000212
407 0.000209
408 0.000205
409 0.000203
410 0.000200
411 0.000197
412 0.000194
413 0.000191
414 0.000188
415 0.000185
416 0.000182
417 0.000179
418 0.000177
419 0.000174
420 0.000172
421 0.000169
422 0.000167
423 0.000164
424 0.000162
425 0.000160
426 0.000158
427 0.000156
428 0.000155
429 0.000153
430 0.000151
431 0.000149
432 0.000147
433 0.000146
434 0.000144
435 0.000142
436 0.000140
437 0.000138
438 0.000137
439 0.000136
440 0.000134
441 0.000133
442 0.000132
443 0.000130
444 0.000129
445 0.000128
446 0.000126
447 0.000125
448 0.000124
449 0.000123
450 0.000122
451 0.000121
452 0.000120
453 0.000119
454 0.000117
455 0.000117
456 0.000116
457 0.000115
458 0.000114
459 0.000113
460 0.000113
461 0.000112
462 0.000111
463 0.000110
464 0.000110
465 0.000109
466 0.000108
467 0.000108
468 0.000107
469 0.000106
470 0.000106
471 0.000105
472 0.000105
473 0.000104
474 0.000104
475 0.000103
476 0.000103
477 0.000102
478 0.000102
479 0.000102
480 0.000101
481 0.000101
482 0.000100
483 0.000100
484 0.000100
485 0.000100
486 0.000099
487 0.000099
488 0.000099
489 0.000099
490 0.000099
491 0.000098
492 0.000098
493 0.000098
494 0.000098
495 0.000098
496 0.000098
497 0.000098
498 0.000098
499 0.000098
500 0.000098
