1 80894483.164230
2 84826796.212109
3 77813174.671745
4 110774966.143056
5 137941451.692890
6 147904236.655054
7 151601669.092102
8 190803937.952308
9 224588657.368947
10 257985019.320151
11 278135847.664653
12 333258902.958257
13 474358471.242906
14 622034304.688338
15 784233949.389295
16 863981929.291935
17 873029465.891439
18 928497862.551840
19 1071788504.399521
20 957871633.869123
21 1096159974.639767
22 1552463153.867958
23 1249396212.715781
24 1414015880.597131
25 1777416717.244766
26 1591386111.716365
27 1958896818.397403
28 2578349827.453190
29 1857518348.906307
30 2794882979.796164
31 3922004808.206785
32 4165330935.906433
33 3721964615.717594
34 2898248429.264110
35 2645778075.226637
36 2548346818.148029
37 2418649138.414962
38 2738383606.639217
39 3177993965.040201
40 2844468659.998693
41 2243502969.212061
42 2930718348.474074
43 3248811001.446795
44 3101576965.764018
45 3067382417.659629
46 3467235548.240839
47 3903147377.424214
48 3657873249.352577
49 4194564494.535777
50 3766388395.696882
51 4489995744.072308
52 5958816873.355557
53 5857089105.230812
54 4223697063.692364
55 4677967207.211761
56 7333528050.348573
57 6391224394.288404
58 6730410815.774759
59 5385278836.244224
60 7952553618.031023
61 6817711109.480943
62 5592903365.723750
63 5465962171.750586
64 6442826489.224437
65 7610106974.922152
66 7941378914.854902
67 6885287937.042710
68 9518094639.498016
69 9348852922.152576
70 8319408135.070920
71 11396153922.587967
72 12165487951.885820
73 9631545187.051365
74 8470327746.728293
75 7844532526.619340
76 9620375791.290548
77 8937654952.695677
78 7356340185.301678
79 9376157278.815275
80 7100766601.761934
81 7317499150.358733
82 5798087334.516488
83 6927936191.010165
84 5096668518.786702
85 4334922088.074943
86 5188016566.695263
87 4647077372.297369
88 4938180217.013205
89 3807044137.216298
90 4007514040.304488
91 4847049410.187347
92 4344752047.079436
93 3888456242.469351
94 4961951700.192054
95 4505200336.405389
96 4133705067.576817
97 3956992618.769333
98 3352304912.120876
99 3511131330.477479
100 3394803766.360972
101 2795714364.569874
102 3597226838.092339
103 3280002338.869665
104 3266865660.017160
105 2821915163.606125
106 3267254928.248611
107 3731908541.746359
108 3635002674.357021
109 4284567765.557992
110 4209585135.270354
111 3264654382.112182
112 2371576335.069315
113 2574251308.740356
114 2272672924.633978
115 2018488482.612617
116 2016616187.949628
117 1874991843.913697
118 2061710733.520338
119 1993879055.408769
120 2285899651.078428
121 2429673915.588444
122 2174060517.994192
123 2110663071.996832
124 2238315160.735721
125 1854820477.004018
126 2199714225.593538
127 2147500019.688645
128 2187481454.349828
129 1988290175.511886
130 1835058156.826350
131 1605150577.058212
132 1642649694.046164
133 1511959790.497748
134 1298882694.634219
135 1592801592.759595
136 1735449133.401258
137 1288091937.043866
138 1644967069.668958
139 1462638611.973880
140 1622902925.247555
141 1667843231.817843
142 1626078106.188407
143 1543764229.501106
144 1160472488.519597
145 1284893793.831222
146 1386884209.678687
147 1330805621.104683
148 1406896042.659764
149 1256021307.991243
150 1207598888.552722
151 1107684507.698799
152 1193653333.137748
153 1078229981.487936
154 1142755673.611097
155 1027492832.526469
156 1288591534.919739
157 1040259945.707014
158 930718664.551590
159 921074862.571218
160 841758270.082431
161 749016347.902605
162 784292656.181446
163 907774334.034894
164 821184933.473579
165 722767778.818063
166 797586720.827147
167 752655987.428234
168 767167888.760353
169 631190709.571463
170 635990700.879151
171 708757357.504570
172 801567178.712744
173 553663385.196432
174 659730913.908048
175 641588638.421962
176 688741564.012395
177 678860718.176393
178 747090043.781524
179 750360119.845546
180 694640877.824948
181 669438874.633878
182 602659457.002393
183 419941938.657226
184 508265869.154210
185 445518550.102106
186 412781363.528881
187 453518468.585799
188 476664162.652328
189 317944232.501578
190 334583808.494883
191 401420880.395877
192 344316836.526908
193 427088026.177964
194 315007300.780617
195 322776173.648474
196 246606846.329608
197 246240952.913278
198 315880679.282695
199 304383623.329497
200 303883712.931961
201 281215984.839239
202 294081667.920405
203 313771134.789208
204 239086385.632968
205 317126713.737025
206 226654428.656428
207 211410688.998955
208 242737252.823728
209 224324700.786193
210 212597952.627656
211 256285373.037875
212 249403560.138685
213 232053542.953278
214 250761803.430298
215 192749485.735077
216 174089939.534214
217 181116012.212619
218 160860618.749980
219 164760316.475122
220 179359980.534464
221 180695884.046883
222 142810057.469073
223 154390975.085018
224 132712038.897828
225 139807992.353629
226 134799807.810438
227 120945677.783212
228 125649173.902229
229 115588484.183982
230 101830673.575336
231 107148646.857666
232 67789461.795120
233 74444364.001359
234 70708055.230349
235 56014502.360239
236 66088328.695571
237 58338315.655954
238 51244476.162735
239 53390555.885639
240 45717227.776257
241 45045930.972688
242 47401536.242462
243 44057395.598623
244 39901104.056705
245 36370937.967073
246 36378638.763750
247 34601561.022775
248 34769179.692685
249 34840568.770689
250 35521939.017664
251 35693687.002697
252 32941547.604769
253 32643138.100146
254 32027982.496574
255 32546292.028196
256 32390638.927366
257 32177153.848010
258 35962887.207250
259 30895577.948086
260 28586340.366581
261 29558760.884935
262 29947130.957534
263 25906319.353483
264 25106111.455703
265 25447752.515334
266 24063513.479866
267 22294560.387390
268 22491263.124919
269 22502575.962239
270 22903483.077268
271 23145497.399109
272 19312146.775474
273 18702301.653011
274 18895639.679768
275 20876412.321475
276 20213924.408153
277 19251360.401072
278 17816789.561926
279 17389994.019637
280 15613864.427567
281 17217690.629709
282 15873558.730158
283 15390763.147001
284 16790693.072202
285 14017062.572736
286 16042136.761504
287 14443765.281381
288 13536363.550258
289 12056244.685928
290 12411563.615404
291 12025785.202328
292 12930115.831742
293 11296816.383769
294 10223729.000537
295 10024656.626537
296 9494413.004096
297 10010600.370958
298 11133607.764996
299 9584697.735732
300 8902705.976068
301 9560313.350882
302 9887185.883475
303 9962953.286537
304 9905104.922211
305 9500254.775120
306 8598286.183300
307 8187883.660845
308 7902318.442399
309 9077590.724811
310 7886246.366755
311 7593708.919966
312 7399726.160313
313 7545059.704735
314 6809687.906411
315 6675990.323046
316 6508262.003890
317 6308765.598052
318 6499191.969809
319 6137067.501135
320 5461749.998915
321 5341195.731588
322 4800780.580727
323 5251127.811495
324 4705659.813920
325 4875278.239931
326 4297243.163965
327 4297090.860995
328 4465182.581322
329 4285443.137264
330 4495587.137592
331 4191254.341257
332 4248916.503951
333 4245545.173150
334 4250445.297461
335 4134148.697264
336 4306195.958084
337 4167627.152951
338 4062630.597704
339 4075307.586915
340 3939521.517093
341 4061076.721395
342 3858415.908358
343 3931618.975566
344 3841001.830247
345 3718516.892142
346 3557098.726831
347 3429731.000056
348 3517422.882893
349 3512988.966112
350 3468647.765457
351 3476879.055748
352 3258656.025628
353 3422970.698413
354 3241741.916399
355 3362159.934995
356 3141325.871529
357 2989629.926992
358 3146051.828299
359 3006809.117480
360 3117225.493573
361 3091973.586119
362 2963405.919374
363 2864034.743238
364 2751465.464017
365 2726638.116128
366 2690113.645458
367 2627553.758097
368 2506956.655581
369 2426965.656488
370 2330275.144371
371 2322220.647863
372 2144089.642565
373 2145114.274475
374 2077682.706318
375 1958367.090473
376 2091499.149464
377 1921275.151025
378 1852163.454235
379 1829669.369035
380 1814382.406004
381 1644249.474680
382 1618766.357261
383 1546099.809222
384 1543165.964425
385 1452539.619269
386 1503421.331501
387 1580987.804753
388 1480136.157596
389 1449801.691697
390 1407599.970359
391 1435302.689477
392 1411310.453554
393 1401898.102359
394 1428657.326807
395 1371310.857019
396 1302776.488411
397 1361617.489662
398 1279233.227687
399 1265182.108155
400 1244141.030453
401 1203712.761524
402 1222071.344881
403 1175930.623442
404 1186811.527710
405 1170600.366497
406 1139308.367925
407 1118405.881613
408 1079072.336956
409 1074593.848133
410 1069820.856281
411 1019254.110072
412 1019942.372280
413 1012444.666105
414 971171.670328
415 947617.373916
416 962728.076165
417 958569.697309
418 958567.866284
419 941050.213224
420 914403.624943
421 908327.442543
422 883817.536420
423 854975.655731
424 807263.475115
425 782840.473331
426 754290.907698
427 768758.318486
428 760489.417344
429 759610.689411
430 734902.155732
431 728451.863059
432 707731.884604
433 726053.668040
434 716719.079028
435 686877.652952
436 679233.062533
437 684124.557396
438 678778.270477
439 649513.505619
440 654241.698226
441 644669.235558
442 649587.626859
443 658540.260372
444 650620.211443
445 653644.269712
446 642985.798060
447 637144.343973
448 629977.775312
449 631870.526525
450 619723.979347
451 619062.891998
452 614759.459971
453 608158.091326
454 601781.965208
455 595702.000234
456 589699.768394
457 581788.469059
458 574120.372887
459 564315.087034
460 560800.650471
461 559030.784109
462 553102.927420
463 549909.001218
464 543521.650445
465 541557.515220
466 534360.994862
467 525847.404376
468 518833.649233
469 510417.869972
470 513726.499524
471 509131.349303
472 506658.703228
473 504365.787142
474 501404.902973
475 499352.389211
476 497683.081869
477 494354.025851
478 492769.921930
479 489403.158884
480 486123.636732
481 483750.576608
482 480732.691146
483 476586.187790
484 473264.968670
485 467750.736370
486 466248.156298
487 464039.653204
488 463033.136382
489 459554.928207
490 458558.206766
491 456822.942410
492 454676.019817
493 453339.098078
494 452671.298713
495 451427.280893
496 450566.826025
497 449826.355558
498 449001.621648
499 448711.862294
500 448485.010056
