1 102008471.372700
2 178591559.671388
3 158308119.925174
4 320303254.030964
5 965077190.937656
6 1314687132.806506
7 2542381726.215328
8 4119149228.784692
9 4947364779.955192
10 5146890131.031687
11 10944573575.261942
12 12763983527.351967
13 15659610727.671797
14 36342872479.183090
15 50540898755.783554
16 146453279780.944458
17 122150785659.927689
18 158299742661.622070
19 185365000618.702026
20 163614051795.909149
21 364050304814.408142
22 441248233222.704834
23 797862398541.362671
24 832285659707.678833
25 1193533302480.362305
26 1019639912142.977173
27 1427119572333.426758
28 1147574685112.860352
29 1873130384284.204834
30 1956924880711.962891
31 3482365600396.147461
32 6056900887553.873047
33 8453370474224.234375
34 7202144247158.050781
35 14223774030279.384766
36 16022977790534.414062
37 26015178472312.328125
38 33792218443663.726562
39 61713646330765.437500
40 70489811234941.140625
41 103709661768589.140625
42 155200149714344.718750
43 167398835733157.281250
44 314979394490578.250000
45 202967924968537.812500
46 518764358785569.125000
47 694266432269182.875000
48 801035673277937.875000
49 821501482399834.000000
50 1556429009988024.000000
51 2698328863756106.000000
52 2216895937208014.250000
53 2385665974505431.500000
54 2050455852783452.750000
55 2973657481589976.500000
56 4717422603632242.000000
57 4221566671339810.500000
58 4474710447798418.000000
59 4886693384170855.000000
60 7939947733342938.000000
61 12539467519899796.000000
62 11966612750336740.000000
63 13263760097481196.000000
64 16496289681132766.000000
65 12416130801215154.000000
66 14088650404116882.000000
67 12863505575151062.000000
68 30363511968328708.000000
69 28955572091318792.000000
70 25073526969359788.000000
71 28040830060017372.000000
72 32623337629688112.000000
73 41924841711987168.000000
74 30518715207541164.000000
75 60580245070642608.000000
76 57228951563892176.000000
77 72759182640356448.000000
78 52547138260536856.000000
79 77517097705712416.000000
80 50263093149622240.000000
81 73864916508631616.000000
82 103009616072214416.000000
83 84131644442432432.000000
84 81152302677450496.000000
85 94576287378147488.000000
86 106978381272966864.000000
87 74564734288032784.000000
88 65671756518471496.000000
89 84377960737293360.000000
90 52242210801756840.000000
91 59120510460587856.000000
92 43773573101911952.000000
93 87617827008060272.000000
94 125714040831184096.000000
95 90215353876824000.000000
96 70919203793381120.000000
97 79813356379113728.000000
98 76218644055707424.000000
99 44025280190547760.000000
100 45086062283860408.000000
101 50961928406362344.000000
102 83092603771699104.000000
103 49001662662493744.000000
104 59855937901568536.000000
105 72989416197615120.000000
106 92476363936420192.000000
107 82133603398680032.000000
108 77696640514661984.000000
109 60517872718178160.000000
110 64367229928522576.000000
111 47757301742621648.000000
112 55035451719556816.000000
113 54925689266233672.000000
114 36558027906123512.000000
115 43630219815482856.000000
116 43579387880188504.000000
117 29725220935358712.000000
118 35838734313755008.000000
119 27924678546654908.000000
120 36055270342128816.000000
121 42249430841433368.000000
122 30042496080381936.000000
123 33401392113907336.000000
124 16871829830465280.000000
125 26519685859462260.000000
126 36796282232753464.000000
127 12082805254205466.000000
128 14079212152553790.000000
129 8904377249874792.000000
130 10237535586128824.000000
131 7341105296505205.000000
132 10021219794626224.000000
133 9778387606640022.000000
134 9183109274050870.000000
135 9985338955982552.000000
136 11151610637424788.000000
137 7162078828213211.000000
138 8989071017679964.000000
139 4183420367188510.000000
140 6865733005317718.000000
141 5106759664895804.000000
142 4199993195460592.000000
143 3222304023551669.500000
144 3035843494543768.500000
145 2987783107490911.500000
146 3048874485036179.500000
147 1541027158784090.250000
148 1500143909973309.000000
149 1418791858435273.000000
150 1453506607283768.250000
151 1107204628228374.750000
152 1173489507434813.500000
153 1048530685695977.625000
154 928755971850693.125000
155 720725558561747.625000
156 779664159059577.250000
157 630271218701360.250000
158 504590121808019.687500
159 365825807782720.687500
160 192966332929732.312500
161 210933618388047.000000
162 147243191629295.218750
163 104015049495926.640625
164 146314986356381.312500
165 120980428322927.703125
166 106256218058100.250000
167 101856695520768.671875
168 67382407551626.937500
169 65939328895996.320312
170 41572975469412.398438
171 25310566358528.667969
172 25322342091081.433594
173 19041145345218.195312
174 21388448917728.441406
175 12535714201084.736328
176 11375409905414.582031
177 9284967511618.544922
178 7557743303982.667969
179 5082304527442.997070
180 5256111926297.093750
181 3984382997123.090820
182 3485945255832.372559
183 2330429621155.123535
184 1951123741417.339355
185 1294586915628.142578
186 1200226356200.903076
187 951342987402.277344
188 661640757729.266357
189 447221059147.897156
190 444318284063.443054
191 341867873804.276489
192 240559478025.731415
193 143391895435.538788
194 106944126633.760681
195 53549610174.572693
196 37039118972.730843
197 27559901893.492577
198 19836552009.077599
199 10798388769.339426
200 11525337816.411524
201 7938173372.362491
202 5429405308.746173
203 4282837270.466797
204 1903812231.838065
205 1378159162.252007
206 1198692396.419566
207 875613619.514605
208 802689482.320025
209 428711954.366067
210 220169963.638221
211 191851453.424142
212 116445867.325006
213 68130188.989274
214 37574914.064010
215 29265333.619301
216 21829681.397936
217 16196896.689402
218 10233266.672013
219 6670490.776233
220 5093324.857164
221 4519345.721648
222 2464308.472943
223 1569456.416835
224 1423242.415085
225 1103571.272481
226 861213.018452
227 643870.470543
228 492875.921694
229 296031.269264
230 188336.392648
231 113198.423221
232 80870.285589
233 41768.673636
234 23741.185466
235 18006.970392
236 11224.553578
237 8890.171330
238 3838.003232
239 2219.644370
240 1103.256482
241 616.456223
242 673.263978
243 437.556718
244 281.421140
245 139.085461
246 128.343490
247 88.740932
248 53.387763
249 25.943523
250 18.083646
251 12.454375
252 9.062983
253 5.154782
254 4.000888
255 2.746943
256 1.545233
257 0.988252
258 0.674046
259 0.452081
260 0.285360
261 0.186833
262 0.110863
263 0.062310
264 0.038253
265 0.034966
266 0.017648
267 0.013198
268 0.009499
269 0.007682
270 0.003434
271 0.002126
272 0.001935
273 0.000803
274 0.000750
275 0.000329
276 0.000197
277 0.000148
278 0.000085
279 0.000054
280 0.000037
281 0.000027
282 0.000013
283 0.000010
284 0.000005
285 0.000003
286 0.000002
287 0.000002
288 0.000001
289 0.000001
290 0.000000
291 0.000000
292 0.000000
293 0.000000
294 0.000000
295 0.000000
296 0.000000
297 0.000000
298 0.000000
299 0.000000
300 0.000000
301 0.000000
302 0.000000
303 0.000000
304 0.000000
305 0.000000
306 0.000000
307 0.000000
308 0.000000
309 0.000000
310 0.000000
311 0.000000
312 0.000000
313 0.000000
314 0.000000
315 0.000000
316 0.000000
317 0.000000
318 0.000000
319 0.000000
320 0.000000
321 0.000000
322 0.000000
323 0.000000
324 0.000000
325 0.000000
326 0.000000
327 0.000000
328 0.000000
329 0.000000
330 0.000000
331 0.000000
332 0.000000
333 0.000000
334 0.000000
335 0.000000
336 0.000000
337 0.000000
338 0.000000
339 0.000000
340 0.000000
341 0.000000
342 0.000000
343 0.000000
344 0.000000
345 0.000000
346 0.000000
347 0.000000
348 0.000000
349 0.000000
350 0.000000
351 0.000000
352 0.000000
353 0.000000
354 0.000000
355 0.000000
356 0.000000
357 0.000000
358 0.000000
359 0.000000
360 0.000000
361 0.000000
362 0.000000
363 0.000000
364 0.000000
365 0.000000
366 0.000000
367 0.000000
368 0.000000
369 0.000000
370 0.000000
371 0.000000
372 0.000000
373 0.000000
374 0.000000
375 0.000000
376 0.000000
377 0.000000
378 0.000000
379 0.000000
380 0.000000
381 0.000000
382 0.000000
383 0.000000
384 0.000000
385 0.000000
386 0.000000
387 0.000000
388 0.000000
389 0.000000
390 0.000000
391 0.000000
392 0.000000
393 0.000000
394 0.000000
395 0.000000
396 0.000000
397 0.000000
398 0.000000
399 0.000000
400 0.000000
401 0.000000
402 0.000000
403 0.000000
404 0.000000
405 0.000000
406 0.000000
407 0.000000
408 0.000000
409 0.000000
410 0.000000
411 0.000000
412 0.000000
413 0.000000
414 0.000000
415 0.000000
416 0.000000
417 0.000000
418 0.000000
419 0.000000
420 0.000000
421 0.000000
422 0.000000
423 0.000000
424 0.000000
425 0.000000
426 0.000000
427 0.000000
428 0.000000
429 0.000000
430 0.000000
431 0.000000
432 0.000000
433 0.000000
434 0.000000
435 0.000000
436 0.000000
437 0.000000
438 0.000000
439 0.000000
440 0.000000
441 0.000000
442 0.000000
443 0.000000
444 0.000000
445 0.000000
446 0.000000
447 0.000000
448 0.000000
449 0.000000
450 0.000000
451 0.000000
452 0.000000
453 0.000000
454 0.000000
455 0.000000
456 0.000000
457 0.000000
458 0.000000
459 0.000000
460 0.000000
461 0.000000
462 0.000000
463 0.000000
464 0.000000
465 0.000000
466 0.000000
467 0.000000
468 0.000000
469 0.000000
470 0.000000
471 0.000000
472 0.000000
473 0.000000
474 0.000000
475 0.000000
476 0.000000
477 0.000000
478 0.000000
479 0.000000
480 0.000000
481 0.000000
482 0.000000
483 0.000000
484 0.000000
485 0.000000
486 0.000000
487 0.000000
488 0.000000
489 0.000000
490 0.000000
491 0.000000
492 0.000000
493 0.000000
494 0.000000
495 0.000000
496 0.000000
497 0.000000
498 0.000000
499 0.000000
500 0.000000
