1 inf
2 inf
3 inf
4 inf
5 inf
6 inf
7 inf
8 inf
9 inf
10 inf
11 inf
12 inf
13 inf
14 inf
15 inf
16 inf
17 inf
18 479958651005534936926559120149391051788959788498221708292108258295957191313999067104255938594788441918859394161859985310790848577490551697597153411424688604010963545079481223871618885875979927526489734386288891932741207542397086599722333989905576750260121507601997611224309762296860279607134106157056.000000
19 3254249371088700276239059629027002704421741438446048574097740790877378052522037468777430307167724427746614716533265171338348072170662290303524510109387731361305340581582408627478787232423766231458461152640630498125681231217890365781708540378723389826495173146843446733436877011841351417856.000000
20 3182003441579814473239556287067866710228915501829229166570095689050340327010990157170075628747220303683862704194344198532521768473292249820886915673668151839094586274089446367887158810929849255266581037364336955346817104454815850983909472301608554352006469844616888025350144.000000
21 32845852541114555580072073229870932269590036318028218074293108191421718099464214951548200799958890615252883375702130274895281812194472345127921145764460432713544048474732859436549688583149088758793329208088757762178989661274735178419897850715144257988604244554080583680.000000
22 116872249626990033718163824044828206377842816796232423972413505324679817975244114643718619202991020113084999569265507312839067608039484790202679017096051189753396631934971591135507984210410898308139922491837692117365271384609107632747236559301998838546432.000000
23 530334051542416823401432750116289626522559472951376768244826952436284146359982900047729454332052595327837143440251935808199045157387420968496279267016464186974029262571725624671420628593677950483370530043333900436052402343252745398213964099726868480.000000
24 111418088805052505100333641621779391322184036930604792613406249799436537288524794086312092687574378379150403052901719910245717019806744944968184383061331775701127195730990477360095485382785709188066726265938496870668046487981335724808441167872.000000
25 322004216919995206755225341373824672176160252982650764604692486830367872661170527832958489917996392366008659058939075318643570622825331487810309904905762492438499133190232422167284576577434436104478525733639337682988489332769161216.000000
26 99601006746256190252517004119947920846362038352782296503870166720205843812817401410180277575784140820438979975518509492919538821911225728821234036428775600141649492919722316865610780250935332988810216777533701123066610843648.000000
27 4010075934911316961669891219498348900768482720540981514917729579780742522207813003708961977210052758202733387889588875289100060672037532583710691529152697937473432753049706327779992458985287733121123932580224876675072.000000
28 25781483566320383082145894141919892741988802409928448551798158374977382005034654438485258706024811913620274679837490594755976681137204309493727079864006118588485771176882437374220368586482127497398821482135552.000000
29 477609154598076099723038488972185937198483419111661854399489147311956899961323683065273904903592474885111718125647059049922450987177696535644395440641557668063996810287954920762599110600655328247808.000000
30 368710664996126106404833535503114328746755856447645768664750249137234354724578126355949606948534636554675336773019269867400050226873524837345559350510782878736524049094928927140806935072210944.000000
31 15526709050254259984280441623841328494946290801775365480104972307381605445381694442485588275732566707459864257062970099245792796946687716366039828315591576976543738494976.000000
32 35662822508405981777765645481221341426747399578034023710859437002449964540697854306807636790886479737011547499126989666506412744106824712487734611174140562798817574912.000000
33 2621556299437746516524453299706944380695417345218638097646927129580332891886654440330669218245843973663284707236945304220590809063731384614061705534764948127744.000000
34 149285073424151708350286960487809341626096055221480680209409159098329006135170747886225862925398754959809902632423743155351507450576351607924344225792.000000
35 18978625174324285088222725305979274099933805341702562099654146584025008691640792214214643498191533901217993099241058391688703951708880896.000000
36 24606361491404795691891266845881143023129132594987650898420665456295552375830478502689368455010437801500570164204468427009556480.000000
37 3074183087840799436637895951489871163949745060421493851285195115194204833618058429966173260725678007020966764841360041298624512.000000
38 1234548997249551446501363419456518615219163813740186934192082694139157539046224745872094921670517815236109977243353088.000000
39 142650822393706668274331696110928189312339966642646445708721580407302336824050563749237964411303298806579200.000000
40 130644340197884133530226555775636568670694437409582649912285504152164975933771398025200531255853056.000000
41 573407806379468078013952259588975009446683044303544145115352810132730668265437600214417408.000000
42 85508075564181198109897774400984220726489946787404521151583286566565714067456.000000
43 621577075217255487455235179969745892699652051456560617536937263104.000000
44 1271884478903312498749211432213225845961277647549090689449984.000000
45 30202942965206548100532671513363486384406396928.000000
46 110838684043784010108616305477297322852352.000000
47 188649228144575626436971365138432.000000
48 136376236401590878208.000000
49 715315410464.809082
50 5965.043679
51 4892.829290
52 3392.829288
53 2685.679822
54 2272.037397
55 1844.648958
56 1642.389208
57 1338.412221
58 1168.357909
59 1009.170792
60 881.078089
61 765.446892
62 676.571451
63 580.677783
64 501.013020
65 427.686910
66 382.131186
67 339.917535
68 287.421569
69 261.175057
70 223.152463
71 198.800021
72 175.449315
73 155.828465
74 138.831000
75 124.067183
76 109.909915
77 91.724541
78 81.665842
79 66.486249
80 63.774220
81 58.318156
82 51.540677
83 45.739855
84 41.038140
85 36.228005
86 31.862213
87 28.762617
88 25.096686
89 22.328307
90 20.081661
91 17.952740
92 16.038535
93 14.374817
94 12.662379
95 11.219479
96 9.851309
97 8.508872
98 7.718646
99 6.832054
100 5.891400
101 5.073353
102 4.494266
103 3.924013
104 3.503352
105 3.097572
106 2.669372
107 2.456304
108 2.168339
109 1.952218
110 1.759545
111 1.487272
112 1.335606
113 1.201198
114 1.048913
115 0.943769
116 0.830844
117 0.733458
118 0.651434
119 0.556879
120 0.500098
121 0.454111
122 0.400319
123 0.360163
124 0.323026
125 0.282994
126 0.251755
127 0.224574
128 0.198611
129 0.175984
130 0.154690
131 0.141485
132 0.124286
133 0.110905
134 0.098974
135 0.089135
136 0.080236
137 0.072722
138 0.064632
139 0.059206
140 0.052555
141 0.047334
142 0.041988
143 0.037858
144 0.034053
145 0.030377
146 0.027226
147 0.024654
148 0.021797
149 0.019861
150 0.018195
151 0.016345
152 0.014731
153 0.013420
154 0.012104
155 0.010709
156 0.009764
157 0.008773
158 0.008001
159 0.007031
160 0.006541
161 0.005886
162 0.005391
163 0.004952
164 0.004588
165 0.004176
166 0.003835
167 0.003485
168 0.003211
169 0.002898
170 0.002692
171 0.002451
172 0.002247
173 0.002077
174 0.001872
175 0.001756
176 0.001600
177 0.001448
178 0.001324
179 0.001235
180 0.001138
181 0.001053
182 0.000935
183 0.000862
184 0.000804
185 0.000743
186 0.000678
187 0.000626
188 0.000578
189 0.000537
190 0.000488
191 0.000462
192 0.000426
193 0.000397
194 0.000371
195 0.000338
196 0.000316
197 0.000293
198 0.000269
199 0.000250
200 0.000235
201 0.000219
202 0.000205
203 0.000189
204 0.000177
205 0.000166
206 0.000154
207 0.000144
208 0.000135
209 0.000123
210 0.000118
211 0.000110
212 0.000103
213 0.000094
214 0.000088
215 0.000083
216 0.000078
217 0.000073
218 0.000068
219 0.000064
220 0.000060
221 0.000056
222 0.000053
223 0.000049
224 0.000047
225 0.000044
226 0.000041
227 0.000039
228 0.000036
229 0.000034
230 0.000032
231 0.000030
232 0.000028
233 0.000027
234 0.000025
235 0.000024
236 0.000022
237 0.000021
238 0.000020
239 0.000019
240 0.000018
241 0.000017
242 0.000016
243 0.000015
244 0.000014
245 0.000013
246 0.000012
247 0.000012
248 0.000011
249 0.000011
250 0.000010
251 0.000010
252 0.000009
253 0.000009
254 0.000008
255 0.000008
256 0.000007
257 0.000007
258 0.000007
259 0.000006
260 0.000006
261 0.000006
262 0.000006
263 0.000005
264 0.000005
265 0.000005
266 0.000005
267 0.000004
268 0.000004
269 0.000004
270 0.000004
271 0.000004
272 0.000003
273 0.000003
274 0.000003
275 0.000003
276 0.000003
277 0.000003
278 0.000003
279 0.000003
280 0.000002
281 0.000002
282 0.000002
283 0.000002
284 0.000002
285 0.000002
286 0.000002
287 0.000002
288 0.000002
289 0.000002
290 0.000002
291 0.000002
292 0.000001
293 0.000001
294 0.000001
295 0.000001
296 0.000001
297 0.000001
298 0.000001
299 0.000001
300 0.000001
301 0.000001
302 0.000001
303 0.000001
304 0.000001
305 0.000001
306 0.000001
307 0.000001
308 0.000001
309 0.000001
310 0.000001
311 0.000001
312 0.000001
313 0.000001
314 0.000001
315 0.000001
316 0.000001
317 0.000001
318 0.000001
319 0.000001
320 0.000001
321 0.000001
322 0.000001
323 0.000001
324 0.000000
325 0.000000
326 0.000000
327 0.000000
328 0.000000
329 0.000000
330 0.000000
331 0.000000
332 0.000000
333 0.000000
334 0.000000
335 0.000000
336 0.000000
337 0.000000
338 0.000000
339 0.000000
340 0.000000
341 0.000000
342 0.000000
343 0.000000
344 0.000000
345 0.000000
346 0.000000
347 0.000000
348 0.000000
349 0.000000
350 0.000000
351 0.000000
352 0.000000
353 0.000000
354 0.000000
355 0.000000
356 0.000000
357 0.000000
358 0.000000
359 0.000000
360 0.000000
361 0.000000
362 0.000000
363 0.000000
364 0.000000
365 0.000000
366 0.000000
367 0.000000
368 0.000000
369 0.000000
370 0.000000
371 0.000000
372 0.000000
373 0.000000
374 0.000000
375 0.000000
376 0.000000
377 0.000000
378 0.000000
379 0.000000
380 0.000000
381 0.000000
382 0.000000
383 0.000000
384 0.000000
385 0.000000
386 0.000000
387 0.000000
388 0.000000
389 0.000000
390 0.000000
391 0.000000
392 0.000000
393 0.000000
394 0.000000
395 0.000000
396 0.000000
397 0.000000
398 0.000000
399 0.000000
400 0.000000
401 0.000000
402 0.000000
403 0.000000
404 0.000000
405 0.000000
406 0.000000
407 0.000000
408 0.000000
409 0.000000
410 0.000000
411 0.000000
412 0.000000
413 0.000000
414 0.000000
415 0.000000
416 0.000000
417 0.000000
418 0.000000
419 0.000000
420 0.000000
421 0.000000
422 0.000000
423 0.000000
424 0.000000
425 0.000000
426 0.000000
427 0.000000
428 0.000000
429 0.000000
430 0.000000
431 0.000000
432 0.000000
433 0.000000
434 0.000000
435 0.000000
436 0.000000
437 0.000000
438 0.000000
439 0.000000
440 0.000000
441 0.000000
442 0.000000
443 0.000000
444 0.000000
445 0.000000
446 0.000000
447 0.000000
448 0.000000
449 0.000000
450 0.000000
451 0.000000
452 0.000000
453 0.000000
454 0.000000
455 0.000000
456 0.000000
457 0.000000
458 0.000000
459 0.000000
460 0.000000
461 0.000000
462 0.000000
463 0.000000
464 0.000000
465 0.000000
466 0.000000
467 0.000000
468 0.000000
469 0.000000
470 0.000000
471 0.000000
472 0.000000
473 0.000000
474 0.000000
475 0.000000
476 0.000000
477 0.000000
478 0.000000
479 0.000000
480 0.000000
481 0.000000
482 0.000000
483 0.000000
484 0.000000
485 0.000000
486 0.000000
487 0.000000
488 0.000000
489 0.000000
490 0.000000
491 0.000000
492 0.000000
493 0.000000
494 0.000000
495 0.000000
496 0.000000
497 0.000000
498 0.000000
499 0.000000
500 0.000000
