1 18677993.365373
2 27691038.953477
3 22950918.388785
4 26355631.096968
5 34594091.411737
6 41882825.489286
7 49478865.546291
8 51423185.082099
9 64221280.552488
10 70299235.211690
11 72281780.872046
12 85015425.122954
13 93748129.714539
14 113869998.826463
15 121995154.114643
16 117269582.026649
17 171243405.854711
18 224420014.380251
19 139648118.747470
20 172200980.535863
21 201785731.162155
22 269576863.500891
23 241989368.774787
24 245849833.478172
25 258673794.721268
26 280115541.760573
27 255674529.612326
28 238666695.620534
29 278823513.689221
30 258900798.642652
31 335691437.833177
32 272942081.232452
33 417058355.818241
34 401980859.321901
35 463647261.311247
36 547087894.673230
37 505500163.839801
38 780105262.141428
39 574545820.296739
40 660559344.171024
41 650773764.844138
42 721273694.147868
43 768644388.472242
44 659149616.025572
45 555585014.318715
46 646580134.035880
47 672068175.989284
48 699824134.136806
49 695492786.992343
50 610662928.924682
51 492725537.796673
52 585591091.797662
53 726575384.120163
54 588200248.678472
55 729684102.031950
56 595739282.652171
57 706134680.535499
58 654977359.861023
59 465933997.926277
60 801362332.063407
61 557252498.968483
62 509625883.042465
63 555515387.463641
64 558867353.046740
65 735193225.684462
66 681135686.633416
67 670190797.679474
68 582495484.700786
69 564518425.509890
70 622082772.567530
71 570487380.431242
72 479112457.243389
73 404079143.067869
74 492501598.135770
75 486022861.390106
76 552959534.530859
77 401033649.299468
78 491214750.904584
79 251323054.361115
80 368803024.088250
81 311356124.781091
82 299331703.762384
83 422846253.486579
84 345831217.672080
85 302927552.325463
86 260214832.357345
87 350949407.860293
88 307244818.631295
89 327955318.704178
90 292562760.711702
91 302299303.920786
92 236856283.167548
93 244264620.337158
94 254554483.832028
95 208275971.083213
96 232558475.793430
97 233106008.788659
98 233497838.287121
99 174642438.176284
100 135102220.772839
101 183757738.244712
102 167262429.112861
103 175351919.565127
104 186699750.223405
105 154176283.823413
106 120441854.328210
107 132980565.697636
108 112180239.175354
109 130098538.730233
110 105856107.131139
111 143146385.414408
112 112782507.842927
113 87446694.715756
114 106456547.806855
115 100475484.983358
116 114138813.045239
117 98337544.909269
118 75367994.842473
119 57053007.785868
120 55110884.455772
121 49400174.627484
122 56836508.891704
123 60703759.843649
124 64681302.746061
125 61344205.419217
126 67664393.205535
127 57138688.707806
128 53634744.442965
129 42125751.851937
130 53625784.627220
131 44850169.136608
132 39851644.106531
133 24006330.508190
134 29405212.305197
135 29269062.509467
136 31850572.809183
137 23624993.970336
138 21387706.508608
139 26008902.920901
140 24022037.080080
141 21869322.970947
142 21161091.082813
143 25891154.447423
144 18596086.356894
145 19395367.488931
146 22206571.566781
147 18189403.500271
148 19877476.721541
149 15619676.824102
150 15728643.141519
151 17323128.019096
152 14066888.515489
153 15729321.185745
154 18661553.098539
155 14272195.329363
156 12671333.986976
157 10891148.860058
158 14020313.369269
159 13168968.660176
160 10787625.157744
161 10091787.064962
162 7756821.643513
163 8177635.198265
164 7179755.558700
165 4849600.691232
166 5437872.936126
167 5199481.414673
168 6389938.074631
169 5790428.947133
170 4437924.940527
171 4552880.393651
172 3767659.434706
173 3148272.471101
174 3753843.904883
175 3185480.343476
176 2649053.373238
177 2757429.374708
178 2314585.935416
179 2512527.535190
180 2253913.226512
181 2570889.232808
182 2552790.502154
183 2157151.242762
184 2421238.067902
185 2174016.247510
186 1972884.452329
187 1874738.116991
188 1883751.842032
189 1814181.056515
190 1650618.415735
191 1278756.200572
192 1394301.294470
193 1245585.040567
194 1152364.860931
195 1044041.846348
196 1152942.534489
197 957439.474292
198 1076383.793337
199 989977.213702
200 967660.673855
201 974692.172958
202 852953.182678
203 779973.943415
204 793700.772571
205 616103.339075
206 608462.999689
207 637484.565286
208 588948.757585
209 587871.787533
210 527023.249448
211 512774.366663
212 554632.634754
213 515608.069627
214 509873.128087
215 446071.173443
216 516026.861073
217 454265.753405
218 429768.394929
219 444759.429485
220 420861.171960
221 432783.079398
222 457698.387810
223 410925.983932
224 355116.116575
225 340715.263672
226 352923.899733
227 319772.406536
228 307977.790445
229 298876.953226
230 244473.557297
231 258111.095182
232 242160.016555
233 236282.700194
234 231777.879074
235 219962.601045
236 232216.405855
237 243164.351845
238 243895.718954
239 216346.605046
240 201383.128671
241 194299.823390
242 210651.526537
243 162584.508746
244 167685.650444
245 158054.914718
246 140369.789633
247 132640.439885
248 130400.728180
249 109935.383328
250 108639.617445
251 116141.304875
252 105655.626414
253 100377.856368
254 102731.098246
255 105058.924022
256 113646.307595
257 108873.347604
258 90518.942582
259 93956.708679
260 92401.358208
261 101856.737061
262 101511.056356
263 80872.319099
264 81413.576636
265 68091.276328
266 73627.210085
267 69517.333416
268 71770.922879
269 63798.545209
270 57894.719987
271 59068.077142
272 59343.716238
273 55047.638035
274 59798.447567
275 59227.519830
276 51593.714869
277 47437.371950
278 47148.616084
279 45349.437806
280 42083.028234
281 44165.477280
282 44096.707104
283 40485.931701
284 41609.809370
285 40477.216897
286 38109.010156
287 34843.625489
288 35905.348390
289 37112.938084
290 33264.253854
291 34818.745784
292 32922.197143
293 27999.341744
294 30382.947537
295 26706.771086
296 25794.239235
297 28004.533789
298 26212.190567
299 26272.992776
300 26184.879234
301 24121.433885
302 24685.234778
303 23600.290458
304 22851.135730
305 22736.363380
306 23197.850567
307 19561.047036
308 20722.129762
309 21853.767579
310 18136.870790
311 17243.418184
312 18470.582458
313 16278.777101
314 16443.062978
315 16742.267308
316 16094.095577
317 15448.981787
318 15037.523560
319 15836.270411
320 15586.595481
321 14525.736560
322 15084.709314
323 13824.905247
324 13186.704447
325 13474.268417
326 13086.014929
327 13366.675836
328 12569.867322
329 12996.554126
330 12168.922089
331 11905.564302
332 12359.666192
333 10561.331656
334 10655.934382
335 10222.628140
336 9779.459195
337 10110.006612
338 9730.441240
339 10057.474000
340 9253.328793
341 8658.422526
342 8521.934572
343 8775.400979
344 8110.997430
345 8177.055025
346 7464.553447
347 7291.573230
348 7539.296333
349 7419.777220
350 7146.658601
351 6975.702892
352 7139.522750
353 7010.630435
354 6692.674133
355 6372.301053
356 6116.995608
357 6243.091990
358 6082.939156
359 5867.046892
360 5941.390865
361 5858.032218
362 5521.027912
363 4994.677736
364 4817.970370
365 4826.964097
366 4770.484676
367 4758.941254
368 4935.312870
369 4645.702270
370 4135.844131
371 4185.533580
372 4113.409491
373 3993.499047
374 3809.789009
375 3645.727707
376 3555.945964
377 3408.599803
378 3396.799204
379 3410.345289
380 3333.907655
381 3348.057584
382 3328.254075
383 3191.842318
384 3157.215159
385 3106.285121
386 3038.720534
387 2988.636925
388 3013.040968
389 3059.356469
390 3029.846009
391 3021.644652
392 2893.192291
393 2897.225268
394 2956.383586
395 2778.253282
396 2835.598879
397 2728.375875
398 2724.677243
399 2666.609544
400 2622.693713
401 2529.653060
402 2470.253741
403 2423.365847
404 2355.392521
405 2295.889119
406 2381.764453
407 2329.029722
408 2256.627329
409 2187.807074
410 2112.469120
411 2030.605731
412 1980.313242
413 1983.445164
414 1947.240021
415 1934.501372
416 1860.007934
417 1866.949803
418 1792.508242
419 1775.150465
420 1739.433603
421 1727.053390
422 1703.516632
423 1686.213084
424 1680.149186
425 1570.984242
426 1533.791875
427 1525.790115
428 1502.188317
429 1504.269398
430 1427.140105
431 1408.716835
432 1422.289888
433 1434.540895
434 1407.849058
435 1426.183754
436 1446.611593
437 1420.002134
438 1405.030494
439 1401.743899
440 1377.063974
441 1341.269993
442 1331.847060
443 1287.164010
444 1286.030972
445 1272.153397
446 1267.055759
447 1236.874432
448 1226.534166
449 1206.998015
450 1219.072205
451 1200.409262
452 1175.154406
453 1150.581557
454 1152.912129
455 1138.439065
456 1128.318806
457 1109.346260
458 1099.508148
459 1096.925127
460 1098.364174
461 1087.606854
462 1081.569119
463 1074.626458
464 1063.801029
465 1061.043942
466 1042.789088
467 1038.339493
468 1032.824752
469 1023.351800
470 1018.482898
471 1007.596712
472 996.805863
473 992.516397
474 982.556223
475 972.648173
476 970.621135
477 958.971566
478 955.792053
479 947.074789
480 939.241544
481 937.760292
482 933.646392
483 928.689208
484 922.009818
485 919.150963
486 914.335846
487 910.536603
488 908.406596
489 905.711253
490 903.247081
491 899.325137
492 895.485642
493 893.159911
494 891.062815
495 889.202121
496 888.071655
497 885.863595
498 884.886274
499 884.036454
500 883.575050
