1 17802941.971259
2 43188196.780135
3 104803628.379094
4 89872717.563042
5 204550088.194408
6 286366003.566339
7 421983885.076916
8 633723565.279785
9 1306880152.951349
10 1003783200.520266
11 2001096008.347802
12 3464831010.422345
13 4523880642.544806
14 4821311285.206799
15 6885097717.158034
16 12181317299.538908
17 19786699229.800976
18 34091270557.275772
19 53959668999.878677
20 62595833197.304756
21 77139266768.431717
22 71986024700.099350
23 86732794229.069778
24 90231689580.900482
25 132378177541.649368
26 95797304115.161285
27 172168263679.756378
28 248530029883.640167
29 263498764902.863861
30 226074121243.042236
31 502150312903.110718
32 604669921267.132812
33 794521934588.524170
34 1508110978627.280273
35 1322618324901.508789
36 1379209285492.878662
37 2371530660194.075195
38 1389471335702.986328
39 2364840878142.992676
40 2991489251457.762695
41 5159804611334.707031
42 5010825682092.045898
43 7995295132805.831055
44 5534838195636.064453
45 5667987668543.900391
46 11956619607370.349609
47 13416639798271.267578
48 10768321498989.640625
49 10493046273454.564453
50 14307678219581.890625
51 18371243005250.054688
52 31395588035979.941406
53 26660844377645.656250
54 27074746413132.312500
55 19600165527277.820312
56 24836762916559.832031
57 40808594610914.414062
58 33180612592144.351562
59 29965937552258.617188
60 36105531595774.945312
61 25028962636267.250000
62 32744433237552.980469
63 32213956572833.000000
64 30460957784397.398438
65 55027016093569.835938
66 54073699281541.101562
67 61266700671462.523438
68 97610983021308.718750
69 90002516459589.312500
70 62496378520460.757812
71 46677645685293.984375
72 55294971974197.484375
73 76886465082645.281250
74 73914571524455.953125
75 51816878610533.390625
76 76133947113488.859375
77 95433448541859.953125
78 87873380657838.640625
79 94840220772468.062500
80 131214061699688.015625
81 140005040980069.250000
82 167963594695159.406250
83 139368768353043.171875
84 156900695514250.750000
85 114043551961376.281250
86 88044849468453.203125
87 120589207291633.109375
88 101748751996063.484375
89 135061171855794.828125
90 120391159000065.078125
91 177720377170555.312500
92 117591222790962.437500
93 113200801333129.468750
94 108644772353037.750000
95 114256210453738.406250
96 89336112677692.437500
97 98363812490898.468750
98 128137505805572.531250
99 160227860108839.156250
100 107548894552201.140625
101 122256506621899.281250
102 174099600278505.250000
103 157684753064677.187500
104 150470879022674.000000
105 138287792916827.328125
106 85246333454820.734375
107 91916971061159.578125
108 81801144702295.125000
109 92461968918009.468750
110 94425495586973.515625
111 53510511711601.343750
112 59322213110905.437500
113 64013062135410.421875
114 34133848640754.160156
115 41854207851584.117188
116 27725875667413.691406
117 32725123034772.593750
118 18580790997952.929688
119 17034379333105.962891
120 14999342363435.601562
121 13642085834043.375000
122 13896162514100.199219
123 9129526192159.189453
124 6224685277799.095703
125 6293440456149.539062
126 4028413755948.320312
127 2882670443676.460938
128 3610626352249.644043
129 2209300173184.339355
130 2745106942213.313965
131 2409902781328.987793
132 2074859119035.253174
133 1635533271317.561768
134 1013240629477.962158
135 779927811029.986328
136 641094974086.590088
137 650952957292.663208
138 696050347208.509277
139 189641585717.813599
140 318295884893.963135
141 279842136893.137939
142 264544582420.244507
143 143925616310.058258
144 102025804751.167389
145 70682626485.385666
146 91920719265.853271
147 57678447342.406364
148 58997833080.708176
149 59672741618.862938
150 45061399533.646591
151 39759019849.423264
152 35786924128.865601
153 35264774350.648582
154 17904321729.293171
155 20484592802.723480
156 13709135734.736740
157 8669354925.972145
158 7825472816.361813
159 6410905377.318700
160 5201546746.233433
161 2594940760.277528
162 1870667300.275335
163 2204773722.411895
164 1674342315.981042
165 1282514913.219590
166 1121518593.927651
167 682561176.982835
168 474962251.802827
169 347410191.228676
170 312358837.361989
171 234390764.212688
172 194491827.537626
173 134318067.746092
174 153517845.894354
175 129528759.247377
176 69460979.908763
177 49885117.963912
178 49627286.878786
179 28444917.108918
180 16236987.167196
181 11508070.224971
182 10475720.866972
183 4997384.254175
184 3900634.901894
185 2754704.115070
186 2985929.077558
187 1786608.162280
188 1207759.201841
189 1024601.829738
190 844378.777221
191 544181.503905
192 332133.842389
193 249405.223335
194 190714.500259
195 145387.476446
196 59641.375312
197 50611.131615
198 30044.903136
199 25847.136053
200 18661.654148
201 13815.308046
202 12173.109574
203 11502.308597
204 6901.990624
205 4679.326690
206 2777.172126
207 1806.815749
208 1137.590975
209 911.858590
210 804.643648
211 431.819573
212 257.473144
213 188.125426
214 123.590555
215 89.203773
216 74.061906
217 56.633612
218 33.571519
219 24.782736
220 19.803200
221 15.365641
222 10.013203
223 5.858800
224 4.052246
225 2.606981
226 1.582402
227 1.109879
228 0.699769
229 0.442598
230 0.214893
231 0.176884
232 0.116067
233 0.081987
234 0.052098
235 0.034380
236 0.018694
237 0.009723
238 0.007673
239 0.004874
240 0.002789
241 0.002579
242 0.001992
243 0.001087
244 0.000783
245 0.000523
246 0.000372
247 0.000256
248 0.000148
249 0.000078
250 0.000048
251 0.000027
252 0.000019
253 0.000009
254 0.000006
255 0.000004
256 0.000003
257 0.000002
258 0.000001
259 0.000001
260 0.000000
261 0.000000
262 0.000000
263 0.000000
264 0.000000
265 0.000000
266 0.000000
267 0.000000
268 0.000000
269 0.000000
270 0.000000
271 0.000000
272 0.000000
273 0.000000
274 0.000000
275 0.000000
276 0.000000
277 0.000000
278 0.000000
279 0.000000
280 0.000000
281 0.000000
282 0.000000
283 0.000000
284 0.000000
285 0.000000
286 0.000000
287 0.000000
288 0.000000
289 0.000000
290 0.000000
291 0.000000
292 0.000000
293 0.000000
294 0.000000
295 0.000000
296 0.000000
297 0.000000
298 0.000000
299 0.000000
300 0.000000
301 0.000000
302 0.000000
303 0.000000
304 0.000000
305 0.000000
306 0.000000
307 0.000000
308 0.000000
309 0.000000
310 0.000000
311 0.000000
312 0.000000
313 0.000000
314 0.000000
315 0.000000
316 0.000000
317 0.000000
318 0.000000
319 0.000000
320 0.000000
321 0.000000
322 0.000000
323 0.000000
324 0.000000
325 0.000000
326 0.000000
327 0.000000
328 0.000000
329 0.000000
330 0.000000
331 0.000000
332 0.000000
333 0.000000
334 0.000000
335 0.000000
336 0.000000
337 0.000000
338 0.000000
339 0.000000
340 0.000000
341 0.000000
342 0.000000
343 0.000000
344 0.000000
345 0.000000
346 0.000000
347 0.000000
348 0.000000
349 0.000000
350 0.000000
351 0.000000
352 0.000000
353 0.000000
354 0.000000
355 0.000000
356 0.000000
357 0.000000
358 0.000000
359 0.000000
360 0.000000
361 0.000000
362 0.000000
363 0.000000
364 0.000000
365 0.000000
366 0.000000
367 0.000000
368 0.000000
369 0.000000
370 0.000000
371 0.000000
372 0.000000
373 0.000000
374 0.000000
375 0.000000
376 0.000000
377 0.000000
378 0.000000
379 0.000000
380 0.000000
381 0.000000
382 0.000000
383 0.000000
384 0.000000
385 0.000000
386 0.000000
387 0.000000
388 0.000000
389 0.000000
390 0.000000
391 0.000000
392 0.000000
393 0.000000
394 0.000000
395 0.000000
396 0.000000
397 0.000000
398 0.000000
399 0.000000
400 0.000000
401 0.000000
402 0.000000
403 0.000000
404 0.000000
405 0.000000
406 0.000000
407 0.000000
408 0.000000
409 0.000000
410 0.000000
411 0.000000
412 0.000000
413 0.000000
414 0.000000
415 0.000000
416 0.000000
417 0.000000
418 0.000000
419 0.000000
420 0.000000
421 0.000000
422 0.000000
423 0.000000
424 0.000000
425 0.000000
426 0.000000
427 0.000000
428 0.000000
429 0.000000
430 0.000000
431 0.000000
432 0.000000
433 0.000000
434 0.000000
435 0.000000
436 0.000000
437 0.000000
438 0.000000
439 0.000000
440 0.000000
441 0.000000
442 0.000000
443 0.000000
444 0.000000
445 0.000000
446 0.000000
447 0.000000
448 0.000000
449 0.000000
450 0.000000
451 0.000000
452 0.000000
453 0.000000
454 0.000000
455 0.000000
456 0.000000
457 0.000000
458 0.000000
459 0.000000
460 0.000000
461 0.000000
462 0.000000
463 0.000000
464 0.000000
465 0.000000
466 0.000000
467 0.000000
468 0.000000
469 0.000000
470 0.000000
471 0.000000
472 0.000000
473 0.000000
474 0.000000
475 0.000000
476 0.000000
477 0.000000
478 0.000000
479 0.000000
480 0.000000
481 0.000000
482 0.000000
483 0.000000
484 0.000000
485 0.000000
486 0.000000
487 0.000000
488 0.000000
489 0.000000
490 0.000000
491 0.000000
492 0.000000
493 0.000000
494 0.000000
495 0.000000
496 0.000000
497 0.000000
498 0.000000
499 0.000000
500 0.000000
