1 76691290.946183
2 58702295.943482
3 125064524.955428
4 140925649.957479
5 133513979.969063
6 135916527.361544
7 206669911.152611
8 205912240.920833
9 236595865.201057
10 280077220.725574
11 338322246.421794
12 339076992.386274
13 398663256.861467
14 414040908.730426
15 382858796.711369
16 529026374.165145
17 394323507.698381
18 598606304.157645
19 679130147.833164
20 742772420.744850
21 914996128.345440
22 1240101760.112741
23 1243601047.449101
24 1249631008.587714
25 946922447.919121
26 1420271543.721928
27 1275964775.886561
28 1484992398.689676
29 1828375260.121783
30 2096311573.169530
31 1981659949.556810
32 2337749803.888618
33 2560616523.794564
34 2050745500.533244
35 2583517867.193651
36 2775027307.654093
37 3288415165.913810
38 3332559463.085005
39 3532290381.688840
40 3724807003.367757
41 3731471594.836260
42 2741838178.592429
43 2891353608.042066
44 2332362597.799479
45 3089742649.910037
46 2342573566.875348
47 2835152357.532986
48 2868098205.778549
49 3020559433.186794
50 2637221000.883584
51 3386308033.435924
52 2961578791.640430
53 3397580045.844881
54 3528759892.363057
55 3080212088.151037
56 3884648446.757465
57 4457536296.838785
58 3475072924.128738
59 3859097130.294159
60 4373766169.376637
61 4491670033.619654
62 4162442280.498821
63 3464033386.332579
64 4293448528.039821
65 3257719770.833893
66 3903617244.892969
67 3689815491.994518
68 3410148986.572865
69 3320224293.373338
70 4068932196.282966
71 4172919831.160778
72 4331740267.194082
73 4267974310.166949
74 3612442583.211737
75 4584098109.364633
76 4007354916.143754
77 5293848712.374676
78 4724044219.462405
79 4260959898.989759
80 3315217610.620348
81 3638078281.595812
82 3279927719.495591
83 3515180836.474287
84 4011699845.829643
85 3886533253.006219
86 3517709848.062201
87 2848111293.143431
88 2892313721.862495
89 2479582904.612950
90 2746199377.254684
91 2834520617.521455
92 2876881788.895258
93 2588826647.805149
94 2458476778.298440
95 2302438952.260657
96 2720564699.441113
97 2726330063.700975
98 3112137176.209951
99 1933581771.973102
100 1901970985.148002
101 2206689700.051046
102 1971062929.519491
103 1868062850.718205
104 1652248102.080398
105 1485549058.364763
106 1383298642.316947
107 1501915526.810067
108 1433066102.730033
109 1176971135.302772
110 1039149729.532368
111 1238480069.688076
112 894676321.530711
113 1147715270.239391
114 907514842.379738
115 1209357258.735894
116 1255972621.601941
117 1099620757.144915
118 906599731.698954
119 991217899.763409
120 863529818.784831
121 1140215870.363104
122 779402070.238112
123 936669877.459765
124 926633299.393995
125 912988496.726577
126 668331626.709077
127 713141557.938952
128 660190892.162421
129 581077337.478709
130 568838975.704889
131 591510932.684387
132 598051551.974038
133 516139843.618627
134 560326320.203074
135 508108643.934416
136 459870747.032508
137 467131769.812856
138 404206924.616734
139 508948945.647303
140 601636464.289507
141 463793355.715926
142 458888297.648458
143 418356685.743559
144 437013380.771502
145 474243743.865382
146 444132672.100028
147 411215838.440437
148 473865344.681142
149 386890227.554586
150 393787378.732604
151 365218450.645253
152 344361625.876126
153 356706457.014156
154 348476703.930484
155 359557324.960063
156 314061010.770855
157 343857253.135929
158 287668100.486162
159 278224310.137731
160 200529123.319829
161 227029498.428479
162 234307253.954324
163 178747627.404560
164 244740860.063679
165 189581227.561154
166 133133414.930980
167 135120507.525155
168 190432790.090291
169 166883818.695230
170 202839429.595508
171 140630913.942656
172 153876591.254912
173 150456704.398832
174 139095163.295168
175 167855421.419023
176 110866442.823177
177 126787508.745831
178 137230154.440306
179 111740694.613604
180 116525422.974267
181 139330430.555775
182 114268674.215747
183 87514530.251850
184 86070469.479467
185 89639822.297309
186 83051785.920813
187 69573838.403184
188 68044848.964821
189 63182373.528429
190 59138989.450938
191 60326476.040108
192 52911980.627994
193 53382632.768893
194 47106718.775411
195 46945341.241183
196 59913766.803776
197 37951859.417013
198 36847444.573916
199 35888565.223300
200 39120987.935413
201 41825999.061725
202 37676145.631123
203 46460585.443212
204 49852262.067821
205 45456538.985962
206 40072043.209379
207 35286966.419680
208 44829371.181339
209 33179971.443845
210 33222343.629396
211 30855220.553313
212 38653872.810248
213 44452773.179713
214 44577062.196468
215 42209117.460087
216 39343935.633007
217 40266161.536912
218 26414375.294780
219 32426454.178416
220 41877015.423330
221 39501732.075420
222 46297798.757565
223 39654074.070764
224 29996141.127849
225 32249938.284708
226 30175615.822000
227 29930080.864245
228 35087252.598245
229 30367286.673367
230 26487151.460351
231 29191406.813405
232 25534936.911450
233 21843472.005948
234 23195629.397850
235 21799939.784396
236 21557048.908542
237 21358499.971068
238 20243881.945886
239 22390558.854228
240 21908785.840703
241 23500330.710514
242 19082950.300708
243 16132622.606343
244 22413932.406198
245 18827406.386978
246 20312872.460299
247 17780477.249542
248 15090890.020555
249 16749307.876448
250 16867632.242770
251 17524059.974025
252 16699862.782802
253 13987444.527202
254 13778986.416286
255 16368472.358528
256 18536355.846952
257 18343982.470446
258 16675069.386823
259 16163746.263586
260 16801841.923949
261 16244279.799739
262 19254791.602335
263 17364038.850103
264 16712504.077206
265 18332580.357482
266 15540519.978912
267 15577866.946601
268 19981417.099346
269 16824278.895683
270 17275528.542417
271 15582490.194506
272 16682896.837253
273 14123812.074491
274 13544747.869190
275 14676671.010222
276 11773453.192754
277 11902827.059799
278 10545118.834860
279 12135482.442284
280 11029367.204151
281 9374189.865918
282 8935186.699443
283 9157973.734195
284 8720663.361038
285 8053793.285598
286 7914509.301043
287 7256829.639329
288 7670078.340079
289 7425891.631194
290 7168454.758849
291 7300730.569804
292 6807734.089358
293 6693024.356373
294 6593630.706122
295 5824571.416078
296 6217083.032870
297 5378696.065754
298 6571768.155098
299 6433299.084909
300 5429342.245133
301 5558156.265586
302 6240355.871759
303 5869911.277916
304 5419192.278788
305 5378242.503368
306 5608794.906768
307 4976650.575518
308 5159463.024068
309 4635244.474058
310 4697135.096784
311 4583726.518317
312 4946272.872409
313 4156258.033264
314 4492536.170961
315 4208178.841320
316 3824129.838705
317 3425687.394457
318 3394644.655653
319 3444965.549975
320 3548197.484464
321 3423887.063776
322 3230992.160068
323 3106985.420828
324 2780726.352810
325 2859256.752118
326 2785273.627805
327 2646543.121928
328 2755893.985833
329 2643201.657920
330 2402302.787098
331 2640068.580529
332 2568670.287793
333 2271916.268569
334 2264512.718104
335 2277132.296017
336 2241511.177008
337 2132883.137233
338 2134153.026678
339 2143170.209639
340 2111363.774072
341 2052522.877547
342 2241794.575853
343 2021942.714917
344 2014546.222677
345 2054262.219427
346 1995710.799651
347 1856917.505636
348 1940173.637397
349 1960282.043569
350 1802165.871615
351 1794813.812434
352 1718204.811669
353 1769276.524455
354 1704575.400528
355 1636137.286193
356 1672574.145389
357 1550205.742136
358 1717703.527625
359 1622346.625709
360 1605022.752260
361 1662897.890918
362 1627836.147382
363 1527119.470209
364 1501621.892120
365 1474955.427379
366 1443043.154693
367 1469332.296886
368 1401691.384476
369 1433115.116912
370 1301302.610404
371 1336928.518841
372 1289741.832149
373 1254163.730202
374 1284721.147202
375 1236559.727001
376 1207349.361832
377 1161540.316413
378 1101430.741650
379 1096940.695874
380 1122740.573160
381 1096852.446582
382 1080186.945555
383 1075826.871314
384 1078263.949253
385 1093288.936740
386 1009751.847987
387 963178.052177
388 990758.398601
389 938962.684776
390 967278.988704
391 921317.667052
392 873650.563983
393 902333.050262
394 884828.040580
395 886987.717848
396 872291.401447
397 829827.399428
398 841365.927446
399 831818.727300
400 834149.711327
401 818124.867864
402 803505.346250
403 815529.855007
404 804615.570362
405 788926.354368
406 773177.456516
407 756939.726644
408 756229.154354
409 750122.915107
410 736248.780470
411 719394.841174
412 733600.112269
413 732962.429871
414 711779.145150
415 727140.511544
416 698005.446866
417 693476.738768
418 680208.259948
419 659472.853040
420 665877.658563
421 658280.238609
422 637299.937889
423 637352.971861
424 625112.984155
425 613828.954666
426 598657.605482
427 601827.567743
428 601586.012391
429 593481.879115
430 570278.883098
431 574061.965967
432 558853.842558
433 552845.288341
434 534760.514758
435 530834.271491
436 533522.836889
437 528661.274880
438 519138.060105
439 519012.083051
440 502397.729827
441 498904.901134
442 490827.955447
443 486834.428486
444 485397.016146
445 483188.132132
446 477855.792847
447 467278.512294
448 463162.729429
449 465960.223423
450 462744.920955
451 450181.480821
452 447712.703284
453 445344.903131
454 441164.633247
455 437547.274212
456 436287.998594
457 432102.922050
458 430472.454754
459 424060.391777
460 419564.749357
461 417567.360468
462 412849.174517
463 411795.963006
464 407053.473501
465 400486.556444
466 398356.361774
467 396288.816663
468 391473.926133
469 386391.988490
470 383515.085450
471 381800.894898
472 376796.595971
473 375321.778521
474 371972.740713
475 369962.522655
476 367585.091250
477 365628.670217
478 364096.854620
479 362378.375377
480 359591.636171
481 357668.645247
482 355614.685150
483 354346.496508
484 352594.387176
485 351055.438005
486 349500.484134
487 348565.859974
488 346316.092115
489 345453.007322
490 343682.016444
491 342890.217269
492 342038.962511
493 341147.225882
494 340212.992751
495 339228.512259
496 338669.757598
497 338027.174931
498 337560.508796
499 337269.934837
500 337165.324215
