1 inf
2 inf
3 inf
4 inf
5 inf
6 inf
7 inf
8 inf
9 inf
10 inf
11 inf
12 inf
13 inf
14 inf
15 inf
16 inf
17 inf
18 inf
19 inf
20 inf
21 inf
22 inf
23 inf
24 inf
25 inf
26 inf
27 inf
28 inf
29 inf
30 inf
31 inf
32 inf
33 inf
34 inf
35 inf
36 inf
37 inf
38 inf
39 inf
40 inf
41 inf
42 inf
43 inf
44 inf
45 inf
46 inf
47 inf
48 inf
49 inf
50 inf
51 inf
52 inf
53 inf
54 inf
55 inf
56 inf
57 inf
58 inf
59 inf
60 inf
61 inf
62 inf
63 inf
64 inf
65 inf
66 62129535636112615067243723204393869845757822682070601619658494075313589819383585172871880864963302619804368403621998022691194843053738909609041574304330781906631407361371959620436382722600800120206071719115028141994514872926714744699095076912262166882797497044807837561057129284188481928900345069568.000000
67 499576125696521139312980067770810846886539313515597801304610865594541407952142004426612000176604092757154698390659875468877875113469691362521447287305323045469323641363409880496522692615474252480324327440620739200993981522829852464214152670180354452410188481691648.000000
68 5160685484231104154642044905321556989554697205684022163237430343418993706947923297336029876917328587209706623772518971823159254277614675092153018850432544238310517324197115617172730257456101864424582501996386947027439120927424512.000000
69 205328455722522030165044505830279125789757234233416083278880617818751912581137309667211668886640027144856216096782722425753419945132690486578187121108509306109982294937061559281790125457198287566890946527232.000000
70 4962115921076827426947566423385356018037417335667304612750809332816305685786450032909806765707092631916035511601623978817074448965871084549627753042936651625529344.000000
71 14517833056805558651262884632700436864589298893893511991108421949422808161832507929175636752655197623199054771902790334889218669241434112.000000
72 41636093494183140566154113331104645302028275008656294972355966927850283431526942080300875933480724038356658290688.000000
73 381349018013825071163427650683645939257204064886954339489730329713346345353263911580494462976.000000
74 115131214933505711737801719798983264195697557759564042993664.000000
75 7509160822656651.000000
76 42491.625809
77 29660.735987
78 28152.087256
79 23601.913243
80 21045.521009
81 18723.730247
82 16436.577696
83 14715.977652
84 12978.502661
85 12012.952407
86 11096.212914
87 10280.646081
88 9234.481630
89 8081.361508
90 7702.557539
91 7068.689511
92 6573.450468
93 6014.460704
94 5442.021131
95 5078.571456
96 4702.676470
97 4358.732138
98 4014.697525
99 3669.942706
100 3375.062734
101 3137.835114
102 2938.854605
103 2698.312320
104 2427.630860
105 2328.065319
106 2165.974395
107 1982.110378
108 1823.729271
109 1712.389501
110 1538.179479
111 1413.373394
112 1323.658768
113 1239.022086
114 1131.786835
115 1062.589251
116 1001.836028
117 928.010714
118 849.905040
119 801.715257
120 729.961163
121 665.616414
122 632.770031
123 578.538719
124 542.268666
125 509.038189
126 474.977690
127 434.181637
128 414.066497
129 383.782681
130 353.855763
131 334.216470
132 312.772741
133 289.790292
134 270.816586
135 253.358649
136 237.203109
137 221.181225
138 204.570311
139 191.870078
140 179.920045
141 168.699359
142 157.334858
143 146.792009
144 135.250604
145 126.060902
146 118.122179
147 109.902691
148 104.092668
149 97.924931
150 90.795485
151 85.094093
152 80.211303
153 75.182166
154 70.305982
155 66.656808
156 61.840670
157 57.373011
158 54.024665
159 50.753554
160 46.483679
161 45.063725
162 42.548727
163 40.218405
164 37.497753
165 35.300706
166 33.578020
167 31.595884
168 29.943688
169 28.363330
170 26.275137
171 25.094364
172 23.612207
173 22.218454
174 20.887596
175 19.940893
176 18.970636
177 18.091768
178 17.004503
179 16.240823
180 15.311250
181 14.455626
182 13.845443
183 13.012905
184 12.408770
185 11.741271
186 11.079655
187 10.560766
188 10.078711
189 9.545987
190 9.176413
191 8.770592
192 8.351097
193 7.879706
194 7.566436
195 7.232282
196 6.850255
197 6.585077
198 6.268055
199 5.996056
200 5.738385
201 5.423116
202 5.219126
203 5.006004
204 4.773715
205 4.573186
206 4.375557
207 4.206430
208 4.025366
209 3.822320
210 3.705304
211 3.554457
212 3.419575
213 3.268191
214 3.172672
215 3.025040
216 2.937592
217 2.818052
218 2.712720
219 2.608070
220 2.512152
221 2.414130
222 2.310710
223 2.239830
224 2.156749
225 2.069250
226 2.004478
227 1.934303
228 1.865478
229 1.797077
230 1.741343
231 1.674834
232 1.623832
233 1.569627
234 1.523796
235 1.475279
236 1.423992
237 1.369706
238 1.331212
239 1.289689
240 1.243980
241 1.202166
242 1.159554
243 1.115354
244 1.078275
245 1.044864
246 1.012187
247 0.981662
248 0.953550
249 0.917250
250 0.893380
251 0.868186
252 0.840184
253 0.814225
254 0.785119
255 0.767282
256 0.744818
257 0.726901
258 0.705714
259 0.684248
260 0.664368
261 0.646590
262 0.627897
263 0.609882
264 0.595709
265 0.576336
266 0.561518
267 0.546391
268 0.531734
269 0.517198
270 0.505276
271 0.493752
272 0.478914
273 0.467146
274 0.453168
275 0.441416
276 0.432431
277 0.422240
278 0.409389
279 0.400416
280 0.389434
281 0.379216
282 0.371082
283 0.362328
284 0.352920
285 0.345758
286 0.337114
287 0.329315
288 0.320663
289 0.313919
290 0.307531
291 0.300425
292 0.292906
293 0.284730
294 0.279079
295 0.270541
296 0.265169
297 0.259589
298 0.254137
299 0.249229
300 0.244613
301 0.240376
302 0.235187
303 0.230373
304 0.225185
305 0.220060
306 0.215425
307 0.210724
308 0.206926
309 0.203003
310 0.199575
311 0.196656
312 0.192368
313 0.189315
314 0.185881
315 0.182517
316 0.179274
317 0.175362
318 0.172549
319 0.169790
320 0.166714
321 0.163823
322 0.160834
323 0.158103
324 0.155595
325 0.153062
326 0.150101
327 0.147413
328 0.144608
329 0.141816
330 0.139276
331 0.136018
332 0.134253
333 0.132471
334 0.130308
335 0.128421
336 0.126400
337 0.124372
338 0.122383
339 0.120508
340 0.118047
341 0.116499
342 0.114712
343 0.112520
344 0.110954
345 0.109210
346 0.107841
347 0.106241
348 0.104748
349 0.103252
350 0.101628
351 0.100385
352 0.099113
353 0.097753
354 0.096364
355 0.095219
356 0.094025
357 0.092579
358 0.091606
359 0.090361
360 0.089336
361 0.088272
362 0.087163
363 0.085901
364 0.084999
365 0.083953
366 0.083074
367 0.082002
368 0.080780
369 0.079873
370 0.078896
371 0.077836
372 0.077005
373 0.076141
374 0.075193
375 0.074507
376 0.073662
377 0.072705
378 0.071935
379 0.070960
380 0.070190
381 0.069531
382 0.068728
383 0.067901
384 0.067318
385 0.066674
386 0.066012
387 0.065210
388 0.064588
389 0.063979
390 0.063193
391 0.062689
392 0.062144
393 0.061482
394 0.060847
395 0.060294
396 0.059784
397 0.059176
398 0.058610
399 0.058192
400 0.057710
401 0.057244
402 0.056638
403 0.056222
404 0.055800
405 0.055319
406 0.054878
407 0.054415
408 0.053951
409 0.053547
410 0.053065
411 0.052740
412 0.052387
413 0.051917
414 0.051542
415 0.051114
416 0.050687
417 0.050432
418 0.050128
419 0.049787
420 0.049417
421 0.048990
422 0.048752
423 0.048465
424 0.048096
425 0.047820
426 0.047538
427 0.047289
428 0.046984
429 0.046660
430 0.046345
431 0.046110
432 0.045820
433 0.045581
434 0.045288
435 0.045103
436 0.044854
437 0.044612
438 0.044375
439 0.044126
440 0.043863
441 0.043662
442 0.043416
443 0.043200
444 0.042878
445 0.042743
446 0.042559
447 0.042385
448 0.042192
449 0.041979
450 0.041834
451 0.041662
452 0.041484
453 0.041296
454 0.041163
455 0.041013
456 0.040874
457 0.040718
458 0.040551
459 0.040435
460 0.040296
461 0.040163
462 0.040038
463 0.039899
464 0.039771
465 0.039659
466 0.039526
467 0.039445
468 0.039345
469 0.039234
470 0.039133
471 0.039004
472 0.038929
473 0.038832
474 0.038754
475 0.038661
476 0.038584
477 0.038503
478 0.038419
479 0.038348
480 0.038283
481 0.038228
482 0.038163
483 0.038106
484 0.038058
485 0.038014
486 0.037967
487 0.037920
488 0.037881
489 0.037841
490 0.037817
491 0.037781
492 0.037755
493 0.037732
494 0.037710
495 0.037688
496 0.037674
497 0.037664
498 0.037654
499 0.037648
500 0.037644
