1 4976338.354565
2 5416441.089174
3 9998553.664382
4 15986646.177059
5 40256025.696783
6 57675831.526918
7 86668088.335640
8 129020960.461423
9 251867889.352833
10 336800695.456710
11 400207414.346663
12 513473086.763341
13 1095680764.429163
14 1656961088.117933
15 1991960139.951461
16 2211240846.804258
17 4724391998.869008
18 8291029783.978053
19 11573182689.411327
20 17603992746.269875
21 20172890447.207924
22 14454363832.414202
23 22467239392.467457
24 22435215251.041756
25 36074018636.837761
26 26280519446.769741
27 58248677435.598732
28 70112221396.949097
29 95575498905.781845
30 123106371010.305527
31 132871311324.325714
32 341354295620.107178
33 328258714189.825684
34 283021977620.652954
35 374516734791.503052
36 435830890151.932617
37 944439503107.911987
38 1062387044557.616577
39 959507586167.387817
40 1652614573753.408203
41 1580990248923.467285
42 1939025437251.049561
43 2828144091614.360352
44 2820330674569.135254
45 4004899810062.047363
46 5198202530897.604492
47 6296450160402.456055
48 8780112213378.244141
49 9611857758107.394531
50 10453867644941.574219
51 11642834132945.865234
52 11257497879695.658203
53 9571019937992.371094
54 12367575879986.535156
55 12921677527120.650391
56 17500055417002.617188
57 17339061077708.091797
58 19421220832491.117188
59 34960447484375.238281
60 55239279998653.664062
61 59539522187112.992188
62 73224530309427.281250
63 81558150219741.968750
64 129130988268382.687500
65 111193901402118.812500
66 93401250606407.000000
67 73029742272354.515625
68 123373107598011.843750
69 137900047346083.765625
70 204046495707457.562500
71 211901325292715.125000
72 145144368120728.093750
73 198127278795740.625000
74 268922540577458.875000
75 238041424806960.031250
76 167224797430031.406250
77 159139846155391.312500
78 155991733365418.156250
79 246600521072689.218750
80 221131553518350.218750
81 230739130300487.062500
82 272144299307314.906250
83 258996230485020.062500
84 304567842937576.375000
85 325452551299518.687500
86 198455982316882.781250
87 416214274392411.687500
88 314762560909786.125000
89 522475772968649.187500
90 447972747232567.687500
91 445968024473929.187500
92 681571484498128.125000
93 515868930139309.187500
94 460170590769585.687500
95 506285313386113.750000
96 660356944622224.750000
97 557137804775732.250000
98 932962337428201.125000
99 699502771725015.125000
100 532967065539021.500000
101 739867912326823.750000
102 298821297055102.125000
103 546080262144240.562500
104 691051647606431.500000
105 789006242588983.125000
106 516226346776429.812500
107 455230234044182.750000
108 877506771336642.250000
109 618459997625474.625000
110 818571982876867.750000
111 656831830371359.500000
112 587247820998277.500000
113 547415127591499.062500
114 570829206241465.875000
115 461446868969037.437500
116 343608370082753.937500
117 328467800304727.312500
118 404384978826773.625000
119 431997779799346.625000
120 537108892074863.937500
121 359873772885022.250000
122 485619198805414.687500
123 387169419910858.187500
124 298158965997427.937500
125 253190451854714.906250
126 210391892572556.437500
127 219976676993518.968750
128 161757822030799.625000
129 153261660816424.531250
130 174406848683998.406250
131 174055072538045.906250
132 214645906864431.375000
133 61666720908529.914062
134 79200874484415.421875
135 90952639919027.250000
136 88838238267673.765625
137 95474043096756.312500
138 104675700836831.328125
139 50060044435703.937500
140 63939195613260.812500
141 56280556868104.398438
142 58143153182581.882812
143 40381714867871.687500
144 27437226914102.539062
145 32232023705392.937500
146 21651105404744.183594
147 25307170924747.320312
148 23329048699643.394531
149 16152888706770.101562
150 11907155844155.738281
151 10951878191692.451172
152 9851403709824.929688
153 5811131462543.045898
154 6931398305892.608398
155 5507607459834.349609
156 3312799407678.274902
157 2074333387797.855957
158 1324850041145.492188
159 1186396055002.814941
160 884806883168.099243
161 757924755736.123901
162 384968461739.791199
163 332619317135.807007
164 329007089937.703247
165 267159979392.181000
166 237096979086.459167
167 165516889184.348602
168 141019726091.827576
169 149787382391.920471
170 112264337402.376129
171 106053737436.175781
172 107411438465.520020
173 55934896064.069595
174 58628399978.285553
175 43279864325.823219
176 30314518943.808414
177 27640398056.815563
178 17620196366.931599
179 13519690245.190014
180 13347192562.969486
181 11826263823.469559
182 8555019497.514894
183 6916502043.691167
184 4389401951.191588
185 3308939380.974784
186 2796403975.423138
187 1756028042.630811
188 1215882314.674834
189 1106604966.477523
190 766341026.131174
191 667905065.080576
192 908527773.984556
193 737365666.018935
194 540369933.967049
195 510425651.241963
196 426051834.655845
197 295852444.666669
198 221789473.846742
199 209943975.014249
200 117581896.337308
201 78788927.666014
202 58184954.539577
203 44786249.932553
204 30081277.971736
205 19071962.386359
206 16110224.906850
207 10272820.144114
208 8291956.723795
209 4876800.213188
210 3864673.391677
211 2538661.698819
212 1992040.370626
213 957062.387257
214 690295.250160
215 423807.317639
216 267012.492188
217 194942.667822
218 111290.749654
219 127339.753634
220 87494.630555
221 71025.902190
222 49964.836848
223 41379.717397
224 24199.588940
225 18513.272793
226 11394.889301
227 8829.853749
228 6934.594466
229 4733.407755
230 2837.983084
231 2169.342621
232 1373.964473
233 588.370017
234 454.085645
235 291.584704
236 214.610005
237 142.380456
238 69.499167
239 48.018824
240 33.430259
241 28.748739
242 16.873730
243 9.660048
244 5.437447
245 4.124604
246 2.237780
247 1.306147
248 1.044378
249 0.798581
250 0.597289
251 0.267663
252 0.237773
253 0.152723
254 0.126430
255 0.075229
256 0.041263
257 0.029600
258 0.017804
259 0.011271
260 0.007647
261 0.004325
262 0.002661
263 0.001798
264 0.001193
265 0.000775
266 0.000402
267 0.000285
268 0.000150
269 0.000116
270 0.000064
271 0.000044
272 0.000031
273 0.000024
274 0.000014
275 0.000009
276 0.000006
277 0.000004
278 0.000003
279 0.000002
280 0.000001
281 0.000001
282 0.000000
283 0.000000
284 0.000000
285 0.000000
286 0.000000
287 0.000000
288 0.000000
289 0.000000
290 0.000000
291 0.000000
292 0.000000
293 0.000000
294 0.000000
295 0.000000
296 0.000000
297 0.000000
298 0.000000
299 0.000000
300 0.000000
301 0.000000
302 0.000000
303 0.000000
304 0.000000
305 0.000000
306 0.000000
307 0.000000
308 0.000000
309 0.000000
310 0.000000
311 0.000000
312 0.000000
313 0.000000
314 0.000000
315 0.000000
316 0.000000
317 0.000000
318 0.000000
319 0.000000
320 0.000000
321 0.000000
322 0.000000
323 0.000000
324 0.000000
325 0.000000
326 0.000000
327 0.000000
328 0.000000
329 0.000000
330 0.000000
331 0.000000
332 0.000000
333 0.000000
334 0.000000
335 0.000000
336 0.000000
337 0.000000
338 0.000000
339 0.000000
340 0.000000
341 0.000000
342 0.000000
343 0.000000
344 0.000000
345 0.000000
346 0.000000
347 0.000000
348 0.000000
349 0.000000
350 0.000000
351 0.000000
352 0.000000
353 0.000000
354 0.000000
355 0.000000
356 0.000000
357 0.000000
358 0.000000
359 0.000000
360 0.000000
361 0.000000
362 0.000000
363 0.000000
364 0.000000
365 0.000000
366 0.000000
367 0.000000
368 0.000000
369 0.000000
370 0.000000
371 0.000000
372 0.000000
373 0.000000
374 0.000000
375 0.000000
376 0.000000
377 0.000000
378 0.000000
379 0.000000
380 0.000000
381 0.000000
382 0.000000
383 0.000000
384 0.000000
385 0.000000
386 0.000000
387 0.000000
388 0.000000
389 0.000000
390 0.000000
391 0.000000
392 0.000000
393 0.000000
394 0.000000
395 0.000000
396 0.000000
397 0.000000
398 0.000000
399 0.000000
400 0.000000
401 0.000000
402 0.000000
403 0.000000
404 0.000000
405 0.000000
406 0.000000
407 0.000000
408 0.000000
409 0.000000
410 0.000000
411 0.000000
412 0.000000
413 0.000000
414 0.000000
415 0.000000
416 0.000000
417 0.000000
418 0.000000
419 0.000000
420 0.000000
421 0.000000
422 0.000000
423 0.000000
424 0.000000
425 0.000000
426 0.000000
427 0.000000
428 0.000000
429 0.000000
430 0.000000
431 0.000000
432 0.000000
433 0.000000
434 0.000000
435 0.000000
436 0.000000
437 0.000000
438 0.000000
439 0.000000
440 0.000000
441 0.000000
442 0.000000
443 0.000000
444 0.000000
445 0.000000
446 0.000000
447 0.000000
448 0.000000
449 0.000000
450 0.000000
451 0.000000
452 0.000000
453 0.000000
454 0.000000
455 0.000000
456 0.000000
457 0.000000
458 0.000000
459 0.000000
460 0.000000
461 0.000000
462 0.000000
463 0.000000
464 0.000000
465 0.000000
466 0.000000
467 0.000000
468 0.000000
469 0.000000
470 0.000000
471 0.000000
472 0.000000
473 0.000000
474 0.000000
475 0.000000
476 0.000000
477 0.000000
478 0.000000
479 0.000000
480 0.000000
481 0.000000
482 0.000000
483 0.000000
484 0.000000
485 0.000000
486 0.000000
487 0.000000
488 0.000000
489 0.000000
490 0.000000
491 0.000000
492 0.000000
493 0.000000
494 0.000000
495 0.000000
496 0.000000
497 0.000000
498 0.000000
499 0.000000
500 0.000000
