1 16553073.839230
2 18800592.953718
3 23473524.558686
4 33807849.774790
5 25446174.004091
6 34060113.948190
7 39748769.087748
8 49965837.156475
9 69699316.319882
10 59988267.496144
11 64156123.556679
12 71700209.709288
13 84408322.014158
14 94400687.761088
15 123792744.182986
16 86990440.249840
17 124815831.950480
18 143979662.044734
19 156297142.512552
20 152072749.085770
21 123310508.280447
22 204560933.779622
23 212877864.437865
24 193121095.724249
25 210285099.904427
26 186696308.186068
27 299230947.458213
28 381042300.981264
29 381085729.650215
30 421928896.300537
31 419312926.284940
32 430985052.891134
33 327745343.167665
34 401126510.841023
35 294804584.553085
36 392089304.550489
37 478638775.358248
38 471772020.737112
39 348097105.828159
40 404009990.971403
41 439136378.522310
42 537936431.617008
43 506468302.417746
44 418263762.480025
45 510678606.132507
46 576628697.720963
47 643695394.368890
48 493279674.692762
49 706568346.477791
50 497311672.618998
51 482064759.602851
52 518124859.796698
53 601278061.887757
54 714281672.427110
55 737510214.975747
56 824977816.383000
57 902807174.333699
58 1085867908.757875
59 904521793.343722
60 763793331.677159
61 523389003.214604
62 759652536.361835
63 627030131.368444
64 767023339.026134
65 766881755.400458
66 826278384.894985
67 582338895.694127
68 666913366.155946
69 707641364.983283
70 722320118.280250
71 599991801.506778
72 352939357.610312
73 450266462.940579
74 482180526.169943
75 487608759.616207
76 549823541.286097
77 422073338.985693
78 584757328.039300
79 594790547.272889
80 687659783.948509
81 720661688.718018
82 566866822.487800
83 471804315.520898
84 509012597.966109
85 608409436.396144
86 384691609.122517
87 322893567.819715
88 598086130.351762
89 468481880.146412
90 546001525.761391
91 502557538.931493
92 442197646.382083
93 423669630.511161
94 454767814.401136
95 500830338.598407
96 396767595.305188
97 407448340.347038
98 332136688.821150
99 395381033.327908
100 333080979.483924
101 327213735.529380
102 313841214.297415
103 336150498.764890
104 363924653.631627
105 332633309.839985
106 332806570.166625
107 284374546.563696
108 316813429.072754
109 285064509.585608
110 230511525.759528
111 233645083.430197
112 243690136.989571
113 198328006.581290
114 223075564.025544
115 196958972.654476
116 207841534.496926
117 191514203.020891
118 197571474.496729
119 161491794.674515
120 174906369.171660
121 183891787.579819
122 141505868.750536
123 131872788.720532
124 142462226.891470
125 137042507.944672
126 107081085.336335
127 108337027.293864
128 88484466.458449
129 93001022.562683
130 79336105.266082
131 83761443.137824
132 83510318.749303
133 78886121.731326
134 66974354.759220
135 63434945.367283
136 77217844.724958
137 65072305.292527
138 72491413.037076
139 59462914.670500
140 45492902.576433
141 51311551.854022
142 72375542.795136
143 69934046.006257
144 66975444.175175
145 62167548.643064
146 50277503.014542
147 59894139.676844
148 60153546.123518
149 57865931.256327
150 50549031.537408
151 60145933.579710
152 55793294.635273
153 49097147.057564
154 53426092.076580
155 40012256.921616
156 46968381.729626
157 45249902.876173
158 39123581.596932
159 45230005.065392
160 41551758.955008
161 37542062.366579
162 33417595.685317
163 30008555.697065
164 34235277.149608
165 37353637.071707
166 38966617.391835
167 33029773.057967
168 33623271.886630
169 31130803.650510
170 29626802.875313
171 23769242.609638
172 26145355.140048
173 20604125.654010
174 21473606.005709
175 20468517.870298
176 20215378.370007
177 19291887.880085
178 18889641.532656
179 17880612.085156
180 19277153.460645
181 18456119.309514
182 16965047.517887
183 16309671.364999
184 12535040.185502
185 14252567.130982
186 12889076.344468
187 15757849.679438
188 14196774.510085
189 15812152.090644
190 18877269.152616
191 18071241.764742
192 17726150.540379
193 17166767.178026
194 15770876.365869
195 15219164.839942
196 12472224.794249
197 14141786.012021
198 13255505.626068
199 13511529.470552
200 11827034.094904
201 12473638.739915
202 10891107.484749
203 10228392.906554
204 8260259.261084
205 8951671.720963
206 11123298.177551
207 8654124.369316
208 10125810.770307
209 10052205.987382
210 9479234.854709
211 8789235.857601
212 9243362.247070
213 7803479.337397
214 7923406.130259
215 7430812.194207
216 8129852.843922
217 7571523.505085
218 7452751.836511
219 8017015.574890
220 7156773.959295
221 6708347.233010
222 6412610.887558
223 6578858.709875
224 5604284.561763
225 6042896.515769
226 6159437.938758
227 5403073.637155
228 4552291.252736
229 4858461.140353
230 4526933.295104
231 4811814.964405
232 5228525.390537
233 4759450.673855
234 4664011.504348
235 4802517.093520
236 4023563.170363
237 3611728.608908
238 4272341.693692
239 4075160.074099
240 3605855.289502
241 4053624.669188
242 3773761.623916
243 2803336.723547
244 3137402.646608
245 3075374.142790
246 2780489.413858
247 2605087.131375
248 3001896.038998
249 2455142.278237
250 1974092.570349
251 2003252.249948
252 2160463.441084
253 2141670.612896
254 2269204.489216
255 1807082.370458
256 1869233.321220
257 1989897.792629
258 2146500.343630
259 1904954.962089
260 1808704.211661
261 1739010.342671
262 1792494.981385
263 1497269.730782
264 1528177.893375
265 1337686.446969
266 1257516.901731
267 1279374.504566
268 1360474.520805
269 1213385.014315
270 1329608.686884
271 1295483.178770
272 1208627.321463
273 1115269.370913
274 1182765.614469
275 1023060.051725
276 987582.559050
277 866196.554393
278 1057721.577092
279 1005463.938642
280 783580.051228
281 800843.771907
282 769432.871218
283 773135.802559
284 766330.202765
285 793355.243341
286 759838.952370
287 827927.340204
288 772556.726327
289 754739.661195
290 714835.399919
291 750910.036590
292 668684.034272
293 628052.480867
294 686386.448915
295 613308.061067
296 516451.001017
297 581058.056373
298 578333.984824
299 566796.478323
300 541165.746027
301 518425.010611
302 514490.003130
303 463335.383727
304 500679.966621
305 405497.306686
306 470622.231274
307 459531.788828
308 416959.959120
309 419509.174631
310 415928.686504
311 411782.469874
312 414761.808174
313 430189.028709
314 429279.912591
315 422236.328203
316 394483.963326
317 395052.799396
318 374247.704925
319 353158.543202
320 379946.444595
321 378355.824485
322 334109.896942
323 321368.773668
324 313114.112413
325 287125.168130
326 318731.536347
327 295080.786617
328 268791.509114
329 255225.069148
330 262690.515432
331 255070.508286
332 274440.692709
333 253571.208089
334 252777.362228
335 235793.764376
336 225241.808696
337 242694.507467
338 227467.771759
339 222828.081614
340 228757.994295
341 220200.397519
342 213621.648035
343 214628.938936
344 191841.648258
345 186309.412621
346 188957.396551
347 193891.442161
348 189212.228393
349 174661.701748
350 159553.677914
351 160476.391402
352 162018.663040
353 147823.864446
354 152139.526564
355 154383.694907
356 156538.339111
357 150052.308821
358 146428.790564
359 138116.926134
360 136167.278094
361 130121.663879
362 121454.836073
363 122112.747845
364 115460.367354
365 110143.969970
366 107430.990351
367 99985.340966
368 105034.330176
369 100827.011321
370 100440.414748
371 96406.073366
372 94424.633939
373 96478.576228
374 91872.560660
375 90289.151159
376 90529.199821
377 89484.754126
378 85332.066049
379 81896.517832
380 79898.592850
381 81968.905787
382 76814.168094
383 81391.586226
384 78746.171387
385 76138.132994
386 74828.731886
387 70898.373378
388 68366.109320
389 68289.530259
390 69697.314040
391 64030.650353
392 64297.895146
393 61865.489519
394 61164.401324
395 60095.316669
396 59993.535453
397 59328.917893
398 60524.626649
399 57399.168668
400 57504.982745
401 55844.474902
402 54217.661451
403 55635.567665
404 54832.354887
405 52674.025893
406 52344.563158
407 50665.567053
408 49004.774858
409 48487.209189
410 47266.041275
411 47716.511344
412 46559.807611
413 45376.853665
414 44306.950786
415 43602.986357
416 43772.494024
417 42396.296411
418 41507.023024
419 41005.572950
420 40810.452512
421 39536.996008
422 38724.995119
423 39489.832163
424 38682.559372
425 38239.083764
426 37849.329058
427 37018.562775
428 37135.049233
429 36658.993963
430 35948.217988
431 35963.599734
432 34780.303948
433 34737.460940
434 33301.531914
435 33283.726264
436 32783.076162
437 32232.919790
438 31948.141331
439 31241.166109
440 31406.381617
441 30676.265158
442 30654.290102
443 30161.834834
444 29926.564381
445 29529.166812
446 29198.794745
447 29423.361919
448 28812.419268
449 28057.214766
450 27679.127141
451 27244.793435
452 26636.005854
453 26648.899238
454 26241.790870
455 25931.327996
456 25658.743322
457 25635.504309
458 25026.608976
459 25043.762156
460 24591.584582
461 24495.767221
462 24424.702317
463 24066.600955
464 23979.376575
465 23761.495324
466 23497.850397
467 23231.053497
468 23072.266598
469 22947.742414
470 22707.024031
471 22532.105883
472 22371.246472
473 22278.061191
474 22036.575511
475 21891.393376
476 21769.963399
477 21622.570690
478 21508.941537
479 21464.887010
480 21320.743765
481 21211.919139
482 21056.838472
483 20915.147835
484 20785.634734
485 20703.597280
486 20571.071577
487 20471.980974
488 20412.557426
489 20303.709377
490 20243.760115
491 20167.743247
492 20126.490545
493 20033.809167
494 19981.071559
495 19933.663904
496 19902.252378
497 19875.729288
498 19850.952381
499 19834.719430
500 19823.495124
