1 1000000000000000019884624838656.000000
2 1000000000000000019884624838656.000000
3 1000000000000000019884624838656.000000
4 1000000000000000019884624838656.000000
5 inf
6 inf
7 inf
8 inf
9 inf
10 inf
11 inf
12 inf
13 inf
14 inf
15 inf
16 inf
17 inf
18 inf
19 inf
20 inf
21 inf
22 inf
23 inf
24 inf
25 inf
26 inf
27 inf
28 inf
29 inf
30 inf
31 inf
32 inf
33 inf
34 inf
35 inf
36 inf
37 inf
38 inf
39 inf
40 inf
41 inf
42 inf
43 inf
44 inf
45 inf
46 inf
47 inf
48 inf
49 inf
50 inf
51 inf
52 inf
53 inf
54 inf
55 inf
56 inf
57 inf
58 inf
59 inf
60 inf
61 inf
62 inf
63 inf
64 inf
65 inf
66 inf
67 inf
68 inf
69 inf
70 162984630147634001560214884834823707001752520965232968256229528479917308467015352452106349747296459097874223846238516860312393814418848080638650901717424109690345831503563390999494224188448820538355793116573162607970716773881002926927260670979686544457082181884008596118700032.000000
71 162984630147634001560214884834823707001752520965232968256229528479917308467015352452106349747296459097874223846238516860312393814418848080638650901717424109690345831503563390999494224188448820538355793116573162607970716773881002926927260670979686544457082181884008596118700032.000000
72 162984630147634001560214884834823707001752520965232968256229528479917308467015352452106349747296459097874223846238516860312393814418848080638650901717424109690345831503563390999494224188448820538355793116573162607970716773881002926927260670979686544457082181884008596118700032.000000
73 162984630147634001560214884834823707001752520965232968256229528479917308467015352452106349747296459097874223846238516860312393814418848080638650901717424109690345831503563390999494224188448820538355793116573162607970716773881002926927260670979686544457082181884008596118700032.000000
74 162984630147634001560214884834823707001752520965232968256229528479917308467015352452106349747296459097874223846238516860312393814418848080638650901717424109690345831503563390999494224188448820538355793116573162607970716773881002926927260670979686544457082181884008596118700032.000000
75 408383220613218686346223415981984312464988964000851636752342638561422903926814888082158942473245431241443347026345195555775921701109660045991002632701710424934289399349248.000000
76 408383220613218686346223415981984312464988964000851636752342638561422903926814888082158942473245431241443347026345195555775921701109660045991002632701710424934289399349248.000000
77 408383220613218686346223415981984312464988964000851636752342638561422903926814888082158942473245431241443347026345195555775921701109660045991002632701710424934289399349248.000000
78 408383220613218686346223415981984312464988964000851636752342638561422903926814888082158942473245431241443347026345195555775921701109660045991002632701710424934289399349248.000000
79 408383220613218686346223415981984312464988964000851636752342638561422903926814888082158942473245431241443347026345195555775921701109660045991002632701710424934289399349248.000000
80 1263858182725526798996124910101234662476730695024291235233792.000000
81 1263858182725526798996124910101234662476730695024291235233792.000000
82 1263858182725526798996124910101234662476730695024291235233792.000000
83 1263858182725526798996124910101234662476730695024291235233792.000000
84 1263858182725526798996124910101234662476730695024291235233792.000000
85 43945.814547
86 43945.814547
87 43945.814547
88 43945.814547
89 43945.814547
90 36231.713306
91 36231.713306
92 36231.713306
93 36231.713306
94 36231.713306
95 29173.469304
96 29173.469304
97 29173.469304
98 29173.469304
99 29173.469304
100 21769.574617
101 21769.574617
102 21769.574617
103 21769.574617
104 21769.574617
105 17003.914625
106 17003.914625
107 17003.914625
108 17003.914625
109 17003.914625
110 13749.517624
111 13749.517624
112 13749.517624
113 13749.517624
114 13749.517624
115 11372.993637
116 11372.993637
117 11372.993637
118 11372.993637
119 11372.993637
120 9204.108633
121 9204.108633
122 9204.108633
123 9204.108633
124 9204.108633
125 7383.905232
126 7383.905232
127 7383.905232
128 7383.905232
129 7383.905232
130 5678.281648
131 5678.281648
132 5678.281648
133 5678.281648
134 5678.281648
135 4464.352790
136 4464.352790
137 4464.352790
138 4464.352790
139 4464.352790
140 3601.124183
141 3601.124183
142 3601.124183
143 3601.124183
144 3601.124183
145 2926.678751
146 2926.678751
147 2926.678751
148 2926.678751
149 2926.678751
150 2372.654934
151 2372.654934
152 2372.654934
153 2372.654934
154 2372.654934
155 1881.178701
156 1881.178701
157 1881.178701
158 1881.178701
159 1881.178701
160 1484.168377
161 1484.168377
162 1484.168377
163 1484.168377
164 1484.168377
165 1147.247413
166 1147.247413
167 1147.247413
168 1147.247413
169 1147.247413
170 892.861368
171 892.861368
172 892.861368
173 892.861368
174 892.861368
175 712.375015
176 712.375015
177 712.375015
178 712.375015
179 712.375015
180 561.730048
181 561.730048
182 561.730048
183 561.730048
184 561.730048
185 446.609811
186 446.609811
187 446.609811
188 446.609811
189 446.609811
190 351.654907
191 351.654907
192 351.654907
193 351.654907
194 351.654907
195 289.030189
196 289.030189
197 289.030189
198 289.030189
199 289.030189
200 224.630946
201 224.630946
202 224.630946
203 224.630946
204 224.630946
205 183.947425
206 183.947425
207 183.947425
208 183.947425
209 183.947425
210 146.043895
211 146.043895
212 146.043895
213 146.043895
214 146.043895
215 117.688834
216 117.688834
217 117.688834
218 117.688834
219 117.688834
220 95.483404
221 95.483404
222 95.483404
223 95.483404
224 95.483404
225 79.182474
226 79.182474
227 79.182474
228 79.182474
229 79.182474
230 64.547408
231 64.547408
232 64.547408
233 64.547408
234 64.547408
235 52.491991
236 52.491991
237 52.491991
238 52.491991
239 52.491991
240 43.496428
241 43.496428
242 43.496428
243 43.496428
244 43.496428
245 35.469452
246 35.469452
247 35.469452
248 35.469452
249 35.469452
250 29.005009
251 29.005009
252 29.005009
253 29.005009
254 29.005009
255 24.202026
256 24.202026
257 24.202026
258 24.202026
259 24.202026
260 19.051877
261 19.051877
262 19.051877
263 19.051877
264 19.051877
265 15.525566
266 15.525566
267 15.525566
268 15.525566
269 15.525566
270 12.692342
271 12.692342
272 12.692342
273 12.692342
274 12.692342
275 10.571426
276 10.571426
277 10.571426
278 10.571426
279 10.571426
280 8.752773
281 8.752773
282 8.752773
283 8.752773
284 8.752773
285 7.320585
286 7.320585
287 7.320585
288 7.320585
289 7.320585
290 6.109592
291 6.109592
292 6.109592
293 6.109592
294 6.109592
295 5.166402
296 5.166402
297 5.166402
298 5.166402
299 5.166402
300 4.329763
301 4.329763
302 4.329763
303 4.329763
304 4.329763
305 3.668115
306 3.668115
307 3.668115
308 3.668115
309 3.668115
310 3.085795
311 3.085795
312 3.085795
313 3.085795
314 3.085795
315 2.643412
316 2.643412
317 2.643412
318 2.643412
319 2.643412
320 2.270954
321 2.270954
322 2.270954
323 2.270954
324 2.270954
325 1.939473
326 1.939473
327 1.939473
328 1.939473
329 1.939473
330 1.638320
331 1.638320
332 1.638320
333 1.638320
334 1.638320
335 1.400398
336 1.400398
337 1.400398
338 1.400398
339 1.400398
340 1.207067
341 1.207067
342 1.207067
343 1.207067
344 1.207067
345 1.031376
346 1.031376
347 1.031376
348 1.031376
349 1.031376
350 0.892199
351 0.892199
352 0.892199
353 0.892199
354 0.892199
355 0.774764
356 0.774764
357 0.774764
358 0.774764
359 0.774764
360 0.665344
361 0.665344
362 0.665344
363 0.665344
364 0.665344
365 0.573275
366 0.573275
367 0.573275
368 0.573275
369 0.573275
370 0.496883
371 0.496883
372 0.496883
373 0.496883
374 0.496883
375 0.432845
376 0.432845
377 0.432845
378 0.432845
379 0.432845
380 0.377376
381 0.377376
382 0.377376
383 0.377376
384 0.377376
385 0.329354
386 0.329354
387 0.329354
388 0.329354
389 0.329354
390 0.286071
391 0.286071
392 0.286071
393 0.286071
394 0.286071
395 0.251033
396 0.251033
397 0.251033
398 0.251033
399 0.251033
400 0.220629
401 0.220629
402 0.220629
403 0.220629
404 0.220629
405 0.193748
406 0.193748
407 0.193748
408 0.193748
409 0.193748
410 0.170452
411 0.170452
412 0.170452
413 0.170452
414 0.170452
415 0.150350
416 0.150350
417 0.150350
418 0.150350
419 0.150350
420 0.132705
421 0.132705
422 0.132705
423 0.132705
424 0.132705
425 0.117433
426 0.117433
427 0.117433
428 0.117433
429 0.117433
430 0.103832
431 0.103832
432 0.103832
433 0.103832
434 0.103832
435 0.092193
436 0.092193
437 0.092193
438 0.092193
439 0.092193
440 0.081728
441 0.081728
442 0.081728
443 0.081728
444 0.081728
445 0.072799
446 0.072799
447 0.072799
448 0.072799
449 0.072799
450 0.064696
451 0.064696
452 0.064696
453 0.064696
454 0.064696
455 0.057597
456 0.057597
457 0.057597
458 0.057597
459 0.057597
460 0.051275
461 0.051275
462 0.051275
463 0.051275
464 0.051275
465 0.045746
466 0.045746
467 0.045746
468 0.045746
469 0.045746
470 0.040879
471 0.040879
472 0.040879
473 0.040879
474 0.040879
475 0.036506
476 0.036506
477 0.036506
478 0.036506
479 0.036506
480 0.032674
481 0.032674
482 0.032674
483 0.032674
484 0.032674
485 0.029310
486 0.029310
487 0.029310
488 0.029310
489 0.029310
490 0.026312
491 0.026312
492 0.026312
493 0.026312
494 0.026312
495 0.023649
496 0.023649
497 0.023649
498 0.023649
499 0.023649
500 0.021280
