1 1000000000000000019884624838656.000000
2 1000000000000000019884624838656.000000
3 1000000000000000019884624838656.000000
4 1000000000000000019884624838656.000000
5 inf
6 inf
7 inf
8 inf
9 inf
10 inf
11 inf
12 inf
13 inf
14 inf
15 inf
16 inf
17 inf
18 inf
19 inf
20 inf
21 inf
22 inf
23 inf
24 inf
25 inf
26 inf
27 inf
28 inf
29 inf
30 inf
31 inf
32 inf
33 inf
34 inf
35 inf
36 inf
37 inf
38 inf
39 inf
40 inf
41 inf
42 inf
43 inf
44 inf
45 inf
46 inf
47 inf
48 inf
49 inf
50 inf
51 inf
52 inf
53 inf
54 inf
55 inf
56 inf
57 inf
58 inf
59 inf
60 inf
61 inf
62 inf
63 inf
64 inf
65 inf
66 inf
67 inf
68 inf
69 inf
70 26791499888373203053529122743885377200081028262171951175444166388796930251385649097404121734202969770332666870251398670378893594989500342615966791433454200305427654344936559060997024441881944496616448675708793105430108910821241768528253939631432140463276032.000000
71 26791499888373203053529122743885377200081028262171951175444166388796930251385649097404121734202969770332666870251398670378893594989500342615966791433454200305427654344936559060997024441881944496616448675708793105430108910821241768528253939631432140463276032.000000
72 26791499888373203053529122743885377200081028262171951175444166388796930251385649097404121734202969770332666870251398670378893594989500342615966791433454200305427654344936559060997024441881944496616448675708793105430108910821241768528253939631432140463276032.000000
73 26791499888373203053529122743885377200081028262171951175444166388796930251385649097404121734202969770332666870251398670378893594989500342615966791433454200305427654344936559060997024441881944496616448675708793105430108910821241768528253939631432140463276032.000000
74 26791499888373203053529122743885377200081028262171951175444166388796930251385649097404121734202969770332666870251398670378893594989500342615966791433454200305427654344936559060997024441881944496616448675708793105430108910821241768528253939631432140463276032.000000
75 77429961970603236257948108641751675332142242008138490997255739586157428564486596961589251789777241431152882965395186535117154179327459328.000000
76 77429961970603236257948108641751675332142242008138490997255739586157428564486596961589251789777241431152882965395186535117154179327459328.000000
77 77429961970603236257948108641751675332142242008138490997255739586157428564486596961589251789777241431152882965395186535117154179327459328.000000
78 77429961970603236257948108641751675332142242008138490997255739586157428564486596961589251789777241431152882965395186535117154179327459328.000000
79 77429961970603236257948108641751675332142242008138490997255739586157428564486596961589251789777241431152882965395186535117154179327459328.000000
80 710814838.020930
81 710814838.020930
82 710814838.020930
83 710814838.020930
84 710814838.020930
85 52409.826434
86 52409.826434
87 52409.826434
88 52409.826434
89 52409.826434
90 41888.722381
91 41888.722381
92 41888.722381
93 41888.722381
94 41888.722381
95 33832.252573
96 33832.252573
97 33832.252573
98 33832.252573
99 33832.252573
100 26982.718288
101 26982.718288
102 26982.718288
103 26982.718288
104 26982.718288
105 21383.564146
106 21383.564146
107 21383.564146
108 21383.564146
109 21383.564146
110 16579.044690
111 16579.044690
112 16579.044690
113 16579.044690
114 16579.044690
115 12277.577095
116 12277.577095
117 12277.577095
118 12277.577095
119 12277.577095
120 9817.620690
121 9817.620690
122 9817.620690
123 9817.620690
124 9817.620690
125 7515.503469
126 7515.503469
127 7515.503469
128 7515.503469
129 7515.503469
130 5681.374378
131 5681.374378
132 5681.374378
133 5681.374378
134 5681.374378
135 4544.271197
136 4544.271197
137 4544.271197
138 4544.271197
139 4544.271197
140 3566.311475
141 3566.311475
142 3566.311475
143 3566.311475
144 3566.311475
145 2899.256636
146 2899.256636
147 2899.256636
148 2899.256636
149 2899.256636
150 2376.580760
151 2376.580760
152 2376.580760
153 2376.580760
154 2376.580760
155 1914.243399
156 1914.243399
157 1914.243399
158 1914.243399
159 1914.243399
160 1537.051183
161 1537.051183
162 1537.051183
163 1537.051183
164 1537.051183
165 1219.160699
166 1219.160699
167 1219.160699
168 1219.160699
169 1219.160699
170 962.984814
171 962.984814
172 962.984814
173 962.984814
174 962.984814
175 789.301482
176 789.301482
177 789.301482
178 789.301482
179 789.301482
180 627.827451
181 627.827451
182 627.827451
183 627.827451
184 627.827451
185 485.097670
186 485.097670
187 485.097670
188 485.097670
189 485.097670
190 400.161621
191 400.161621
192 400.161621
193 400.161621
194 400.161621
195 325.824766
196 325.824766
197 325.824766
198 325.824766
199 325.824766
200 258.752547
201 258.752547
202 258.752547
203 258.752547
204 258.752547
205 212.797088
206 212.797088
207 212.797088
208 212.797088
209 212.797088
210 173.568962
211 173.568962
212 173.568962
213 173.568962
214 173.568962
215 141.482753
216 141.482753
217 141.482753
218 141.482753
219 141.482753
220 114.952928
221 114.952928
222 114.952928
223 114.952928
224 114.952928
225 94.292743
226 94.292743
227 94.292743
228 94.292743
229 94.292743
230 76.245770
231 76.245770
232 76.245770
233 76.245770
234 76.245770
235 62.476905
236 62.476905
237 62.476905
238 62.476905
239 62.476905
240 52.628386
241 52.628386
242 52.628386
243 52.628386
244 52.628386
245 42.717136
246 42.717136
247 42.717136
248 42.717136
249 42.717136
250 34.308035
251 34.308035
252 34.308035
253 34.308035
254 34.308035
255 27.507895
256 27.507895
257 27.507895
258 27.507895
259 27.507895
260 22.333815
261 22.333815
262 22.333815
263 22.333815
264 22.333815
265 18.250751
266 18.250751
267 18.250751
268 18.250751
269 18.250751
270 15.209970
271 15.209970
272 15.209970
273 15.209970
274 15.209970
275 12.355223
276 12.355223
277 12.355223
278 12.355223
279 12.355223
280 10.227201
281 10.227201
282 10.227201
283 10.227201
284 10.227201
285 8.444702
286 8.444702
287 8.444702
288 8.444702
289 8.444702
290 6.972090
291 6.972090
292 6.972090
293 6.972090
294 6.972090
295 5.804122
296 5.804122
297 5.804122
298 5.804122
299 5.804122
300 4.881396
301 4.881396
302 4.881396
303 4.881396
304 4.881396
305 4.091988
306 4.091988
307 4.091988
308 4.091988
309 4.091988
310 3.439369
311 3.439369
312 3.439369
313 3.439369
314 3.439369
315 2.880185
316 2.880185
317 2.880185
318 2.880185
319 2.880185
320 2.445545
321 2.445545
322 2.445545
323 2.445545
324 2.445545
325 2.063087
326 2.063087
327 2.063087
328 2.063087
329 2.063087
330 1.754376
331 1.754376
332 1.754376
333 1.754376
334 1.754376
335 1.497624
336 1.497624
337 1.497624
338 1.497624
339 1.497624
340 1.288240
341 1.288240
342 1.288240
343 1.288240
344 1.288240
345 1.107109
346 1.107109
347 1.107109
348 1.107109
349 1.107109
350 0.954802
351 0.954802
352 0.954802
353 0.954802
354 0.954802
355 0.821521
356 0.821521
357 0.821521
358 0.821521
359 0.821521
360 0.709490
361 0.709490
362 0.709490
363 0.709490
364 0.709490
365 0.619810
366 0.619810
367 0.619810
368 0.619810
369 0.619810
370 0.537657
371 0.537657
372 0.537657
373 0.537657
374 0.537657
375 0.470836
376 0.470836
377 0.470836
378 0.470836
379 0.470836
380 0.407837
381 0.407837
382 0.407837
383 0.407837
384 0.407837
385 0.355478
386 0.355478
387 0.355478
388 0.355478
389 0.355478
390 0.308814
391 0.308814
392 0.308814
393 0.308814
394 0.308814
395 0.270613
396 0.270613
397 0.270613
398 0.270613
399 0.270613
400 0.238148
401 0.238148
402 0.238148
403 0.238148
404 0.238148
405 0.209862
406 0.209862
407 0.209862
408 0.209862
409 0.209862
410 0.184199
411 0.184199
412 0.184199
413 0.184199
414 0.184199
415 0.161941
416 0.161941
417 0.161941
418 0.161941
419 0.161941
420 0.143061
421 0.143061
422 0.143061
423 0.143061
424 0.143061
425 0.125611
426 0.125611
427 0.125611
428 0.125611
429 0.125611
430 0.110535
431 0.110535
432 0.110535
433 0.110535
434 0.110535
435 0.098333
436 0.098333
437 0.098333
438 0.098333
439 0.098333
440 0.087245
441 0.087245
442 0.087245
443 0.087245
444 0.087245
445 0.077441
446 0.077441
447 0.077441
448 0.077441
449 0.077441
450 0.068871
451 0.068871
452 0.068871
453 0.068871
454 0.068871
455 0.061395
456 0.061395
457 0.061395
458 0.061395
459 0.061395
460 0.054591
461 0.054591
462 0.054591
463 0.054591
464 0.054591
465 0.048688
466 0.048688
467 0.048688
468 0.048688
469 0.048688
470 0.043478
471 0.043478
472 0.043478
473 0.043478
474 0.043478
475 0.038833
476 0.038833
477 0.038833
478 0.038833
479 0.038833
480 0.034804
481 0.034804
482 0.034804
483 0.034804
484 0.034804
485 0.031208
486 0.031208
487 0.031208
488 0.031208
489 0.031208
490 0.027990
491 0.027990
492 0.027990
493 0.027990
494 0.027990
495 0.025151
496 0.025151
497 0.025151
498 0.025151
499 0.025151
500 0.022631
