1 3111056.891324
2 3147376.125128
3 3226059.680019
4 3428059.759946
5 3613965.337150
6 3940015.973771
7 4186756.471708
8 4223935.339408
9 4172241.689309
10 4401672.200423
11 4584612.477160
12 4758851.277175
13 4919214.256140
14 5082452.282549
15 5147212.831208
16 5336767.900607
17 5272801.423895
18 5567491.616489
19 5515883.179080
20 5385484.236063
21 5217093.328411
22 4996155.363272
23 5133809.262047
24 4982724.471926
25 5021644.255078
26 4816148.511947
27 4607262.934232
28 4344404.566812
29 4461125.901628
30 4480070.263179
31 4400225.670134
32 4320338.755582
33 4192301.770847
34 4046669.501282
35 3992426.926030
36 3698143.274790
37 3623380.576499
38 3498866.787618
39 3320474.188336
40 2768364.378194
41 2879265.513163
42 2713308.547818
43 2615665.305392
44 2458609.964502
45 2258366.376123
46 2245282.791210
47 2058045.306990
48 1949844.819873
49 1832563.842077
50 1720978.610272
51 1687056.973872
52 1614086.811241
53 1391930.070685
54 1379033.564518
55 1216648.770346
56 1188647.103532
57 1024302.705022
58 983565.661960
59 899765.783944
60 877298.720597
61 810488.648586
62 727154.831281
63 709257.593245
64 669479.434992
65 619148.594333
66 582292.124303
67 539738.298679
68 494321.953659
69 425867.262221
70 401832.960783
71 365143.663388
72 334655.370465
73 307489.689342
74 283699.281249
75 258689.543541
76 238873.250436
77 217850.303532
78 198960.134906
79 179635.191753
80 164543.028937
81 156969.450426
82 142741.921041
83 125626.859980
84 118130.685668
85 108596.069774
86 99284.649193
87 86679.845378
88 78679.502541
89 75098.129067
90 66445.087005
91 60740.046359
92 54634.475523
93 46854.607821
94 43337.543790
95 39241.786121
96 35307.644356
97 32081.651712
98 28668.990671
99 25943.481377
100 24113.435066
101 21517.076374
102 19142.415820
103 17829.227428
104 16005.946257
105 14641.055452
106 12945.891480
107 11825.451236
108 10896.765080
109 9789.698277
110 8650.373831
111 8030.872834
112 7122.570003
113 6592.667608
114 5847.304107
115 5284.487063
116 4771.245835
117 4367.286870
118 4068.722707
119 3512.388409
120 3227.554880
121 2819.664372
122 2575.706016
123 2284.816239
124 1991.335535
125 1764.950539
126 1600.134500
127 1477.557469
128 1316.032902
129 1200.260344
130 1083.622188
131 1003.959375
132 911.571431
133 816.016274
134 737.705927
135 658.534662
136 607.001502
137 539.104032
138 494.281839
139 442.856526
140 415.805036
141 381.868381
142 339.059144
143 304.740072
144 269.795069
145 242.867490
146 220.552877
147 197.306449
148 182.367050
149 167.266763
150 152.672657
151 135.645588
152 122.834914
153 109.766229
154 96.269789
155 90.678393
156 81.570108
157 74.446618
158 68.400554
159 62.615937
160 56.665570
161 49.289005
162 47.323355
163 43.288667
164 39.823707
165 36.818341
166 32.729244
167 29.488683
168 26.844271
169 25.172656
170 22.523237
171 20.658812
172 19.436336
173 18.104225
174 16.358738
175 15.108985
176 14.198895
177 12.800070
178 11.918956
179 10.965513
180 9.876002
181 9.171632
182 8.580794
183 7.912438
184 7.114385
185 6.386006
186 5.947118
187 5.480755
188 5.055827
189 4.553566
190 4.286733
191 3.997006
192 3.653516
193 3.348429
194 3.092271
195 2.843964
196 2.666455
197 2.464079
198 2.293505
199 2.080238
200 1.955500
201 1.852439
202 1.740074
203 1.597226
204 1.486078
205 1.342514
206 1.275740
207 1.187700
208 1.107474
209 1.032766
210 0.944441
211 0.889665
212 0.816455
213 0.780475
214 0.719413
215 0.676880
216 0.638114
217 0.591514
218 0.559330
219 0.527321
220 0.493321
221 0.466942
222 0.439548
223 0.407792
224 0.379982
225 0.354583
226 0.337266
227 0.318032
228 0.301158
229 0.284538
230 0.267696
231 0.244743
232 0.231999
233 0.219387
234 0.204222
235 0.191205
236 0.180186
237 0.170412
238 0.159661
239 0.149777
240 0.143324
241 0.134437
242 0.128408
243 0.120448
244 0.114204
245 0.105952
246 0.099977
247 0.094168
248 0.088663
249 0.082983
250 0.079165
251 0.075299
252 0.070462
253 0.066656
254 0.063852
255 0.060061
256 0.057106
257 0.054345
258 0.050882
259 0.048602
260 0.044527
261 0.042229
262 0.040771
263 0.038622
264 0.036875
265 0.034834
266 0.033123
267 0.031675
268 0.030111
269 0.028405
270 0.027432
271 0.025958
272 0.024302
273 0.023145
274 0.022262
275 0.021154
276 0.020226
277 0.019348
278 0.018584
279 0.017815
280 0.017198
281 0.016510
282 0.015497
283 0.015036
284 0.014397
285 0.013821
286 0.013236
287 0.012652
288 0.012037
289 0.011468
290 0.011033
291 0.010660
292 0.010171
293 0.009787
294 0.009335
295 0.009007
296 0.008601
297 0.008312
298 0.007946
299 0.007688
300 0.007323
301 0.007073
302 0.006823
303 0.006523
304 0.006320
305 0.006046
306 0.005874
307 0.005607
308 0.005413
309 0.005206
310 0.005028
311 0.004844
312 0.004695
313 0.004515
314 0.004358
315 0.004186
316 0.004030
317 0.003893
318 0.003725
319 0.003573
320 0.003465
321 0.003336
322 0.003241
323 0.003138
324 0.003016
325 0.002905
326 0.002831
327 0.002753
328 0.002645
329 0.002570
330 0.002492
331 0.002415
332 0.002341
333 0.002274
334 0.002211
335 0.002120
336 0.002075
337 0.001998
338 0.001920
339 0.001884
340 0.001820
341 0.001759
342 0.001719
343 0.001658
344 0.001624
345 0.001575
346 0.001535
347 0.001498
348 0.001456
349 0.001420
350 0.001385
351 0.001349
352 0.001320
353 0.001282
354 0.001247
355 0.001214
356 0.001182
357 0.001147
358 0.001114
359 0.001073
360 0.001053
361 0.001020
362 0.000996
363 0.000973
364 0.000953
365 0.000927
366 0.000901
367 0.000875
368 0.000850
369 0.000833
370 0.000806
371 0.000792
372 0.000768
373 0.000752
374 0.000736
375 0.000713
376 0.000698
377 0.000683
378 0.000670
379 0.000657
380 0.000641
381 0.000630
382 0.000616
383 0.000606
384 0.000593
385 0.000581
386 0.000570
387 0.000558
388 0.000541
389 0.000532
390 0.000523
391 0.000512
392 0.000500
393 0.000493
394 0.000485
395 0.000475
396 0.000467
397 0.000460
398 0.000450
399 0.000444
400 0.000435
401 0.000426
402 0.000416
403 0.000410
404 0.000404
405 0.000397
406 0.000389
407 0.000384
408 0.000378
409 0.000372
410 0.000366
411 0.000360
412 0.000355
413 0.000350
414 0.000343
415 0.000339
416 0.000333
417 0.000329
418 0.000324
419 0.000318
420 0.000314
421 0.000309
422 0.000306
423 0.000301
424 0.000297
425 0.000293
426 0.000289
427 0.000285
428 0.000282
429 0.000279
430 0.000274
431 0.000271
432 0.000268
433 0.000264
434 0.000262
435 0.000258
436 0.000256
437 0.000253
438 0.000251
439 0.000248
440 0.000246
441 0.000243
442 0.000241
443 0.000239
444 0.000236
445 0.000234
446 0.000232
447 0.000230
448 0.000228
449 0.000226
450 0.000224
451 0.000222
452 0.000220
453 0.000218
454 0.000217
455 0.000215
456 0.000213
457 0.000212
458 0.000210
459 0.000208
460 0.000207
461 0.000206
462 0.000204
463 0.000203
464 0.000202
465 0.000201
466 0.000200
467 0.000198
468 0.000197
469 0.000196
470 0.000195
471 0.000194
472 0.000193
473 0.000192
474 0.000192
475 0.000191
476 0.000190
477 0.000189
478 0.000188
479 0.000188
480 0.000187
481 0.000186
482 0.000186
483 0.000185
484 0.000185
485 0.000184
486 0.000184
487 0.000183
488 0.000183
489 0.000182
490 0.000182
491 0.000182
492 0.000181
493 0.000181
494 0.000181
495 0.000181
496 0.000181
497 0.000181
498 0.000180
499 0.000180
500 0.000180
