1 inf
2 inf
3 inf
4 inf
5 inf
6 inf
7 inf
8 inf
9 inf
10 inf
11 inf
12 inf
13 inf
14 inf
15 inf
16 inf
17 inf
18 inf
19 inf
20 inf
21 inf
22 inf
23 inf
24 inf
25 inf
26 inf
27 inf
28 inf
29 inf
30 inf
31 inf
32 inf
33 inf
34 inf
35 inf
36 inf
37 inf
38 inf
39 inf
40 inf
41 inf
42 inf
43 inf
44 inf
45 inf
46 inf
47 inf
48 inf
49 inf
50 1065220813866858475961739632515746021516373005967426194047785055874828187560084347405978938353040147259942851292108140699132928258398761139744357924019054360209142705246151620822917285179592530900662609565907388466578022384646011409472675102980735769432941884093198614356922614196457535872929955501737771008.000000
51 507537756728902817925893753485065435461441960017740423235621344543101288088689804430447811448993610122843516987152248059317817921278204820933092886618722084256796466799177695386708212221657039144262032753304047400754666665666367423857113133060242607092885940720044440787059998720.000000
52 16938206957863209573188861011451039160362800950767269378227313243391007746098024743416049971315616703135519804560579287435991133958052197845120305385728077729820705312027288848670133808245016223536983176975299098916537873949623594332854272477495083261918660349919232.000000
53 88053781160838548336289294530789117188304505058302789125964338863128018562899832070349114625416903662185329061678540618738919906243030007000314570072482194719319442915318104835924929209379704182359214025470136925494256064218394099919248949248.000000
54 6385813919089740357430726393777473118885570822306860412416238590621914348202536792450882071905065603850913252816401005207781082562138156017573122270909371442999682525223583236431910200813769390183276036874505778022932813971456.000000
55 76754472104435875221832284999641858559837480454027349924983293252547443618465737739735222245539714806151110292537921906670270332235351819513797580952881342620074979054771703123658670255323380176557629767680.000000
56 9137569247155784540484655330683115447383149879474408741726237940226638273691552599517560943813581355623481461239826357655450324620159289658076160221903716324120401167457773516468542154349740032.000000
57 1347530957277500552707386719830651982721008958308521245777887435194961559405528531434617242460209368152132774158854616077375836490631373455943718337157776138193405600357194661888.000000
58 24806080811106045736833659245131223751861337299225708359131581802289128636583104160815630674099871121810052736576620145382595162110732186101744491635452449652736.000000
59 1644529344238910274270752967793232173302735397223174582015988546931083838099655545935636220822686407459303538806801340661993187529501972627456.000000
60 351505500373748028849330410298925226954633538189343978993559801117698578512110404725540676846917784906219639124849984234586112.000000
61 342109145152791220052910186356579424343000626331563487952966554032355093246915656268169464433777429462745350144.000000
62 557926755297593061464152492875008318755343437703123067042874912449825432277611640759900258172928.000000
63 97983616355510167130105044549373162817697909495268873396685142616732269421789184.000000
64 223134425740102790894856938465747868187151302941212672.000000
65 1224050313220586784384157397593247775354519552.000000
66 471012758114287725613940736.000000
67 59385850481190.500000
68 15112.178551
69 11706.740307
70 9356.557200
71 8041.142306
72 6535.885458
73 5617.920778
74 4841.708147
75 4122.599717
76 3537.256649
77 3130.091504
78 2829.724644
79 2590.396350
80 2280.171176
81 2066.021555
82 1840.689304
83 1673.058835
84 1502.534045
85 1289.568966
86 1184.269314
87 1100.845446
88 990.875935
89 889.353727
90 787.144625
91 723.765435
92 649.225691
93 554.251673
94 510.818054
95 466.342949
96 426.130981
97 379.677971
98 342.617346
99 314.121399
100 283.617149
101 255.923943
102 228.335619
103 208.862898
104 186.288247
105 172.078651
106 155.453530
107 141.641519
108 127.957177
109 116.013574
110 102.885862
111 94.008807
112 83.722312
113 77.027932
114 69.598755
115 62.877318
116 57.465972
117 52.179317
118 47.740661
119 43.729288
120 39.946466
121 36.309788
122 33.600317
123 30.507617
124 28.096604
125 25.614341
126 23.984596
127 21.574486
128 19.904985
129 17.991128
130 16.878305
131 15.627653
132 14.388279
133 13.067502
134 12.162355
135 11.154986
136 10.209710
137 9.579222
138 8.708611
139 7.856280
140 7.285556
141 6.806045
142 6.250385
143 5.691311
144 5.330939
145 4.922023
146 4.462411
147 4.150400
148 3.854709
149 3.613891
150 3.337427
151 3.094357
152 2.816836
153 2.595325
154 2.384149
155 2.205783
156 2.059800
157 1.921237
158 1.792470
159 1.656772
160 1.527936
161 1.425314
162 1.331283
163 1.239284
164 1.150847
165 1.089166
166 0.984760
167 0.926330
168 0.860636
169 0.793972
170 0.728475
171 0.677001
172 0.640743
173 0.598553
174 0.542517
175 0.518487
176 0.491627
177 0.457437
178 0.430884
179 0.399005
180 0.376822
181 0.354970
182 0.331730
183 0.309496
184 0.290954
185 0.274400
186 0.254911
187 0.242967
188 0.227971
189 0.212177
190 0.195960
191 0.188621
192 0.176286
193 0.167473
194 0.156785
195 0.149954
196 0.141171
197 0.130309
198 0.126307
199 0.119695
200 0.113620
201 0.106737
202 0.101615
203 0.096129
204 0.090828
205 0.085742
206 0.082001
207 0.077412
208 0.072919
209 0.069186
210 0.066481
211 0.062921
212 0.059988
213 0.056989
214 0.054168
215 0.051760
216 0.049274
217 0.047115
218 0.044554
219 0.042311
220 0.040502
221 0.038057
222 0.036778
223 0.034876
224 0.033430
225 0.031941
226 0.030047
227 0.028595
228 0.027480
229 0.026252
230 0.025058
231 0.023918
232 0.022488
233 0.021782
234 0.020808
235 0.019652
236 0.018839
237 0.018018
238 0.017332
239 0.016641
240 0.016005
241 0.015276
242 0.014716
243 0.014071
244 0.013492
245 0.013003
246 0.012490
247 0.011993
248 0.011541
249 0.011077
250 0.010622
251 0.010289
252 0.009755
253 0.009502
254 0.009055
255 0.008731
256 0.008460
257 0.008151
258 0.007763
259 0.007560
260 0.007314
261 0.007009
262 0.006820
263 0.006596
264 0.006380
265 0.006161
266 0.005928
267 0.005776
268 0.005562
269 0.005400
270 0.005202
271 0.005033
272 0.004873
273 0.004723
274 0.004570
275 0.004408
276 0.004197
277 0.004127
278 0.004008
279 0.003872
280 0.003766
281 0.003647
282 0.003531
283 0.003437
284 0.003332
285 0.003235
286 0.003145
287 0.003057
288 0.002971
289 0.002891
290 0.002814
291 0.002741
292 0.002673
293 0.002596
294 0.002531
295 0.002467
296 0.002384
297 0.002322
298 0.002260
299 0.002202
300 0.002149
301 0.002084
302 0.002020
303 0.001976
304 0.001920
305 0.001872
306 0.001828
307 0.001779
308 0.001732
309 0.001698
310 0.001656
311 0.001624
312 0.001584
313 0.001547
314 0.001514
315 0.001479
316 0.001449
317 0.001415
318 0.001379
319 0.001350
320 0.001317
321 0.001292
322 0.001265
323 0.001238
324 0.001209
325 0.001182
326 0.001158
327 0.001136
328 0.001111
329 0.001088
330 0.001060
331 0.001035
332 0.001016
333 0.000995
334 0.000978
335 0.000960
336 0.000935
337 0.000913
338 0.000899
339 0.000882
340 0.000865
341 0.000849
342 0.000833
343 0.000818
344 0.000803
345 0.000788
346 0.000776
347 0.000762
348 0.000748
349 0.000731
350 0.000715
351 0.000704
352 0.000693
353 0.000679
354 0.000670
355 0.000660
356 0.000646
357 0.000638
358 0.000627
359 0.000612
360 0.000605
361 0.000590
362 0.000582
363 0.000572
364 0.000559
365 0.000554
366 0.000545
367 0.000537
368 0.000528
369 0.000521
370 0.000514
371 0.000505
372 0.000496
373 0.000488
374 0.000482
375 0.000473
376 0.000468
377 0.000461
378 0.000454
379 0.000447
380 0.000440
381 0.000434
382 0.000429
383 0.000422
384 0.000418
385 0.000412
386 0.000406
387 0.000400
388 0.000395
389 0.000389
390 0.000385
391 0.000380
392 0.000375
393 0.000370
394 0.000365
395 0.000361
396 0.000357
397 0.000353
398 0.000349
399 0.000345
400 0.000341
401 0.000336
402 0.000333
403 0.000328
404 0.000325
405 0.000321
406 0.000318
407 0.000315
408 0.000311
409 0.000308
410 0.000305
411 0.000302
412 0.000298
413 0.000295
414 0.000293
415 0.000290
416 0.000287
417 0.000284
418 0.000281
419 0.000279
420 0.000276
421 0.000274
422 0.000271
423 0.000268
424 0.000266
425 0.000264
426 0.000262
427 0.000260
428 0.000257
429 0.000256
430 0.000254
431 0.000251
432 0.000250
433 0.000248
434 0.000246
435 0.000244
436 0.000242
437 0.000240
438 0.000239
439 0.000237
440 0.000235
441 0.000234
442 0.000232
443 0.000231
444 0.000230
445 0.000228
446 0.000227
447 0.000225
448 0.000224
449 0.000222
450 0.000221
451 0.000220
452 0.000219
453 0.000217
454 0.000216
455 0.000215
456 0.000214
457 0.000213
458 0.000212
459 0.000211
460 0.000210
461 0.000209
462 0.000208
463 0.000208
464 0.000206
465 0.000206
466 0.000205
467 0.000204
468 0.000203
469 0.000203
470 0.000202
471 0.000201
472 0.000200
473 0.000200
474 0.000199
475 0.000199
476 0.000198
477 0.000198
478 0.000197
479 0.000197
480 0.000196
481 0.000196
482 0.000196
483 0.000195
484 0.000195
485 0.000194
486 0.000194
487 0.000194
488 0.000194
489 0.000193
490 0.000193
491 0.000193
492 0.000193
493 0.000193
494 0.000192
495 0.000192
496 0.000192
497 0.000192
498 0.000192
499 0.000192
500 0.000192
