1 71794993.353407
2 157578820.011920
3 246478260.942933
4 787746389.019850
5 1193085590.155058
6 1540654059.750827
7 2698812766.193439
8 6730057479.439882
9 12841191638.575308
10 17430742952.893360
11 38091923117.305252
12 48764840019.410934
13 80857392198.168884
14 111567481301.188110
15 180880848318.087250
16 347660737858.363159
17 492332235911.462891
18 487505637020.440735
19 512214324512.480042
20 810310582731.181396
21 1238212951671.298828
22 1413958324030.281494
23 1686700168239.392578
24 2674381616095.076660
25 3954036342235.292480
26 4077198647085.104004
27 5520965182505.455078
28 4678267057677.420898
29 7284143971883.289062
30 14315176208447.988281
31 18395905961978.742188
32 44623324008734.585938
33 26947937694627.773438
34 63081863106864.289062
35 75225334123843.625000
36 100376392192137.406250
37 156657346816287.812500
38 107926748873912.156250
39 314446681746487.562500
40 514696730731547.312500
41 771337606122429.000000
42 992945393807400.875000
43 1185189151107819.000000
44 1561570480161815.750000
45 1076457740274006.875000
46 1903845466320661.500000
47 2971375388009111.500000
48 4577197864475488.000000
49 5173342642719802.000000
50 8232938976275227.000000
51 13533694974245624.000000
52 14186207567976242.000000
53 26582408516512084.000000
54 36408933222115232.000000
55 34563780538128852.000000
56 58794714669606352.000000
57 101142283781432464.000000
58 131175836675532576.000000
59 128548766686951200.000000
60 237913061720678784.000000
61 364057613004709888.000000
62 423572912886733184.000000
63 510182649032836608.000000
64 647486549434010496.000000
65 642242770589746176.000000
66 469093157909762240.000000
67 741429465315698816.000000
68 1082486018300753152.000000
69 1978979897704334336.000000
70 1980189295369550336.000000
71 2735673421877099520.000000
72 4276502095954170880.000000
73 5544052760711863296.000000
74 7507950933618391040.000000
75 10722179639897432064.000000
76 11976759338097520640.000000
77 17030892298862217216.000000
78 18155244049130307584.000000
79 24747149812380491776.000000
80 16624873745651640320.000000
81 30884988964435226624.000000
82 43107049600631709696.000000
83 35049234661966012416.000000
84 54312247493305376768.000000
85 44537453190113943552.000000
86 44541292755513745408.000000
87 46683975226294140928.000000
88 68721501596414017536.000000
89 99367857717842870272.000000
90 107923897922144878592.000000
91 80041545573973065728.000000
92 135784271095875239936.000000
93 128595850060512903168.000000
94 167301032073884139520.000000
95 113145734913190920192.000000
96 152277570657756807168.000000
97 92904264735247695872.000000
98 116647771187086589952.000000
99 124953390218851516416.000000
100 152187595978764124160.000000
101 181025124992100433920.000000
102 210736857523652329472.000000
103 169836917136620126208.000000
104 215661835656692367360.000000
105 196621119272118648832.000000
106 218814925058204631040.000000
107 294475961473469579264.000000
108 224335115388785033216.000000
109 275600723864557649920.000000
110 285804871761451745280.000000
111 332846214056115503104.000000
112 556898001837320241152.000000
113 516261264918312255488.000000
114 386758387660644483072.000000
115 396921212699810136064.000000
116 562650785678215872512.000000
117 531163596705995358208.000000
118 329736321512118353920.000000
119 333582681128200830976.000000
120 448368473562415169536.000000
121 394661042846230511616.000000
122 487890308539637432320.000000
123 404927277648381345792.000000
124 442891071839266471936.000000
125 445673236260949983232.000000
126 299785031423295291392.000000
127 330200623800220844032.000000
128 379204720873778118656.000000
129 320260106599520403456.000000
130 347238833499628437504.000000
131 380577642284636176384.000000
132 350161763242875027456.000000
133 476958044137880879104.000000
134 375295276925266821120.000000
135 289283221300166131712.000000
136 318538606733276676096.000000
137 307556383722947805184.000000
138 399369863872471040000.000000
139 279167697903905374208.000000
140 239062034514765938688.000000
141 321152053936994451456.000000
142 188580127564117508096.000000
143 195811268480930250752.000000
144 222373189983753469952.000000
145 224145651065123569664.000000
146 113308402045926785024.000000
147 135150522031224930304.000000
148 177656688231464697856.000000
149 165699199102303207424.000000
150 130126586831789932544.000000
151 115769510975554781184.000000
152 147253336913275338752.000000
153 163065010451158532096.000000
154 109401236193902723072.000000
155 132930326709694087168.000000
156 166322547440809508864.000000
157 151364499816144764928.000000
158 127928463353340592128.000000
159 105601425814040461312.000000
160 81572823883220975616.000000
161 106623155124336066560.000000
162 95164155317536030720.000000
163 93292197557922316288.000000
164 66832029932630360064.000000
165 71411746526397890560.000000
166 59872051467461902336.000000
167 43186428197558247424.000000
168 52165656706570756096.000000
169 36001718600450699264.000000
170 38283181564210610176.000000
171 38843070054077046784.000000
172 43371770424549605376.000000
173 31451866316634177536.000000
174 30325458164526223360.000000
175 30163418248136261632.000000
176 28436672806484889600.000000
177 20641695218582257664.000000
178 18217678710905489408.000000
179 17743363048633794560.000000
180 15477968913622257664.000000
181 12196522435908677632.000000
182 8279397987207375872.000000
183 7953059012744241152.000000
184 7888779391894277120.000000
185 6758192444892672000.000000
186 7252977395989067776.000000
187 7146310767409653760.000000
188 5038964565109397504.000000
189 4627421803259544576.000000
190 3762314313420042752.000000
191 3407100466437304832.000000
192 3387998364034348544.000000
193 2926549624035470336.000000
194 2799532203986368000.000000
195 2931368169771967488.000000
196 1900903413534116608.000000
197 1750489928957524736.000000
198 1312060703651986944.000000
199 1613082303381410304.000000
200 1340319870628219648.000000
201 1076007489398116864.000000
202 1140590513524603776.000000
203 881822263114261120.000000
204 983683245622990208.000000
205 616635346505834496.000000
206 413491169080638144.000000
207 351179362357595264.000000
208 327600783033332928.000000
209 256062901330199136.000000
210 196622991846209760.000000
211 152500342384074496.000000
212 131815859421028048.000000
213 120407353348253440.000000
214 87386508758068096.000000
215 79284899881850224.000000
216 72836996274372528.000000
217 45996535882123056.000000
218 44928872369541392.000000
219 39646826144409088.000000
220 28574301146051688.000000
221 31389386643020684.000000
222 17048107624951216.000000
223 15184737856116442.000000
224 9653825507309818.000000
225 9298383870755730.000000
226 7008418092587319.000000
227 7455759221773165.000000
228 5456340376278766.000000
229 4796422130213200.000000
230 4573691513514516.000000
231 3083804555751912.500000
232 2434243863175343.500000
233 1447628670273926.500000
234 1603717941969336.000000
235 1366914424413645.500000
236 1215601370040474.250000
237 855089428051538.625000
238 756763234912927.875000
239 600894211880657.125000
240 532014865487415.812500
241 432662538963148.437500
242 298431992405913.187500
243 243238959842289.218750
244 197671075142797.062500
245 214862964103606.250000
246 155508336385963.656250
247 157376972640392.781250
248 116621651668640.640625
249 75667131188687.968750
250 59489928658026.406250
251 46365224602465.335938
252 33157215919170.121094
253 27758199218213.906250
254 23666030467711.617188
255 19918014667466.488281
256 12394727910589.818359
257 9767566168714.277344
258 7097415291743.480469
259 5586739762270.760742
260 3481233965956.658691
261 3069890532958.264160
262 2569089874270.650391
263 2071416072186.224121
264 1745855378527.479004
265 1818835815301.094238
266 1096932891086.054932
267 707499561306.060425
268 499606902461.295166
269 449007889756.117249
270 336256425013.334534
271 243022792639.714661
272 215656516033.717346
273 136922040825.276917
274 120666550775.965088
275 91871980947.813492
276 68110193474.143303
277 51089170030.378769
278 45518321821.594536
279 37995684799.176193
280 28152725688.990593
281 24064816949.660076
282 19792284416.830669
283 11434716661.714256
284 9626385279.198616
285 6692245996.728951
286 5124283764.988006
287 3719714270.115566
288 2828889361.494855
289 2568551202.896226
290 1932089182.516285
291 1512611642.791266
292 1131160296.887065
293 1036226492.235169
294 818505212.224073
295 786777962.206248
296 573894941.186340
297 426690066.397896
298 351178356.024152
299 283717756.498783
300 189338798.025569
301 150331537.572884
302 108808082.414722
303 79982279.236112
304 60110785.569389
305 51934326.063084
306 36185006.990159
307 29269756.685614
308 21530503.636174
309 17627341.778862
310 14758954.307787
311 9888819.571671
312 8197742.600731
313 6084820.251874
314 5495792.854946
315 4190817.496691
316 3025348.891746
317 2242424.684712
318 1686729.950597
319 1379343.197776
320 1091812.492465
321 834651.325243
322 712670.673849
323 527705.540298
324 402293.609680
325 317780.628230
326 235375.469693
327 198828.540454
328 139202.752736
329 109571.372865
330 92070.785206
331 69369.383104
332 59115.136854
333 43504.035115
334 33937.557780
335 24674.489920
336 17322.939376
337 14854.232599
338 12416.083378
339 9982.179482
340 8349.626121
341 6489.485907
342 5240.202091
343 3068.867299
344 2581.022393
345 1801.741976
346 1481.828701
347 1287.460822
348 916.175386
349 743.284234
350 494.184511
351 389.783114
352 303.860040
353 239.834221
354 204.361832
355 162.632761
356 109.566689
357 89.332089
358 61.340795
359 46.659843
360 33.051935
361 27.914185
362 23.513158
363 18.301616
364 15.437015
365 11.302521
366 8.703194
367 7.050218
368 6.743225
369 4.772221
370 3.924508
371 3.478976
372 2.934688
373 2.317350
374 1.921442
375 1.556650
376 0.987614
377 0.834504
378 0.625934
379 0.525114
380 0.359696
381 0.287387
382 0.222440
383 0.179329
384 0.142335
385 0.103818
386 0.079326
387 0.065134
388 0.057790
389 0.046560
390 0.038850
391 0.031367
392 0.026385
393 0.018602
394 0.015262
395 0.012861
396 0.010209
397 0.008538
398 0.006596
399 0.005739
400 0.004604
401 0.003855
402 0.002904
403 0.002377
404 0.001937
405 0.001613
406 0.001325
407 0.001044
408 0.000889
409 0.000702
410 0.000564
411 0.000444
412 0.000333
413 0.000287
414 0.000228
415 0.000184
416 0.000149
417 0.000122
418 0.000099
419 0.000077
420 0.000059
421 0.000050
422 0.000039
423 0.000029
424 0.000024
425 0.000021
426 0.000016
427 0.000013
428 0.000010
429 0.000008
430 0.000007
431 0.000005
432 0.000004
433 0.000003
434 0.000003
435 0.000002
436 0.000002
437 0.000001
438 0.000001
439 0.000001
440 0.000001
441 0.000001
442 0.000000
443 0.000000
444 0.000000
445 0.000000
446 0.000000
447 0.000000
448 0.000000
449 0.000000
450 0.000000
451 0.000000
452 0.000000
453 0.000000
454 0.000000
455 0.000000
456 0.000000
457 0.000000
458 0.000000
459 0.000000
460 0.000000
461 0.000000
462 0.000000
463 0.000000
464 0.000000
465 0.000000
466 0.000000
467 0.000000
468 0.000000
469 0.000000
470 0.000000
471 0.000000
472 0.000000
473 0.000000
474 0.000000
475 0.000000
476 0.000000
477 0.000000
478 0.000000
479 0.000000
480 0.000000
481 0.000000
482 0.000000
483 0.000000
484 0.000000
485 0.000000
486 0.000000
487 0.000000
488 0.000000
489 0.000000
490 0.000000
491 0.000000
492 0.000000
493 0.000000
494 0.000000
495 0.000000
496 0.000000
497 0.000000
498 0.000000
499 0.000000
500 0.000000
