1 69662192.045575
2 105539747.435319
3 113963437.723921
4 157443102.365186
5 137981083.751236
6 159846299.415554
7 148221467.178099
8 214171880.543825
9 238772165.276999
10 290630637.718902
11 238722380.860800
12 479684862.070843
13 410957901.569782
14 497571448.763846
15 673306975.946028
16 692894717.147861
17 774177975.934750
18 736899505.706257
19 883256211.130957
20 955197331.495301
21 1108560133.893705
22 1113137744.221330
23 1372483390.463563
24 1447551296.282777
25 1683773213.085275
26 1978330962.917597
27 2140363765.840426
28 2732421432.486699
29 2515053791.005463
30 3002321904.924139
31 1925123526.510203
32 3311730462.064499
33 2530848741.068895
34 3240405531.931386
35 4022157724.342370
36 4102110501.272252
37 4938544555.689779
38 3444121450.785034
39 4604271238.576101
40 4894493820.086476
41 4922091403.732177
42 5217719904.486900
43 5935536271.164268
44 7487631517.795617
45 5211920211.698050
46 5764623969.883014
47 6650474702.492509
48 6123167045.423188
49 6478301517.136252
50 5836036389.055870
51 7334091824.632758
52 6246087239.442153
53 8844732226.988901
54 8458479023.057528
55 8306846645.764534
56 7873300045.940807
57 7584081510.076571
58 6306086850.116826
59 6712063277.201868
60 7975756802.882749
61 7819514631.497028
62 7580455522.337612
63 6792835554.896787
64 7515992034.649243
65 9395883289.074192
66 9064282543.137924
67 9640101349.164511
68 7377624464.190834
69 8866918312.690979
70 11809087092.206268
71 10806608613.407467
72 9103278732.309538
73 9074550450.760571
74 10576473561.420746
75 10642494250.448103
76 13505436361.530069
77 8496880542.235895
78 12577714793.150047
79 12036470278.227222
80 10243688422.791117
81 10227564562.294325
82 7210698391.583275
83 12763676180.586338
84 11978864936.434885
85 12029862608.449228
86 11485450183.464705
87 10200602136.780136
88 12057113255.720959
89 10619692311.293823
90 7615718884.045352
91 7598821531.348145
92 9226561635.309301
93 8658943581.611774
94 7648304089.110533
95 7714747436.384223
96 7513077665.993831
97 6412943457.291866
98 6038705043.531948
99 7289274356.098845
100 4366574764.602447
101 6344818092.728484
102 6450009327.520232
103 6945108173.721441
104 6105077291.587497
105 5065244966.232433
106 6205887715.110029
107 4607754926.486653
108 4514754034.719366
109 4850930094.271135
110 4810545123.460562
111 4602352958.218284
112 4982179931.596945
113 4816887766.797176
114 4922424744.038832
115 3512739265.872334
116 4448800121.280180
117 4975312852.475951
118 4360320806.910043
119 4280318748.752623
120 3782186196.729344
121 3335599391.707050
122 3630741060.404972
123 4253636789.624398
124 2710159703.952812
125 2256068677.356287
126 2663714078.758774
127 2594518124.263649
128 2109886496.415249
129 2267027654.738009
130 2410546466.211106
131 2279322380.734581
132 2260482366.802305
133 1953181533.999289
134 1643219140.659698
135 1500744603.549293
136 1543108305.741176
137 1534069850.584910
138 1290489709.704181
139 1320102616.709843
140 1204368617.289765
141 1338290061.886580
142 1514161833.166152
143 1423141641.649737
144 1310278675.128475
145 1159492622.690064
146 1162326670.741077
147 1009390936.061768
148 1186448886.229168
149 1191895755.323481
150 1257907669.103653
151 1163635532.069117
152 1010045166.944647
153 1052538764.930957
154 1012136581.771327
155 937444112.072631
156 974157205.398277
157 1011346091.774241
158 981267893.825371
159 975948374.545352
160 891455217.214921
161 980301521.584662
162 949901671.737860
163 953743015.793949
164 897424251.520957
165 887480686.031280
166 788357221.168020
167 707912237.659292
168 692916630.502861
169 705977913.315903
170 630278435.147885
171 589859646.323003
172 617655859.496998
173 534664693.711407
174 493483231.405422
175 454324022.789294
176 439901033.465370
177 403828248.427337
178 400373241.315466
179 354364407.284924
180 273377458.125558
181 210372344.320685
182 254559516.604053
183 220050543.305774
184 221873204.272507
185 240678056.887258
186 210443544.989712
187 206243164.827304
188 194322223.077278
189 164590025.949575
190 175995941.719909
191 145925953.564955
192 142345847.465697
193 134624109.395520
194 145184621.370883
195 128874360.393597
196 128803918.416573
197 111297770.751367
198 124494465.520284
199 112977380.320711
200 125652294.859634
201 99951487.314473
202 100611454.925398
203 90849736.042159
204 85337065.900268
205 96904000.910673
206 83936030.783151
207 76383654.048283
208 57071256.312141
209 71547456.960357
210 74159076.309112
211 71317793.892017
212 60185258.196817
213 61984467.252163
214 54968211.024272
215 60357683.488378
216 58098624.537610
217 49094816.027167
218 43790159.078370
219 44653010.866458
220 48968210.346753
221 44872285.094351
222 50661994.414757
223 52234714.670680
224 50589477.952192
225 48267979.162901
226 47184878.260656
227 48982416.932267
228 44927788.431317
229 43438853.646143
230 40482442.713384
231 45203012.903953
232 38623893.947132
233 39077603.545282
234 44544512.449677
235 43067662.909811
236 42260218.778038
237 41644021.492599
238 40749701.822755
239 37399246.351640
240 32899923.173458
241 31477122.773690
242 33339635.764332
243 31704686.562839
244 28452112.071993
245 31475593.601729
246 29291928.372475
247 24379530.810748
248 26759799.575635
249 26293850.376421
250 25667566.457730
251 25969314.307922
252 26324390.014127
253 24369637.422600
254 22608811.564787
255 20907361.328469
256 22238655.587981
257 21742863.000609
258 17386951.557932
259 16965622.799499
260 15823580.805858
261 17475810.846710
262 16722169.916304
263 15551517.883710
264 15391406.562398
265 15738116.409376
266 14844324.666883
267 15297552.704246
268 12810403.771129
269 14029168.334467
270 13605342.476825
271 11935346.486886
272 11221409.459486
273 11040695.347807
274 11489017.495585
275 11113283.583979
276 10984029.755874
277 10434587.780066
278 8784029.235290
279 8457740.187333
280 7825632.294576
281 9041419.704966
282 8283805.404598
283 8151277.034778
284 8640446.310875
285 8175511.805325
286 8143228.467518
287 7269319.379013
288 7830164.990515
289 7650499.589846
290 7657794.034227
291 7519437.626606
292 7197109.636783
293 7539714.255641
294 7347646.689454
295 7796313.177705
296 6503420.532738
297 6398451.956336
298 6634609.997718
299 7061242.401672
300 6775085.218511
301 6849653.399152
302 6637560.633254
303 6366385.599928
304 6219730.435769
305 5816127.109477
306 5593590.196457
307 5634248.757825
308 5260036.124604
309 5500032.386541
310 4982931.856443
311 4722614.023278
312 4742268.442872
313 4343084.298796
314 4331448.507078
315 4204696.698454
316 4258578.028290
317 4176202.846291
318 4211728.910042
319 3962133.804597
320 3800589.727311
321 3563275.129344
322 3483769.820857
323 3505383.966061
324 3471631.000205
325 3368028.975821
326 3362544.764689
327 3299909.204242
328 3387587.427302
329 3018181.362368
330 3250567.712457
331 3099600.908841
332 3101992.635354
333 3001753.982167
334 3016558.558107
335 2921170.775961
336 2888677.491485
337 3015926.544621
338 2630160.242979
339 2714665.354339
340 2510938.485464
341 2301084.979248
342 2480984.887178
343 2353043.393211
344 2317515.304621
345 2462735.475571
346 2132726.734645
347 2299935.518777
348 2263548.057813
349 2064309.707767
350 2133487.316271
351 2093854.621234
352 2113769.733002
353 2072085.080985
354 1921858.067353
355 1970218.752557
356 1997089.091428
357 1965734.511400
358 1853996.448522
359 1892439.594604
360 1906817.474392
361 1771602.771058
362 1835706.135826
363 1801833.256899
364 1742429.543426
365 1740330.615776
366 1729246.223382
367 1643673.313929
368 1661069.433092
369 1536306.000493
370 1555315.717780
371 1585870.711868
372 1515473.440436
373 1539544.750203
374 1541039.880525
375 1508469.069176
376 1396992.545201
377 1379652.855952
378 1381415.965197
379 1304628.866750
380 1301948.750438
381 1242874.546922
382 1220391.007690
383 1271966.825287
384 1280986.028264
385 1257489.744890
386 1170708.555820
387 1212212.612645
388 1188426.365723
389 1184743.616517
390 1118029.776435
391 1147739.470497
392 1099109.979925
393 1077586.101721
394 1082954.321583
395 1059838.453814
396 1025681.592119
397 1035988.575917
398 982548.352010
399 1017225.394666
400 999771.893416
401 982455.748118
402 950200.512339
403 913327.442832
404 915473.579364
405 914989.043505
406 901258.109879
407 903540.249399
408 887946.372493
409 866967.516127
410 835923.976046
411 846500.193202
412 823950.647629
413 818961.470310
414 811344.736529
415 818680.344603
416 810331.087714
417 803626.732674
418 769022.796557
419 780182.664708
420 764165.052715
421 766633.706837
422 749246.191069
423 750165.344577
424 743117.393211
425 734648.777053
426 731673.484482
427 729728.744637
428 706798.560998
429 696392.858125
430 678072.733979
431 686075.979585
432 680198.291560
433 645132.969062
434 651425.753829
435 651507.291471
436 641932.529548
437 629951.865351
438 633567.370705
439 623959.058613
440 618210.590500
441 617086.521874
442 611593.587121
443 604943.148248
444 596756.558334
445 596359.115644
446 591611.571442
447 578306.513470
448 580607.563325
449 569574.808376
450 569248.831488
451 562378.455126
452 558899.612430
453 549235.574069
454 546842.322623
455 544502.014152
456 537035.792969
457 534057.665489
458 529518.652000
459 529318.571060
460 524503.995194
461 520782.189731
462 514182.354108
463 513083.877795
464 506713.458029
465 500981.454453
466 500040.121052
467 494670.417061
468 494816.842897
469 491871.417924
470 486995.294817
471 482786.656582
472 477747.892070
473 476226.469919
474 473829.490609
475 468855.248529
476 465460.380921
477 463217.121887
478 461599.017134
479 459708.672952
480 455487.102185
481 454781.422054
482 450824.966269
483 449403.961787
484 447394.768983
485 445831.344535
486 444656.603496
487 442451.820471
488 441525.313305
489 440010.062756
490 438137.586586
491 436927.118335
492 435496.866707
493 434292.898938
494 433494.015843
495 432446.937214
496 431961.510895
497 431102.925186
498 430516.803870
499 430134.832195
500 429976.113009
