1 697551.558111
2 622507.124766
3 552062.046231
4 691021.509774
5 638165.186735
6 594954.682576
7 554656.185745
8 501039.641098
9 507717.930631
10 487170.107001
11 456410.947451
12 486995.631369
13 429475.374108
14 360042.393629
15 356675.316634
16 325989.878081
17 290229.383057
18 239523.537528
19 207923.241378
20 204175.895851
21 169659.120395
22 165980.475785
23 152883.021937
24 119985.572568
25 113070.322493
26 103602.601399
27 82184.753851
28 79310.000752
29 76464.163305
30 66106.164558
31 59103.332339
32 59303.774039
33 51954.492479
34 48501.734766
35 41223.470413
36 36018.826300
37 30499.009143
38 26810.649176
39 27258.720046
40 24659.422842
41 23985.701690
42 20367.934679
43 19857.205524
44 16891.633705
45 16443.562399
46 13232.167975
47 13162.480780
48 11457.220941
49 10337.492035
50 8078.449761
51 7382.233505
52 5488.343242
53 5069.821820
54 4477.802314
55 3903.579394
56 3112.662755
57 2755.945307
58 2384.853533
59 2081.372639
60 1741.830490
61 1442.304277
62 1238.812007
63 1098.792558
64 981.039915
65 834.913083
66 704.474535
67 597.678799
68 535.216243
69 451.838879
70 395.539404
71 299.557114
72 291.206343
73 246.496424
74 228.056350
75 192.570700
76 154.976040
77 134.031774
78 113.507951
79 95.553810
80 81.978991
81 64.954578
82 56.189260
83 44.591084
84 43.934382
85 39.233206
86 32.264021
87 26.562135
88 24.177981
89 19.731465
90 19.399465
91 15.888545
92 14.252612
93 12.298491
94 10.625342
95 8.359908
96 6.917702
97 5.638702
98 4.587279
99 3.923730
100 3.338935
101 2.920574
102 2.460186
103 2.099963
104 1.828589
105 1.570823
106 1.297092
107 1.138531
108 1.029550
109 0.814681
110 0.688886
111 0.554608
112 0.475802
113 0.388754
114 0.349064
115 0.281061
116 0.247774
117 0.206923
118 0.174955
119 0.142893
120 0.113079
121 0.106410
122 0.087461
123 0.075020
124 0.059682
125 0.047907
126 0.039995
127 0.033054
128 0.029891
129 0.023269
130 0.021375
131 0.018825
132 0.015525
133 0.013084
134 0.010792
135 0.008945
136 0.007444
137 0.006590
138 0.005443
139 0.004476
140 0.003621
141 0.002927
142 0.002374
143 0.001903
144 0.001614
145 0.001491
146 0.001230
147 0.001073
148 0.000957
149 0.000820
150 0.000705
151 0.000563
152 0.000517
153 0.000444
154 0.000422
155 0.000350
156 0.000287
157 0.000263
158 0.000221
159 0.000179
160 0.000154
161 0.000127
162 0.000119
163 0.000101
164 0.000089
165 0.000073
166 0.000063
167 0.000056
168 0.000047
169 0.000040
170 0.000034
171 0.000029
172 0.000023
173 0.000018
174 0.000016
175 0.000014
176 0.000012
177 0.000011
178 0.000009
179 0.000007
180 0.000006
181 0.000005
182 0.000005
183 0.000004
184 0.000003
185 0.000003
186 0.000002
187 0.000002
188 0.000002
189 0.000002
190 0.000001
191 0.000001
192 0.000001
193 0.000001
194 0.000001
195 0.000001
196 0.000001
197 0.000001
198 0.000000
199 0.000000
200 0.000000
201 0.000000
202 0.000000
203 0.000000
204 0.000000
205 0.000000
206 0.000000
207 0.000000
208 0.000000
209 0.000000
210 0.000000
211 0.000000
212 0.000000
213 0.000000
214 0.000000
215 0.000000
216 0.000000
217 0.000000
218 0.000000
219 0.000000
220 0.000000
221 0.000000
222 0.000000
223 0.000000
224 0.000000
225 0.000000
226 0.000000
227 0.000000
228 0.000000
229 0.000000
230 0.000000
231 0.000000
232 0.000000
233 0.000000
234 0.000000
235 0.000000
236 0.000000
237 0.000000
238 0.000000
239 0.000000
240 0.000000
241 0.000000
242 0.000000
243 0.000000
244 0.000000
245 0.000000
246 0.000000
247 0.000000
248 0.000000
249 0.000000
250 0.000000
251 0.000000
252 0.000000
253 0.000000
254 0.000000
255 0.000000
256 0.000000
257 0.000000
258 0.000000
259 0.000000
260 0.000000
261 0.000000
262 0.000000
263 0.000000
264 0.000000
265 0.000000
266 0.000000
267 0.000000
268 0.000000
269 0.000000
270 0.000000
271 0.000000
272 0.000000
273 0.000000
274 0.000000
275 0.000000
276 0.000000
277 0.000000
278 0.000000
279 0.000000
280 0.000000
281 0.000000
282 0.000000
283 0.000000
284 0.000000
285 0.000000
286 0.000000
287 0.000000
288 0.000000
289 0.000000
290 0.000000
291 0.000000
292 0.000000
293 0.000000
294 0.000000
295 0.000000
296 0.000000
297 0.000000
298 0.000000
299 0.000000
300 0.000000
301 0.000000
302 0.000000
303 0.000000
304 0.000000
305 0.000000
306 0.000000
307 0.000000
308 0.000000
309 0.000000
310 0.000000
311 0.000000
312 0.000000
313 0.000000
314 0.000000
315 0.000000
316 0.000000
317 0.000000
318 0.000000
319 0.000000
320 0.000000
321 0.000000
322 0.000000
323 0.000000
324 0.000000
325 0.000000
326 0.000000
327 0.000000
328 0.000000
329 0.000000
330 0.000000
331 0.000000
332 0.000000
333 0.000000
334 0.000000
335 0.000000
336 0.000000
337 0.000000
338 0.000000
339 0.000000
340 0.000000
341 0.000000
342 0.000000
343 0.000000
344 0.000000
345 0.000000
346 0.000000
347 0.000000
348 0.000000
349 0.000000
350 0.000000
351 0.000000
352 0.000000
353 0.000000
354 0.000000
355 0.000000
356 0.000000
357 0.000000
358 0.000000
359 0.000000
360 0.000000
361 0.000000
362 0.000000
363 0.000000
364 0.000000
365 0.000000
366 0.000000
367 0.000000
368 0.000000
369 0.000000
370 0.000000
371 0.000000
372 0.000000
373 0.000000
374 0.000000
375 0.000000
376 0.000000
377 0.000000
378 0.000000
379 0.000000
380 0.000000
381 0.000000
382 0.000000
383 0.000000
384 0.000000
385 0.000000
386 0.000000
387 0.000000
388 0.000000
389 0.000000
390 0.000000
391 0.000000
392 0.000000
393 0.000000
394 0.000000
395 0.000000
396 0.000000
397 0.000000
398 0.000000
399 0.000000
400 0.000000
401 0.000000
402 0.000000
403 0.000000
404 0.000000
405 0.000000
406 0.000000
407 0.000000
408 0.000000
409 0.000000
410 0.000000
411 0.000000
412 0.000000
413 0.000000
414 0.000000
415 0.000000
416 0.000000
417 0.000000
418 0.000000
419 0.000000
420 0.000000
421 0.000000
422 0.000000
423 0.000000
424 0.000000
425 0.000000
426 0.000000
427 0.000000
428 0.000000
429 0.000000
430 0.000000
431 0.000000
432 0.000000
433 0.000000
434 0.000000
435 0.000000
436 0.000000
437 0.000000
438 0.000000
439 0.000000
440 0.000000
441 0.000000
442 0.000000
443 0.000000
444 0.000000
445 0.000000
446 0.000000
447 0.000000
448 0.000000
449 0.000000
450 0.000000
451 0.000000
452 0.000000
453 0.000000
454 0.000000
455 0.000000
456 0.000000
457 0.000000
458 0.000000
459 0.000000
460 0.000000
461 0.000000
462 0.000000
463 0.000000
464 0.000000
465 0.000000
466 0.000000
467 0.000000
468 0.000000
469 0.000000
470 0.000000
471 0.000000
472 0.000000
473 0.000000
474 0.000000
475 0.000000
476 0.000000
477 0.000000
478 0.000000
479 0.000000
480 0.000000
481 0.000000
482 0.000000
483 0.000000
484 0.000000
485 0.000000
486 0.000000
487 0.000000
488 0.000000
489 0.000000
490 0.000000
491 0.000000
492 0.000000
493 0.000000
494 0.000000
495 0.000000
496 0.000000
497 0.000000
498 0.000000
499 0.000000
500 0.000000
