1 inf
2 inf
3 inf
4 32835442361782469949110824236553524105103543774241766288270517226839729704493549147190995162148809954519897954875012099381536319780901234925294447539147861273604125444565747593298229810318423576708075497749204708859810234392270221843802960428346415623641762891339522942071009783429873660779586375603191808.000000
5 7603391466699829334977620429182339282637359952220994492519851487940203614953638668443111872817226787718729367849603225856813841526842696904277937160555857572811143536013080384904444810881931833899304771304881503164415832309320702680038552428466579105682172793438358385528208447504384.000000
6 14198677725582515858899482272606305178610875758047741473412061787905235034192446387479181083373417362433294885448921104165315903714726530841401461268585694732426837115728011646184667807197176210657316540430813660677717492612152102678706631124209232773120.000000
7 349420442931988938772997384180103906918031935769580976151296672437675738442364658823429922388025302170952650925707610346195079775021177293923876191298274990214398804975723992986521399194589662059605986623153413149470090067968.000000
8 131303001004102626441473017755112193374652806084540860269234311486456878506479694850916405025991324296312508708859658204480334321855775737625097784521878901794356884396442722707301352355898851328.000000
9 65543825556689623067121575806802428151416748454252952200451733274819242784913345548525680124287137412326162046664835475848827725329326558455929934292191281152.000000
10 15436995737163560965357100836167689628554225973099982868522255074329946837091205003779044931823230376724994236257303203289933857947648.000000
11 3465936287938876220630768417032808008340408516819999124059233016075557498251830417246563131119097208295485603840.000000
12 65767311078438699785561814832681538218097253405287231805952635545085535192463338740121600.000000
13 41926784777125531463827016952233475801052807676079867166720.000000
14 50462117940274139843463506558976.000000
15 258764950.114092
16 5221.774184
17 4699.695904
18 3713.600241
19 4033.139997
20 3698.536530
21 3085.814210
22 3410.475763
23 3676.279235
24 3115.160021
25 2514.236563
26 2394.765362
27 2005.124455
28 2147.481527
29 1615.984855
30 1633.311973
31 1508.566177
32 1141.280934
33 993.650790
34 836.237353
35 736.764082
36 525.139857
37 467.723416
38 345.298275
39 298.297008
40 267.215668
41 272.006300
42 249.198631
43 205.031852
44 170.484403
45 150.001788
46 120.454775
47 104.331149
48 83.759185
49 44.753764
50 35.993685
51 25.873147
52 20.678876
53 17.039083
54 13.247567
55 10.941444
56 10.514050
57 7.421555
58 7.343431
59 7.185205
60 4.970137
61 5.126802
62 3.318805
63 3.402918
64 2.978776
65 2.480497
66 2.073166
67 1.799877
68 1.421984
69 1.177762
70 0.989650
71 0.834388
72 0.787538
73 0.715060
74 0.617173
75 0.537960
76 0.439167
77 0.377142
78 0.323601
79 0.252758
80 0.193736
81 0.135959
82 0.106911
83 0.079172
84 0.063840
85 0.046606
86 0.038342
87 0.034292
88 0.028209
89 0.022371
90 0.018051
91 0.016511
92 0.015205
93 0.010603
94 0.009101
95 0.007579
96 0.005585
97 0.004722
98 0.003825
99 0.003010
100 0.002067
101 0.001768
102 0.001695
103 0.001145
104 0.000949
105 0.000779
106 0.000664
107 0.000582
108 0.000422
109 0.000396
110 0.000324
111 0.000281
112 0.000232
113 0.000162
114 0.000128
115 0.000110
116 0.000086
117 0.000070
118 0.000050
119 0.000048
120 0.000042
121 0.000034
122 0.000029
123 0.000022
124 0.000020
125 0.000016
126 0.000014
127 0.000012
128 0.000009
129 0.000008
130 0.000007
131 0.000006
132 0.000005
133 0.000004
134 0.000003
135 0.000002
136 0.000002
137 0.000001
138 0.000001
139 0.000001
140 0.000001
141 0.000001
142 0.000000
143 0.000000
144 0.000000
145 0.000000
146 0.000000
147 0.000000
148 0.000000
149 0.000000
150 0.000000
151 0.000000
152 0.000000
153 0.000000
154 0.000000
155 0.000000
156 0.000000
157 0.000000
158 0.000000
159 0.000000
160 0.000000
161 0.000000
162 0.000000
163 0.000000
164 0.000000
165 0.000000
166 0.000000
167 0.000000
168 0.000000
169 0.000000
170 0.000000
171 0.000000
172 0.000000
173 0.000000
174 0.000000
175 0.000000
176 0.000000
177 0.000000
178 0.000000
179 0.000000
180 0.000000
181 0.000000
182 0.000000
183 0.000000
184 0.000000
185 0.000000
186 0.000000
187 0.000000
188 0.000000
189 0.000000
190 0.000000
191 0.000000
192 0.000000
193 0.000000
194 0.000000
195 0.000000
196 0.000000
197 0.000000
198 0.000000
199 0.000000
200 0.000000
201 0.000000
202 0.000000
203 0.000000
204 0.000000
205 0.000000
206 0.000000
207 0.000000
208 0.000000
209 0.000000
210 0.000000
211 0.000000
212 0.000000
213 0.000000
214 0.000000
215 0.000000
216 0.000000
217 0.000000
218 0.000000
219 0.000000
220 0.000000
221 0.000000
222 0.000000
223 0.000000
224 0.000000
225 0.000000
226 0.000000
227 0.000000
228 0.000000
229 0.000000
230 0.000000
231 0.000000
232 0.000000
233 0.000000
234 0.000000
235 0.000000
236 0.000000
237 0.000000
238 0.000000
239 0.000000
240 0.000000
241 0.000000
242 0.000000
243 0.000000
244 0.000000
245 0.000000
246 0.000000
247 0.000000
248 0.000000
249 0.000000
250 0.000000
251 0.000000
252 0.000000
253 0.000000
254 0.000000
255 0.000000
256 0.000000
257 0.000000
258 0.000000
259 0.000000
260 0.000000
261 0.000000
262 0.000000
263 0.000000
264 0.000000
265 0.000000
266 0.000000
267 0.000000
268 0.000000
269 0.000000
270 0.000000
271 0.000000
272 0.000000
273 0.000000
274 0.000000
275 0.000000
276 0.000000
277 0.000000
278 0.000000
279 0.000000
280 0.000000
281 0.000000
282 0.000000
283 0.000000
284 0.000000
285 0.000000
286 0.000000
287 0.000000
288 0.000000
289 0.000000
290 0.000000
291 0.000000
292 0.000000
293 0.000000
294 0.000000
295 0.000000
296 0.000000
297 0.000000
298 0.000000
299 0.000000
300 0.000000
301 0.000000
302 0.000000
303 0.000000
304 0.000000
305 0.000000
306 0.000000
307 0.000000
308 0.000000
309 0.000000
310 0.000000
311 0.000000
312 0.000000
313 0.000000
314 0.000000
315 0.000000
316 0.000000
317 0.000000
318 0.000000
319 0.000000
320 0.000000
321 0.000000
322 0.000000
323 0.000000
324 0.000000
325 0.000000
326 0.000000
327 0.000000
328 0.000000
329 0.000000
330 0.000000
331 0.000000
332 0.000000
333 0.000000
334 0.000000
335 0.000000
336 0.000000
337 0.000000
338 0.000000
339 0.000000
340 0.000000
341 0.000000
342 0.000000
343 0.000000
344 0.000000
345 0.000000
346 0.000000
347 0.000000
348 0.000000
349 0.000000
350 0.000000
351 0.000000
352 0.000000
353 0.000000
354 0.000000
355 0.000000
356 0.000000
357 0.000000
358 0.000000
359 0.000000
360 0.000000
361 0.000000
362 0.000000
363 0.000000
364 0.000000
365 0.000000
366 0.000000
367 0.000000
368 0.000000
369 0.000000
370 0.000000
371 0.000000
372 0.000000
373 0.000000
374 0.000000
375 0.000000
376 0.000000
377 0.000000
378 0.000000
379 0.000000
380 0.000000
381 0.000000
382 0.000000
383 0.000000
384 0.000000
385 0.000000
386 0.000000
387 0.000000
388 0.000000
389 0.000000
390 0.000000
391 0.000000
392 0.000000
393 0.000000
394 0.000000
395 0.000000
396 0.000000
397 0.000000
398 0.000000
399 0.000000
400 0.000000
401 0.000000
402 0.000000
403 0.000000
404 0.000000
405 0.000000
406 0.000000
407 0.000000
408 0.000000
409 0.000000
410 0.000000
411 0.000000
412 0.000000
413 0.000000
414 0.000000
415 0.000000
416 0.000000
417 0.000000
418 0.000000
419 0.000000
420 0.000000
421 0.000000
422 0.000000
423 0.000000
424 0.000000
425 0.000000
426 0.000000
427 0.000000
428 0.000000
429 0.000000
430 0.000000
431 0.000000
432 0.000000
433 0.000000
434 0.000000
435 0.000000
436 0.000000
437 0.000000
438 0.000000
439 0.000000
440 0.000000
441 0.000000
442 0.000000
443 0.000000
444 0.000000
445 0.000000
446 0.000000
447 0.000000
448 0.000000
449 0.000000
450 0.000000
451 0.000000
452 0.000000
453 0.000000
454 0.000000
455 0.000000
456 0.000000
457 0.000000
458 0.000000
459 0.000000
460 0.000000
461 0.000000
462 0.000000
463 0.000000
464 0.000000
465 0.000000
466 0.000000
467 0.000000
468 0.000000
469 0.000000
470 0.000000
471 0.000000
472 0.000000
473 0.000000
474 0.000000
475 0.000000
476 0.000000
477 0.000000
478 0.000000
479 0.000000
480 0.000000
481 0.000000
482 0.000000
483 0.000000
484 0.000000
485 0.000000
486 0.000000
487 0.000000
488 0.000000
489 0.000000
490 0.000000
491 0.000000
492 0.000000
493 0.000000
494 0.000000
495 0.000000
496 0.000000
497 0.000000
498 0.000000
499 0.000000
500 0.000000
