1 inf
2 inf
3 inf
4 inf
5 inf
6 inf
7 inf
8 inf
9 inf
10 inf
11 inf
12 inf
13 115246925796454827346222661856569282653327054566190698447392858060587225988690869108409230849835018615211567266244808570833242532576458015386631047649951922986236098782481737536139033571902916365388154970537284165780070451619518737297669357568.000000
14 110653054777881165291048282759658983448791615425495338007828613802569132874326869474952011864137026032366381386263927959746054490947584.000000
15 289545498542846803968.000000
16 13308.016907
17 11859.981078
18 11941.391969
19 12540.235213
20 8542.132189
21 9261.847367
22 9036.054084
23 6609.329788
24 6518.946977
25 6522.506672
26 5906.525171
27 4552.187850
28 4546.982991
29 4777.936618
30 4361.202040
31 3498.083935
32 2757.802703
33 2024.080538
34 1776.314371
35 1558.356757
36 1179.827741
37 1076.245054
38 923.820794
39 859.766461
40 470.061678
41 276.512758
42 264.075323
43 209.323880
44 152.236308
45 117.726216
46 85.399564
47 69.184889
48 53.879630
49 35.701139
50 32.452927
51 22.594729
52 18.160443
53 13.559533
54 19.672950
55 17.831521
56 15.490109
57 12.804435
58 12.124116
59 8.144227
60 6.744956
61 6.280379
62 6.448269
63 4.751165
64 3.177558
65 2.480103
66 2.662169
67 2.541798
68 2.354011
69 2.243495
70 2.055405
71 1.906827
72 1.651730
73 1.201820
74 1.134659
75 1.081375
76 0.975435
77 0.759482
78 0.682255
79 0.497802
80 0.458516
81 0.417094
82 0.365563
83 0.335926
84 0.267879
85 0.237308
86 0.184133
87 0.144253
88 0.123169
89 0.093756
90 0.074342
91 0.071793
92 0.062572
93 0.050182
94 0.032223
95 0.025600
96 0.022583
97 0.016276
98 0.016413
99 0.010776
100 0.008576
101 0.006627
102 0.006597
103 0.005143
104 0.004180
105 0.003711
106 0.002836
107 0.002239
108 0.001693
109 0.001298
110 0.001089
111 0.000931
112 0.000829
113 0.000659
114 0.000583
115 0.000446
116 0.000372
117 0.000265
118 0.000212
119 0.000173
120 0.000129
121 0.000091
122 0.000075
123 0.000058
124 0.000043
125 0.000032
126 0.000025
127 0.000019
128 0.000018
129 0.000013
130 0.000011
131 0.000010
132 0.000009
133 0.000008
134 0.000007
135 0.000006
136 0.000005
137 0.000004
138 0.000003
139 0.000002
140 0.000002
141 0.000002
142 0.000002
143 0.000001
144 0.000001
145 0.000001
146 0.000001
147 0.000000
148 0.000000
149 0.000000
150 0.000000
151 0.000000
152 0.000000
153 0.000000
154 0.000000
155 0.000000
156 0.000000
157 0.000000
158 0.000000
159 0.000000
160 0.000000
161 0.000000
162 0.000000
163 0.000000
164 0.000000
165 0.000000
166 0.000000
167 0.000000
168 0.000000
169 0.000000
170 0.000000
171 0.000000
172 0.000000
173 0.000000
174 0.000000
175 0.000000
176 0.000000
177 0.000000
178 0.000000
179 0.000000
180 0.000000
181 0.000000
182 0.000000
183 0.000000
184 0.000000
185 0.000000
186 0.000000
187 0.000000
188 0.000000
189 0.000000
190 0.000000
191 0.000000
192 0.000000
193 0.000000
194 0.000000
195 0.000000
196 0.000000
197 0.000000
198 0.000000
199 0.000000
200 0.000000
201 0.000000
202 0.000000
203 0.000000
204 0.000000
205 0.000000
206 0.000000
207 0.000000
208 0.000000
209 0.000000
210 0.000000
211 0.000000
212 0.000000
213 0.000000
214 0.000000
215 0.000000
216 0.000000
217 0.000000
218 0.000000
219 0.000000
220 0.000000
221 0.000000
222 0.000000
223 0.000000
224 0.000000
225 0.000000
226 0.000000
227 0.000000
228 0.000000
229 0.000000
230 0.000000
231 0.000000
232 0.000000
233 0.000000
234 0.000000
235 0.000000
236 0.000000
237 0.000000
238 0.000000
239 0.000000
240 0.000000
241 0.000000
242 0.000000
243 0.000000
244 0.000000
245 0.000000
246 0.000000
247 0.000000
248 0.000000
249 0.000000
250 0.000000
251 0.000000
252 0.000000
253 0.000000
254 0.000000
255 0.000000
256 0.000000
257 0.000000
258 0.000000
259 0.000000
260 0.000000
261 0.000000
262 0.000000
263 0.000000
264 0.000000
265 0.000000
266 0.000000
267 0.000000
268 0.000000
269 0.000000
270 0.000000
271 0.000000
272 0.000000
273 0.000000
274 0.000000
275 0.000000
276 0.000000
277 0.000000
278 0.000000
279 0.000000
280 0.000000
281 0.000000
282 0.000000
283 0.000000
284 0.000000
285 0.000000
286 0.000000
287 0.000000
288 0.000000
289 0.000000
290 0.000000
291 0.000000
292 0.000000
293 0.000000
294 0.000000
295 0.000000
296 0.000000
297 0.000000
298 0.000000
299 0.000000
300 0.000000
301 0.000000
302 0.000000
303 0.000000
304 0.000000
305 0.000000
306 0.000000
307 0.000000
308 0.000000
309 0.000000
310 0.000000
311 0.000000
312 0.000000
313 0.000000
314 0.000000
315 0.000000
316 0.000000
317 0.000000
318 0.000000
319 0.000000
320 0.000000
321 0.000000
322 0.000000
323 0.000000
324 0.000000
325 0.000000
326 0.000000
327 0.000000
328 0.000000
329 0.000000
330 0.000000
331 0.000000
332 0.000000
333 0.000000
334 0.000000
335 0.000000
336 0.000000
337 0.000000
338 0.000000
339 0.000000
340 0.000000
341 0.000000
342 0.000000
343 0.000000
344 0.000000
345 0.000000
346 0.000000
347 0.000000
348 0.000000
349 0.000000
350 0.000000
351 0.000000
352 0.000000
353 0.000000
354 0.000000
355 0.000000
356 0.000000
357 0.000000
358 0.000000
359 0.000000
360 0.000000
361 0.000000
362 0.000000
363 0.000000
364 0.000000
365 0.000000
366 0.000000
367 0.000000
368 0.000000
369 0.000000
370 0.000000
371 0.000000
372 0.000000
373 0.000000
374 0.000000
375 0.000000
376 0.000000
377 0.000000
378 0.000000
379 0.000000
380 0.000000
381 0.000000
382 0.000000
383 0.000000
384 0.000000
385 0.000000
386 0.000000
387 0.000000
388 0.000000
389 0.000000
390 0.000000
391 0.000000
392 0.000000
393 0.000000
394 0.000000
395 0.000000
396 0.000000
397 0.000000
398 0.000000
399 0.000000
400 0.000000
401 0.000000
402 0.000000
403 0.000000
404 0.000000
405 0.000000
406 0.000000
407 0.000000
408 0.000000
409 0.000000
410 0.000000
411 0.000000
412 0.000000
413 0.000000
414 0.000000
415 0.000000
416 0.000000
417 0.000000
418 0.000000
419 0.000000
420 0.000000
421 0.000000
422 0.000000
423 0.000000
424 0.000000
425 0.000000
426 0.000000
427 0.000000
428 0.000000
429 0.000000
430 0.000000
431 0.000000
432 0.000000
433 0.000000
434 0.000000
435 0.000000
436 0.000000
437 0.000000
438 0.000000
439 0.000000
440 0.000000
441 0.000000
442 0.000000
443 0.000000
444 0.000000
445 0.000000
446 0.000000
447 0.000000
448 0.000000
449 0.000000
450 0.000000
451 0.000000
452 0.000000
453 0.000000
454 0.000000
455 0.000000
456 0.000000
457 0.000000
458 0.000000
459 0.000000
460 0.000000
461 0.000000
462 0.000000
463 0.000000
464 0.000000
465 0.000000
466 0.000000
467 0.000000
468 0.000000
469 0.000000
470 0.000000
471 0.000000
472 0.000000
473 0.000000
474 0.000000
475 0.000000
476 0.000000
477 0.000000
478 0.000000
479 0.000000
480 0.000000
481 0.000000
482 0.000000
483 0.000000
484 0.000000
485 0.000000
486 0.000000
487 0.000000
488 0.000000
489 0.000000
490 0.000000
491 0.000000
492 0.000000
493 0.000000
494 0.000000
495 0.000000
496 0.000000
497 0.000000
498 0.000000
499 0.000000
500 0.000000
