1 inf
2 inf
3 inf
4 inf
5 inf
6 inf
7 inf
8 inf
9 inf
10 inf
11 inf
12 inf
13 inf
14 inf
15 inf
16 inf
17 inf
18 inf
19 inf
20 inf
21 inf
22 inf
23 inf
24 inf
25 inf
26 inf
27 inf
28 inf
29 inf
30 inf
31 inf
32 inf
33 inf
34 inf
35 inf
36 inf
37 inf
38 inf
39 inf
40 inf
41 inf
42 inf
43 inf
44 inf
45 inf
46 inf
47 inf
48 inf
49 inf
50 inf
51 inf
52 inf
53 inf
54 inf
55 inf
56 inf
57 inf
58 inf
59 inf
60 inf
61 inf
62 inf
63 inf
64 inf
65 inf
66 inf
67 1377776334135657872737552425369788617281948936101994206699192918313410190439134628438863147507886351658708547204474122724085116794589867677124388247971978913289957974388706853454420367929110819738702718194562018054477872566331469648345620714999913055914589883869550136860507977992401769194130343465477734400.000000
68 305118523200881418529118259289044780779392508209504165819021672012040730830464357128533527010423375458945435938112668868861375818971735159087773200156981877122435709466108934060663017073092541744934741102393690055834170999830923329549296300460516926174979257249590497796610930507776.000000
69 12299151287042037749832288365325167196797143131619597405930685193133148978446883543536335769470326761154041041229275091732160614855170694085165298581585814252205966456531997733214877203557525410622255291728835545630001041778777017456868515320430592.000000
70 376997860175452586544408171657817505949670356676098756336071839735503379522619506997226210056886974702535030864884606757073134136373092230417263168745238258491087676964287713096813080996181923569784590434304.000000
71 14131230413245784118694565496118197011298364953898207283943205908936266572064948338568896725915975596830750714084504848998624670554025408486092778602747627829254032835813404131196928.000000
72 7429836880404458952887435671216236845685173553459678338344749367811066696575777973484551786231348522095986956223695146673118490799109104778581377024.000000
73 1560307150740754772047606557210753325417070019230319122898287911795155925583810480563092630608495968756563674398720.000000
74 87084233471082157553287444390302471574495544157828606699718598046648311994399131172864.000000
75 1371823606360910792063838756382477622330634797056.000000
76 38309726789152752.000000
77 58727.919878
78 51217.409422
79 38493.655080
80 34687.397936
81 29908.790966
82 26123.462339
83 23586.172480
84 20016.767695
85 17898.603756
86 15947.550717
87 13767.398335
88 12919.806084
89 11619.377876
90 10393.564843
91 9489.547555
92 8601.178262
93 7697.525911
94 7121.968999
95 6399.011766
96 5822.843925
97 5175.877387
98 4804.326307
99 4461.170366
100 4049.727380
101 3773.749111
102 3412.230409
103 3174.259356
104 2948.786344
105 2645.477015
106 2463.088741
107 2232.851190
108 2067.065999
109 1883.119267
110 1757.318942
111 1629.366207
112 1481.737773
113 1374.276075
114 1289.933106
115 1200.897640
116 1108.322492
117 1039.328351
118 961.527206
119 910.835809
120 849.600154
121 785.221155
122 724.560056
123 679.766825
124 622.257978
125 580.101907
126 547.129656
127 511.490962
128 483.241824
129 445.127427
130 410.675594
131 386.264448
132 363.278391
133 339.819645
134 317.956322
135 299.428729
136 278.601743
137 258.178661
138 246.260550
139 232.774047
140 218.642222
141 198.153153
142 190.353654
143 179.046527
144 167.948626
145 157.722074
146 147.865012
147 138.420570
148 130.980392
149 121.979953
150 114.679818
151 106.330933
152 101.006223
153 96.079052
154 89.699522
155 84.338763
156 78.858597
157 74.051056
158 69.377631
159 65.601914
160 61.085229
161 57.723293
162 54.311568
163 51.095356
164 48.452878
165 45.485835
166 43.477323
167 40.700155
168 38.898061
169 36.521131
170 34.933785
171 33.242729
172 31.433712
173 29.668516
174 28.059679
175 26.738085
176 25.336377
177 24.112962
178 22.822329
179 21.683555
180 20.691806
181 19.745363
182 18.672016
183 17.806552
184 16.545538
185 15.844627
186 14.896816
187 14.417241
188 13.774286
189 13.070981
190 12.258251
191 11.853573
192 11.239764
193 10.782495
194 10.206432
195 9.721519
196 9.243480
197 8.809124
198 8.430030
199 8.043095
200 7.684019
201 7.336219
202 7.066384
203 6.774010
204 6.471591
205 6.250917
206 6.006320
207 5.740257
208 5.518992
209 5.277060
210 5.072010
211 4.854479
212 4.658311
213 4.442395
214 4.227369
215 4.096626
216 3.953224
217 3.802947
218 3.643160
219 3.531170
220 3.402853
221 3.280395
222 3.155517
223 3.055423
224 2.940389
225 2.839880
226 2.751090
227 2.634933
228 2.554041
229 2.449540
230 2.365352
231 2.279574
232 2.210151
233 2.127290
234 2.049028
235 1.982589
236 1.912947
237 1.855010
238 1.791172
239 1.735773
240 1.675859
241 1.626913
242 1.575206
243 1.515067
244 1.470079
245 1.411693
246 1.373616
247 1.335679
248 1.286907
249 1.245373
250 1.210995
251 1.177528
252 1.145381
253 1.108341
254 1.071921
255 1.042319
256 1.012222
257 0.980720
258 0.951515
259 0.927186
260 0.903366
261 0.875984
262 0.853658
263 0.832666
264 0.807799
265 0.785157
266 0.762857
267 0.745196
268 0.724695
269 0.704085
270 0.688793
271 0.668125
272 0.652169
273 0.639539
274 0.623257
275 0.606654
276 0.590712
277 0.573771
278 0.560631
279 0.548096
280 0.532889
281 0.520882
282 0.510064
283 0.496973
284 0.486502
285 0.474702
286 0.464545
287 0.453283
288 0.443301
289 0.432887
290 0.421562
291 0.414537
292 0.402130
293 0.395875
294 0.385283
295 0.377598
296 0.369713
297 0.360578
298 0.354336
299 0.346446
300 0.339605
301 0.332894
302 0.325911
303 0.320448
304 0.313419
305 0.307877
306 0.302709
307 0.297312
308 0.291219
309 0.286259
310 0.281007
311 0.273634
312 0.268303
313 0.263283
314 0.258443
315 0.253973
316 0.249127
317 0.245009
318 0.240385
319 0.235602
320 0.231536
321 0.227722
322 0.223332
323 0.218497
324 0.215285
325 0.211826
326 0.208240
327 0.205217
328 0.201616
329 0.198284
330 0.193976
331 0.191753
332 0.188654
333 0.185461
334 0.182723
335 0.179636
336 0.177218
337 0.174355
338 0.171208
339 0.169176
340 0.166492
341 0.164063
342 0.161758
343 0.159043
344 0.156620
345 0.153826
346 0.152337
347 0.150138
348 0.148132
349 0.145482
350 0.143244
351 0.141425
352 0.139469
353 0.137509
354 0.135844
355 0.134240
356 0.132374
357 0.130705
358 0.128998
359 0.127372
360 0.125349
361 0.123582
362 0.122219
363 0.120343
364 0.119197
365 0.117638
366 0.116513
367 0.114925
368 0.113538
369 0.111973
370 0.110702
371 0.109299
372 0.108226
373 0.106961
374 0.105936
375 0.104839
376 0.103896
377 0.102814
378 0.101566
379 0.100303
380 0.099290
381 0.098193
382 0.097310
383 0.096220
384 0.095269
385 0.094245
386 0.093363
387 0.092382
388 0.091395
389 0.090407
390 0.089594
391 0.088440
392 0.087631
393 0.086819
394 0.085926
395 0.085047
396 0.084338
397 0.083527
398 0.082832
399 0.081830
400 0.081204
401 0.080528
402 0.079860
403 0.079137
404 0.078426
405 0.077906
406 0.077308
407 0.076644
408 0.075886
409 0.075446
410 0.074709
411 0.074192
412 0.073664
413 0.073134
414 0.072585
415 0.072058
416 0.071635
417 0.071147
418 0.070560
419 0.070025
420 0.069624
421 0.069057
422 0.068683
423 0.068258
424 0.067802
425 0.067332
426 0.066932
427 0.066469
428 0.066112
429 0.065706
430 0.065339
431 0.064885
432 0.064466
433 0.064088
434 0.063783
435 0.063326
436 0.062976
437 0.062663
438 0.062283
439 0.061985
440 0.061584
441 0.061278
442 0.060958
443 0.060712
444 0.060427
445 0.060158
446 0.059841
447 0.059532
448 0.059297
449 0.059024
450 0.058807
451 0.058536
452 0.058296
453 0.058034
454 0.057790
455 0.057604
456 0.057398
457 0.057175
458 0.056929
459 0.056709
460 0.056546
461 0.056282
462 0.056117
463 0.055944
464 0.055733
465 0.055590
466 0.055442
467 0.055285
468 0.055166
469 0.055027
470 0.054890
471 0.054753
472 0.054602
473 0.054440
474 0.054284
475 0.054195
476 0.054077
477 0.053945
478 0.053836
479 0.053757
480 0.053648
481 0.053561
482 0.053481
483 0.053399
484 0.053314
485 0.053261
486 0.053203
487 0.053144
488 0.053083
489 0.053036
490 0.052988
491 0.052941
492 0.052905
493 0.052868
494 0.052835
495 0.052804
496 0.052789
497 0.052773
498 0.052760
499 0.052750
500 0.052746
