1 3142432.555670
2 3381162.164081
3 3717231.041813
4 4040910.575660
5 4098400.504600
6 4605023.715959
7 4865404.882367
8 5120746.190354
9 4866947.633299
10 5311471.577599
11 5356643.470571
12 5005374.264113
13 5438314.070933
14 5413000.686992
15 5508339.842339
16 5361809.795215
17 5503377.262793
18 5465209.345693
19 5415119.803984
20 5382140.154367
21 5255590.789278
22 5453201.463779
23 5493726.950139
24 5221448.265440
25 4951136.610474
26 4974362.161129
27 4858328.860538
28 4716086.978924
29 4807603.741172
30 4449033.212203
31 4363508.738312
32 4289582.542226
33 4022114.859538
34 3678963.909195
35 3559079.182971
36 3486662.420178
37 3380938.410051
38 3157541.655961
39 3092698.798654
40 2978342.540172
41 2793975.826964
42 2671056.100200
43 2537477.544833
44 2406709.792877
45 2411793.090172
46 2276773.021800
47 2111681.647089
48 2075579.603386
49 1918936.482397
50 1887768.673026
51 1655417.132468
52 1592152.248905
53 1517662.722470
54 1412145.221030
55 1293991.040598
56 1174848.214135
57 1143128.760807
58 1071636.389801
59 988955.033855
60 874923.806581
61 829951.005656
62 763204.921711
63 715756.388698
64 640417.663304
65 549256.446392
66 502287.031550
67 477218.292285
68 450894.567523
69 411777.214096
70 378577.839811
71 360333.375786
72 335245.380484
73 292066.711859
74 266719.584008
75 251610.970037
76 233906.293724
77 211733.810526
78 187807.095248
79 174457.318998
80 162721.232149
81 142481.665444
82 129122.841195
83 119591.064081
84 113725.019957
85 101170.420274
86 94124.002005
87 84090.442305
88 77456.129154
89 69708.970232
90 64941.011326
91 59611.473717
92 52842.540846
93 46474.594150
94 40209.338373
95 36464.835332
96 32590.088181
97 27437.513845
98 24526.039433
99 22465.630946
100 20089.961484
101 17841.631434
102 16227.833910
103 14279.541177
104 13033.710503
105 11728.562555
106 10527.439884
107 9309.494565
108 8526.869059
109 7662.592904
110 6802.914628
111 6143.941893
112 5421.345734
113 4922.704018
114 4224.750966
115 3971.923738
116 3555.880890
117 3049.731232
118 2816.100496
119 2549.455706
120 2310.153741
121 2034.328418
122 1791.343075
123 1588.891140
124 1445.932403
125 1284.111333
126 1171.131061
127 1050.315276
128 893.021887
129 806.463958
130 729.694851
131 630.844793
132 579.744906
133 514.158252
134 463.272047
135 421.391919
136 381.233643
137 352.181071
138 320.167345
139 290.038672
140 260.626338
141 234.396616
142 204.611060
143 184.353241
144 166.509305
145 147.243159
146 132.676014
147 114.352302
148 109.699651
149 97.520278
150 87.927208
151 79.227726
152 72.546843
153 67.384220
154 60.748346
155 54.650417
156 49.856552
157 45.744957
158 41.839678
159 37.806801
160 33.935655
161 28.820991
162 27.350045
163 25.135202
164 22.622617
165 20.788250
166 19.323510
167 16.626210
168 15.156697
169 14.249155
170 12.884793
171 11.190666
172 10.214347
173 9.619323
174 8.744237
175 8.041110
176 7.528985
177 6.852921
178 6.252259
179 5.570748
180 5.256233
181 4.704430
182 4.392139
183 4.018833
184 3.727840
185 3.482073
186 3.136869
187 2.973393
188 2.749664
189 2.538828
190 2.313802
191 2.094483
192 1.952078
193 1.740876
194 1.641840
195 1.478912
196 1.378448
197 1.259166
198 1.169453
199 1.063901
200 1.005368
201 0.932997
202 0.876883
203 0.810273
204 0.747669
205 0.706697
206 0.641943
207 0.606469
208 0.555293
209 0.526419
210 0.493609
211 0.448350
212 0.424655
213 0.394327
214 0.359361
215 0.338441
216 0.309501
217 0.287997
218 0.271676
219 0.255003
220 0.237083
221 0.220431
222 0.207800
223 0.194959
224 0.182514
225 0.168435
226 0.160369
227 0.151672
228 0.141862
229 0.131047
230 0.122685
231 0.115282
232 0.109743
233 0.103163
234 0.097395
235 0.092202
236 0.085856
237 0.080006
238 0.075149
239 0.070872
240 0.066759
241 0.062271
242 0.059241
243 0.055731
244 0.052267
245 0.049317
246 0.046642
247 0.044196
248 0.041228
249 0.039225
250 0.036877
251 0.035127
252 0.033143
253 0.031810
254 0.030007
255 0.028234
256 0.027060
257 0.025480
258 0.024083
259 0.022889
260 0.021800
261 0.020677
262 0.019727
263 0.018836
264 0.018027
265 0.017229
266 0.016536
267 0.015723
268 0.014844
269 0.014225
270 0.013547
271 0.013014
272 0.012282
273 0.011458
274 0.011037
275 0.010573
276 0.010102
277 0.009560
278 0.009209
279 0.008717
280 0.008450
281 0.008124
282 0.007803
283 0.007448
284 0.007123
285 0.006758
286 0.006483
287 0.006269
288 0.005960
289 0.005774
290 0.005510
291 0.005304
292 0.005096
293 0.004878
294 0.004704
295 0.004428
296 0.004285
297 0.004102
298 0.003918
299 0.003755
300 0.003594
301 0.003457
302 0.003315
303 0.003144
304 0.003030
305 0.002916
306 0.002807
307 0.002726
308 0.002603
309 0.002503
310 0.002409
311 0.002303
312 0.002232
313 0.002150
314 0.002074
315 0.002003
316 0.001935
317 0.001870
318 0.001809
319 0.001740
320 0.001693
321 0.001636
322 0.001582
323 0.001537
324 0.001486
325 0.001413
326 0.001375
327 0.001331
328 0.001284
329 0.001255
330 0.001219
331 0.001186
332 0.001142
333 0.001109
334 0.001067
335 0.001042
336 0.001011
337 0.000980
338 0.000948
339 0.000919
340 0.000894
341 0.000865
342 0.000840
343 0.000820
344 0.000795
345 0.000773
346 0.000751
347 0.000727
348 0.000707
349 0.000692
350 0.000669
351 0.000651
352 0.000631
353 0.000617
354 0.000603
355 0.000587
356 0.000573
357 0.000560
358 0.000543
359 0.000531
360 0.000516
361 0.000507
362 0.000491
363 0.000481
364 0.000469
365 0.000458
366 0.000446
367 0.000433
368 0.000423
369 0.000412
370 0.000402
371 0.000393
372 0.000384
373 0.000375
374 0.000367
375 0.000357
376 0.000349
377 0.000343
378 0.000336
379 0.000328
380 0.000322
381 0.000316
382 0.000310
383 0.000303
384 0.000296
385 0.000291
386 0.000286
387 0.000280
388 0.000275
389 0.000270
390 0.000265
391 0.000260
392 0.000255
393 0.000251
394 0.000247
395 0.000243
396 0.000238
397 0.000235
398 0.000230
399 0.000226
400 0.000222
401 0.000218
402 0.000215
403 0.000211
404 0.000206
405 0.000203
406 0.000201
407 0.000197
408 0.000194
409 0.000191
410 0.000188
411 0.000185
412 0.000182
413 0.000179
414 0.000177
415 0.000174
416 0.000172
417 0.000169
418 0.000167
419 0.000165
420 0.000163
421 0.000160
422 0.000158
423 0.000156
424 0.000154
425 0.000152
426 0.000150
427 0.000148
428 0.000146
429 0.000145
430 0.000143
431 0.000141
432 0.000139
433 0.000137
434 0.000136
435 0.000134
436 0.000133
437 0.000131
438 0.000130
439 0.000128
440 0.000127
441 0.000126
442 0.000124
443 0.000123
444 0.000122
445 0.000121
446 0.000120
447 0.000119
448 0.000118
449 0.000117
450 0.000115
451 0.000114
452 0.000114
453 0.000113
454 0.000112
455 0.000111
456 0.000110
457 0.000109
458 0.000108
459 0.000108
460 0.000107
461 0.000106
462 0.000106
463 0.000105
464 0.000104
465 0.000104
466 0.000103
467 0.000102
468 0.000102
469 0.000101
470 0.000101
471 0.000100
472 0.000100
473 0.000099
474 0.000099
475 0.000098
476 0.000098
477 0.000097
478 0.000097
479 0.000097
480 0.000096
481 0.000096
482 0.000096
483 0.000095
484 0.000095
485 0.000095
486 0.000094
487 0.000094
488 0.000094
489 0.000094
490 0.000094
491 0.000093
492 0.000093
493 0.000093
494 0.000093
495 0.000093
496 0.000093
497 0.000093
498 0.000093
499 0.000093
500 0.000093
1 3113157.447615
2 3239907.675503
3 3470367.664074
4 3639796.217363
5 4239718.626823
6 4392684.070922
7 4838215.099050
8 4822427.407457
9 4811524.915198
10 4919743.973903
11 5259784.720835
12 5171542.109564
13 5043192.820081
14 5222398.633505
15 5430065.323027
16 5240171.691832
17 5083852.227497
18 5333303.717307
19 5089762.335606
20 4939785.777103
21 5084530.306567
22 5083938.587387
23 5040328.652865
24 5027418.558033
25 4703072.051991
26 4552199.868554
27 4547491.862490
28 4389210.540742
29 4251719.816983
30 4112427.441540
31 4133764.157047
32 4084552.729358
33 3768048.540968
34 3638858.040382
35 3369215.074508
36 3365922.084598
37 3232410.915063
38 3139337.816687
39 2988358.601811
40 2865434.268367
41 2809827.189303
42 2644282.559104
43 2524435.352300
44 2409915.013036
45 2353390.411270
46 2250655.712649
47 2169192.923413
48 2100229.031754
49 1961932.183878
50 1923054.200261
51 1764634.230303
52 1688967.614300
53 1590295.915108
54 1414124.981654
55 1310740.391587
56 1167920.952020
57 1063573.315812
58 1017434.030275
59 957187.544866
60 898974.693860
61 788158.817417
62 732322.156226
63 703490.212760
64 653081.245129
65 595348.492484
66 584827.844480
67 519272.844965
68 479727.879897
69 435691.036211
70 404517.987775
71 373543.682977
72 344989.589211
73 328040.794537
74 303391.357319
75 281363.945783
76 259822.439947
77 238656.961745
78 209629.171778
79 199062.417760
80 176990.814209
81 168948.475486
82 145468.929495
83 138930.920951
84 122593.032319
85 114900.364313
86 104177.949391
87 95781.789719
88 87209.188130
89 76452.070993
90 70446.628248
91 65941.790708
92 58711.724852
93 52976.403502
94 49128.146819
95 40007.860103
96 37974.520093
97 32533.065944
98 29137.072165
99 25044.293240
100 23271.027348
101 20445.951919
102 18074.662999
103 16292.995276
104 14388.575109
105 12980.962813
106 12075.741311
107 10619.069672
108 9200.511891
109 8568.074466
110 7306.998797
111 6714.097093
112 6134.612000
113 5697.244492
114 4989.759556
115 4551.283953
116 4148.781029
117 3694.000908
118 3186.359395
119 2927.614414
120 2619.888948
121 2332.184553
122 2044.689270
123 1885.753115
124 1691.151043
125 1408.229849
126 1263.130737
127 1148.381494
128 1040.556249
129 929.356026
130 820.140749
131 728.823054
132 671.046811
133 601.855195
134 542.614615
135 482.334535
136 444.480114
137 386.421945
138 353.703026
139 323.648883
140 290.801911
141 258.316627
142 233.222244
143 213.033052
144 188.855378
145 165.310119
146 152.424990
147 136.091917
148 123.086773
149 114.504947
150 102.788789
151 94.220971
152 86.284312
153 80.630922
154 70.358998
155 64.823400
156 58.858523
157 53.487985
158 49.466421
159 43.219557
160 39.127872
161 34.911411
162 31.953546
163 28.279103
164 26.427394
165 22.511671
166 21.190355
167 19.009815
168 17.253972
169 15.748752
170 13.735340
171 12.781371
172 11.374477
173 10.663402
174 9.563989
175 8.761599
176 7.772684
177 7.265194
178 6.766247
179 6.157094
180 5.718816
181 5.070565
182 4.743880
183 4.378693
184 4.063715
185 3.758287
186 3.487977
187 3.184492
188 2.952862
189 2.752060
190 2.564938
191 2.350051
192 2.166962
193 1.983615
194 1.819444
195 1.638794
196 1.543168
197 1.448450
198 1.302767
199 1.236408
200 1.137581
201 1.068406
202 0.983266
203 0.903794
204 0.849281
205 0.806388
206 0.738959
207 0.675792
208 0.636002
209 0.592272
210 0.546092
211 0.514259
212 0.474126
213 0.447341
214 0.421012
215 0.395855
216 0.358127
217 0.339795
218 0.317707
219 0.294572
220 0.274863
221 0.253296
222 0.239127
223 0.221228
224 0.204234
225 0.192033
226 0.180053
227 0.163002
228 0.155773
229 0.144254
230 0.137290
231 0.128948
232 0.120975
233 0.114651
234 0.106311
235 0.101705
236 0.096432
237 0.091698
238 0.084634
239 0.080466
240 0.075486
241 0.071602
242 0.067251
243 0.063613
244 0.060274
245 0.056016
246 0.053918
247 0.050522
248 0.048010
249 0.045546
250 0.043425
251 0.041519
252 0.039557
253 0.037269
254 0.035045
255 0.033485
256 0.031595
257 0.030000
258 0.028263
259 0.027374
260 0.026279
261 0.025004
262 0.023291
263 0.022520
264 0.021534
265 0.020368
266 0.019393
267 0.018459
268 0.017687
269 0.016638
270 0.015864
271 0.015047
272 0.014330
273 0.013690
274 0.013136
275 0.012651
276 0.011885
277 0.011471
278 0.010983
279 0.010493
280 0.010040
281 0.009557
282 0.009086
283 0.008763
284 0.008308
285 0.008013
286 0.007670
287 0.007307
288 0.007032
289 0.006708
290 0.006371
291 0.006032
292 0.005834
293 0.005532
294 0.005324
295 0.005163
296 0.004981
297 0.004772
298 0.004526
299 0.004375
300 0.004214
301 0.004064
302 0.003922
303 0.003809
304 0.003644
305 0.003503
306 0.003374
307 0.003255
308 0.003113
309 0.003013
310 0.002899
311 0.002800
312 0.002717
313 0.002561
314 0.002497
315 0.002404
316 0.002325
317 0.002224
318 0.002170
319 0.002086
320 0.002019
321 0.001960
322 0.001876
323 0.001821
324 0.001767
325 0.001703
326 0.001651
327 0.001592
328 0.001540
329 0.001485
330 0.001431
331 0.001389
332 0.001337
333 0.001298
334 0.001261
335 0.001214
336 0.001157
337 0.001137
338 0.001102
339 0.001067
340 0.001036
341 0.000998
342 0.000965
343 0.000945
344 0.000919
345 0.000881
346 0.000860
347 0.000837
348 0.000811
349 0.000788
350 0.000772
351 0.000750
352 0.000732
353 0.000710
354 0.000694
355 0.000677
356 0.000659
357 0.000647
358 0.000632
359 0.000614
360 0.000599
361 0.000581
362 0.000570
363 0.000554
364 0.000539
365 0.000522
366 0.000509
367 0.000499
368 0.000488
369 0.000476
370 0.000466
371 0.000455
372 0.000442
373 0.000432
374 0.000423
375 0.000414
376 0.000404
377 0.000394
378 0.000386
379 0.000379
380 0.000371
381 0.000362
382 0.000355
383 0.000348
384 0.000341
385 0.000334
386 0.000326
387 0.000320
388 0.000313
389 0.000307
390 0.000300
391 0.000294
392 0.000289
393 0.000283
394 0.000277
395 0.000273
396 0.000268
397 0.000262
398 0.000259
399 0.000253
400 0.000251
401 0.000247
402 0.000241
403 0.000237
404 0.000234
405 0.000230
406 0.000226
407 0.000223
408 0.000220
409 0.000216
410 0.000212
411 0.000208
412 0.000206
413 0.000203
414 0.000199
415 0.000196
416 0.000193
417 0.000190
418 0.000187
419 0.000185
420 0.000182
421 0.000180
422 0.000177
423 0.000175
424 0.000173
425 0.000170
426 0.000168
427 0.000166
428 0.000164
429 0.000162
430 0.000160
431 0.000158
432 0.000157
433 0.000154
434 0.000153
435 0.000151
436 0.000149
437 0.000147
438 0.000146
439 0.000145
440 0.000143
441 0.000142
442 0.000141
443 0.000139
444 0.000138
445 0.000136
446 0.000135
447 0.000134
448 0.000133
449 0.000132
450 0.000131
451 0.000130
452 0.000128
453 0.000128
454 0.000127
455 0.000126
456 0.000125
457 0.000124
458 0.000123
459 0.000122
460 0.000121
461 0.000120
462 0.000120
463 0.000119
464 0.000118
465 0.000117
466 0.000117
467 0.000116
468 0.000116
469 0.000115
470 0.000114
471 0.000114
472 0.000113
473 0.000113
474 0.000112
475 0.000112
476 0.000111
477 0.000111
478 0.000110
479 0.000110
480 0.000110
481 0.000109
482 0.000109
483 0.000108
484 0.000108
485 0.000108
486 0.000107
487 0.000107
488 0.000107
489 0.000107
490 0.000107
491 0.000106
492 0.000106
493 0.000106
494 0.000106
495 0.000106
496 0.000106
497 0.000106
498 0.000106
499 0.000106
500 0.000106
