1 63413947.550622
2 213111559.232733
3 361187531.567537
4 812698837.179485
5 1565470705.229923
6 2438426471.307351
7 5165665307.921731
8 12696947649.734032
9 14521212082.362146
10 40090767979.260338
11 51874535576.888466
12 78091177676.147110
13 93504756856.377487
14 108794758084.281189
15 165083168011.148132
16 348194640699.578247
17 513643436519.874084
18 694444351758.869019
19 1422420155336.998047
20 2158260215053.745605
21 2919678672983.740723
22 4268710775726.732910
23 5714893904644.692383
24 6150614595977.790039
25 14183293959978.978516
26 14367858140674.982422
27 16260343489422.179688
28 44627582700259.203125
29 84060204745368.125000
30 89323637931270.828125
31 100373876660450.796875
32 206311802246323.187500
33 236803680089933.375000
34 211923133028781.625000
35 295172233210751.687500
36 427445731500388.687500
37 999893023384102.000000
38 921749956821966.250000
39 836056053389160.875000
40 1156424290654474.500000
41 1114400481804543.375000
42 1966278169196791.500000
43 3699369653418014.500000
44 4638097362624872.000000
45 7122826616351213.000000
46 5767564187640300.000000
47 10280440921784468.000000
48 12252573682184148.000000
49 15963506152492428.000000
50 18426534478029660.000000
51 25829068630430764.000000
52 26953990333326028.000000
53 30277511006048280.000000
54 56905673091790984.000000
55 42142906590201936.000000
56 67740393430773384.000000
57 71183882692527096.000000
58 85931089554642752.000000
59 130336483229094736.000000
60 108443355743293920.000000
61 201911295714070752.000000
62 147080767500933536.000000
63 205834890052758976.000000
64 402455184259266176.000000
65 516736212805338944.000000
66 589476150544842752.000000
67 347988969773619456.000000
68 512032889939294848.000000
69 794307268295958656.000000
70 529916910875203328.000000
71 499887287639852864.000000
72 581151474034515840.000000
73 938246466532398336.000000
74 690108260218966016.000000
75 799761485814083200.000000
76 1150211602954480384.000000
77 1373244194261043712.000000
78 2206819377353773056.000000
79 2257535652430012160.000000
80 2340321362883366912.000000
81 3166068778503399424.000000
82 3303015555468101632.000000
83 2000417399055916032.000000
84 2704646917230369280.000000
85 4023081489658640384.000000
86 3885113345464615424.000000
87 3807463401930301952.000000
88 3349518143175442432.000000
89 4526563161907181056.000000
90 2791352526110679040.000000
91 3656692799985984000.000000
92 4555728622360197120.000000
93 5243512057400937472.000000
94 5952655706782701568.000000
95 6335363674331535360.000000
96 7075621719515207680.000000
97 7607630922185689088.000000
98 8763785164761421824.000000
99 9251343538141872128.000000
100 9411361620964667392.000000
101 12398827174490468352.000000
102 12820852511247933440.000000
103 12237173111576887296.000000
104 19003658480110469120.000000
105 9375921496064745472.000000
106 13664001118738315264.000000
107 16082211025198766080.000000
108 14748866753055094784.000000
109 9855056110304688128.000000
110 19399497208877764608.000000
111 22315402463285104640.000000
112 15875351358369212416.000000
113 10020857984224223232.000000
114 14640352142044215296.000000
115 17277229779064467456.000000
116 13883606583576328192.000000
117 11284234708947240960.000000
118 13354209014916716544.000000
119 12353320067160498176.000000
120 9375030850822408192.000000
121 8383464386331481088.000000
122 7817557035638155264.000000
123 7872147626960828416.000000
124 7697547350249242624.000000
125 7869899579858022400.000000
126 8951228103525903360.000000
127 11542288205127864320.000000
128 7263450287310521344.000000
129 6837521567116886016.000000
130 3965554463470124544.000000
131 6672383755164154880.000000
132 5207152549219649536.000000
133 2260686245201998592.000000
134 4341944436113015296.000000
135 4012222508390494208.000000
136 3249649631175633408.000000
137 2226330534351006976.000000
138 2455069918642500096.000000
139 1358621703956605184.000000
140 1487052701584133888.000000
141 1961242163479043328.000000
142 1995842863622946560.000000
143 1731733003850511616.000000
144 1643002104466599680.000000
145 818200133628123648.000000
146 1060531996090094592.000000
147 852561438091199488.000000
148 865059593139853568.000000
149 729507235408493568.000000
150 634301805892022016.000000
151 545884898732597376.000000
152 374199349218418688.000000
153 316593093427521792.000000
154 229573765336569824.000000
155 244167702253129312.000000
156 139818472673927168.000000
157 153345941909963200.000000
158 167066764476326816.000000
159 159468708228156448.000000
160 160264189581866048.000000
161 125558716048726272.000000
162 131384239756000896.000000
163 73003249269773072.000000
164 69817125974838552.000000
165 71148153113341344.000000
166 48770338087927096.000000
167 50306990294466208.000000
168 35249310092687820.000000
169 26204552100020864.000000
170 14900705944375562.000000
171 11433701014261188.000000
172 8589961451257406.000000
173 6996165172367514.000000
174 6687415662057210.000000
175 6023603143421299.000000
176 6479734012818543.000000
177 4114197436705728.000000
178 4215721979520211.500000
179 3234925663309279.000000
180 2799191127540671.000000
181 2502802931734791.000000
182 2046829046574599.500000
183 1641021099180811.500000
184 1239229652702018.250000
185 766332673138988.625000
186 661000157406572.375000
187 409794321423443.000000
188 341026327931848.000000
189 369973936962737.312500
190 266150905213033.937500
191 187466478643044.593750
192 151937209553453.468750
193 108130907266399.484375
194 69055853166693.343750
195 54131005604127.492188
196 53185524528730.476562
197 27426266293388.921875
198 29370037638193.808594
199 17111060791781.785156
200 13677019972249.343750
201 9015274494719.503906
202 7503279832909.037109
203 4802910794023.948242
204 3377698077066.510254
205 1219213393134.914795
206 973249212795.005737
207 854128641671.722290
208 758469407852.721924
209 506428297416.451477
210 485558700677.103882
211 378235059513.007202
212 276472467338.307495
213 173424984589.403259
214 119280074110.044418
215 80903867038.354843
216 59373158121.457809
217 35755679031.382324
218 34457119354.112640
219 23037243928.222603
220 15960413424.408207
221 11722216471.264286
222 8093577427.991162
223 6090578032.544673
224 5528387644.163625
225 4326198408.140495
226 2321841455.878830
227 1332234938.854142
228 895918651.669056
229 762771528.327476
230 455094405.739288
231 288020218.537242
232 186315017.540926
233 142319591.871725
234 95869884.869824
235 45371606.103912
236 35138363.310677
237 22617838.656850
238 17801994.590679
239 12053866.406296
240 8521279.628280
241 4602485.044231
242 3165317.981993
243 2354167.054820
244 1844189.118893
245 928223.011116
246 619733.200217
247 499653.089403
248 329845.434693
249 245716.882963
250 139209.134019
251 83896.990102
252 52580.499815
253 33699.914244
254 23067.229515
255 15685.407245
256 12016.755197
257 7379.457140
258 3019.470448
259 2527.911145
260 1795.282391
261 984.101515
262 566.738212
263 334.721628
264 263.327470
265 133.214239
266 85.849353
267 58.582990
268 37.182369
269 21.453106
270 16.193326
271 8.816941
272 5.082728
273 3.256976
274 1.898754
275 1.043580
276 0.617110
277 0.361612
278 0.138671
279 0.090615
280 0.055738
281 0.029564
282 0.020119
283 0.014520
284 0.006092
285 0.004209
286 0.002917
287 0.001789
288 0.000983
289 0.000465
290 0.000336
291 0.000221
292 0.000110
293 0.000067
294 0.000038
295 0.000022
296 0.000014
297 0.000006
298 0.000004
299 0.000003
300 0.000001
301 0.000001
302 0.000001
303 0.000000
304 0.000000
305 0.000000
306 0.000000
307 0.000000
308 0.000000
309 0.000000
310 0.000000
311 0.000000
312 0.000000
313 0.000000
314 0.000000
315 0.000000
316 0.000000
317 0.000000
318 0.000000
319 0.000000
320 0.000000
321 0.000000
322 0.000000
323 0.000000
324 0.000000
325 0.000000
326 0.000000
327 0.000000
328 0.000000
329 0.000000
330 0.000000
331 0.000000
332 0.000000
333 0.000000
334 0.000000
335 0.000000
336 0.000000
337 0.000000
338 0.000000
339 0.000000
340 0.000000
341 0.000000
342 0.000000
343 0.000000
344 0.000000
345 0.000000
346 0.000000
347 0.000000
348 0.000000
349 0.000000
350 0.000000
351 0.000000
352 0.000000
353 0.000000
354 0.000000
355 0.000000
356 0.000000
357 0.000000
358 0.000000
359 0.000000
360 0.000000
361 0.000000
362 0.000000
363 0.000000
364 0.000000
365 0.000000
366 0.000000
367 0.000000
368 0.000000
369 0.000000
370 0.000000
371 0.000000
372 0.000000
373 0.000000
374 0.000000
375 0.000000
376 0.000000
377 0.000000
378 0.000000
379 0.000000
380 0.000000
381 0.000000
382 0.000000
383 0.000000
384 0.000000
385 0.000000
386 0.000000
387 0.000000
388 0.000000
389 0.000000
390 0.000000
391 0.000000
392 0.000000
393 0.000000
394 0.000000
395 0.000000
396 0.000000
397 0.000000
398 0.000000
399 0.000000
400 0.000000
401 0.000000
402 0.000000
403 0.000000
404 0.000000
405 0.000000
406 0.000000
407 0.000000
408 0.000000
409 0.000000
410 0.000000
411 0.000000
412 0.000000
413 0.000000
414 0.000000
415 0.000000
416 0.000000
417 0.000000
418 0.000000
419 0.000000
420 0.000000
421 0.000000
422 0.000000
423 0.000000
424 0.000000
425 0.000000
426 0.000000
427 0.000000
428 0.000000
429 0.000000
430 0.000000
431 0.000000
432 0.000000
433 0.000000
434 0.000000
435 0.000000
436 0.000000
437 0.000000
438 0.000000
439 0.000000
440 0.000000
441 0.000000
442 0.000000
443 0.000000
444 0.000000
445 0.000000
446 0.000000
447 0.000000
448 0.000000
449 0.000000
450 0.000000
451 0.000000
452 0.000000
453 0.000000
454 0.000000
455 0.000000
456 0.000000
457 0.000000
458 0.000000
459 0.000000
460 0.000000
461 0.000000
462 0.000000
463 0.000000
464 0.000000
465 0.000000
466 0.000000
467 0.000000
468 0.000000
469 0.000000
470 0.000000
471 0.000000
472 0.000000
473 0.000000
474 0.000000
475 0.000000
476 0.000000
477 0.000000
478 0.000000
479 0.000000
480 0.000000
481 0.000000
482 0.000000
483 0.000000
484 0.000000
485 0.000000
486 0.000000
487 0.000000
488 0.000000
489 0.000000
490 0.000000
491 0.000000
492 0.000000
493 0.000000
494 0.000000
495 0.000000
496 0.000000
497 0.000000
498 0.000000
499 0.000000
500 0.000000
