1 1000000000000000019884624838656.000000
2 1000000000000000019884624838656.000000
3 1000000000000000019884624838656.000000
4 1000000000000000019884624838656.000000
5 8689.409770
6 8689.409770
7 8689.409770
8 8689.409770
9 8689.409770
10 5048.780059
11 5048.780059
12 5048.780059
13 5048.780059
14 5048.780059
15 3693.856798
16 3693.856798
17 3693.856798
18 3693.856798
19 3693.856798
20 2649.749332
21 2649.749332
22 2649.749332
23 2649.749332
24 2649.749332
25 1873.232511
26 1873.232511
27 1873.232511
28 1873.232511
29 1873.232511
30 1284.458468
31 1284.458468
32 1284.458468
33 1284.458468
34 1284.458468
35 941.191654
36 941.191654
37 941.191654
38 941.191654
39 941.191654
40 767.780282
41 767.780282
42 767.780282
43 767.780282
44 767.780282
45 611.152439
46 611.152439
47 611.152439
48 611.152439
49 611.152439
50 476.020112
51 476.020112
52 476.020112
53 476.020112
54 476.020112
55 364.339679
56 364.339679
57 364.339679
58 364.339679
59 364.339679
60 284.742031
61 284.742031
62 284.742031
63 284.742031
64 284.742031
65 230.345973
66 230.345973
67 230.345973
68 230.345973
69 230.345973
70 178.882179
71 178.882179
72 178.882179
73 178.882179
74 178.882179
75 134.225510
76 134.225510
77 134.225510
78 134.225510
79 134.225510
80 113.151308
81 113.151308
82 113.151308
83 113.151308
84 113.151308
85 92.767594
86 92.767594
87 92.767594
88 92.767594
89 92.767594
90 76.762752
91 76.762752
92 76.762752
93 76.762752
94 76.762752
95 66.228035
96 66.228035
97 66.228035
98 66.228035
99 66.228035
100 53.036924
101 53.036924
102 53.036924
103 53.036924
104 53.036924
105 42.093349
106 42.093349
107 42.093349
108 42.093349
109 42.093349
110 33.093223
111 33.093223
112 33.093223
113 33.093223
114 33.093223
115 26.938298
116 26.938298
117 26.938298
118 26.938298
119 26.938298
120 21.507779
121 21.507779
122 21.507779
123 21.507779
124 21.507779
125 17.782619
126 17.782619
127 17.782619
128 17.782619
129 17.782619
130 15.107973
131 15.107973
132 15.107973
133 15.107973
134 15.107973
135 12.128199
136 12.128199
137 12.128199
138 12.128199
139 12.128199
140 10.327896
141 10.327896
142 10.327896
143 10.327896
144 10.327896
145 8.317516
146 8.317516
147 8.317516
148 8.317516
149 8.317516
150 6.857265
151 6.857265
152 6.857265
153 6.857265
154 6.857265
155 5.652492
156 5.652492
157 5.652492
158 5.652492
159 5.652492
160 4.706999
161 4.706999
162 4.706999
163 4.706999
164 4.706999
165 3.964330
166 3.964330
167 3.964330
168 3.964330
169 3.964330
170 3.463019
171 3.463019
172 3.463019
173 3.463019
174 3.463019
175 2.870223
176 2.870223
177 2.870223
178 2.870223
179 2.870223
180 2.411627
181 2.411627
182 2.411627
183 2.411627
184 2.411627
185 2.079522
186 2.079522
187 2.079522
188 2.079522
189 2.079522
190 1.844599
191 1.844599
192 1.844599
193 1.844599
194 1.844599
195 1.578408
196 1.578408
197 1.578408
198 1.578408
199 1.578408
200 1.393052
201 1.393052
202 1.393052
203 1.393052
204 1.393052
205 1.205614
206 1.205614
207 1.205614
208 1.205614
209 1.205614
210 1.076754
211 1.076754
212 1.076754
213 1.076754
214 1.076754
215 0.975533
216 0.975533
217 0.975533
218 0.975533
219 0.975533
220 0.830479
221 0.830479
222 0.830479
223 0.830479
224 0.830479
225 0.744892
226 0.744892
227 0.744892
228 0.744892
229 0.744892
230 0.647622
231 0.647622
232 0.647622
233 0.647622
234 0.647622
235 0.604762
236 0.604762
237 0.604762
238 0.604762
239 0.604762
240 0.536045
241 0.536045
242 0.536045
243 0.536045
244 0.536045
245 0.485825
246 0.485825
247 0.485825
248 0.485825
249 0.485825
250 0.437408
251 0.437408
252 0.437408
253 0.437408
254 0.437408
255 0.396170
256 0.396170
257 0.396170
258 0.396170
259 0.396170
260 0.345612
261 0.345612
262 0.345612
263 0.345612
264 0.345612
265 0.318039
266 0.318039
267 0.318039
268 0.318039
269 0.318039
270 0.283796
271 0.283796
272 0.283796
273 0.283796
274 0.283796
275 0.262474
276 0.262474
277 0.262474
278 0.262474
279 0.262474
280 0.232483
281 0.232483
282 0.232483
283 0.232483
284 0.232483
285 0.217408
286 0.217408
287 0.217408
288 0.217408
289 0.217408
290 0.200758
291 0.200758
292 0.200758
293 0.200758
294 0.200758
295 0.184671
296 0.184671
297 0.184671
298 0.184671
299 0.184671
300 0.173547
301 0.173547
302 0.173547
303 0.173547
304 0.173547
305 0.159084
306 0.159084
307 0.159084
308 0.159084
309 0.159084
310 0.147743
311 0.147743
312 0.147743
313 0.147743
314 0.147743
315 0.139453
316 0.139453
317 0.139453
318 0.139453
319 0.139453
320 0.130384
321 0.130384
322 0.130384
323 0.130384
324 0.130384
325 0.121358
326 0.121358
327 0.121358
328 0.121358
329 0.121358
330 0.115855
331 0.115855
332 0.115855
333 0.115855
334 0.115855
335 0.109328
336 0.109328
337 0.109328
338 0.109328
339 0.109328
340 0.102643
341 0.102643
342 0.102643
343 0.102643
344 0.102643
345 0.096141
346 0.096141
347 0.096141
348 0.096141
349 0.096141
350 0.090622
351 0.090622
352 0.090622
353 0.090622
354 0.090622
355 0.087205
356 0.087205
357 0.087205
358 0.087205
359 0.087205
360 0.082573
361 0.082573
362 0.082573
363 0.082573
364 0.082573
365 0.079289
366 0.079289
367 0.079289
368 0.079289
369 0.079289
370 0.075352
371 0.075352
372 0.075352
373 0.075352
374 0.075352
375 0.072605
376 0.072605
377 0.072605
378 0.072605
379 0.072605
380 0.069422
381 0.069422
382 0.069422
383 0.069422
384 0.069422
385 0.066918
386 0.066918
387 0.066918
388 0.066918
389 0.066918
390 0.064283
391 0.064283
392 0.064283
393 0.064283
394 0.064283
395 0.062407
396 0.062407
397 0.062407
398 0.062407
399 0.062407
400 0.060053
401 0.060053
402 0.060053
403 0.060053
404 0.060053
405 0.058233
406 0.058233
407 0.058233
408 0.058233
409 0.058233
410 0.056755
411 0.056755
412 0.056755
413 0.056755
414 0.056755
415 0.055044
416 0.055044
417 0.055044
418 0.055044
419 0.055044
420 0.053641
421 0.053641
422 0.053641
423 0.053641
424 0.053641
425 0.052427
426 0.052427
427 0.052427
428 0.052427
429 0.052427
430 0.051038
431 0.051038
432 0.051038
433 0.051038
434 0.051038
435 0.049897
436 0.049897
437 0.049897
438 0.049897
439 0.049897
440 0.048487
441 0.048487
442 0.048487
443 0.048487
444 0.048487
445 0.047820
446 0.047820
447 0.047820
448 0.047820
449 0.047820
450 0.047053
451 0.047053
452 0.047053
453 0.047053
454 0.047053
455 0.046374
456 0.046374
457 0.046374
458 0.046374
459 0.046374
460 0.045723
461 0.045723
462 0.045723
463 0.045723
464 0.045723
465 0.045156
466 0.045156
467 0.045156
468 0.045156
469 0.045156
470 0.044600
471 0.044600
472 0.044600
473 0.044600
474 0.044600
475 0.044280
476 0.044280
477 0.044280
478 0.044280
479 0.044280
480 0.043984
481 0.043984
482 0.043984
483 0.043984
484 0.043984
485 0.043690
486 0.043690
487 0.043690
488 0.043690
489 0.043690
490 0.043568
491 0.043568
492 0.043568
493 0.043568
494 0.043568
495 0.043482
496 0.043482
497 0.043482
498 0.043482
499 0.043482
500 0.043477
