1 3752239.089481
2 5777259.840991
3 5025040.577074
4 8603161.886285
5 6242855.723429
6 7691501.755451
7 6115378.052394
8 10204064.264685
9 10822732.179975
10 15517985.347807
11 21253026.622315
12 21260835.307083
13 25470976.798983
14 21060031.683593
15 25071089.167994
16 30597545.989752
17 23967362.554999
18 35232735.160051
19 36672772.363169
20 37522460.488802
21 38254932.327826
22 33176796.255630
23 37775538.068353
24 43349940.713832
25 53029520.451094
26 50203260.478329
27 60931490.199884
28 59392068.945973
29 66298763.234526
30 63772909.743406
31 67656289.239277
32 52180639.584607
33 58690293.456753
34 64646625.414823
35 51610001.793031
36 73702300.753400
37 70140934.562121
38 77128518.031391
39 62543745.304591
40 52259576.761327
41 59311660.805929
42 60353353.361867
43 47165552.605483
44 57163541.986955
45 46866265.293895
46 49280185.760305
47 47442611.610308
48 34044719.802378
49 47438446.754208
50 35434595.034735
51 40672241.675431
52 39077948.997366
53 32082954.243965
54 30415239.308394
55 40545252.131245
56 36056011.615517
57 49848777.314416
58 50033558.044707
59 52336245.159546
60 34270103.550875
61 48085293.134676
62 38212249.481343
63 36335289.014486
64 38009874.971435
65 36384631.943105
66 40483386.254431
67 32816218.774643
68 29322892.660437
69 35613332.719283
70 35633515.663062
71 26974845.083710
72 22030030.986760
73 28466631.261899
74 27615379.408382
75 25171294.781624
76 27451131.398245
77 31156300.285903
78 31150328.243126
79 31064178.007347
80 24717406.319683
81 27806372.640797
82 21555783.012996
83 24369111.879410
84 25897511.694764
85 16114664.665868
86 20558269.958180
87 15724996.081310
88 14294953.719193
89 14592855.680731
90 11238736.237556
91 9714756.809108
92 11233892.693287
93 9702976.170327
94 10867183.589809
95 11105339.431432
96 10859249.301016
97 9877591.198668
98 8545229.183323
99 9087241.882500
100 8262510.351917
101 8603187.890899
102 7393619.609162
103 6112397.515733
104 5609592.313533
105 4679520.011440
106 5166029.199300
107 4932708.137716
108 3513023.705805
109 3368777.816685
110 4832987.106007
111 3827543.668286
112 3611220.816224
113 3716263.839285
114 3061198.612440
115 3158555.839532
116 2478256.748316
117 2349253.061795
118 2291282.572649
119 2051409.048458
120 1843824.353872
121 1824201.039046
122 2134721.032320
123 1830543.323669
124 2256038.750472
125 2143125.873441
126 1740219.115994
127 1594196.518323
128 1712142.154135
129 1132255.081951
130 1128517.990557
131 978930.890418
132 949889.034652
133 948617.197710
134 851090.711790
135 761501.430483
136 666848.971630
137 751378.365027
138 616556.596333
139 565554.639889
140 592848.446645
141 479923.131519
142 434490.755882
143 413034.991057
144 357724.910955
145 309691.013023
146 396131.399339
147 319093.308794
148 332807.184457
149 259340.398736
150 291670.283788
151 286871.114777
152 269696.837571
153 213499.487487
154 224276.149762
155 209813.045868
156 218174.713438
157 209255.866570
158 211365.641741
159 164743.750985
160 157452.122726
161 147009.041209
162 178250.010645
163 124450.575917
164 126579.859314
165 122421.690649
166 101666.578652
167 96269.066594
168 112595.369827
169 97546.654560
170 94208.591063
171 89528.522818
172 78514.319150
173 82077.502244
174 64951.027390
175 80326.742457
176 65541.915482
177 69084.374505
178 76249.867946
179 62519.176001
180 51424.971976
181 50303.817005
182 44334.244430
183 46056.371302
184 44196.938782
185 37298.861995
186 39020.936760
187 47006.392120
188 38771.898779
189 27956.122589
190 34807.570779
191 30636.382964
192 30583.391765
193 31684.914343
194 30840.381618
195 30728.947303
196 28840.938330
197 24357.470392
198 23367.889791
199 24361.176474
200 18713.357591
201 16805.619244
202 17710.596964
203 16640.103982
204 16773.538729
205 16058.668162
206 15365.153112
207 13600.842753
208 14096.202904
209 13763.004979
210 13675.765175
211 14244.654041
212 12868.959480
213 13736.599311
214 12650.918777
215 12138.419670
216 12499.135101
217 12409.682870
218 10593.476721
219 9541.244386
220 9230.263988
221 8992.862517
222 9153.316872
223 8035.912551
224 8469.679053
225 9084.848573
226 8890.519934
227 8331.046729
228 7177.507543
229 7191.717269
230 7839.422379
231 6638.293212
232 6627.556096
233 7124.197432
234 6388.083797
235 5765.351136
236 5511.983174
237 5710.151435
238 5453.777562
239 5103.575942
240 4875.896016
241 4694.004560
242 4051.115179
243 3679.431318
244 3319.982082
245 3614.352758
246 3467.821471
247 2844.872865
248 3156.816452
249 2940.055822
250 2775.346440
251 2758.794836
252 2750.185667
253 2566.932313
254 2262.289052
255 2251.118264
256 2001.125859
257 1755.709055
258 1794.993145
259 1521.100934
260 1624.038574
261 1463.189539
262 1413.695895
263 1334.519008
264 1354.586426
265 1342.752882
266 1488.603688
267 1378.713936
268 1301.030907
269 1285.536188
270 1330.313611
271 1268.705578
272 1271.045050
273 1298.573612
274 1137.921619
275 1242.494110
276 1175.509905
277 1195.560679
278 1088.467294
279 1027.985205
280 990.245989
281 954.337203
282 953.215656
283 965.943685
284 908.676220
285 921.246649
286 941.736520
287 862.670966
288 885.666809
289 740.759516
290 798.883653
291 664.443690
292 653.708029
293 600.079877
294 658.063933
295 594.350382
296 545.394375
297 571.165778
298 534.990414
299 523.537011
300 493.115395
301 472.592376
302 529.567139
303 516.628702
304 498.775453
305 489.595908
306 464.441292
307 433.168140
308 434.113465
309 424.885754
310 399.138608
311 392.175532
312 381.003132
313 370.783672
314 355.603920
315 374.159162
316 348.301308
317 357.803754
318 356.007076
319 359.706464
320 334.995955
321 318.763484
322 318.314453
323 298.761705
324 285.132114
325 282.774068
326 263.528541
327 270.573640
328 270.906342
329 252.091845
330 254.566327
331 265.624302
332 256.203705
333 260.082105
334 248.128619
335 234.976280
336 233.466271
337 230.913849
338 228.729065
339 211.718511
340 208.650319
341 203.815330
342 199.638379
343 193.629471
344 189.737782
345 185.729887
346 179.470442
347 174.632025
348 171.114020
349 170.305002
350 163.946432
351 158.129422
352 160.688784
353 167.209536
354 160.022690
355 146.760209
356 147.193779
357 134.725630
358 139.142201
359 132.281288
360 127.423224
361 126.940633
362 123.399709
363 116.109090
364 117.207501
365 109.276919
366 112.368512
367 109.454660
368 103.333821
369 100.136433
370 95.114352
371 97.808751
372 94.881639
373 93.528651
374 91.973349
375 89.851104
376 87.828020
377 84.401024
378 81.843331
379 80.592267
380 81.206444
381 79.833263
382 75.732005
383 77.159730
384 76.513631
385 74.353323
386 71.592962
387 71.154580
388 66.544824
389 68.810064
390 65.883669
391 64.024948
392 63.329463
393 60.008248
394 60.684414
395 58.939908
396 58.972298
397 57.304607
398 56.741805
399 54.008263
400 54.071040
401 53.893841
402 50.837464
403 50.051529
404 47.994859
405 47.932247
406 46.519779
407 45.021786
408 44.655735
409 44.500384
410 43.290897
411 42.112172
412 41.565384
413 41.303562
414 38.246247
415 38.855764
416 37.913446
417 37.751791
418 37.315638
419 36.329327
420 36.010431
421 35.291855
422 34.720805
423 34.643840
424 33.803913
425 33.541114
426 33.309083
427 33.114209
428 33.051139
429 32.016237
430 31.235461
431 31.228434
432 29.882682
433 30.282397
434 29.650915
435 29.678397
436 29.473548
437 28.572649
438 28.442531
439 27.984298
440 27.585849
441 27.019455
442 26.797989
443 26.077097
444 26.095969
445 25.146990
446 25.299208
447 24.879774
448 24.612555
449 24.465444
450 24.184995
451 24.028002
452 23.738016
453 23.383571
454 23.012336
455 22.731973
456 22.556574
457 22.179816
458 22.020967
459 21.970929
460 21.937396
461 21.641133
462 21.316450
463 21.201278
464 20.849501
465 20.560301
466 20.447975
467 20.305837
468 20.105691
469 19.977197
470 19.798120
471 19.506651
472 19.375938
473 19.205558
474 19.073579
475 18.965478
476 18.723033
477 18.586156
478 18.454411
479 18.317713
480 18.179802
481 18.042977
482 17.875106
483 17.806402
484 17.694726
485 17.597095
486 17.572278
487 17.490306
488 17.398334
489 17.319900
490 17.254885
491 17.175218
492 17.136776
493 17.060350
494 17.015862
495 16.971949
496 16.944426
497 16.920540
498 16.893360
499 16.877300
500 16.870126
