1 inf
2 inf
3 inf
4 inf
5 inf
6 inf
7 inf
8 inf
9 inf
10 700727951849341664646573893740870454015585189103560561240865957888086519777067066381866900773344167810370991673514013991207857512671527519633329525282719400896623074574176608206498762153194208408992445400934056164231582515708927007092272097526158693083893487470924196656702960421410694213031092551680.000000
11 2996689744201272221558604043411350674687651738250351661467085383251252665030534464649976617215453454548379853767212659665734606059069272418072295687491749870069585555450903786892889323091578180704750013023294257581928734902065884332298338304.000000
12 43355385728147727801964636001088916750448741392935151630909671941256094433910137829671273979660050603763118635716477136028620902683322087095019754248325720490039574528.000000
13 548047861664391282840814600345888814484911208144007354088257172355650790013878861212496275913975698942948599022258978029568.000000
14 74854628885434469815076727786950341982294062813921684326813359455338496.000000
15 136366765908894071355195158167552.000000
16 8789.475546
17 8542.317005
18 7352.975496
19 6033.791256
20 6141.589170
21 4949.021251
22 4184.705345
23 4741.033711
24 5089.287023
25 4922.948557
26 4381.174225
27 4369.278361
28 3911.281863
29 3614.474197
30 3827.338861
31 3579.620658
32 2935.263521
33 2876.765667
34 2654.964138
35 2651.199829
36 2448.660105
37 2232.363524
38 2052.006101
39 1989.795031
40 1796.506723
41 1524.790717
42 1556.272004
43 1413.705380
44 1191.282709
45 1052.731178
46 1094.057251
47 987.022284
48 908.853270
49 733.430164
50 715.369626
51 665.376749
52 624.564697
53 656.104322
54 599.766904
55 512.030184
56 439.782819
57 434.932684
58 423.400741
59 429.570086
60 338.539782
61 332.766706
62 274.264083
63 241.693652
64 203.290847
65 196.977478
66 198.059218
67 179.197813
68 135.235256
69 115.117280
70 106.917926
71 99.090909
72 83.763005
73 76.915088
74 68.491351
75 68.774771
76 63.544464
77 50.591042
78 51.116056
79 45.631068
80 33.736818
81 31.561406
82 26.961899
83 20.762420
84 18.696782
85 15.634689
86 14.876554
87 13.641610
88 12.499271
89 11.435978
90 10.520640
91 9.633922
92 8.062949
93 6.873550
94 5.957493
95 5.577759
96 4.604238
97 4.172812
98 3.972822
99 3.486749
100 2.880835
101 2.687361
102 2.429492
103 2.374827
104 2.165906
105 1.863502
106 1.775909
107 1.555767
108 1.419837
109 1.275449
110 1.153932
111 1.055514
112 0.897379
113 0.851877
114 0.713986
115 0.727386
116 0.665630
117 0.597403
118 0.498979
119 0.433494
120 0.411774
121 0.391998
122 0.339940
123 0.290448
124 0.252704
125 0.232367
126 0.204729
127 0.182430
128 0.164565
129 0.149917
130 0.132646
131 0.117594
132 0.100262
133 0.082375
134 0.076131
135 0.070981
136 0.060648
137 0.051018
138 0.041889
139 0.038985
140 0.035532
141 0.030239
142 0.027430
143 0.023577
144 0.021928
145 0.018773
146 0.017025
147 0.015594
148 0.013342
149 0.012239
150 0.010768
151 0.009526
152 0.008409
153 0.007278
154 0.006107
155 0.005514
156 0.004707
157 0.003822
158 0.003515
159 0.002932
160 0.002618
161 0.002212
162 0.001797
163 0.001598
164 0.001442
165 0.001282
166 0.001147
167 0.000986
168 0.000869
169 0.000785
170 0.000690
171 0.000618
172 0.000555
173 0.000501
174 0.000426
175 0.000376
176 0.000319
177 0.000285
178 0.000260
179 0.000225
180 0.000202
181 0.000181
182 0.000156
183 0.000135
184 0.000118
185 0.000105
186 0.000087
187 0.000071
188 0.000060
189 0.000052
190 0.000043
191 0.000038
192 0.000034
193 0.000030
194 0.000026
195 0.000022
196 0.000019
197 0.000016
198 0.000014
199 0.000012
200 0.000010
201 0.000009
202 0.000008
203 0.000007
204 0.000006
205 0.000005
206 0.000005
207 0.000004
208 0.000003
209 0.000003
210 0.000003
211 0.000002
212 0.000002
213 0.000002
214 0.000001
215 0.000001
216 0.000001
217 0.000001
218 0.000001
219 0.000001
220 0.000001
221 0.000000
222 0.000000
223 0.000000
224 0.000000
225 0.000000
226 0.000000
227 0.000000
228 0.000000
229 0.000000
230 0.000000
231 0.000000
232 0.000000
233 0.000000
234 0.000000
235 0.000000
236 0.000000
237 0.000000
238 0.000000
239 0.000000
240 0.000000
241 0.000000
242 0.000000
243 0.000000
244 0.000000
245 0.000000
246 0.000000
247 0.000000
248 0.000000
249 0.000000
250 0.000000
251 0.000000
252 0.000000
253 0.000000
254 0.000000
255 0.000000
256 0.000000
257 0.000000
258 0.000000
259 0.000000
260 0.000000
261 0.000000
262 0.000000
263 0.000000
264 0.000000
265 0.000000
266 0.000000
267 0.000000
268 0.000000
269 0.000000
270 0.000000
271 0.000000
272 0.000000
273 0.000000
274 0.000000
275 0.000000
276 0.000000
277 0.000000
278 0.000000
279 0.000000
280 0.000000
281 0.000000
282 0.000000
283 0.000000
284 0.000000
285 0.000000
286 0.000000
287 0.000000
288 0.000000
289 0.000000
290 0.000000
291 0.000000
292 0.000000
293 0.000000
294 0.000000
295 0.000000
296 0.000000
297 0.000000
298 0.000000
299 0.000000
300 0.000000
301 0.000000
302 0.000000
303 0.000000
304 0.000000
305 0.000000
306 0.000000
307 0.000000
308 0.000000
309 0.000000
310 0.000000
311 0.000000
312 0.000000
313 0.000000
314 0.000000
315 0.000000
316 0.000000
317 0.000000
318 0.000000
319 0.000000
320 0.000000
321 0.000000
322 0.000000
323 0.000000
324 0.000000
325 0.000000
326 0.000000
327 0.000000
328 0.000000
329 0.000000
330 0.000000
331 0.000000
332 0.000000
333 0.000000
334 0.000000
335 0.000000
336 0.000000
337 0.000000
338 0.000000
339 0.000000
340 0.000000
341 0.000000
342 0.000000
343 0.000000
344 0.000000
345 0.000000
346 0.000000
347 0.000000
348 0.000000
349 0.000000
350 0.000000
351 0.000000
352 0.000000
353 0.000000
354 0.000000
355 0.000000
356 0.000000
357 0.000000
358 0.000000
359 0.000000
360 0.000000
361 0.000000
362 0.000000
363 0.000000
364 0.000000
365 0.000000
366 0.000000
367 0.000000
368 0.000000
369 0.000000
370 0.000000
371 0.000000
372 0.000000
373 0.000000
374 0.000000
375 0.000000
376 0.000000
377 0.000000
378 0.000000
379 0.000000
380 0.000000
381 0.000000
382 0.000000
383 0.000000
384 0.000000
385 0.000000
386 0.000000
387 0.000000
388 0.000000
389 0.000000
390 0.000000
391 0.000000
392 0.000000
393 0.000000
394 0.000000
395 0.000000
396 0.000000
397 0.000000
398 0.000000
399 0.000000
400 0.000000
401 0.000000
402 0.000000
403 0.000000
404 0.000000
405 0.000000
406 0.000000
407 0.000000
408 0.000000
409 0.000000
410 0.000000
411 0.000000
412 0.000000
413 0.000000
414 0.000000
415 0.000000
416 0.000000
417 0.000000
418 0.000000
419 0.000000
420 0.000000
421 0.000000
422 0.000000
423 0.000000
424 0.000000
425 0.000000
426 0.000000
427 0.000000
428 0.000000
429 0.000000
430 0.000000
431 0.000000
432 0.000000
433 0.000000
434 0.000000
435 0.000000
436 0.000000
437 0.000000
438 0.000000
439 0.000000
440 0.000000
441 0.000000
442 0.000000
443 0.000000
444 0.000000
445 0.000000
446 0.000000
447 0.000000
448 0.000000
449 0.000000
450 0.000000
451 0.000000
452 0.000000
453 0.000000
454 0.000000
455 0.000000
456 0.000000
457 0.000000
458 0.000000
459 0.000000
460 0.000000
461 0.000000
462 0.000000
463 0.000000
464 0.000000
465 0.000000
466 0.000000
467 0.000000
468 0.000000
469 0.000000
470 0.000000
471 0.000000
472 0.000000
473 0.000000
474 0.000000
475 0.000000
476 0.000000
477 0.000000
478 0.000000
479 0.000000
480 0.000000
481 0.000000
482 0.000000
483 0.000000
484 0.000000
485 0.000000
486 0.000000
487 0.000000
488 0.000000
489 0.000000
490 0.000000
491 0.000000
492 0.000000
493 0.000000
494 0.000000
495 0.000000
496 0.000000
497 0.000000
498 0.000000
499 0.000000
500 0.000000
