1 inf
2 inf
3 inf
4 inf
5 2454605799639984747282519054058640216023700932832424011871228778373691056149175567152558919814658432262212779052330955165460673349899737110148696354317922711120755948805868672164900884091663377156501748435262974879073705960190821813461733422673749671625849825705588853814295726497101661417242624.000000
6 7921148311220983394040845295628603331954529123008682790892831798552220213874130875284404112100512387088826015717083521438635729094674531043875752277661144254375976348341812328298684714600989039669377416355130621651274639533558702277259277844656034959281094656.000000
7 3156141513694026135820300455206732578055487659555695351269706068158368522572816248261320070757329766612354072727743139999598688458404635957788603106164402419383877604954527258239986536322904208595378725348324606131862284771460544402030592.000000
8 460803464587512420072669569893041280801078282910410920896167538966373788365485870565243103215643626669688140615286363363871807934451001207688736266382527221827669075812136067247613593160011261163152196707108782080.000000
9 100400515450936518696033985302440558944961913136338378895657814205481859757378620008589204604533712776501224541143968891145948220505509609268427361818509152984089636143855515576682639616114688.000000
10 14248280845326589906443593198661189545314458591617479567868619491875735303207957651095963941565821983760525350809253195802013956152269942185604411405919406635614208.000000
11 22609951201529058865100285717052296757118176101841738987171937392685919043689324939496207632310192020455080146119178556751375251800064.000000
12 157786733299091350081707050038637843448933911246778318295911331167576409810496500610392705584798367744.000000
13 791876037231341271774307802540500503700138162805301884910859611736469667840.000000
14 47101543281559481211904480175211445357386999287880089600.000000
15 1224367533763700371488768.000000
16 3296.081418
17 3362.183580
18 2771.676759
19 2687.915110
20 2758.447282
21 2356.587297
22 2437.860003
23 2190.098766
24 1975.180408
25 1504.479995
26 1388.824419
27 1388.362805
28 1218.935891
29 1078.492042
30 1013.695915
31 778.639441
32 718.191404
33 725.668108
34 645.816993
35 567.852794
36 488.463529
37 467.055806
38 333.038510
39 321.213873
40 279.425301
41 294.441950
42 263.559602
43 296.628001
44 245.278697
45 246.855256
46 168.175573
47 171.374201
48 163.397042
49 116.278291
50 114.423043
51 80.983599
52 77.763581
53 63.831165
54 68.188355
55 58.125036
56 54.502664
57 48.168550
58 40.131065
59 43.786949
60 43.239257
61 34.874326
62 34.592085
63 29.500387
64 27.411147
65 24.490893
66 21.185845
67 17.310588
68 16.708625
69 15.236847
70 14.599098
71 12.931484
72 11.224670
73 10.391464
74 10.752568
75 8.877661
76 6.952042
77 6.368878
78 5.934076
79 5.553335
80 5.245980
81 4.352573
82 4.054320
83 3.840817
84 3.737275
85 3.615956
86 3.124495
87 2.608805
88 2.079440
89 1.928780
90 1.711953
91 1.308701
92 1.288450
93 1.252466
94 1.138071
95 0.945845
96 0.794845
97 0.712227
98 0.643458
99 0.588934
100 0.513654
101 0.473456
102 0.451892
103 0.401232
104 0.364215
105 0.329568
106 0.292343
107 0.280736
108 0.265196
109 0.207500
110 0.190689
111 0.166602
112 0.143231
113 0.140699
114 0.121314
115 0.111082
116 0.093473
117 0.086430
118 0.074507
119 0.066255
120 0.058291
121 0.048945
122 0.045059
123 0.040365
124 0.035165
125 0.029609
126 0.025859
127 0.023781
128 0.020270
129 0.018354
130 0.013675
131 0.012102
132 0.010963
133 0.009663
134 0.008773
135 0.007974
136 0.007020
137 0.005989
138 0.005505
139 0.004842
140 0.004137
141 0.003808
142 0.003324
143 0.003006
144 0.002729
145 0.002421
146 0.002183
147 0.001954
148 0.001650
149 0.001472
150 0.001299
151 0.001109
152 0.001029
153 0.000942
154 0.000820
155 0.000713
156 0.000637
157 0.000482
158 0.000433
159 0.000387
160 0.000339
161 0.000294
162 0.000260
163 0.000239
164 0.000209
165 0.000178
166 0.000160
167 0.000142
168 0.000126
169 0.000109
170 0.000089
171 0.000074
172 0.000064
173 0.000057
174 0.000049
175 0.000043
176 0.000036
177 0.000032
178 0.000027
179 0.000023
180 0.000020
181 0.000017
182 0.000015
183 0.000011
184 0.000009
185 0.000008
186 0.000007
187 0.000006
188 0.000005
189 0.000004
190 0.000004
191 0.000003
192 0.000003
193 0.000003
194 0.000002
195 0.000002
196 0.000002
197 0.000001
198 0.000001
199 0.000001
200 0.000001
201 0.000001
202 0.000001
203 0.000001
204 0.000000
205 0.000000
206 0.000000
207 0.000000
208 0.000000
209 0.000000
210 0.000000
211 0.000000
212 0.000000
213 0.000000
214 0.000000
215 0.000000
216 0.000000
217 0.000000
218 0.000000
219 0.000000
220 0.000000
221 0.000000
222 0.000000
223 0.000000
224 0.000000
225 0.000000
226 0.000000
227 0.000000
228 0.000000
229 0.000000
230 0.000000
231 0.000000
232 0.000000
233 0.000000
234 0.000000
235 0.000000
236 0.000000
237 0.000000
238 0.000000
239 0.000000
240 0.000000
241 0.000000
242 0.000000
243 0.000000
244 0.000000
245 0.000000
246 0.000000
247 0.000000
248 0.000000
249 0.000000
250 0.000000
251 0.000000
252 0.000000
253 0.000000
254 0.000000
255 0.000000
256 0.000000
257 0.000000
258 0.000000
259 0.000000
260 0.000000
261 0.000000
262 0.000000
263 0.000000
264 0.000000
265 0.000000
266 0.000000
267 0.000000
268 0.000000
269 0.000000
270 0.000000
271 0.000000
272 0.000000
273 0.000000
274 0.000000
275 0.000000
276 0.000000
277 0.000000
278 0.000000
279 0.000000
280 0.000000
281 0.000000
282 0.000000
283 0.000000
284 0.000000
285 0.000000
286 0.000000
287 0.000000
288 0.000000
289 0.000000
290 0.000000
291 0.000000
292 0.000000
293 0.000000
294 0.000000
295 0.000000
296 0.000000
297 0.000000
298 0.000000
299 0.000000
300 0.000000
301 0.000000
302 0.000000
303 0.000000
304 0.000000
305 0.000000
306 0.000000
307 0.000000
308 0.000000
309 0.000000
310 0.000000
311 0.000000
312 0.000000
313 0.000000
314 0.000000
315 0.000000
316 0.000000
317 0.000000
318 0.000000
319 0.000000
320 0.000000
321 0.000000
322 0.000000
323 0.000000
324 0.000000
325 0.000000
326 0.000000
327 0.000000
328 0.000000
329 0.000000
330 0.000000
331 0.000000
332 0.000000
333 0.000000
334 0.000000
335 0.000000
336 0.000000
337 0.000000
338 0.000000
339 0.000000
340 0.000000
341 0.000000
342 0.000000
343 0.000000
344 0.000000
345 0.000000
346 0.000000
347 0.000000
348 0.000000
349 0.000000
350 0.000000
351 0.000000
352 0.000000
353 0.000000
354 0.000000
355 0.000000
356 0.000000
357 0.000000
358 0.000000
359 0.000000
360 0.000000
361 0.000000
362 0.000000
363 0.000000
364 0.000000
365 0.000000
366 0.000000
367 0.000000
368 0.000000
369 0.000000
370 0.000000
371 0.000000
372 0.000000
373 0.000000
374 0.000000
375 0.000000
376 0.000000
377 0.000000
378 0.000000
379 0.000000
380 0.000000
381 0.000000
382 0.000000
383 0.000000
384 0.000000
385 0.000000
386 0.000000
387 0.000000
388 0.000000
389 0.000000
390 0.000000
391 0.000000
392 0.000000
393 0.000000
394 0.000000
395 0.000000
396 0.000000
397 0.000000
398 0.000000
399 0.000000
400 0.000000
401 0.000000
402 0.000000
403 0.000000
404 0.000000
405 0.000000
406 0.000000
407 0.000000
408 0.000000
409 0.000000
410 0.000000
411 0.000000
412 0.000000
413 0.000000
414 0.000000
415 0.000000
416 0.000000
417 0.000000
418 0.000000
419 0.000000
420 0.000000
421 0.000000
422 0.000000
423 0.000000
424 0.000000
425 0.000000
426 0.000000
427 0.000000
428 0.000000
429 0.000000
430 0.000000
431 0.000000
432 0.000000
433 0.000000
434 0.000000
435 0.000000
436 0.000000
437 0.000000
438 0.000000
439 0.000000
440 0.000000
441 0.000000
442 0.000000
443 0.000000
444 0.000000
445 0.000000
446 0.000000
447 0.000000
448 0.000000
449 0.000000
450 0.000000
451 0.000000
452 0.000000
453 0.000000
454 0.000000
455 0.000000
456 0.000000
457 0.000000
458 0.000000
459 0.000000
460 0.000000
461 0.000000
462 0.000000
463 0.000000
464 0.000000
465 0.000000
466 0.000000
467 0.000000
468 0.000000
469 0.000000
470 0.000000
471 0.000000
472 0.000000
473 0.000000
474 0.000000
475 0.000000
476 0.000000
477 0.000000
478 0.000000
479 0.000000
480 0.000000
481 0.000000
482 0.000000
483 0.000000
484 0.000000
485 0.000000
486 0.000000
487 0.000000
488 0.000000
489 0.000000
490 0.000000
491 0.000000
492 0.000000
493 0.000000
494 0.000000
495 0.000000
496 0.000000
497 0.000000
498 0.000000
499 0.000000
500 0.000000
