1 65045440.132402
2 83003769.018353
3 60911853.258836
4 86538660.805122
5 116197367.829082
6 155997525.699156
7 176276885.114702
8 157399670.495847
9 234607573.871553
10 228243116.710586
11 249792680.248289
12 372181213.657351
13 447858707.276752
14 471382685.056637
15 575442709.955988
16 626581727.040084
17 579335557.059965
18 667732525.294903
19 659797754.362809
20 616125366.143208
21 1008215292.256749
22 921529548.002880
23 1320227207.357181
24 1352484874.490906
25 1482127017.841359
26 1957380655.411264
27 1731473329.858989
28 1794873995.996774
29 2093404860.218395
30 2137474908.262678
31 2208215051.222293
32 1769615953.645810
33 2328658769.253904
34 2366856217.919939
35 2488577336.580661
36 2956377872.251356
37 1728284895.156328
38 2298616576.481887
39 2150181058.944144
40 2037605933.192141
41 3647390758.384085
42 2695040741.354927
43 3170608429.473816
44 3112294453.085991
45 3164075950.497979
46 2670646794.242186
47 3093365522.509893
48 3174471562.552657
49 3196829043.010416
50 4404851583.602617
51 3143135199.434788
52 4589929815.074582
53 4455886973.763457
54 3841021120.777524
55 4438621012.317072
56 4335638357.677226
57 5244576580.770918
58 3685675982.271066
59 7145318702.351850
60 5169352305.292282
61 6495155248.051721
62 7242976463.651660
63 8632503456.570618
64 8096114637.007572
65 9527143244.728479
66 10632250243.957466
67 9941966262.353617
68 10177671186.984018
69 10412329940.550777
70 8781436183.642969
71 9043879989.129663
72 9482979009.928368
73 9827974356.452320
74 6964439976.732818
75 6921116443.731753
76 7695329650.820743
77 6893289250.140306
78 6694849877.648922
79 5904993645.275926
80 6066468338.687988
81 5729143827.065731
82 6789894856.709809
83 6716446609.362076
84 6190530356.993093
85 5178521082.544477
86 4682144991.186338
87 5410136055.346079
88 4710679735.315114
89 3298592190.944181
90 3934701800.320675
91 3978048806.153300
92 3992447723.958788
93 4638828850.943590
94 4286090920.164136
95 3284455085.852930
96 3003152002.008382
97 3608885312.389325
98 3942091565.435300
99 3590770726.453591
100 3929574961.203539
101 3336278959.517817
102 3580783310.021721
103 3727169634.590658
104 3790359481.245996
105 3460207485.294829
106 3312561055.838262
107 3345363951.539088
108 4115450877.860063
109 2468965443.244668
110 3561081386.549611
111 3495258028.259085
112 4339942427.871522
113 3401879201.025087
114 3224701153.173233
115 3852048092.435328
116 3212146355.211130
117 3049438638.456848
118 2984046558.680253
119 2650042103.800354
120 3740867909.988589
121 3546965932.781882
122 4083734036.930868
123 3541356210.358528
124 3837622736.349859
125 3108528786.602147
126 2398396543.783220
127 2584740281.229986
128 3069707011.446994
129 2547149472.252831
130 2594330191.166470
131 2246171840.743109
132 2179064596.740582
133 2278213896.683251
134 1973754365.971066
135 1704371038.817194
136 1850586623.313929
137 1786078889.588629
138 1203805629.725827
139 1230476210.101008
140 1397235390.606820
141 1074769394.651822
142 1069104080.356054
143 1157644100.349449
144 1081412344.990128
145 1127445395.635170
146 839264968.593035
147 718718400.479893
148 787541079.029437
149 866739640.688871
150 813477450.800769
151 644632420.564052
152 609172840.271374
153 507835503.074367
154 505029309.964072
155 478148201.518057
156 605312433.865667
157 470738957.758548
158 458875544.537743
159 333156870.138193
160 423663892.531108
161 354357125.445682
162 352498652.966575
163 261340537.028591
164 392629430.425058
165 353962704.220528
166 292720707.763415
167 346241232.030968
168 312001459.012173
169 337403452.352097
170 366200155.131184
171 340736943.753547
172 294110308.145506
173 331402222.840787
174 348637313.204970
175 342228277.880135
176 289952659.691392
177 253605095.602822
178 299178546.168489
179 260635371.618210
180 291000848.274351
181 242629819.839109
182 254331609.726704
183 254313777.294806
184 289389223.133486
185 216150613.482361
186 201458241.677401
187 230821243.429306
188 202046018.350504
189 180484128.074451
190 211908187.280793
191 159229794.765015
192 174226164.939378
193 171996978.287384
194 167542521.474244
195 167338099.008991
196 167149302.823495
197 160436222.449731
198 140556035.351309
199 140955028.394086
200 142110583.473913
201 125165229.498119
202 123949121.356914
203 129453419.298879
204 117134862.273563
205 117272256.154072
206 123822242.520606
207 114434988.712793
208 118424248.571845
209 97193776.919331
210 89525504.207771
211 90624280.305934
212 93277555.044372
213 75180784.661944
214 76052642.147117
215 81664098.665807
216 80590445.025764
217 85801382.779904
218 63035254.543901
219 66183654.598228
220 69330733.857485
221 59575269.934579
222 52396552.521916
223 46665063.956825
224 42930501.022160
225 41985580.178430
226 42397295.235956
227 39939712.328957
228 41308565.821684
229 38336201.863435
230 37575497.986506
231 37762885.206457
232 35641060.627249
233 35199360.505673
234 31786941.364316
235 31804026.209315
236 27275731.602683
237 30044556.732335
238 27154068.679855
239 25797216.009232
240 28735202.374387
241 24384257.209411
242 26153349.763377
243 24866989.068178
244 23526074.996666
245 25870222.827683
246 20091745.847308
247 21407411.869933
248 22914762.317791
249 21455188.695775
250 21188507.177607
251 21802092.354397
252 17290316.968961
253 18476586.238449
254 19791632.557518
255 19067588.772137
256 17180336.839559
257 16571573.544234
258 16619222.111727
259 16993337.728183
260 17694396.981468
261 15183801.119158
262 15776542.458466
263 15069976.429467
264 14848350.640213
265 13675002.331407
266 12688694.449461
267 12579871.581007
268 10441913.065010
269 11356984.240513
270 12717599.984804
271 11877067.458024
272 11036960.363939
273 11124305.531988
274 10418564.962837
275 10005653.028884
276 10658097.895170
277 9653494.699930
278 9552138.107027
279 10408242.246547
280 10749473.383079
281 9619108.377683
282 9288355.077562
283 8903347.301627
284 9043668.926032
285 8090610.508579
286 7776435.783838
287 8729255.117595
288 8309682.153487
289 8338565.107743
290 7117195.999625
291 7449861.412895
292 7196363.840344
293 6724968.663947
294 6777508.096651
295 6698702.780378
296 6569356.511866
297 6317902.105978
298 6385083.733565
299 6104157.004646
300 6089019.252035
301 6142025.234172
302 5689764.559645
303 5857695.539487
304 5346536.292276
305 5205232.390550
306 5103436.262657
307 5358576.313100
308 4486489.570931
309 4861299.131360
310 4448024.290772
311 4195211.007286
312 4303731.195978
313 4050959.739534
314 3825175.098067
315 4022851.970110
316 3343845.040933
317 3651680.176748
318 3576534.142988
319 3249833.449816
320 3318834.341988
321 3307744.013577
322 3290499.474938
323 3068391.098057
324 3012950.022563
325 2800486.125420
326 2991978.878470
327 2753042.516866
328 2827436.512596
329 2659351.447079
330 2588424.636908
331 2613459.250408
332 2628284.640533
333 2602542.575700
334 2482271.786623
335 2546341.120814
336 2503945.047819
337 2293726.298558
338 2269708.520244
339 1986605.857018
340 2031070.088638
341 2129124.557266
342 2082659.921188
343 2048969.455175
344 1893571.510159
345 1934141.659436
346 2007155.545290
347 1908378.195434
348 1981437.895832
349 1737733.744993
350 1792012.854307
351 1810577.636579
352 1797350.987035
353 1789757.681125
354 1686605.919303
355 1588525.643022
356 1648163.480754
357 1604727.462888
358 1624568.581447
359 1490262.864100
360 1482390.001300
361 1436889.478751
362 1465301.090040
363 1386353.422867
364 1393444.324470
365 1397382.206510
366 1362050.845824
367 1344649.871463
368 1341476.515007
369 1301837.709539
370 1273591.162283
371 1242898.942196
372 1231066.997232
373 1237015.505415
374 1159279.933779
375 1097053.580703
376 1060701.159524
377 1076030.800228
378 1120032.691819
379 1065303.325644
380 1017314.490009
381 1005583.322238
382 970043.690213
383 960634.681278
384 950471.185112
385 908037.428975
386 912369.032209
387 932411.181976
388 887416.331941
389 850013.972348
390 855410.352323
391 860700.327068
392 848096.843560
393 868406.128525
394 817179.528013
395 835024.434263
396 786925.057742
397 815643.785377
398 808752.744197
399 782168.656867
400 777700.264666
401 741946.547210
402 749739.322335
403 734116.493744
404 728582.831406
405 732652.102211
406 714370.525114
407 714732.924900
408 696715.038189
409 689521.135336
410 691645.057980
411 670763.383598
412 667614.384184
413 657331.019968
414 663901.766935
415 630775.983649
416 639468.325567
417 643835.542244
418 635248.995278
419 630327.645957
420 614992.235739
421 607003.903088
422 610997.486302
423 613623.383916
424 603290.992167
425 601612.933000
426 605706.218204
427 583001.596128
428 574347.073262
429 575868.202813
430 554174.468049
431 549495.218536
432 557198.659514
433 556087.618041
434 551223.484946
435 542990.255209
436 545067.874676
437 542890.254078
438 542389.434637
439 522387.482047
440 527489.154616
441 516020.504412
442 516511.585481
443 507094.397361
444 501323.615496
445 495578.470581
446 499844.351549
447 489380.620893
448 488953.495888
449 482113.985776
450 480106.562089
451 477508.957930
452 472374.255383
453 459627.205640
454 459182.444288
455 456502.129438
456 449893.067710
457 443378.674915
458 441116.515626
459 434252.258573
460 435160.366312
461 432512.648447
462 432502.768104
463 431367.964244
464 424894.679114
465 417816.638253
466 415506.885250
467 408332.018456
468 407651.538055
469 403551.019131
470 402934.015359
471 401647.380041
472 401423.563348
473 397961.193895
474 395977.101183
475 393287.673365
476 392252.713235
477 389341.716322
478 386582.533382
479 385218.143978
480 380782.752766
481 378908.878584
482 378167.257774
483 377101.967439
484 376079.196216
485 374156.907626
486 373123.469622
487 370461.256188
488 369172.987847
489 367644.204921
490 366123.527968
491 364403.934010
492 362857.445803
493 361956.325033
494 360701.308399
495 359689.711077
496 359062.776472
497 358546.715841
498 358004.805387
499 357767.351924
500 357598.511151
1 53919350.037179
2 114415038.109385
3 79549094.009293
4 136738877.730218
5 126503672.159862
6 155794302.412178
7 157098964.827790
8 244265132.519570
9 268024011.667465
10 307857972.792562
11 440962053.430671
12 425565860.291649
13 614925347.617929
14 456276725.546990
15 686003411.729193
16 667877489.829756
17 665492660.589153
18 703108094.421292
19 740415431.774991
20 1348583208.049742
21 1349532824.320873
22 1544562903.451838
23 1733945945.651616
24 1493456860.902845
25 1685920350.990699
26 1768211396.286122
27 1932346804.023832
28 2154973820.384876
29 2116412076.623087
30 1943837793.520266
31 2701795721.430902
32 3152383196.433616
33 2411189424.933465
34 2234390225.785587
35 4426703515.418182
36 3651593988.119207
37 2995004621.744688
38 4012197281.130868
39 4460494800.030546
40 4586254530.090169
41 6867848291.735827
42 5309430719.090223
43 5793796009.217257
44 5338178749.258013
45 6283828595.729002
46 5625141257.681993
47 5548479163.111253
48 7322767520.754116
49 6008699954.989639
50 5531953201.345960
51 4879197208.778839
52 5297906442.253823
53 6786581602.812463
54 5461988329.004623
55 7208771019.406610
56 5811477646.859865
57 6989651730.789567
58 6015919776.629553
59 7547091977.134224
60 8257715631.676225
61 7924859474.457115
62 9626899698.304398
63 6940317210.921059
64 6586555031.166201
65 5746654397.445353
66 6152762521.605932
67 8098267298.099881
68 7464066348.567788
69 7747027109.179684
70 9310952968.171881
71 8766420153.402769
72 8665244880.937647
73 7056691249.184820
74 7028228426.153739
75 6593189622.101292
76 7719553638.296927
77 6918578299.784822
78 8769576083.872192
79 9491097612.773146
80 8342634903.888337
81 7232094994.420575
82 7462656321.972769
83 8127537333.586559
84 8794725228.710543
85 7980096881.055826
86 7530952061.153595
87 5759056514.448697
88 6063218404.068311
89 8438435962.676720
90 6843409864.861082
91 6904972501.561012
92 6769076487.751619
93 6907710461.952961
94 7245086042.093097
95 6430595547.912944
96 6604540465.576275
97 6430891042.962530
98 6330507000.320132
99 6654301031.085523
100 6705808237.007230
101 6639857992.347272
102 6582132572.789902
103 5869540877.130056
104 6231971420.174806
105 6706826294.349784
106 6387524171.040603
107 6499296911.600265
108 5505867085.711869
109 4933098762.775275
110 3868499279.441246
111 5259091685.901258
112 5743976135.685670
113 4664318621.200109
114 4049186905.074636
115 4099040140.260612
116 4160410767.742575
117 4419789220.841391
118 3536251699.481139
119 2457990917.486833
120 2885569393.492702
121 3311652815.912279
122 2407926940.139488
123 2430699511.369979
124 2363375883.248561
125 2879773647.061614
126 2304518661.627140
127 2310853204.318985
128 2937220647.815446
129 2510479733.627744
130 2433127913.384489
131 2106154518.584362
132 1964203776.077843
133 1999102067.308307
134 2168268374.207887
135 1783483465.447834
136 1611942335.875975
137 1858556435.307693
138 1793870362.148281
139 2008688703.921728
140 1540133672.415459
141 1241984311.690861
142 1547776711.260266
143 1268505024.461444
144 1489869369.868876
145 1260335532.711190
146 963243227.655515
147 809878822.861213
148 878640123.265409
149 899804087.681694
150 777442503.156511
151 775321025.212472
152 690278368.560708
153 649097423.788618
154 472186596.338944
155 659437406.826622
156 694705618.903747
157 454307791.440835
158 495945842.822209
159 497133482.873769
160 349490735.727713
161 466320570.220353
162 504382942.143047
163 442406967.291980
164 407464397.528400
165 345237892.763685
166 358936031.127026
167 374100705.039201
168 359794289.664096
169 356860792.473455
170 264190935.944284
171 281420676.410443
172 266604041.216154
173 225478781.886935
174 234216148.975689
175 231992326.268278
176 271183484.956474
177 236129959.492877
178 275975923.039104
179 288298923.048309
180 192104384.103292
181 224579859.649692
182 284382637.978316
183 237803997.850748
184 249291478.902840
185 227254885.688028
186 202762437.145796
187 180987537.483157
188 194579901.196511
189 165705577.512029
190 181079751.774778
191 191882981.287964
192 168882693.077858
193 155228647.444555
194 124640299.578366
195 129400932.654959
196 138170043.349517
197 142526087.157008
198 133202989.161494
199 152458527.066334
200 136355505.172769
201 127092115.297804
202 144323727.205162
203 125180676.693104
204 107111451.957812
205 112163663.091676
206 107923362.192698
207 117231670.098747
208 116111812.881783
209 113836451.562793
210 108410587.794201
211 90911764.533137
212 77197316.907349
213 77193282.093350
214 76737498.612561
215 72872055.285717
216 77644458.282357
217 75314270.597227
218 71853123.605600
219 84653522.438231
220 83464613.681619
221 72929957.529868
222 55701032.422098
223 68292795.923093
224 63408681.355484
225 61969514.198368
226 53565494.061508
227 50888697.278703
228 48639746.323136
229 47072004.197300
230 49182518.864566
231 43502718.719627
232 44456944.886393
233 42090082.510790
234 45775302.819704
235 40380182.091641
236 37175280.965104
237 33663977.620748
238 38102217.582816
239 36003399.525239
240 28453147.628903
241 30904935.109710
242 28906727.472501
243 28428721.665880
244 29189258.948437
245 26106573.823025
246 20795570.073441
247 22044223.627892
248 23978423.053926
249 23331685.374632
250 19535222.091892
251 18943523.818398
252 18785513.998477
253 19941611.811869
254 18293497.538053
255 19667902.494949
256 18686917.359041
257 17317634.818939
258 17598935.308642
259 16080884.156491
260 18062147.191020
261 16466357.661178
262 14733200.389244
263 15335779.943517
264 15685804.048084
265 13579510.431612
266 15570519.772555
267 13069321.408565
268 13530749.672371
269 13893562.074883
270 13977791.685526
271 12690973.885078
272 11100168.987965
273 10517461.857266
274 9031131.107060
275 9214348.192472
276 10306952.215115
277 9198366.477414
278 7673033.329978
279 8351148.449312
280 7533063.450852
281 7835033.547700
282 7720526.625446
283 6777674.202468
284 7047950.453491
285 7030817.719173
286 7170797.776142
287 7272638.464317
288 7056451.575926
289 7251970.986768
290 6878859.652266
291 7454626.432390
292 7530353.191920
293 6670043.991819
294 6497698.029035
295 6584656.101162
296 6777193.157692
297 5959947.545709
298 5884084.037002
299 6083934.209784
300 5364703.707811
301 5686667.861200
302 5318666.618794
303 5086713.979232
304 4916347.999428
305 5672058.568142
306 5383830.993900
307 4828785.785811
308 4550387.264050
309 4793272.549735
310 4512332.902756
311 5070439.109239
312 4508946.460720
313 4168572.536780
314 3854973.504161
315 3843016.860765
316 4058655.971943
317 4057490.798726
318 3639357.435662
319 3907467.053039
320 3695069.035092
321 3791056.487262
322 3791447.837094
323 3941814.278598
324 3725651.054339
325 4057981.299453
326 3701861.757153
327 3326480.598479
328 3490959.223152
329 3550135.371176
330 3606628.399227
331 3494806.791455
332 3058932.982785
333 2929292.365474
334 3044958.234969
335 3131154.682501
336 2878482.490649
337 2601107.143746
338 2755800.774099
339 2847159.821883
340 2853818.740205
341 2687191.314874
342 2537373.209111
343 2462595.036731
344 2608545.816002
345 2491446.494491
346 2556652.613980
347 2299143.193688
348 2341969.975099
349 2273164.100488
350 2364634.101402
351 2271189.764698
352 2113211.849416
353 2057502.054007
354 2195472.875242
355 2092901.088468
356 2120257.102327
357 2088428.898328
358 1939092.159976
359 1879434.064342
360 1902328.900524
361 1949772.115070
362 1952031.775121
363 2066241.675494
364 2110627.965284
365 2111785.756785
366 2085986.604583
367 1943302.929614
368 1849162.326161
369 1823213.487048
370 1693473.655050
371 1810397.359421
372 1799827.160514
373 1749885.772963
374 1628387.194073
375 1637724.893218
376 1607597.243466
377 1656004.917656
378 1562413.689274
379 1448065.556812
380 1473239.972100
381 1443029.736542
382 1484505.054531
383 1478155.473918
384 1412340.726810
385 1390042.818041
386 1429293.271668
387 1272613.756499
388 1273578.079689
389 1304082.378969
390 1317962.837874
391 1273728.619052
392 1228551.396725
393 1227940.753117
394 1204451.842762
395 1181657.380405
396 1140672.849138
397 1141106.130238
398 1122659.780185
399 1103770.632764
400 1130158.057516
401 1075839.381590
402 1110939.680203
403 1061801.497654
404 1068882.635205
405 1068220.487887
406 1047729.662717
407 1036239.781078
408 1049867.725102
409 1074459.904513
410 1040633.044257
411 1052526.587851
412 1031904.690207
413 1030616.836837
414 992286.154808
415 901898.558205
416 915671.594950
417 942139.967064
418 883673.422019
419 917300.982049
420 888557.763658
421 882527.706913
422 900512.066241
423 892042.020957
424 839476.987685
425 847321.358088
426 850847.165098
427 827398.564882
428 818676.498402
429 796533.423582
430 780856.973346
431 772114.194955
432 758441.025406
433 736033.725390
434 727140.171278
435 715059.916957
436 710084.963255
437 696561.572206
438 694804.595433
439 694408.906696
440 683773.888763
441 688521.683787
442 675515.007659
443 679729.893094
444 657470.308269
445 651608.089225
446 649854.778630
447 642878.987994
448 643505.821416
449 640578.098179
450 639885.340267
451 630117.148346
452 623037.799645
453 613518.209048
454 610607.752491
455 601831.000470
456 599424.102021
457 594052.547917
458 584914.676848
459 576581.536331
460 564766.025419
461 564524.060501
462 556329.775313
463 549394.269479
464 549849.792172
465 547987.264956
466 540464.062958
467 534633.143231
468 530062.071042
469 526988.032578
470 521033.849853
471 521398.131995
472 521963.090640
473 516473.319012
474 518102.732470
475 515745.821685
476 512646.385794
477 507084.452408
478 506539.678424
479 500505.709147
480 499072.417963
481 493320.176696
482 491422.655769
483 487656.788910
484 485378.811091
485 482117.997746
486 479478.538099
487 476319.178882
488 474721.356769
489 471812.335180
490 470587.268723
491 469423.387706
492 467038.561274
493 465969.694609
494 464940.251170
495 463968.180119
496 462872.639308
497 462215.221056
498 461536.955801
499 461067.062482
500 460845.481123
