1 20317111.654231
2 43509696.322811
3 78977736.930460
4 112883035.948947
5 149061917.672247
6 389195009.563158
7 682961499.519049
8 808929883.286856
9 1048045764.544580
10 2297265473.571948
11 3067535865.091522
12 4562794093.824218
13 7083542141.147653
14 14777947788.682894
15 16753456785.304352
16 26719240105.724094
17 30999386089.587284
18 65751894413.383797
19 105480779072.629684
20 150980731236.487427
21 188056684809.197388
22 361836805042.805237
23 429581955173.976562
24 415223989752.547546
25 472169856884.696594
26 738332814755.674438
27 1093441593108.463623
28 901829878416.773804
29 1397395299882.118408
30 2565983539039.616699
31 3507347416018.457031
32 3802384907914.467773
33 5072971595198.958008
34 12422680930654.675781
35 17859570898953.671875
36 22935406733834.339844
37 23324741048052.472656
38 27147321352755.484375
39 44602022776372.367188
40 47391438801895.968750
41 74623016567472.984375
42 147065970736758.031250
43 115631835435363.031250
44 189851993933266.312500
45 246954952077872.125000
46 138152822559732.484375
47 278310290348845.218750
48 382669178291022.187500
49 356559407833757.375000
50 392847967125652.375000
51 581137578044277.875000
52 1010102601051040.000000
53 1112620973268533.875000
54 1924178013950553.000000
55 1252586084664903.500000
56 1421116956149732.250000
57 1780878410455138.250000
58 2387502534988363.500000
59 4072263657990110.500000
60 1597004570596262.500000
61 2793388016975168.500000
62 2734140681774990.500000
63 2894263523401347.000000
64 3059773098094788.000000
65 2212428784831348.000000
66 4835131007546559.000000
67 4046530708738962.000000
68 6936672079477163.000000
69 7177071870006190.000000
70 5606403136529996.000000
71 7137513126442009.000000
72 12768250367408574.000000
73 7199226438530518.000000
74 9438658551141606.000000
75 9062175186872386.000000
76 9793366943045078.000000
77 15652578562199506.000000
78 14722727875854384.000000
79 15061636368284422.000000
80 19702090610302752.000000
81 29133462422285556.000000
82 31973808312291400.000000
83 25993740861039100.000000
84 65182455410544992.000000
85 56581531106491640.000000
86 61295723703208936.000000
87 38929752222841064.000000
88 44597306922899432.000000
89 55634959628411944.000000
90 61866320505127704.000000
91 85976795870155280.000000
92 77844085894577664.000000
93 57091179947241392.000000
94 88860405919709504.000000
95 77338176884365840.000000
96 88666153453856336.000000
97 96446132744481808.000000
98 60913251963787272.000000
99 69502954557758640.000000
100 73375181240228112.000000
101 77711257918401424.000000
102 113579569321201552.000000
103 95677648342596096.000000
104 100193728044234368.000000
105 70971879829393936.000000
106 60761659210145408.000000
107 42517767184351576.000000
108 40939803323287032.000000
109 54296553104164240.000000
110 45223023616720024.000000
111 38862225736414232.000000
112 67504160083323024.000000
113 41766339119161512.000000
114 51492001287069976.000000
115 49669819249084904.000000
116 37515806274039040.000000
117 16249152526113600.000000
118 21235772464019680.000000
119 30010080076523948.000000
120 18542427036747356.000000
121 27651387254282320.000000
122 22193598557327400.000000
123 21935344123020312.000000
124 24242255300315808.000000
125 21529076357654144.000000
126 18465944271164252.000000
127 21755092308703656.000000
128 27998388421960336.000000
129 26321420035017820.000000
130 22557144092014228.000000
131 18932102735865596.000000
132 10550428498539054.000000
133 11740678333153416.000000
134 11285415189206338.000000
135 8290305448076671.000000
136 8014482038345907.000000
137 9343778673501656.000000
138 7126961515904586.000000
139 6349212879275957.000000
140 4925469455414937.000000
141 5404574440785998.000000
142 4668167827739213.000000
143 2260173436164348.000000
144 1792386813392716.000000
145 1452608227080775.000000
146 1581603819435306.250000
147 1005300402593070.750000
148 1055951326192096.125000
149 549887886109014.687500
150 708353859009159.500000
151 333678401714892.500000
152 356436814930120.250000
153 195639800204910.937500
154 284356810495559.687500
155 206009801976769.406250
156 147274674215692.875000
157 121609852950089.625000
158 94026057675491.437500
159 71110378950043.468750
160 87780051131716.109375
161 72010653725316.312500
162 67183528578745.679688
163 41131826958536.617188
164 31640792546026.519531
165 37821561840467.554688
166 27649158030893.964844
167 23464506056684.355469
168 24524289283930.007812
169 19070639741960.714844
170 14990853021837.492188
171 9749757021995.605469
172 7701247865380.734375
173 6432062691128.453125
174 4257506111265.175293
175 1827577450395.247314
176 2420407023202.518555
177 2244809056609.579102
178 1374849565192.728516
179 1451345547602.961426
180 831212788696.262207
181 761018266557.001831
182 381176750339.288086
183 339985445597.070740
184 221923495822.686951
185 279821617731.560059
186 213383341964.195862
187 148792738361.535370
188 107499370601.148956
189 79017849336.872253
190 54594160249.686783
191 53062233439.328842
192 28474480308.593655
193 32503257581.085102
194 18226014416.421383
195 9963884135.397594
196 11144850258.442083
197 7376494783.956880
198 7039480868.664400
199 6143615180.848931
200 2954507292.271482
201 3343405957.138947
202 1908746219.491507
203 1742007468.807082
204 1144357429.597168
205 454885067.292177
206 544899851.490671
207 355179647.326818
208 308260268.132048
209 243410396.479519
210 130117005.204822
211 133265394.342336
212 82695877.276821
213 65105503.842795
214 48666040.601486
215 23773812.281467
216 12586179.127019
217 8762500.485478
218 5721898.580155
219 3796651.190722
220 2979311.528033
221 2278888.337884
222 1416862.406775
223 971112.181764
224 597996.725368
225 373621.678419
226 215748.857654
227 116541.890055
228 102090.659174
229 52009.036892
230 44962.704257
231 34738.406909
232 23134.534727
233 16928.214350
234 11398.278343
235 6707.754086
236 6059.319319
237 3530.496209
238 2807.597692
239 1552.763039
240 1274.406874
241 913.991071
242 526.946560
243 361.282857
244 250.353489
245 147.771160
246 82.424919
247 55.904719
248 31.106290
249 21.361283
250 13.609206
251 7.165674
252 4.125211
253 2.784510
254 1.909421
255 0.904749
256 0.572365
257 0.364417
258 0.238545
259 0.164803
260 0.099651
261 0.058565
262 0.043066
263 0.027730
264 0.019223
265 0.011610
266 0.005371
267 0.003033
268 0.001993
269 0.001239
270 0.000652
271 0.000422
272 0.000222
273 0.000155
274 0.000088
275 0.000046
276 0.000031
277 0.000017
278 0.000011
279 0.000007
280 0.000005
281 0.000003
282 0.000002
283 0.000001
284 0.000001
285 0.000000
286 0.000000
287 0.000000
288 0.000000
289 0.000000
290 0.000000
291 0.000000
292 0.000000
293 0.000000
294 0.000000
295 0.000000
296 0.000000
297 0.000000
298 0.000000
299 0.000000
300 0.000000
301 0.000000
302 0.000000
303 0.000000
304 0.000000
305 0.000000
306 0.000000
307 0.000000
308 0.000000
309 0.000000
310 0.000000
311 0.000000
312 0.000000
313 0.000000
314 0.000000
315 0.000000
316 0.000000
317 0.000000
318 0.000000
319 0.000000
320 0.000000
321 0.000000
322 0.000000
323 0.000000
324 0.000000
325 0.000000
326 0.000000
327 0.000000
328 0.000000
329 0.000000
330 0.000000
331 0.000000
332 0.000000
333 0.000000
334 0.000000
335 0.000000
336 0.000000
337 0.000000
338 0.000000
339 0.000000
340 0.000000
341 0.000000
342 0.000000
343 0.000000
344 0.000000
345 0.000000
346 0.000000
347 0.000000
348 0.000000
349 0.000000
350 0.000000
351 0.000000
352 0.000000
353 0.000000
354 0.000000
355 0.000000
356 0.000000
357 0.000000
358 0.000000
359 0.000000
360 0.000000
361 0.000000
362 0.000000
363 0.000000
364 0.000000
365 0.000000
366 0.000000
367 0.000000
368 0.000000
369 0.000000
370 0.000000
371 0.000000
372 0.000000
373 0.000000
374 0.000000
375 0.000000
376 0.000000
377 0.000000
378 0.000000
379 0.000000
380 0.000000
381 0.000000
382 0.000000
383 0.000000
384 0.000000
385 0.000000
386 0.000000
387 0.000000
388 0.000000
389 0.000000
390 0.000000
391 0.000000
392 0.000000
393 0.000000
394 0.000000
395 0.000000
396 0.000000
397 0.000000
398 0.000000
399 0.000000
400 0.000000
401 0.000000
402 0.000000
403 0.000000
404 0.000000
405 0.000000
406 0.000000
407 0.000000
408 0.000000
409 0.000000
410 0.000000
411 0.000000
412 0.000000
413 0.000000
414 0.000000
415 0.000000
416 0.000000
417 0.000000
418 0.000000
419 0.000000
420 0.000000
421 0.000000
422 0.000000
423 0.000000
424 0.000000
425 0.000000
426 0.000000
427 0.000000
428 0.000000
429 0.000000
430 0.000000
431 0.000000
432 0.000000
433 0.000000
434 0.000000
435 0.000000
436 0.000000
437 0.000000
438 0.000000
439 0.000000
440 0.000000
441 0.000000
442 0.000000
443 0.000000
444 0.000000
445 0.000000
446 0.000000
447 0.000000
448 0.000000
449 0.000000
450 0.000000
451 0.000000
452 0.000000
453 0.000000
454 0.000000
455 0.000000
456 0.000000
457 0.000000
458 0.000000
459 0.000000
460 0.000000
461 0.000000
462 0.000000
463 0.000000
464 0.000000
465 0.000000
466 0.000000
467 0.000000
468 0.000000
469 0.000000
470 0.000000
471 0.000000
472 0.000000
473 0.000000
474 0.000000
475 0.000000
476 0.000000
477 0.000000
478 0.000000
479 0.000000
480 0.000000
481 0.000000
482 0.000000
483 0.000000
484 0.000000
485 0.000000
486 0.000000
487 0.000000
488 0.000000
489 0.000000
490 0.000000
491 0.000000
492 0.000000
493 0.000000
494 0.000000
495 0.000000
496 0.000000
497 0.000000
498 0.000000
499 0.000000
500 0.000000
