1 19796362.205197
2 33637681.421394
3 71918930.380799
4 162954612.844303
5 308831238.682707
6 574205519.479589
7 1055135398.080809
8 1430771042.690341
9 2316312086.927747
10 3902393983.408994
11 5397857123.514667
12 14258342111.821560
13 19516264233.415894
14 27422582049.718506
15 33952605029.429913
16 58875351256.618050
17 121671446064.441254
18 259334015108.104919
19 316056340226.502502
20 707790435871.273682
21 607378698610.493774
22 773746159286.432251
23 919875636555.701172
24 1797218748916.428711
25 2721747769069.806152
26 2468469245490.949219
27 4230249032416.044434
28 3783279468687.608887
29 4510746316611.284180
30 10524752170229.240234
31 7491317581603.532227
32 14718188817836.693359
33 23787342893320.800781
34 22117511736568.382812
35 37023750121167.023438
36 37410109043207.078125
37 34818283210637.125000
38 66640589915553.750000
39 68546978365233.851562
40 79009933370099.750000
41 111034125088609.781250
42 228147272117827.156250
43 215613334588432.062500
44 311473094377924.687500
45 379268723466383.937500
46 662754898400485.500000
47 605361688733595.000000
48 1345576356046043.250000
49 1347064502150539.500000
50 2197666655664731.250000
51 2209987803704634.250000
52 2095708436497834.250000
53 3101601269961637.500000
54 3014370935441180.000000
55 3142053157970411.500000
56 5532183771437947.000000
57 7377202663682902.000000
58 13013239862575524.000000
59 10633796382951536.000000
60 10779771806802828.000000
61 8966270399562468.000000
62 8428159767799676.000000
63 15639866354016426.000000
64 11610044275598184.000000
65 21960627225310488.000000
66 17392179357398988.000000
67 25711967216599568.000000
68 27132782782194020.000000
69 24038674298619876.000000
70 37133514863973120.000000
71 32641219034525928.000000
72 24008888884876624.000000
73 36442952924272648.000000
74 34939640615987156.000000
75 41075802221884728.000000
76 39038853945751824.000000
77 27585828792662428.000000
78 58156429048253808.000000
79 67557110351150264.000000
80 71248255800563696.000000
81 53349883881285992.000000
82 52236249987299880.000000
83 62022853275715488.000000
84 76890221834615328.000000
85 88275343851372992.000000
86 117764210815362224.000000
87 120984355022380288.000000
88 140317674268583664.000000
89 118872907915552752.000000
90 130676382825461552.000000
91 103096087100978560.000000
92 93253946504157200.000000
93 75180047491487744.000000
94 79655251461526784.000000
95 110242359853210752.000000
96 98751542548796512.000000
97 122688073713029568.000000
98 155043492017925344.000000
99 129073642484056192.000000
100 135690981122470832.000000
101 206020972242362592.000000
102 161368958398900544.000000
103 203026866480939040.000000
104 189894878846826080.000000
105 248384636609859712.000000
106 172813571482965728.000000
107 325460326496370176.000000
108 269192945553382688.000000
109 239278647203741984.000000
110 207282861827822624.000000
111 228728665497398080.000000
112 200427889739336896.000000
113 217610101600974144.000000
114 166890444425604224.000000
115 173401851008228864.000000
116 166246196479214464.000000
117 132428646228451440.000000
118 151896588587411584.000000
119 163920699395892256.000000
120 158038942344957792.000000
121 172032894418889856.000000
122 125990205977285920.000000
123 90730129271287456.000000
124 83923630341572640.000000
125 91361522905377696.000000
126 71983845640175272.000000
127 116401269068231952.000000
128 90843232624701840.000000
129 75396840392936576.000000
130 66310016644692152.000000
131 76101000064786464.000000
132 71071542013315928.000000
133 59414413358647696.000000
134 39761849879494144.000000
135 41611678026365168.000000
136 31334046880840656.000000
137 24544898523907808.000000
138 22611200972142304.000000
139 27089317852862364.000000
140 28838732183577744.000000
141 18977799245855888.000000
142 24472860629060048.000000
143 21266843716248608.000000
144 13286922870543934.000000
145 11186321535119150.000000
146 8942711823320860.000000
147 10209179492682364.000000
148 7545129485827211.000000
149 7472646775368034.000000
150 4790927371346894.000000
151 4133996196155502.500000
152 5900939483711999.000000
153 4887488858788841.000000
154 4331558564548325.500000
155 3379192747451677.500000
156 3109697338415070.500000
157 2327744627854538.500000
158 1837834013140260.750000
159 891984859039702.750000
160 508237975211760.187500
161 677960009290069.000000
162 514578620496576.562500
163 425223200609854.687500
164 445490653185193.187500
165 398668538028740.250000
166 293554362215337.562500
167 204880776886390.281250
168 202277382500852.406250
169 121732966799993.890625
170 96632936560380.781250
171 83281845161147.937500
172 72979448715459.828125
173 63422527103937.257812
174 36841208898748.523438
175 33131242229647.320312
176 18779163810606.925781
177 16828592003587.281250
178 13893303721492.013672
179 9715053023274.248047
180 7605624573250.732422
181 7424186411815.689453
182 6047925797621.536133
183 5010326639502.001953
184 4079569711465.537109
185 2654190997993.945312
186 2208665118049.047852
187 1457040478242.480713
188 1412523766867.476074
189 1151288346711.216064
190 760737823293.887451
191 715230227555.020020
192 566287152986.471802
193 388177475090.809204
194 331379283043.813538
195 238557713111.405701
196 167421099604.459778
197 113673760120.595673
198 76147292734.283157
199 62553132002.646400
200 45707820319.011894
201 40017230465.883217
202 38222679043.013298
203 24712017319.963551
204 17258273491.049114
205 10797918992.635553
206 10122263004.000349
207 5460674475.839444
208 3409281196.318193
209 2552754602.682654
210 1784782125.133279
211 1299717477.734900
212 1069565899.785980
213 511149943.370689
214 493711177.646892
215 349240861.447324
216 359885067.747592
217 257487549.828619
218 264020557.987891
219 198294150.333812
220 163752956.424111
221 125903355.382224
222 86065292.712036
223 62778842.631639
224 27716851.188151
225 23618276.697904
226 13464613.977112
227 9719980.745485
228 6812115.668831
229 4636704.122432
230 3045455.611801
231 1917318.470469
232 1424962.404356
233 1065555.915060
234 486141.966751
235 362212.881474
236 270429.556945
237 139086.941437
238 80711.607282
239 53673.439837
240 36906.949145
241 21244.155067
242 14102.853206
243 8980.805177
244 6767.803128
245 3867.091635
246 2429.488406
247 1233.691047
248 907.253529
249 495.188271
250 421.053260
251 322.022163
252 218.629723
253 105.640109
254 53.771590
255 35.177761
256 24.212140
257 17.270995
258 10.068325
259 6.014025
260 3.279475
261 2.505668
262 1.652417
263 1.063858
264 0.683498
265 0.324944
266 0.245631
267 0.157818
268 0.082492
269 0.048921
270 0.032534
271 0.024213
272 0.012425
273 0.006878
274 0.003329
275 0.001362
276 0.001000
277 0.000668
278 0.000321
279 0.000180
280 0.000113
281 0.000066
282 0.000037
283 0.000022
284 0.000015
285 0.000010
286 0.000006
287 0.000004
288 0.000002
289 0.000001
290 0.000001
291 0.000000
292 0.000000
293 0.000000
294 0.000000
295 0.000000
296 0.000000
297 0.000000
298 0.000000
299 0.000000
300 0.000000
301 0.000000
302 0.000000
303 0.000000
304 0.000000
305 0.000000
306 0.000000
307 0.000000
308 0.000000
309 0.000000
310 0.000000
311 0.000000
312 0.000000
313 0.000000
314 0.000000
315 0.000000
316 0.000000
317 0.000000
318 0.000000
319 0.000000
320 0.000000
321 0.000000
322 0.000000
323 0.000000
324 0.000000
325 0.000000
326 0.000000
327 0.000000
328 0.000000
329 0.000000
330 0.000000
331 0.000000
332 0.000000
333 0.000000
334 0.000000
335 0.000000
336 0.000000
337 0.000000
338 0.000000
339 0.000000
340 0.000000
341 0.000000
342 0.000000
343 0.000000
344 0.000000
345 0.000000
346 0.000000
347 0.000000
348 0.000000
349 0.000000
350 0.000000
351 0.000000
352 0.000000
353 0.000000
354 0.000000
355 0.000000
356 0.000000
357 0.000000
358 0.000000
359 0.000000
360 0.000000
361 0.000000
362 0.000000
363 0.000000
364 0.000000
365 0.000000
366 0.000000
367 0.000000
368 0.000000
369 0.000000
370 0.000000
371 0.000000
372 0.000000
373 0.000000
374 0.000000
375 0.000000
376 0.000000
377 0.000000
378 0.000000
379 0.000000
380 0.000000
381 0.000000
382 0.000000
383 0.000000
384 0.000000
385 0.000000
386 0.000000
387 0.000000
388 0.000000
389 0.000000
390 0.000000
391 0.000000
392 0.000000
393 0.000000
394 0.000000
395 0.000000
396 0.000000
397 0.000000
398 0.000000
399 0.000000
400 0.000000
401 0.000000
402 0.000000
403 0.000000
404 0.000000
405 0.000000
406 0.000000
407 0.000000
408 0.000000
409 0.000000
410 0.000000
411 0.000000
412 0.000000
413 0.000000
414 0.000000
415 0.000000
416 0.000000
417 0.000000
418 0.000000
419 0.000000
420 0.000000
421 0.000000
422 0.000000
423 0.000000
424 0.000000
425 0.000000
426 0.000000
427 0.000000
428 0.000000
429 0.000000
430 0.000000
431 0.000000
432 0.000000
433 0.000000
434 0.000000
435 0.000000
436 0.000000
437 0.000000
438 0.000000
439 0.000000
440 0.000000
441 0.000000
442 0.000000
443 0.000000
444 0.000000
445 0.000000
446 0.000000
447 0.000000
448 0.000000
449 0.000000
450 0.000000
451 0.000000
452 0.000000
453 0.000000
454 0.000000
455 0.000000
456 0.000000
457 0.000000
458 0.000000
459 0.000000
460 0.000000
461 0.000000
462 0.000000
463 0.000000
464 0.000000
465 0.000000
466 0.000000
467 0.000000
468 0.000000
469 0.000000
470 0.000000
471 0.000000
472 0.000000
473 0.000000
474 0.000000
475 0.000000
476 0.000000
477 0.000000
478 0.000000
479 0.000000
480 0.000000
481 0.000000
482 0.000000
483 0.000000
484 0.000000
485 0.000000
486 0.000000
487 0.000000
488 0.000000
489 0.000000
490 0.000000
491 0.000000
492 0.000000
493 0.000000
494 0.000000
495 0.000000
496 0.000000
497 0.000000
498 0.000000
499 0.000000
500 0.000000
