1 inf
2 inf
3 inf
4 inf
5 inf
6 inf
7 inf
8 inf
9 inf
10 105318139278690525096555344243608004554217785247418364395191350390100747813733107127301890349318780151770142711758779194123972915096853158452142616142272196854054596367696314319481231059363578396734896206860184375055363813184394703417787203051912148088754728195208096755220480.000000
11 13540544238820929323669970394572411064721804108559018205678851618208168087564255369520183388855406443247180401247356231541336682476848898106936465929658622269773614388930649454885059345516354818443131607356276736.000000
12 1660768439075256483807127245532284246653207614273512175218994792117818888965284400028858027536864199514776410146259476753516441813879136744972732071936.000000
13 485046573724254620198836128863337867045248792119816327106160550418949223610250817807630127059655586742272.000000
14 8126025101254473804827780537151073938991755754064576512.000000
15 7467.994047
16 8251.274513
17 8277.787033
18 7533.704463
19 5099.821405
20 5225.942444
21 4688.741738
22 4183.028273
23 3902.969343
24 2990.931044
25 2311.320420
26 2171.301040
27 2134.705827
28 1706.519637
29 1523.579881
30 1297.602781
31 1209.289902
32 1085.482255
33 754.446498
34 433.986054
35 372.974940
36 294.240111
37 203.365862
38 159.709836
39 101.049192
40 83.843571
41 64.382395
42 46.671206
43 45.189379
44 39.420743
45 38.912843
46 35.096473
47 28.810292
48 23.196174
49 22.358447
50 22.951402
51 22.562359
52 21.860183
53 18.826596
54 16.218990
55 15.051372
56 12.865131
57 12.295316
58 9.613596
59 7.377896
60 7.301260
61 6.281871
62 5.594723
63 4.969341
64 2.695943
65 2.252909
66 1.774973
67 1.781790
68 1.731871
69 1.604156
70 1.363313
71 1.220793
72 0.969142
73 0.916441
74 0.635729
75 0.551594
76 0.394686
77 0.387363
78 0.324831
79 0.275105
80 0.216386
81 0.170875
82 0.154743
83 0.145518
84 0.113407
85 0.102995
86 0.076693
87 0.071910
88 0.064433
89 0.058485
90 0.056762
91 0.045914
92 0.034739
93 0.027515
94 0.023188
95 0.018298
96 0.015536
97 0.011238
98 0.008822
99 0.007115
100 0.005951
101 0.005327
102 0.004275
103 0.003397
104 0.002363
105 0.002039
106 0.001865
107 0.001449
108 0.001254
109 0.000945
110 0.000772
111 0.000592
112 0.000369
113 0.000263
114 0.000219
115 0.000196
116 0.000142
117 0.000108
118 0.000080
119 0.000070
120 0.000048
121 0.000036
122 0.000029
123 0.000020
124 0.000017
125 0.000014
126 0.000011
127 0.000008
128 0.000007
129 0.000005
130 0.000003
131 0.000002
132 0.000002
133 0.000001
134 0.000001
135 0.000001
136 0.000001
137 0.000001
138 0.000000
139 0.000000
140 0.000000
141 0.000000
142 0.000000
143 0.000000
144 0.000000
145 0.000000
146 0.000000
147 0.000000
148 0.000000
149 0.000000
150 0.000000
151 0.000000
152 0.000000
153 0.000000
154 0.000000
155 0.000000
156 0.000000
157 0.000000
158 0.000000
159 0.000000
160 0.000000
161 0.000000
162 0.000000
163 0.000000
164 0.000000
165 0.000000
166 0.000000
167 0.000000
168 0.000000
169 0.000000
170 0.000000
171 0.000000
172 0.000000
173 0.000000
174 0.000000
175 0.000000
176 0.000000
177 0.000000
178 0.000000
179 0.000000
180 0.000000
181 0.000000
182 0.000000
183 0.000000
184 0.000000
185 0.000000
186 0.000000
187 0.000000
188 0.000000
189 0.000000
190 0.000000
191 0.000000
192 0.000000
193 0.000000
194 0.000000
195 0.000000
196 0.000000
197 0.000000
198 0.000000
199 0.000000
200 0.000000
201 0.000000
202 0.000000
203 0.000000
204 0.000000
205 0.000000
206 0.000000
207 0.000000
208 0.000000
209 0.000000
210 0.000000
211 0.000000
212 0.000000
213 0.000000
214 0.000000
215 0.000000
216 0.000000
217 0.000000
218 0.000000
219 0.000000
220 0.000000
221 0.000000
222 0.000000
223 0.000000
224 0.000000
225 0.000000
226 0.000000
227 0.000000
228 0.000000
229 0.000000
230 0.000000
231 0.000000
232 0.000000
233 0.000000
234 0.000000
235 0.000000
236 0.000000
237 0.000000
238 0.000000
239 0.000000
240 0.000000
241 0.000000
242 0.000000
243 0.000000
244 0.000000
245 0.000000
246 0.000000
247 0.000000
248 0.000000
249 0.000000
250 0.000000
251 0.000000
252 0.000000
253 0.000000
254 0.000000
255 0.000000
256 0.000000
257 0.000000
258 0.000000
259 0.000000
260 0.000000
261 0.000000
262 0.000000
263 0.000000
264 0.000000
265 0.000000
266 0.000000
267 0.000000
268 0.000000
269 0.000000
270 0.000000
271 0.000000
272 0.000000
273 0.000000
274 0.000000
275 0.000000
276 0.000000
277 0.000000
278 0.000000
279 0.000000
280 0.000000
281 0.000000
282 0.000000
283 0.000000
284 0.000000
285 0.000000
286 0.000000
287 0.000000
288 0.000000
289 0.000000
290 0.000000
291 0.000000
292 0.000000
293 0.000000
294 0.000000
295 0.000000
296 0.000000
297 0.000000
298 0.000000
299 0.000000
300 0.000000
301 0.000000
302 0.000000
303 0.000000
304 0.000000
305 0.000000
306 0.000000
307 0.000000
308 0.000000
309 0.000000
310 0.000000
311 0.000000
312 0.000000
313 0.000000
314 0.000000
315 0.000000
316 0.000000
317 0.000000
318 0.000000
319 0.000000
320 0.000000
321 0.000000
322 0.000000
323 0.000000
324 0.000000
325 0.000000
326 0.000000
327 0.000000
328 0.000000
329 0.000000
330 0.000000
331 0.000000
332 0.000000
333 0.000000
334 0.000000
335 0.000000
336 0.000000
337 0.000000
338 0.000000
339 0.000000
340 0.000000
341 0.000000
342 0.000000
343 0.000000
344 0.000000
345 0.000000
346 0.000000
347 0.000000
348 0.000000
349 0.000000
350 0.000000
351 0.000000
352 0.000000
353 0.000000
354 0.000000
355 0.000000
356 0.000000
357 0.000000
358 0.000000
359 0.000000
360 0.000000
361 0.000000
362 0.000000
363 0.000000
364 0.000000
365 0.000000
366 0.000000
367 0.000000
368 0.000000
369 0.000000
370 0.000000
371 0.000000
372 0.000000
373 0.000000
374 0.000000
375 0.000000
376 0.000000
377 0.000000
378 0.000000
379 0.000000
380 0.000000
381 0.000000
382 0.000000
383 0.000000
384 0.000000
385 0.000000
386 0.000000
387 0.000000
388 0.000000
389 0.000000
390 0.000000
391 0.000000
392 0.000000
393 0.000000
394 0.000000
395 0.000000
396 0.000000
397 0.000000
398 0.000000
399 0.000000
400 0.000000
401 0.000000
402 0.000000
403 0.000000
404 0.000000
405 0.000000
406 0.000000
407 0.000000
408 0.000000
409 0.000000
410 0.000000
411 0.000000
412 0.000000
413 0.000000
414 0.000000
415 0.000000
416 0.000000
417 0.000000
418 0.000000
419 0.000000
420 0.000000
421 0.000000
422 0.000000
423 0.000000
424 0.000000
425 0.000000
426 0.000000
427 0.000000
428 0.000000
429 0.000000
430 0.000000
431 0.000000
432 0.000000
433 0.000000
434 0.000000
435 0.000000
436 0.000000
437 0.000000
438 0.000000
439 0.000000
440 0.000000
441 0.000000
442 0.000000
443 0.000000
444 0.000000
445 0.000000
446 0.000000
447 0.000000
448 0.000000
449 0.000000
450 0.000000
451 0.000000
452 0.000000
453 0.000000
454 0.000000
455 0.000000
456 0.000000
457 0.000000
458 0.000000
459 0.000000
460 0.000000
461 0.000000
462 0.000000
463 0.000000
464 0.000000
465 0.000000
466 0.000000
467 0.000000
468 0.000000
469 0.000000
470 0.000000
471 0.000000
472 0.000000
473 0.000000
474 0.000000
475 0.000000
476 0.000000
477 0.000000
478 0.000000
479 0.000000
480 0.000000
481 0.000000
482 0.000000
483 0.000000
484 0.000000
485 0.000000
486 0.000000
487 0.000000
488 0.000000
489 0.000000
490 0.000000
491 0.000000
492 0.000000
493 0.000000
494 0.000000
495 0.000000
496 0.000000
497 0.000000
498 0.000000
499 0.000000
500 0.000000
