1 1000000000000000019884624838656.000000
2 1000000000000000019884624838656.000000
3 1000000000000000019884624838656.000000
4 1000000000000000019884624838656.000000
5 20204160.740710
6 20204160.740710
7 20204160.740710
8 20204160.740710
9 20204160.740710
10 28026856.848956
11 28026856.848956
12 28026856.848956
13 28026856.848956
14 28026856.848956
15 23587482.407290
16 23587482.407290
17 23587482.407290
18 23587482.407290
19 23587482.407290
20 22810750.203696
21 22810750.203696
22 22810750.203696
23 22810750.203696
24 22810750.203696
25 32656673.656202
26 32656673.656202
27 32656673.656202
28 32656673.656202
29 32656673.656202
30 29264054.757683
31 29264054.757683
32 29264054.757683
33 29264054.757683
34 29264054.757683
35 21124683.287606
36 21124683.287606
37 21124683.287606
38 21124683.287606
39 21124683.287606
40 23386840.714517
41 23386840.714517
42 23386840.714517
43 23386840.714517
44 23386840.714517
45 19827718.801986
46 19827718.801986
47 19827718.801986
48 19827718.801986
49 19827718.801986
50 24593958.880126
51 24593958.880126
52 24593958.880126
53 24593958.880126
54 24593958.880126
55 17419993.027510
56 17419993.027510
57 17419993.027510
58 17419993.027510
59 17419993.027510
60 14212515.123552
61 14212515.123552
62 14212515.123552
63 14212515.123552
64 14212515.123552
65 20729156.606852
66 20729156.606852
67 20729156.606852
68 20729156.606852
69 20729156.606852
70 19751697.653234
71 19751697.653234
72 19751697.653234
73 19751697.653234
74 19751697.653234
75 15703954.230211
76 15703954.230211
77 15703954.230211
78 15703954.230211
79 15703954.230211
80 23549101.881145
81 23549101.881145
82 23549101.881145
83 23549101.881145
84 23549101.881145
85 16584185.298218
86 16584185.298218
87 16584185.298218
88 16584185.298218
89 16584185.298218
90 18771215.682123
91 18771215.682123
92 18771215.682123
93 18771215.682123
94 18771215.682123
95 16467903.541038
96 16467903.541038
97 16467903.541038
98 16467903.541038
99 16467903.541038
100 16839602.475840
101 16839602.475840
102 16839602.475840
103 16839602.475840
104 16839602.475840
105 16229099.940220
106 16229099.940220
107 16229099.940220
108 16229099.940220
109 16229099.940220
110 10658657.811938
111 10658657.811938
112 10658657.811938
113 10658657.811938
114 10658657.811938
115 14744858.853497
116 14744858.853497
117 14744858.853497
118 14744858.853497
119 14744858.853497
120 12531882.325158
121 12531882.325158
122 12531882.325158
123 12531882.325158
124 12531882.325158
125 16360243.514220
126 16360243.514220
127 16360243.514220
128 16360243.514220
129 16360243.514220
130 19733571.059071
131 19733571.059071
132 19733571.059071
133 19733571.059071
134 19733571.059071
135 15463574.999244
136 15463574.999244
137 15463574.999244
138 15463574.999244
139 15463574.999244
140 18980527.341201
141 18980527.341201
142 18980527.341201
143 18980527.341201
144 18980527.341201
145 18228569.363378
146 18228569.363378
147 18228569.363378
148 18228569.363378
149 18228569.363378
150 18205868.697965
151 18205868.697965
152 18205868.697965
153 18205868.697965
154 18205868.697965
155 16963317.548512
156 16963317.548512
157 16963317.548512
158 16963317.548512
159 16963317.548512
160 16629611.082386
161 16629611.082386
162 16629611.082386
163 16629611.082386
164 16629611.082386
165 13948439.979856
166 13948439.979856
167 13948439.979856
168 13948439.979856
169 13948439.979856
170 11180963.326370
171 11180963.326370
172 11180963.326370
173 11180963.326370
174 11180963.326370
175 9754226.440436
176 9754226.440436
177 9754226.440436
178 9754226.440436
179 9754226.440436
180 10601715.757798
181 10601715.757798
182 10601715.757798
183 10601715.757798
184 10601715.757798
185 10134162.223315
186 10134162.223315
187 10134162.223315
188 10134162.223315
189 10134162.223315
190 9597251.797623
191 9597251.797623
192 9597251.797623
193 9597251.797623
194 9597251.797623
195 8935544.686640
196 8935544.686640
197 8935544.686640
198 8935544.686640
199 8935544.686640
200 9287690.390172
201 9287690.390172
202 9287690.390172
203 9287690.390172
204 9287690.390172
205 9437756.136049
206 9437756.136049
207 9437756.136049
208 9437756.136049
209 9437756.136049
210 8585320.175368
211 8585320.175368
212 8585320.175368
213 8585320.175368
214 8585320.175368
215 9432620.539925
216 9432620.539925
217 9432620.539925
218 9432620.539925
219 9432620.539925
220 7945133.371800
221 7945133.371800
222 7945133.371800
223 7945133.371800
224 7945133.371800
225 9733024.664155
226 9733024.664155
227 9733024.664155
228 9733024.664155
229 9733024.664155
230 9710606.343223
231 9710606.343223
232 9710606.343223
233 9710606.343223
234 9710606.343223
235 7506937.661285
236 7506937.661285
237 7506937.661285
238 7506937.661285
239 7506937.661285
240 7604624.639748
241 7604624.639748
242 7604624.639748
243 7604624.639748
244 7604624.639748
245 7923120.896989
246 7923120.896989
247 7923120.896989
248 7923120.896989
249 7923120.896989
250 7165242.443954
251 7165242.443954
252 7165242.443954
253 7165242.443954
254 7165242.443954
255 6392030.752200
256 6392030.752200
257 6392030.752200
258 6392030.752200
259 6392030.752200
260 5840308.434100
261 5840308.434100
262 5840308.434100
263 5840308.434100
264 5840308.434100
265 5440665.423658
266 5440665.423658
267 5440665.423658
268 5440665.423658
269 5440665.423658
270 5651607.408566
271 5651607.408566
272 5651607.408566
273 5651607.408566
274 5651607.408566
275 5307846.334181
276 5307846.334181
277 5307846.334181
278 5307846.334181
279 5307846.334181
280 5566683.330519
281 5566683.330519
282 5566683.330519
283 5566683.330519
284 5566683.330519
285 5102681.884883
286 5102681.884883
287 5102681.884883
288 5102681.884883
289 5102681.884883
290 5349682.001180
291 5349682.001180
292 5349682.001180
293 5349682.001180
294 5349682.001180
295 5463288.025723
296 5463288.025723
297 5463288.025723
298 5463288.025723
299 5463288.025723
300 4863988.627524
301 4863988.627524
302 4863988.627524
303 4863988.627524
304 4863988.627524
305 4978953.656885
306 4978953.656885
307 4978953.656885
308 4978953.656885
309 4978953.656885
310 4807939.386130
311 4807939.386130
312 4807939.386130
313 4807939.386130
314 4807939.386130
315 4121508.944796
316 4121508.944796
317 4121508.944796
318 4121508.944796
319 4121508.944796
320 4148859.816946
321 4148859.816946
322 4148859.816946
323 4148859.816946
324 4148859.816946
325 4190367.159409
326 4190367.159409
327 4190367.159409
328 4190367.159409
329 4190367.159409
330 4230043.442337
331 4230043.442337
332 4230043.442337
333 4230043.442337
334 4230043.442337
335 4029305.489113
336 4029305.489113
337 4029305.489113
338 4029305.489113
339 4029305.489113
340 4128667.667927
341 4128667.667927
342 4128667.667927
343 4128667.667927
344 4128667.667927
345 4122164.407535
346 4122164.407535
347 4122164.407535
348 4122164.407535
349 4122164.407535
350 3988007.791704
351 3988007.791704
352 3988007.791704
353 3988007.791704
354 3988007.791704
355 3697428.322369
356 3697428.322369
357 3697428.322369
358 3697428.322369
359 3697428.322369
360 3509719.602530
361 3509719.602530
362 3509719.602530
363 3509719.602530
364 3509719.602530
365 3648321.604759
366 3648321.604759
367 3648321.604759
368 3648321.604759
369 3648321.604759
370 3207985.493927
371 3207985.493927
372 3207985.493927
373 3207985.493927
374 3207985.493927
375 3118601.051292
376 3118601.051292
377 3118601.051292
378 3118601.051292
379 3118601.051292
380 3081034.788026
381 3081034.788026
382 3081034.788026
383 3081034.788026
384 3081034.788026
385 2860811.648394
386 2860811.648394
387 2860811.648394
388 2860811.648394
389 2860811.648394
390 2833669.611304
391 2833669.611304
392 2833669.611304
393 2833669.611304
394 2833669.611304
395 2920886.524529
396 2920886.524529
397 2920886.524529
398 2920886.524529
399 2920886.524529
400 2804671.668241
401 2804671.668241
402 2804671.668241
403 2804671.668241
404 2804671.668241
405 2824220.822968
406 2824220.822968
407 2824220.822968
408 2824220.822968
409 2824220.822968
410 2706023.080048
411 2706023.080048
412 2706023.080048
413 2706023.080048
414 2706023.080048
415 2725313.228044
416 2725313.228044
417 2725313.228044
418 2725313.228044
419 2725313.228044
420 2566656.787164
421 2566656.787164
422 2566656.787164
423 2566656.787164
424 2566656.787164
425 2520761.469240
426 2520761.469240
427 2520761.469240
428 2520761.469240
429 2520761.469240
430 2457270.660001
431 2457270.660001
432 2457270.660001
433 2457270.660001
434 2457270.660001
435 2370541.816646
436 2370541.816646
437 2370541.816646
438 2370541.816646
439 2370541.816646
440 2369254.833530
441 2369254.833530
442 2369254.833530
443 2369254.833530
444 2369254.833530
445 2326884.048643
446 2326884.048643
447 2326884.048643
448 2326884.048643
449 2326884.048643
450 2314388.687725
451 2314388.687725
452 2314388.687725
453 2314388.687725
454 2314388.687725
455 2280037.442754
456 2280037.442754
457 2280037.442754
458 2280037.442754
459 2280037.442754
460 2258215.694906
461 2258215.694906
462 2258215.694906
463 2258215.694906
464 2258215.694906
465 2222323.508809
466 2222323.508809
467 2222323.508809
468 2222323.508809
469 2222323.508809
470 2200239.218056
471 2200239.218056
472 2200239.218056
473 2200239.218056
474 2200239.218056
475 2179966.952049
476 2179966.952049
477 2179966.952049
478 2179966.952049
479 2179966.952049
480 2152847.320463
481 2152847.320463
482 2152847.320463
483 2152847.320463
484 2152847.320463
485 2133472.617159
486 2133472.617159
487 2133472.617159
488 2133472.617159
489 2133472.617159
490 2129095.498958
491 2129095.498958
492 2129095.498958
493 2129095.498958
494 2129095.498958
495 2122980.326198
496 2122980.326198
497 2122980.326198
498 2122980.326198
499 2122980.326198
500 2122335.776936
