1 inf
2 inf
3 inf
4 inf
5 inf
6 inf
7 inf
8 inf
9 inf
10 inf
11 inf
12 inf
13 inf
14 inf
15 inf
16 inf
17 inf
18 inf
19 inf
20 41699963932156504780836399762178494894328983231046239131885238799188131776284957427892192231302285082014220809734352669396522983843331738992071008752504315646921384508602193465233371079584889470060640470665889419619920610615206298816087952334050061068059497378392179725173093657472550213126500246993502208.000000
21 30296624824978630235474919268167579460857481581243253965472936040282393447627592616613515080307104484662180762096468185133244149131336197679457888105295495137330105681797557420994427407495680926089982337333034231257219255426226697730210568403222668043123688301648465544435990961426409927475200.000000
22 6270074544616131720876734461396385781633034002942499610099835925459795568865765407453828649962325397112743045358640054021970074923216904594684667728891908959334020052500246616531099782088747482982717739745514575541270061014566382957376516889120286260330770886406291797447600613883904.000000
23 311258226371618308332558534206549346227068005802029339575513524128484322056580182596988405580801572249019312299039735535769608028291832438476651300636880420915783524547037136902338836790519912716636755555203548605660671387022973397527516763035278529888875269310891687936.000000
24 40272255194057934980679358896406976651043197479507906633421322041876152092981280166998725986691818543364877470243264162192554715567971941489870057986709662104798519833197722719931927753326680700986806066635774866551522824025613779408717315726129903012151296.000000
25 432281238753072806180479148495530408505476485902532658015018083094301668289757918586294825386794292572693062017108268859299045869138363908565594506925466103515224106466263946529769936369773345622622629993165491083064841879436386316893269010088424146923945984.000000
26 349916802933208587773928058689212752205562061730191742744998959729452991531189714483984038471509298654060255969448841626105567778778182548221638044002664959379497817800393180370646216625158332497202109404471720977354949304146966468336632868110336.000000
27 916763896081028081620795309042762285607712185555546848820493008911420885690414454776720120017681924987694985906065598922459893225745320188046790648957322795349316716270450243661109155574529716061010820974109814456234812426290905219072.000000
28 146860892200121364384972704513595592125493740631395227064815809621633943786491988609204044694791904580666785423961155285538383077986150435234581286988859489585827692394986440260145882175812473190918510158047926755814014976.000000
29 851801154431747146811900996363336254179784904026480124063073902819781291875311626779308735262891432558672448673265963131209819394588536325317073875847697983411138945974763770541576280870810291427974930238605306626048.000000
30 24910891278396593680677204469686353231227996709849070395904204083615418983839730907567340540521321142188273315662052091628196417135120496861490900048026566416966475145402862474688458094011377864522652975104.000000
31 12808954656353958060343948813908520855220114616338963995041846599802741367475371698889809807468834420226382310730105186916374284448079761778086239840668301813025241502446748874476554159532302925824.000000
32 210011517487428798734783906631252853041166776924291005769606957206609034235819350325655861760029472252815521402491348423256853622639717325540826549710023887790608921997380030386981386277879808.000000
33 971133704829741356863191544182020068734707613763755695631339413943503456454091172957781749146335650327139714657917519634505698599809450511888758863053150087959771379558745374720.000000
34 162946605367162076310029385692137944368821654363814624356072694408221855277960504853912726831684308298029266020189048059008452124364099218186439605055900451574883811328.000000
35 29851812181470724126784112112612361459260358053909770897116284983416765911392843809962771305818564008913852567438323978349219658715034293722714758116206968832.000000
36 217795659190161018270699287409146663429264986779439672272354406651237970936282264510588737898057473427849082350431489313573013627736986621503864832.000000
37 863761998499068514816580996648101021615123439198693003113174954680150706748513288061537881927939412119092199377503067061260695921932050079154176.000000
38 56163262711009838539784770410868514561983157356536282080306296929559387090970394223319635282397604904655936490348872808582650789888.000000
39 52614144664536367444948772855156998487374042423620183305866662411925003859264696457974737474330472979698867247419228160.000000
40 33577015592683470399470212961604764182717458733682177504266337066728786884569500778938733107228924018594032155361280.000000
41 3650367064428331331491499970240497765083747269487658354855394666417800482706874178200506734623089229824.000000
42 3044900021667153942911290361635651266189454029780777983377914365001396851121088756700149710848.000000
43 31329196025170494252123497242803645865789971041873733162048777933217890301855775158435840.000000
44 96172197272202164671179567098785716743509523394374780483457376934272830990712832.000000
45 2049966924544683536630829930451250877947917208860544405330949308416.000000
46 100282842714550809295366879990178840708582362386571341070336.000000
47 8943509655363366589767705651636063759761408.000000
48 469814091134426666316486896494051328.000000
49 2096788436591495059655884800.000000
50 2828288340217715.500000
51 3191.767680
52 2749.396585
53 2215.656591
54 1996.443664
55 1509.352727
56 1350.097447
57 1198.562672
58 1051.615947
59 937.219089
60 826.060666
61 708.652902
62 610.176623
63 523.248296
64 457.852434
65 390.337586
66 345.327233
67 310.501766
68 275.908028
69 243.065197
70 219.972362
71 194.929814
72 172.251596
73 153.776687
74 136.148635
75 121.449294
76 104.686487
77 96.775123
78 87.154659
79 77.291866
80 68.393041
81 57.806364
82 53.582373
83 47.346307
84 43.000775
85 39.265503
86 35.264811
87 31.896875
88 28.267321
89 25.059264
90 22.137534
91 19.548783
92 17.540340
93 15.663014
94 14.226129
95 12.358798
96 11.072446
97 9.654535
98 8.668819
99 7.471116
100 6.752209
101 6.103443
102 5.486946
103 4.914717
104 4.368351
105 3.886930
106 3.477007
107 3.045687
108 2.749735
109 2.430448
110 2.167780
111 1.956793
112 1.685484
113 1.508257
114 1.337680
115 1.196381
116 1.066841
117 0.938710
118 0.838169
119 0.745815
120 0.680357
121 0.603790
122 0.535685
123 0.462615
124 0.423110
125 0.373997
126 0.339145
127 0.297284
128 0.264436
129 0.244491
130 0.222884
131 0.190624
132 0.175254
133 0.156721
134 0.136466
135 0.117767
136 0.109117
137 0.097598
138 0.088812
139 0.078807
140 0.071737
141 0.063867
142 0.057876
143 0.051376
144 0.046783
145 0.041892
146 0.037731
147 0.033934
148 0.030368
149 0.027319
150 0.024693
151 0.022035
152 0.019903
153 0.017986
154 0.016604
155 0.015027
156 0.013643
157 0.012334
158 0.011267
159 0.010318
160 0.009559
161 0.008852
162 0.008043
163 0.007405
164 0.006528
165 0.005908
166 0.005347
167 0.004738
168 0.004402
169 0.004029
170 0.003690
171 0.003387
172 0.003110
173 0.002846
174 0.002654
175 0.002405
176 0.002217
177 0.002045
178 0.001899
179 0.001732
180 0.001579
181 0.001484
182 0.001379
183 0.001224
184 0.001141
185 0.001052
186 0.000980
187 0.000902
188 0.000838
189 0.000782
190 0.000727
191 0.000678
192 0.000621
193 0.000584
194 0.000535
195 0.000500
196 0.000462
197 0.000431
198 0.000401
199 0.000367
200 0.000342
201 0.000315
202 0.000292
203 0.000269
204 0.000252
205 0.000234
206 0.000214
207 0.000198
208 0.000180
209 0.000166
210 0.000153
211 0.000143
212 0.000131
213 0.000123
214 0.000115
215 0.000108
216 0.000101
217 0.000094
218 0.000087
219 0.000081
220 0.000076
221 0.000072
222 0.000068
223 0.000063
224 0.000060
225 0.000056
226 0.000054
227 0.000051
228 0.000047
229 0.000045
230 0.000043
231 0.000040
232 0.000038
233 0.000035
234 0.000033
235 0.000031
236 0.000030
237 0.000028
238 0.000027
239 0.000025
240 0.000023
241 0.000022
242 0.000021
243 0.000020
244 0.000019
245 0.000018
246 0.000017
247 0.000016
248 0.000015
249 0.000014
250 0.000014
251 0.000013
252 0.000012
253 0.000012
254 0.000011
255 0.000011
256 0.000010
257 0.000010
258 0.000009
259 0.000009
260 0.000008
261 0.000008
262 0.000007
263 0.000007
264 0.000007
265 0.000006
266 0.000006
267 0.000006
268 0.000006
269 0.000005
270 0.000005
271 0.000005
272 0.000005
273 0.000004
274 0.000004
275 0.000004
276 0.000004
277 0.000004
278 0.000004
279 0.000003
280 0.000003
281 0.000003
282 0.000003
283 0.000003
284 0.000003
285 0.000003
286 0.000003
287 0.000003
288 0.000002
289 0.000002
290 0.000002
291 0.000002
292 0.000002
293 0.000002
294 0.000002
295 0.000002
296 0.000002
297 0.000002
298 0.000002
299 0.000002
300 0.000002
301 0.000002
302 0.000001
303 0.000001
304 0.000001
305 0.000001
306 0.000001
307 0.000001
308 0.000001
309 0.000001
310 0.000001
311 0.000001
312 0.000001
313 0.000001
314 0.000001
315 0.000001
316 0.000001
317 0.000001
318 0.000001
319 0.000001
320 0.000001
321 0.000001
322 0.000001
323 0.000001
324 0.000001
325 0.000001
326 0.000001
327 0.000001
328 0.000001
329 0.000001
330 0.000001
331 0.000001
332 0.000001
333 0.000001
334 0.000001
335 0.000001
336 0.000001
337 0.000000
338 0.000000
339 0.000000
340 0.000000
341 0.000000
342 0.000000
343 0.000000
344 0.000000
345 0.000000
346 0.000000
347 0.000000
348 0.000000
349 0.000000
350 0.000000
351 0.000000
352 0.000000
353 0.000000
354 0.000000
355 0.000000
356 0.000000
357 0.000000
358 0.000000
359 0.000000
360 0.000000
361 0.000000
362 0.000000
363 0.000000
364 0.000000
365 0.000000
366 0.000000
367 0.000000
368 0.000000
369 0.000000
370 0.000000
371 0.000000
372 0.000000
373 0.000000
374 0.000000
375 0.000000
376 0.000000
377 0.000000
378 0.000000
379 0.000000
380 0.000000
381 0.000000
382 0.000000
383 0.000000
384 0.000000
385 0.000000
386 0.000000
387 0.000000
388 0.000000
389 0.000000
390 0.000000
391 0.000000
392 0.000000
393 0.000000
394 0.000000
395 0.000000
396 0.000000
397 0.000000
398 0.000000
399 0.000000
400 0.000000
401 0.000000
402 0.000000
403 0.000000
404 0.000000
405 0.000000
406 0.000000
407 0.000000
408 0.000000
409 0.000000
410 0.000000
411 0.000000
412 0.000000
413 0.000000
414 0.000000
415 0.000000
416 0.000000
417 0.000000
418 0.000000
419 0.000000
420 0.000000
421 0.000000
422 0.000000
423 0.000000
424 0.000000
425 0.000000
426 0.000000
427 0.000000
428 0.000000
429 0.000000
430 0.000000
431 0.000000
432 0.000000
433 0.000000
434 0.000000
435 0.000000
436 0.000000
437 0.000000
438 0.000000
439 0.000000
440 0.000000
441 0.000000
442 0.000000
443 0.000000
444 0.000000
445 0.000000
446 0.000000
447 0.000000
448 0.000000
449 0.000000
450 0.000000
451 0.000000
452 0.000000
453 0.000000
454 0.000000
455 0.000000
456 0.000000
457 0.000000
458 0.000000
459 0.000000
460 0.000000
461 0.000000
462 0.000000
463 0.000000
464 0.000000
465 0.000000
466 0.000000
467 0.000000
468 0.000000
469 0.000000
470 0.000000
471 0.000000
472 0.000000
473 0.000000
474 0.000000
475 0.000000
476 0.000000
477 0.000000
478 0.000000
479 0.000000
480 0.000000
481 0.000000
482 0.000000
483 0.000000
484 0.000000
485 0.000000
486 0.000000
487 0.000000
488 0.000000
489 0.000000
490 0.000000
491 0.000000
492 0.000000
493 0.000000
494 0.000000
495 0.000000
496 0.000000
497 0.000000
498 0.000000
499 0.000000
500 0.000000
