1 inf
2 inf
3 inf
4 14206805627279404827021400195388080507692311699964902934588063700017820171919226281967716083163440180381658055600146768327393536786579555336367919269496297315689233129609550839225306778101405412518459100184856778995578987156915099551265563019061036350740989385630348723526656483398970934238463678367137792.000000
5 711285651102158877430122105738952705445998620876598338555406466625095851087632865545253855902919355293058069481223395980896992065726299703819208577087235432758440017268096742505001371965311957668501953770737613402307806699529414121252401263450083598693714084161747010386621653577177635659710464.000000
6 6112910388592708644833872561434687692243577618280828898952965257284695506228570362216884373580117741422991609003547208057049945880263394808811239738411451659656529771477558358717439931375948633776758310848732505200203287660287436848056003179638765428922598992880368353280.000000
7 248567715490382224663501057388318225280784428521909527997996691191652983082841011416902842322941930814756032519769812730261005195627253125163190382222984661935300396314191288670767758659651192057774353159320597658695847464650002943000177157190189056.000000
8 5750225927385771217555873482947079570296368057463965091013776542106864468097838826473482155580288516625525240647235129832332092009314290958558381296387925625743572942354664253071149408846380689121571780229772625079999668605157376.000000
9 708753308514969951516458285791020205214294644264402119170870033329456612262266542428791399008195685748467778592647807121748227413387281713657850544668977099746224170671850725945866183039332749555007488.000000
10 1145893506853706843469074208710032381928818950569832176196766130187199187889399038478884373614779583799766267863149936205897622339858155201496549550014420303681264575949017591054336.000000
11 160117603238848330633108573813077758033677399805122223084988392895910616732759729807298387283366785463074603074525561340597565183124161632049039627925123471341780992.000000
12 29776296958090875861039015183252350353407096676479162438135269895503162489875179936942080039057149933014995946880760569214340456440957763584.000000
13 1931156599354858337818574281386818879951317006164722209002493098508307822176583902857375985978701235762495488.000000
14 13002698888100039806888861473952921756789885894406591890267187810319315792798843837089841152.000000
15 653190901916066891137876642146160943379708974022605167992366904668848128.000000
16 21066656672664444151640893791767999482630766592.000000
17 335148328766622487233429504.000000
18 1020.790161
19 763.326451
20 595.961149
21 472.123818
22 394.131995
23 301.670316
24 249.825141
25 206.285273
26 168.894574
27 138.060365
28 109.534960
29 86.322433
30 70.619433
31 56.829691
32 44.735949
33 37.388808
34 29.383822
35 23.635538
36 19.054927
37 15.597651
38 12.247250
39 10.224782
40 8.156300
41 6.637019
42 5.162360
43 4.364732
44 3.567376
45 2.788054
46 2.347987
47 1.934742
48 1.555982
49 1.260012
50 1.003517
51 0.795009
52 0.660730
53 0.538731
54 0.439925
55 0.367739
56 0.292343
57 0.239202
58 0.196646
59 0.155677
60 0.130210
61 0.107936
62 0.089149
63 0.074080
64 0.059856
65 0.049687
66 0.040898
67 0.031558
68 0.026784
69 0.020894
70 0.017816
71 0.014818
72 0.011850
73 0.009942
74 0.008306
75 0.006746
76 0.005426
77 0.004593
78 0.003794
79 0.003125
80 0.002530
81 0.002074
82 0.001708
83 0.001368
84 0.001152
85 0.000935
86 0.000770
87 0.000615
88 0.000509
89 0.000419
90 0.000344
91 0.000284
92 0.000233
93 0.000187
94 0.000155
95 0.000129
96 0.000107
97 0.000087
98 0.000070
99 0.000058
100 0.000047
101 0.000038
102 0.000032
103 0.000026
104 0.000022
105 0.000018
106 0.000015
107 0.000012
108 0.000010
109 0.000008
110 0.000007
111 0.000006
112 0.000005
113 0.000004
114 0.000003
115 0.000003
116 0.000002
117 0.000002
118 0.000002
119 0.000001
120 0.000001
121 0.000001
122 0.000001
123 0.000001
124 0.000001
125 0.000000
126 0.000000
127 0.000000
128 0.000000
129 0.000000
130 0.000000
131 0.000000
132 0.000000
133 0.000000
134 0.000000
135 0.000000
136 0.000000
137 0.000000
138 0.000000
139 0.000000
140 0.000000
141 0.000000
142 0.000000
143 0.000000
144 0.000000
145 0.000000
146 0.000000
147 0.000000
148 0.000000
149 0.000000
150 0.000000
151 0.000000
152 0.000000
153 0.000000
154 0.000000
155 0.000000
156 0.000000
157 0.000000
158 0.000000
159 0.000000
160 0.000000
161 0.000000
162 0.000000
163 0.000000
164 0.000000
165 0.000000
166 0.000000
167 0.000000
168 0.000000
169 0.000000
170 0.000000
171 0.000000
172 0.000000
173 0.000000
174 0.000000
175 0.000000
176 0.000000
177 0.000000
178 0.000000
179 0.000000
180 0.000000
181 0.000000
182 0.000000
183 0.000000
184 0.000000
185 0.000000
186 0.000000
187 0.000000
188 0.000000
189 0.000000
190 0.000000
191 0.000000
192 0.000000
193 0.000000
194 0.000000
195 0.000000
196 0.000000
197 0.000000
198 0.000000
199 0.000000
200 0.000000
201 0.000000
202 0.000000
203 0.000000
204 0.000000
205 0.000000
206 0.000000
207 0.000000
208 0.000000
209 0.000000
210 0.000000
211 0.000000
212 0.000000
213 0.000000
214 0.000000
215 0.000000
216 0.000000
217 0.000000
218 0.000000
219 0.000000
220 0.000000
221 0.000000
222 0.000000
223 0.000000
224 0.000000
225 0.000000
226 0.000000
227 0.000000
228 0.000000
229 0.000000
230 0.000000
231 0.000000
232 0.000000
233 0.000000
234 0.000000
235 0.000000
236 0.000000
237 0.000000
238 0.000000
239 0.000000
240 0.000000
241 0.000000
242 0.000000
243 0.000000
244 0.000000
245 0.000000
246 0.000000
247 0.000000
248 0.000000
249 0.000000
250 0.000000
251 0.000000
252 0.000000
253 0.000000
254 0.000000
255 0.000000
256 0.000000
257 0.000000
258 0.000000
259 0.000000
260 0.000000
261 0.000000
262 0.000000
263 0.000000
264 0.000000
265 0.000000
266 0.000000
267 0.000000
268 0.000000
269 0.000000
270 0.000000
271 0.000000
272 0.000000
273 0.000000
274 0.000000
275 0.000000
276 0.000000
277 0.000000
278 0.000000
279 0.000000
280 0.000000
281 0.000000
282 0.000000
283 0.000000
284 0.000000
285 0.000000
286 0.000000
287 0.000000
288 0.000000
289 0.000000
290 0.000000
291 0.000000
292 0.000000
293 0.000000
294 0.000000
295 0.000000
296 0.000000
297 0.000000
298 0.000000
299 0.000000
300 0.000000
301 0.000000
302 0.000000
303 0.000000
304 0.000000
305 0.000000
306 0.000000
307 0.000000
308 0.000000
309 0.000000
310 0.000000
311 0.000000
312 0.000000
313 0.000000
314 0.000000
315 0.000000
316 0.000000
317 0.000000
318 0.000000
319 0.000000
320 0.000000
321 0.000000
322 0.000000
323 0.000000
324 0.000000
325 0.000000
326 0.000000
327 0.000000
328 0.000000
329 0.000000
330 0.000000
331 0.000000
332 0.000000
333 0.000000
334 0.000000
335 0.000000
336 0.000000
337 0.000000
338 0.000000
339 0.000000
340 0.000000
341 0.000000
342 0.000000
343 0.000000
344 0.000000
345 0.000000
346 0.000000
347 0.000000
348 0.000000
349 0.000000
350 0.000000
351 0.000000
352 0.000000
353 0.000000
354 0.000000
355 0.000000
356 0.000000
357 0.000000
358 0.000000
359 0.000000
360 0.000000
361 0.000000
362 0.000000
363 0.000000
364 0.000000
365 0.000000
366 0.000000
367 0.000000
368 0.000000
369 0.000000
370 0.000000
371 0.000000
372 0.000000
373 0.000000
374 0.000000
375 0.000000
376 0.000000
377 0.000000
378 0.000000
379 0.000000
380 0.000000
381 0.000000
382 0.000000
383 0.000000
384 0.000000
385 0.000000
386 0.000000
387 0.000000
388 0.000000
389 0.000000
390 0.000000
391 0.000000
392 0.000000
393 0.000000
394 0.000000
395 0.000000
396 0.000000
397 0.000000
398 0.000000
399 0.000000
400 0.000000
401 0.000000
402 0.000000
403 0.000000
404 0.000000
405 0.000000
406 0.000000
407 0.000000
408 0.000000
409 0.000000
410 0.000000
411 0.000000
412 0.000000
413 0.000000
414 0.000000
415 0.000000
416 0.000000
417 0.000000
418 0.000000
419 0.000000
420 0.000000
421 0.000000
422 0.000000
423 0.000000
424 0.000000
425 0.000000
426 0.000000
427 0.000000
428 0.000000
429 0.000000
430 0.000000
431 0.000000
432 0.000000
433 0.000000
434 0.000000
435 0.000000
436 0.000000
437 0.000000
438 0.000000
439 0.000000
440 0.000000
441 0.000000
442 0.000000
443 0.000000
444 0.000000
445 0.000000
446 0.000000
447 0.000000
448 0.000000
449 0.000000
450 0.000000
451 0.000000
452 0.000000
453 0.000000
454 0.000000
455 0.000000
456 0.000000
457 0.000000
458 0.000000
459 0.000000
460 0.000000
461 0.000000
462 0.000000
463 0.000000
464 0.000000
465 0.000000
466 0.000000
467 0.000000
468 0.000000
469 0.000000
470 0.000000
471 0.000000
472 0.000000
473 0.000000
474 0.000000
475 0.000000
476 0.000000
477 0.000000
478 0.000000
479 0.000000
480 0.000000
481 0.000000
482 0.000000
483 0.000000
484 0.000000
485 0.000000
486 0.000000
487 0.000000
488 0.000000
489 0.000000
490 0.000000
491 0.000000
492 0.000000
493 0.000000
494 0.000000
495 0.000000
496 0.000000
497 0.000000
498 0.000000
499 0.000000
500 0.000000
