1 700860.024314
2 740240.546250
3 669566.392312
4 684455.770472
5 753322.740706
6 704398.110439
7 658259.869367
8 672496.163638
9 596352.534077
10 622274.743911
11 615241.722531
12 567407.159055
13 539569.046420
14 504134.100802
15 423987.046549
16 429293.513789
17 396038.258734
18 379426.239337
19 368029.920928
20 305924.715961
21 288019.166027
22 282099.219530
23 234316.167749
24 224573.942985
25 205521.467103
26 168221.335399
27 147638.596009
28 128942.826386
29 102288.916143
30 104076.222953
31 90170.192262
32 86597.860526
33 71610.006829
34 68237.080267
35 69031.865593
36 58257.692420
37 53354.561836
38 47267.594581
39 42050.752295
40 36010.213332
41 31950.962038
42 29664.376376
43 26961.003670
44 26590.770773
45 23891.209943
46 21419.123875
47 15377.102878
48 15075.051000
49 13560.118510
50 11974.291175
51 10407.291030
52 8835.119100
53 7462.237315
54 7265.659248
55 6351.986663
56 5441.045859
57 5097.638713
58 4140.107016
59 3371.595359
60 3102.398744
61 2515.723647
62 2025.215523
63 2055.509115
64 1712.441068
65 1499.946792
66 1316.777650
67 1106.768165
68 944.654499
69 774.135551
70 652.514096
71 596.006697
72 508.629757
73 417.856311
74 350.335866
75 281.716045
76 238.778910
77 197.887598
78 151.961654
79 139.729252
80 118.280788
81 101.714490
82 85.390028
83 77.031651
84 70.770790
85 59.969969
86 48.670702
87 43.346267
88 40.115633
89 28.919433
90 25.698280
91 23.550842
92 20.365714
93 15.552562
94 13.510836
95 12.271420
96 9.901081
97 8.816803
98 6.600493
99 6.183051
100 5.026685
101 4.604829
102 3.870551
103 3.057493
104 2.864092
105 2.349467
106 2.019240
107 1.658286
108 1.411917
109 1.229153
110 0.990037
111 0.855263
112 0.715972
113 0.657719
114 0.540118
115 0.451016
116 0.352459
117 0.329039
118 0.274842
119 0.233129
120 0.191266
121 0.168475
122 0.156376
123 0.140449
124 0.108571
125 0.093358
126 0.078710
127 0.067793
128 0.061324
129 0.049585
130 0.042002
131 0.034585
132 0.029211
133 0.024790
134 0.022055
135 0.018842
136 0.016556
137 0.013980
138 0.011956
139 0.010169
140 0.008289
141 0.007169
142 0.006049
143 0.005188
144 0.004434
145 0.003730
146 0.003026
147 0.002642
148 0.002432
149 0.002012
150 0.001690
151 0.001432
152 0.001303
153 0.001088
154 0.000921
155 0.000809
156 0.000669
157 0.000576
158 0.000530
159 0.000439
160 0.000374
161 0.000333
162 0.000284
163 0.000232
164 0.000185
165 0.000166
166 0.000152
167 0.000135
168 0.000118
169 0.000098
170 0.000093
171 0.000082
172 0.000069
173 0.000061
174 0.000052
175 0.000046
176 0.000038
177 0.000033
178 0.000029
179 0.000025
180 0.000022
181 0.000019
182 0.000016
183 0.000014
184 0.000012
185 0.000010
186 0.000009
187 0.000008
188 0.000007
189 0.000006
190 0.000005
191 0.000005
192 0.000004
193 0.000003
194 0.000003
195 0.000003
196 0.000002
197 0.000002
198 0.000002
199 0.000002
200 0.000001
201 0.000001
202 0.000001
203 0.000001
204 0.000001
205 0.000001
206 0.000001
207 0.000001
208 0.000000
209 0.000000
210 0.000000
211 0.000000
212 0.000000
213 0.000000
214 0.000000
215 0.000000
216 0.000000
217 0.000000
218 0.000000
219 0.000000
220 0.000000
221 0.000000
222 0.000000
223 0.000000
224 0.000000
225 0.000000
226 0.000000
227 0.000000
228 0.000000
229 0.000000
230 0.000000
231 0.000000
232 0.000000
233 0.000000
234 0.000000
235 0.000000
236 0.000000
237 0.000000
238 0.000000
239 0.000000
240 0.000000
241 0.000000
242 0.000000
243 0.000000
244 0.000000
245 0.000000
246 0.000000
247 0.000000
248 0.000000
249 0.000000
250 0.000000
251 0.000000
252 0.000000
253 0.000000
254 0.000000
255 0.000000
256 0.000000
257 0.000000
258 0.000000
259 0.000000
260 0.000000
261 0.000000
262 0.000000
263 0.000000
264 0.000000
265 0.000000
266 0.000000
267 0.000000
268 0.000000
269 0.000000
270 0.000000
271 0.000000
272 0.000000
273 0.000000
274 0.000000
275 0.000000
276 0.000000
277 0.000000
278 0.000000
279 0.000000
280 0.000000
281 0.000000
282 0.000000
283 0.000000
284 0.000000
285 0.000000
286 0.000000
287 0.000000
288 0.000000
289 0.000000
290 0.000000
291 0.000000
292 0.000000
293 0.000000
294 0.000000
295 0.000000
296 0.000000
297 0.000000
298 0.000000
299 0.000000
300 0.000000
301 0.000000
302 0.000000
303 0.000000
304 0.000000
305 0.000000
306 0.000000
307 0.000000
308 0.000000
309 0.000000
310 0.000000
311 0.000000
312 0.000000
313 0.000000
314 0.000000
315 0.000000
316 0.000000
317 0.000000
318 0.000000
319 0.000000
320 0.000000
321 0.000000
322 0.000000
323 0.000000
324 0.000000
325 0.000000
326 0.000000
327 0.000000
328 0.000000
329 0.000000
330 0.000000
331 0.000000
332 0.000000
333 0.000000
334 0.000000
335 0.000000
336 0.000000
337 0.000000
338 0.000000
339 0.000000
340 0.000000
341 0.000000
342 0.000000
343 0.000000
344 0.000000
345 0.000000
346 0.000000
347 0.000000
348 0.000000
349 0.000000
350 0.000000
351 0.000000
352 0.000000
353 0.000000
354 0.000000
355 0.000000
356 0.000000
357 0.000000
358 0.000000
359 0.000000
360 0.000000
361 0.000000
362 0.000000
363 0.000000
364 0.000000
365 0.000000
366 0.000000
367 0.000000
368 0.000000
369 0.000000
370 0.000000
371 0.000000
372 0.000000
373 0.000000
374 0.000000
375 0.000000
376 0.000000
377 0.000000
378 0.000000
379 0.000000
380 0.000000
381 0.000000
382 0.000000
383 0.000000
384 0.000000
385 0.000000
386 0.000000
387 0.000000
388 0.000000
389 0.000000
390 0.000000
391 0.000000
392 0.000000
393 0.000000
394 0.000000
395 0.000000
396 0.000000
397 0.000000
398 0.000000
399 0.000000
400 0.000000
401 0.000000
402 0.000000
403 0.000000
404 0.000000
405 0.000000
406 0.000000
407 0.000000
408 0.000000
409 0.000000
410 0.000000
411 0.000000
412 0.000000
413 0.000000
414 0.000000
415 0.000000
416 0.000000
417 0.000000
418 0.000000
419 0.000000
420 0.000000
421 0.000000
422 0.000000
423 0.000000
424 0.000000
425 0.000000
426 0.000000
427 0.000000
428 0.000000
429 0.000000
430 0.000000
431 0.000000
432 0.000000
433 0.000000
434 0.000000
435 0.000000
436 0.000000
437 0.000000
438 0.000000
439 0.000000
440 0.000000
441 0.000000
442 0.000000
443 0.000000
444 0.000000
445 0.000000
446 0.000000
447 0.000000
448 0.000000
449 0.000000
450 0.000000
451 0.000000
452 0.000000
453 0.000000
454 0.000000
455 0.000000
456 0.000000
457 0.000000
458 0.000000
459 0.000000
460 0.000000
461 0.000000
462 0.000000
463 0.000000
464 0.000000
465 0.000000
466 0.000000
467 0.000000
468 0.000000
469 0.000000
470 0.000000
471 0.000000
472 0.000000
473 0.000000
474 0.000000
475 0.000000
476 0.000000
477 0.000000
478 0.000000
479 0.000000
480 0.000000
481 0.000000
482 0.000000
483 0.000000
484 0.000000
485 0.000000
486 0.000000
487 0.000000
488 0.000000
489 0.000000
490 0.000000
491 0.000000
492 0.000000
493 0.000000
494 0.000000
495 0.000000
496 0.000000
497 0.000000
498 0.000000
499 0.000000
500 0.000000
1 714556.233887
2 710399.967499
3 700594.575760
4 664603.508955
5 727786.120179
6 722372.107396
7 640450.018048
8 600523.284019
9 604970.032580
10 560415.250013
11 537748.381048
12 559098.109127
13 512095.796672
14 429403.666156
15 383811.925037
16 367916.697818
17 313572.758704
18 291991.777805
19 293056.869682
20 283995.939253
21 247901.571263
22 235599.678044
23 201315.351164
24 184842.517363
25 156027.224137
26 163094.739046
27 139913.117707
28 117914.124823
29 120402.891229
30 94128.154658
31 100292.124824
32 85931.418820
33 79757.307431
34 73560.575193
35 65772.097194
36 66137.389397
37 55747.404333
38 49657.779261
39 42149.350976
40 42013.598435
41 34286.209991
42 32101.350337
43 30046.147409
44 27524.458803
45 22976.847636
46 19864.629808
47 17016.136235
48 14439.640582
49 13481.341340
50 11737.680433
51 9491.494305
52 7839.738114
53 6737.523666
54 6137.351393
55 5158.444827
56 4448.802906
57 3333.077183
58 2937.891705
59 2638.628604
60 2323.050927
61 2286.792898
62 1829.288639
63 1627.646900
64 1627.739428
65 1354.602084
66 1192.589554
67 1067.616857
68 925.644888
69 827.585028
70 786.885594
71 569.933917
72 440.939208
73 415.772491
74 347.454678
75 310.782252
76 258.829077
77 202.081642
78 173.535661
79 149.682445
80 123.657702
81 120.211266
82 101.257063
83 80.592548
84 79.407680
85 63.359878
86 55.325504
87 50.687542
88 41.243697
89 35.932604
90 30.266543
91 25.720888
92 21.630439
93 21.001439
94 17.613452
95 12.059458
96 11.738379
97 9.056671
98 7.892455
99 7.283973
100 5.919092
101 5.015625
102 4.372416
103 3.577512
104 2.890825
105 2.523567
106 2.304959
107 1.763979
108 1.647605
109 1.257308
110 1.128349
111 0.986229
112 0.788825
113 0.649677
114 0.570871
115 0.503441
116 0.423935
117 0.400246
118 0.312939
119 0.289332
120 0.252721
121 0.213333
122 0.182311
123 0.149638
124 0.114160
125 0.099006
126 0.087427
127 0.075810
128 0.068361
129 0.058882
130 0.048639
131 0.040945
132 0.034214
133 0.029082
134 0.025091
135 0.022358
136 0.019611
137 0.016413
138 0.013812
139 0.012173
140 0.010179
141 0.008355
142 0.007165
143 0.006414
144 0.005394
145 0.004575
146 0.003814
147 0.003243
148 0.002752
149 0.002278
150 0.002073
151 0.001844
152 0.001602
153 0.001332
154 0.001125
155 0.000998
156 0.000794
157 0.000677
158 0.000611
159 0.000515
160 0.000429
161 0.000379
162 0.000301
163 0.000280
164 0.000253
165 0.000189
166 0.000170
167 0.000151
168 0.000125
169 0.000114
170 0.000101
171 0.000086
172 0.000070
173 0.000063
174 0.000056
175 0.000046
176 0.000040
177 0.000033
178 0.000028
179 0.000024
180 0.000019
181 0.000018
182 0.000016
183 0.000013
184 0.000011
185 0.000010
186 0.000009
187 0.000007
188 0.000006
189 0.000005
190 0.000005
191 0.000004
192 0.000004
193 0.000003
194 0.000003
195 0.000002
196 0.000002
197 0.000002
198 0.000002
199 0.000001
200 0.000001
201 0.000001
202 0.000001
203 0.000001
204 0.000001
205 0.000001
206 0.000001
207 0.000000
208 0.000000
209 0.000000
210 0.000000
211 0.000000
212 0.000000
213 0.000000
214 0.000000
215 0.000000
216 0.000000
217 0.000000
218 0.000000
219 0.000000
220 0.000000
221 0.000000
222 0.000000
223 0.000000
224 0.000000
225 0.000000
226 0.000000
227 0.000000
228 0.000000
229 0.000000
230 0.000000
231 0.000000
232 0.000000
233 0.000000
234 0.000000
235 0.000000
236 0.000000
237 0.000000
238 0.000000
239 0.000000
240 0.000000
241 0.000000
242 0.000000
243 0.000000
244 0.000000
245 0.000000
246 0.000000
247 0.000000
248 0.000000
249 0.000000
250 0.000000
251 0.000000
252 0.000000
253 0.000000
254 0.000000
255 0.000000
256 0.000000
257 0.000000
258 0.000000
259 0.000000
260 0.000000
261 0.000000
262 0.000000
263 0.000000
264 0.000000
265 0.000000
266 0.000000
267 0.000000
268 0.000000
269 0.000000
270 0.000000
271 0.000000
272 0.000000
273 0.000000
274 0.000000
275 0.000000
276 0.000000
277 0.000000
278 0.000000
279 0.000000
280 0.000000
281 0.000000
282 0.000000
283 0.000000
284 0.000000
285 0.000000
286 0.000000
287 0.000000
288 0.000000
289 0.000000
290 0.000000
291 0.000000
292 0.000000
293 0.000000
294 0.000000
295 0.000000
296 0.000000
297 0.000000
298 0.000000
299 0.000000
300 0.000000
301 0.000000
302 0.000000
303 0.000000
304 0.000000
305 0.000000
306 0.000000
307 0.000000
308 0.000000
309 0.000000
310 0.000000
311 0.000000
312 0.000000
313 0.000000
314 0.000000
315 0.000000
316 0.000000
317 0.000000
318 0.000000
319 0.000000
320 0.000000
321 0.000000
322 0.000000
323 0.000000
324 0.000000
325 0.000000
326 0.000000
327 0.000000
328 0.000000
329 0.000000
330 0.000000
331 0.000000
332 0.000000
333 0.000000
334 0.000000
335 0.000000
336 0.000000
337 0.000000
338 0.000000
339 0.000000
340 0.000000
341 0.000000
342 0.000000
343 0.000000
344 0.000000
345 0.000000
346 0.000000
347 0.000000
348 0.000000
349 0.000000
350 0.000000
351 0.000000
352 0.000000
353 0.000000
354 0.000000
355 0.000000
356 0.000000
357 0.000000
358 0.000000
359 0.000000
360 0.000000
361 0.000000
362 0.000000
363 0.000000
364 0.000000
365 0.000000
366 0.000000
367 0.000000
368 0.000000
369 0.000000
370 0.000000
371 0.000000
372 0.000000
373 0.000000
374 0.000000
375 0.000000
376 0.000000
377 0.000000
378 0.000000
379 0.000000
380 0.000000
381 0.000000
382 0.000000
383 0.000000
384 0.000000
385 0.000000
386 0.000000
387 0.000000
388 0.000000
389 0.000000
390 0.000000
391 0.000000
392 0.000000
393 0.000000
394 0.000000
395 0.000000
396 0.000000
397 0.000000
398 0.000000
399 0.000000
400 0.000000
401 0.000000
402 0.000000
403 0.000000
404 0.000000
405 0.000000
406 0.000000
407 0.000000
408 0.000000
409 0.000000
410 0.000000
411 0.000000
412 0.000000
413 0.000000
414 0.000000
415 0.000000
416 0.000000
417 0.000000
418 0.000000
419 0.000000
420 0.000000
421 0.000000
422 0.000000
423 0.000000
424 0.000000
425 0.000000
426 0.000000
427 0.000000
428 0.000000
429 0.000000
430 0.000000
431 0.000000
432 0.000000
433 0.000000
434 0.000000
435 0.000000
436 0.000000
437 0.000000
438 0.000000
439 0.000000
440 0.000000
441 0.000000
442 0.000000
443 0.000000
444 0.000000
445 0.000000
446 0.000000
447 0.000000
448 0.000000
449 0.000000
450 0.000000
451 0.000000
452 0.000000
453 0.000000
454 0.000000
455 0.000000
456 0.000000
457 0.000000
458 0.000000
459 0.000000
460 0.000000
461 0.000000
462 0.000000
463 0.000000
464 0.000000
465 0.000000
466 0.000000
467 0.000000
468 0.000000
469 0.000000
470 0.000000
471 0.000000
472 0.000000
473 0.000000
474 0.000000
475 0.000000
476 0.000000
477 0.000000
478 0.000000
479 0.000000
480 0.000000
481 0.000000
482 0.000000
483 0.000000
484 0.000000
485 0.000000
486 0.000000
487 0.000000
488 0.000000
489 0.000000
490 0.000000
491 0.000000
492 0.000000
493 0.000000
494 0.000000
495 0.000000
496 0.000000
497 0.000000
498 0.000000
499 0.000000
500 0.000000
