1 inf
2 inf
3 inf
4 inf
5 inf
6 inf
7 inf
8 inf
9 inf
10 inf
11 inf
12 inf
13 inf
14 inf
15 inf
16 inf
17 inf
18 inf
19 inf
20 inf
21 inf
22 inf
23 inf
24 inf
25 inf
26 inf
27 inf
28 inf
29 inf
30 inf
31 inf
32 inf
33 inf
34 inf
35 inf
36 inf
37 inf
38 inf
39 inf
40 inf
41 inf
42 inf
43 inf
44 inf
45 inf
46 inf
47 inf
48 inf
49 inf
50 inf
51 329579264277463520606880399508510001949792610989342519186363566622522198080643335280959420207094640435517442238558334062805315112615932012807442664086181218966121808061879817298892310436903990059676343578603738975932112872453610947505828860552416292511797600600419691316541617164655281014805858467455172608.000000
52 909562287130087438998373514330223035326619845332786485216071547353566630928221103594077627423791026200752308238224777066952219178552034566107475433719070296511360601345765685027213907016582833153880946272239998055102945338082557866330902769013732843780518852413204986293387264.000000
53 102297693839317735904963074114648340397775272132704389890514155360959489441974532529019902764633001249931574395454124479771591775498244675649803338885789978636396797380630605311713859693111682740202663228329870246526076673752452637434386561105555641620584464384.000000
54 263406772994873839477177501050496659743644394049002677001508328876836999613198783895545999054711640113370681652756057526457838754163977932524521292735002522386105940656578700031917197595049993686719209316330806231328256457524846661220612177920.000000
55 13396435377884849602311283662440140975528399172533556330481235880491945314693218904765158172070794492394892070201995324686835666581356586918226583250889341811262995337637990962192107231503870613235292343761695138782950457344.000000
56 5956263958887234333278903387414473873912885303062373273287648425874539131726337270872801298372741030978325619754095127888578350907800275890531023575161249454105878878157194995681358581411004242263539712.000000
57 17128960551888075368634063531307951268311082305985571884042019478111464730809157747794908751344141245729860088015651742444790767203442274826888181984117640436413876189685539737654649683968.000000
58 48889294041587221721975714188520067650903540557078552077325140058182597360499515224754628433859892025011040099277207539728442213749037552788754728825471001892510454775808.000000
59 680351236007731381759007924540295453540873102570139902251235696978579887917644742702124332620774280175073428470314200873019325211927542671221025822212096.000000
60 7509966577773843194892335142994725884770876222286917224349001965846163315180558604074578069438803819210213609348189819563192467793129766912.000000
61 24383424353687833214778537674004629874074219762727853032930794268704411250893670118247613500108530433611678297492385955840.000000
62 1073522781941190070139367492371774094803145964251812635078953326188674846560595994505669246976.000000
63 62952383038813821681249400353436513990353475802993154524935898825290057816997888.000000
64 17896839316732461725117768975380991117479584395087220258090516480.000000
65 30477946606269548364946215955984931618816.000000
66 8648624400263915316550041600.000000
67 63698986.417885
68 10648.290592
69 8551.473412
70 7068.462760
71 5857.992030
72 5217.028520
73 4446.782548
74 3908.556686
75 3442.535642
76 3059.988448
77 2820.611498
78 2458.433652
79 2262.904820
80 1973.455157
81 1796.606271
82 1539.059112
83 1415.295773
84 1247.277696
85 1141.541802
86 1010.552258
87 929.831938
88 827.197674
89 763.240260
90 696.347529
91 626.180159
92 561.016705
93 509.673691
94 455.811626
95 412.716332
96 378.855925
97 346.582129
98 314.711521
99 286.698721
100 262.362181
101 239.541665
102 220.428153
103 199.784826
104 183.916490
105 169.947288
106 154.246195
107 139.325426
108 126.072335
109 114.817419
110 105.903861
111 92.915036
112 85.725384
113 78.352851
114 72.674793
115 64.612200
116 59.543360
117 53.786138
118 48.251087
119 44.394367
120 41.055263
121 38.279634
122 34.256503
123 31.338809
124 29.089895
125 26.029277
126 23.749201
127 21.812987
128 19.762372
129 17.870350
130 16.775204
131 15.408439
132 14.235435
133 13.162676
134 11.923958
135 10.925323
136 9.808966
137 8.999982
138 8.336758
139 7.686117
140 7.065765
141 6.515416
142 5.937017
143 5.489696
144 5.034227
145 4.638295
146 4.303433
147 3.967695
148 3.670969
149 3.447467
150 3.182507
151 2.979589
152 2.727260
153 2.468370
154 2.352513
155 2.172883
156 2.028916
157 1.871845
158 1.715264
159 1.597469
160 1.475471
161 1.370734
162 1.270419
163 1.176346
164 1.097433
165 1.025195
166 0.943843
167 0.874752
168 0.808473
169 0.757638
170 0.707479
171 0.663975
172 0.620962
173 0.577925
174 0.535329
175 0.497900
176 0.470327
177 0.444776
178 0.416734
179 0.390700
180 0.368766
181 0.345428
182 0.325662
183 0.304897
184 0.281296
185 0.267714
186 0.252635
187 0.235174
188 0.221437
189 0.211343
190 0.199521
191 0.189609
192 0.179778
193 0.167948
194 0.156805
195 0.146990
196 0.139439
197 0.130842
198 0.124293
199 0.118351
200 0.111688
201 0.103984
202 0.098040
203 0.094241
204 0.089119
205 0.083572
206 0.078986
207 0.075210
208 0.071398
209 0.067170
210 0.064373
211 0.060403
212 0.057803
213 0.054690
214 0.051754
215 0.049279
216 0.046935
217 0.044777
218 0.042708
219 0.040607
220 0.039169
221 0.037399
222 0.035543
223 0.033862
224 0.032408
225 0.030073
226 0.028960
227 0.027655
228 0.026441
229 0.025221
230 0.024224
231 0.023146
232 0.022289
233 0.021206
234 0.020438
235 0.019611
236 0.018850
237 0.018024
238 0.017332
239 0.016452
240 0.015866
241 0.015127
242 0.014500
243 0.013936
244 0.013422
245 0.012904
246 0.012422
247 0.011967
248 0.011481
249 0.011080
250 0.010696
251 0.010289
252 0.009937
253 0.009538
254 0.009224
255 0.008777
256 0.008452
257 0.008160
258 0.007792
259 0.007505
260 0.007249
261 0.006983
262 0.006796
263 0.006556
264 0.006282
265 0.006111
266 0.005917
267 0.005681
268 0.005525
269 0.005336
270 0.005161
271 0.004984
272 0.004822
273 0.004671
274 0.004514
275 0.004368
276 0.004247
277 0.004112
278 0.003987
279 0.003882
280 0.003762
281 0.003627
282 0.003519
283 0.003416
284 0.003319
285 0.003210
286 0.003125
287 0.003026
288 0.002945
289 0.002841
290 0.002771
291 0.002688
292 0.002612
293 0.002538
294 0.002470
295 0.002398
296 0.002320
297 0.002270
298 0.002209
299 0.002128
300 0.002074
301 0.002020
302 0.001966
303 0.001919
304 0.001870
305 0.001830
306 0.001773
307 0.001738
308 0.001686
309 0.001645
310 0.001610
311 0.001568
312 0.001534
313 0.001493
314 0.001453
315 0.001416
316 0.001384
317 0.001350
318 0.001325
319 0.001289
320 0.001261
321 0.001230
322 0.001200
323 0.001174
324 0.001145
325 0.001120
326 0.001096
327 0.001070
328 0.001045
329 0.001022
330 0.000999
331 0.000978
332 0.000960
333 0.000939
334 0.000918
335 0.000898
336 0.000879
337 0.000863
338 0.000847
339 0.000829
340 0.000811
341 0.000798
342 0.000780
343 0.000763
344 0.000746
345 0.000734
346 0.000720
347 0.000709
348 0.000696
349 0.000683
350 0.000672
351 0.000659
352 0.000646
353 0.000633
354 0.000624
355 0.000614
356 0.000604
357 0.000591
358 0.000581
359 0.000573
360 0.000564
361 0.000555
362 0.000544
363 0.000532
364 0.000524
365 0.000517
366 0.000507
367 0.000500
368 0.000491
369 0.000483
370 0.000476
371 0.000468
372 0.000462
373 0.000456
374 0.000448
375 0.000442
376 0.000436
377 0.000429
378 0.000424
379 0.000418
380 0.000412
381 0.000406
382 0.000400
383 0.000396
384 0.000389
385 0.000385
386 0.000380
387 0.000375
388 0.000371
389 0.000366
390 0.000362
391 0.000356
392 0.000352
393 0.000348
394 0.000344
395 0.000340
396 0.000337
397 0.000332
398 0.000329
399 0.000325
400 0.000321
401 0.000317
402 0.000314
403 0.000310
404 0.000307
405 0.000303
406 0.000300
407 0.000297
408 0.000293
409 0.000290
410 0.000287
411 0.000284
412 0.000281
413 0.000278
414 0.000275
415 0.000273
416 0.000270
417 0.000267
418 0.000264
419 0.000261
420 0.000259
421 0.000257
422 0.000255
423 0.000253
424 0.000251
425 0.000249
426 0.000246
427 0.000244
428 0.000242
429 0.000240
430 0.000238
431 0.000236
432 0.000234
433 0.000232
434 0.000231
435 0.000229
436 0.000227
437 0.000226
438 0.000225
439 0.000223
440 0.000221
441 0.000220
442 0.000218
443 0.000217
444 0.000216
445 0.000214
446 0.000213
447 0.000211
448 0.000210
449 0.000209
450 0.000208
451 0.000207
452 0.000206
453 0.000204
454 0.000203
455 0.000202
456 0.000201
457 0.000200
458 0.000199
459 0.000198
460 0.000197
461 0.000197
462 0.000196
463 0.000195
464 0.000194
465 0.000193
466 0.000193
467 0.000192
468 0.000191
469 0.000190
470 0.000190
471 0.000189
472 0.000189
473 0.000188
474 0.000187
475 0.000187
476 0.000186
477 0.000186
478 0.000185
479 0.000185
480 0.000185
481 0.000184
482 0.000184
483 0.000184
484 0.000183
485 0.000183
486 0.000183
487 0.000182
488 0.000182
489 0.000182
490 0.000182
491 0.000181
492 0.000181
493 0.000181
494 0.000181
495 0.000181
496 0.000181
497 0.000181
498 0.000181
499 0.000181
500 0.000181
