1 inf
2 inf
3 inf
4 inf
5 inf
6 inf
7 inf
8 inf
9 14596734282544565537742322246124262829713417665345816186736781193217330703914347913717719190146080406429864139763797841304736242295144797742855984316678372328749982034295477417911530709383458849577011603582725443459851174565596589225557199889326144728526548598826627583653447474367815825194674248963063808.000000
10 8308556341120196835422009930341089940604533436503435658143518031259795369099730106874352929941790956757778865208581732659734794256339662717365060453381838332496083841678912340045220660900182406115769543805852149164428103721618115384182593229599222530048.000000
11 436220972344841208731015793379235962038389264469251166214240503355969188090278835649339420151069454752659809569894111804902580340743623496479116539492307324176420676425330971690780537651200.000000
12 45352024880492230140461938420984139019600319486319962583980144518158458018945338979786955496465047113169186764743563003853257168392144140894208.000000
13 9015178407363879725744308838198272235032649718064682102676815501259634818084769890304.000000
14 814027764164181430078445576926527488.000000
15 6730.625865
16 6413.137449
17 4749.520529
18 4353.110577
19 4399.881752
20 3775.768939
21 3948.341428
22 4064.356545
23 3205.438515
24 2853.096159
25 2643.554496
26 2435.393128
27 2179.380453
28 1803.395951
29 2125.520363
30 1846.065472
31 1505.506785
32 1488.403291
33 1501.193061
34 1322.299225
35 1206.750449
36 983.449671
37 994.573898
38 969.879706
39 719.691112
40 689.269503
41 654.580017
42 554.587414
43 502.511889
44 439.926390
45 361.084592
46 378.293348
47 324.023415
48 296.362959
49 256.146160
50 197.467869
51 171.136429
52 136.578056
53 101.126805
54 90.434872
55 73.859506
56 60.174302
57 57.593676
58 50.060084
59 56.518307
60 47.493644
61 45.047241
62 36.258896
63 34.631555
64 27.903154
65 27.086609
66 22.786994
67 20.834987
68 19.707435
69 16.647234
70 15.467332
71 13.680863
72 12.270669
73 11.160473
74 10.773824
75 10.139151
76 7.677585
77 6.582750
78 6.736620
79 5.820994
80 5.151876
81 4.959359
82 4.567415
83 3.764965
84 3.482265
85 2.912584
86 2.540760
87 2.312381
88 2.308492
89 1.920546
90 1.605988
91 1.463169
92 1.354656
93 1.291188
94 1.075985
95 0.966731
96 0.880473
97 0.807233
98 0.758886
99 0.672892
100 0.585980
101 0.561326
102 0.501661
103 0.439223
104 0.403412
105 0.351778
106 0.298531
107 0.262049
108 0.241522
109 0.217634
110 0.203972
111 0.181821
112 0.164371
113 0.139721
114 0.137897
115 0.129246
116 0.115306
117 0.104609
118 0.085844
119 0.075911
120 0.071420
121 0.066672
122 0.056579
123 0.051632
124 0.048217
125 0.042457
126 0.038283
127 0.034522
128 0.031521
129 0.029791
130 0.024340
131 0.023711
132 0.020783
133 0.018969
134 0.016928
135 0.015190
136 0.013563
137 0.012491
138 0.011163
139 0.009773
140 0.008902
141 0.007978
142 0.006904
143 0.006244
144 0.005690
145 0.004769
146 0.003958
147 0.003653
148 0.003304
149 0.003064
150 0.002727
151 0.002501
152 0.002124
153 0.001927
154 0.001821
155 0.001618
156 0.001428
157 0.001231
158 0.001069
159 0.000943
160 0.000825
161 0.000727
162 0.000633
163 0.000558
164 0.000493
165 0.000427
166 0.000392
167 0.000348
168 0.000310
169 0.000278
170 0.000233
171 0.000207
172 0.000191
173 0.000159
174 0.000133
175 0.000112
176 0.000100
177 0.000085
178 0.000077
179 0.000066
180 0.000059
181 0.000051
182 0.000043
183 0.000037
184 0.000033
185 0.000027
186 0.000023
187 0.000020
188 0.000017
189 0.000015
190 0.000013
191 0.000011
192 0.000010
193 0.000008
194 0.000007
195 0.000006
196 0.000005
197 0.000004
198 0.000004
199 0.000003
200 0.000003
201 0.000002
202 0.000002
203 0.000002
204 0.000001
205 0.000001
206 0.000001
207 0.000001
208 0.000001
209 0.000001
210 0.000001
211 0.000001
212 0.000000
213 0.000000
214 0.000000
215 0.000000
216 0.000000
217 0.000000
218 0.000000
219 0.000000
220 0.000000
221 0.000000
222 0.000000
223 0.000000
224 0.000000
225 0.000000
226 0.000000
227 0.000000
228 0.000000
229 0.000000
230 0.000000
231 0.000000
232 0.000000
233 0.000000
234 0.000000
235 0.000000
236 0.000000
237 0.000000
238 0.000000
239 0.000000
240 0.000000
241 0.000000
242 0.000000
243 0.000000
244 0.000000
245 0.000000
246 0.000000
247 0.000000
248 0.000000
249 0.000000
250 0.000000
251 0.000000
252 0.000000
253 0.000000
254 0.000000
255 0.000000
256 0.000000
257 0.000000
258 0.000000
259 0.000000
260 0.000000
261 0.000000
262 0.000000
263 0.000000
264 0.000000
265 0.000000
266 0.000000
267 0.000000
268 0.000000
269 0.000000
270 0.000000
271 0.000000
272 0.000000
273 0.000000
274 0.000000
275 0.000000
276 0.000000
277 0.000000
278 0.000000
279 0.000000
280 0.000000
281 0.000000
282 0.000000
283 0.000000
284 0.000000
285 0.000000
286 0.000000
287 0.000000
288 0.000000
289 0.000000
290 0.000000
291 0.000000
292 0.000000
293 0.000000
294 0.000000
295 0.000000
296 0.000000
297 0.000000
298 0.000000
299 0.000000
300 0.000000
301 0.000000
302 0.000000
303 0.000000
304 0.000000
305 0.000000
306 0.000000
307 0.000000
308 0.000000
309 0.000000
310 0.000000
311 0.000000
312 0.000000
313 0.000000
314 0.000000
315 0.000000
316 0.000000
317 0.000000
318 0.000000
319 0.000000
320 0.000000
321 0.000000
322 0.000000
323 0.000000
324 0.000000
325 0.000000
326 0.000000
327 0.000000
328 0.000000
329 0.000000
330 0.000000
331 0.000000
332 0.000000
333 0.000000
334 0.000000
335 0.000000
336 0.000000
337 0.000000
338 0.000000
339 0.000000
340 0.000000
341 0.000000
342 0.000000
343 0.000000
344 0.000000
345 0.000000
346 0.000000
347 0.000000
348 0.000000
349 0.000000
350 0.000000
351 0.000000
352 0.000000
353 0.000000
354 0.000000
355 0.000000
356 0.000000
357 0.000000
358 0.000000
359 0.000000
360 0.000000
361 0.000000
362 0.000000
363 0.000000
364 0.000000
365 0.000000
366 0.000000
367 0.000000
368 0.000000
369 0.000000
370 0.000000
371 0.000000
372 0.000000
373 0.000000
374 0.000000
375 0.000000
376 0.000000
377 0.000000
378 0.000000
379 0.000000
380 0.000000
381 0.000000
382 0.000000
383 0.000000
384 0.000000
385 0.000000
386 0.000000
387 0.000000
388 0.000000
389 0.000000
390 0.000000
391 0.000000
392 0.000000
393 0.000000
394 0.000000
395 0.000000
396 0.000000
397 0.000000
398 0.000000
399 0.000000
400 0.000000
401 0.000000
402 0.000000
403 0.000000
404 0.000000
405 0.000000
406 0.000000
407 0.000000
408 0.000000
409 0.000000
410 0.000000
411 0.000000
412 0.000000
413 0.000000
414 0.000000
415 0.000000
416 0.000000
417 0.000000
418 0.000000
419 0.000000
420 0.000000
421 0.000000
422 0.000000
423 0.000000
424 0.000000
425 0.000000
426 0.000000
427 0.000000
428 0.000000
429 0.000000
430 0.000000
431 0.000000
432 0.000000
433 0.000000
434 0.000000
435 0.000000
436 0.000000
437 0.000000
438 0.000000
439 0.000000
440 0.000000
441 0.000000
442 0.000000
443 0.000000
444 0.000000
445 0.000000
446 0.000000
447 0.000000
448 0.000000
449 0.000000
450 0.000000
451 0.000000
452 0.000000
453 0.000000
454 0.000000
455 0.000000
456 0.000000
457 0.000000
458 0.000000
459 0.000000
460 0.000000
461 0.000000
462 0.000000
463 0.000000
464 0.000000
465 0.000000
466 0.000000
467 0.000000
468 0.000000
469 0.000000
470 0.000000
471 0.000000
472 0.000000
473 0.000000
474 0.000000
475 0.000000
476 0.000000
477 0.000000
478 0.000000
479 0.000000
480 0.000000
481 0.000000
482 0.000000
483 0.000000
484 0.000000
485 0.000000
486 0.000000
487 0.000000
488 0.000000
489 0.000000
490 0.000000
491 0.000000
492 0.000000
493 0.000000
494 0.000000
495 0.000000
496 0.000000
497 0.000000
498 0.000000
499 0.000000
500 0.000000
