1 inf
2 inf
3 inf
4 inf
5 inf
6 inf
7 inf
8 inf
9 inf
10 inf
11 inf
12 inf
13 inf
14 14726904733495238270928752921701483893640746429007272764002938225542413066356106695693706655922111956826359972661741560920376676384148923586551518407853581576125472994483670531344943874804345257457599289978802511738958627075815966649974342042110864413693604706433053471428690588764228585804778597125126619136.000000
15 2671180825777618692324144103785428238652712105695598843578634037472990924901636286442974594379783585062685457232006699577840213328562243470595282582299729801093647049986085145556074663380021876996449536601631075591768685278756621809391006853931755794511981850666600973024815419954297398139646115840.000000
16 51396374187926223513301731453995576399238939554945244217507075438899739730810229399698748054265571476320576847294603968089985308808398713393110584423923141275768006408172618328792020554178399701455574394906424813669930012743399008193966983375502638392490409139798653386170536120287232.000000
17 33216174994302126790518545227452815707668330147580914386163756420887823093968775731276632935930468416465587755190269888836671470334663473651691282242218681995852843238490219409942525426294637979623787028495661065252051473804120869228206303455460847823187750930087936.000000
18 328781559355743925974310268136855394966404182433630904581537268485897534500378539187939551805623906933746025610984465441085559959841753421457743217911285205739531360008917969360318384025575962509258197291076678830390810105759169294900551597017114602634106372096.000000
19 5730122108556322448930053766369163676066330564228220844343455507682166954978887770778983683412738613863387512192046097641548490251248347154849898585926200623508956018135772749121814955131363021374424632042564488893861488441665094287332290385205518139392.000000
20 830529368818923350120595741685198457471825399336960967200105961305246596074343639386456298234248751285579674287367922204307120861593855111785979327595746836990593521627378388697195580957762213916700323723783693292390858137337397867845116755968.000000
21 598499489293579990712838985401785754891126346928492738272767666067473223767372172550738061083713735557826931429925884887418514795168991103759010589568258162912358362920769679019040621096404969522332392562995118976011793098613043606061056.000000
22 1236992164083909260349359656047915115975474434160919494330114505145921095544824211293206378763214763869270888014726127137546464710721099886083348196226092722852400312999760730619019713853897182279013869764833438799748675760291840.000000
23 107773851484499095047163879160559531511042389627899816389654704913828940954016521908070766247362985789758845582288501061858955411050801037289412179131136160044416763606503571156314909469273632748091156302493642849755888353280.000000
24 268026814142532497147133198186584958166506054776909991436323510165725978626998294709958038008337567881072488504591748822565196931878952759018733914776619375194462747759824126652423987410444214588853019559703271887077376.000000
25 3381156716135856990408441363944473419633643216036602644867285411942350758175197558245348907265647548726434071308123662654723216041833723179087606644025996063124477854387206056441400795527757692430877936582656.000000
26 14124514560157259511135521646618379284977149333769947702943407203897560075209543442354427778594870343501653908223649985870168989430504659116290194634889439178866660977659687900842425883970956164888877072384.000000
27 18082247084105561743224831000771875944078236809058738418018316079308720289522698595953764045940125486831407386942313950423706237587414233865928362210113192885720655110027184485862017050287146746773504.000000
28 8687583674856346273162388678458026193297501827899919213860805889363411882780098135581748329847341803326279078103452344762639478157853524409368077952520600517476923861016958319223709368320.000000
29 126280962399258322996997392807323335598125076977686747694729223652668223431230081596556253954026150662077493606109957993198135892099609919093957184862062143258690938777990793789440.000000
30 1922700314094650341577508435496240623964801151085767498438368220183033655868505624082336888265925312398023502959355500749621015281146207896271002078705517505796764531163136.000000
31 179414152412462157489785748670911468559887771896156302574118492828007501924408459923514460901470252574883059889356727642636329456832535137185449561106920794750976.000000
32 458159528768956003045509983405991046561255358313954391433382286362423920793808441641638014633373748098451790243436740164031061735674547088599071850496.000000
33 437267916410446047532355863299349157880562575036930341501630347688384386879873728600121320936371690072923819323655461531066393513695088740401152.000000
34 230355749389385244424253797917269178094493855208459206715737379038644187982933303940048615257347100137304352193651127583426740224.000000
35 288610328632792694282002798420950914740807148143720357171432041771105131906242412097952421238916326192488164437870778515456.000000
36 185281090760693198255591561426642332328858740604747187586530357390761956316792566110487162675693501912150859317248.000000
37 7054402847154929334018610517632765589603792782782554051037479133484528560369275906387183174791964609948418048.000000
38 245395164979429410357530449741528694787663341069567292159817390756319276588658197721983746048.000000
39 326094540587581857381998272555296694448472820702348621440857806076191881045859106816.000000
40 630222394598328488280710263361027482915625158194672649056026237603267215360.000000
41 2169960811218718249579869526720199898435944860650825363256871441399808.000000
42 766575614533247291310634466147559665295840349327058973778509824.000000
43 11608517570366301986778755124669295453362232148954710016.000000
44 91675755513800329909124802411492749364435594772480.000000
45 382691335120999722784361462946887309983744.000000
46 1430281138219878956317957181931520.000000
47 26739858383416336580608.000000
48 8755541754688113.000000
49 5089498604881.222656
50 4220.159428
51 3416.734663
52 2834.970544
53 2228.845477
54 1962.369727
55 1601.695145
56 1378.657737
57 1085.971254
58 992.907011
59 776.059611
60 722.773492
61 636.859328
62 575.242563
63 511.703656
64 447.045355
65 412.725603
66 376.618443
67 321.728671
68 287.843344
69 241.478747
70 211.274694
71 187.680555
72 159.523131
73 137.784352
74 117.149617
75 108.529226
76 95.029072
77 85.395943
78 75.870043
79 69.061393
80 57.662694
81 52.219215
82 46.521391
83 41.464073
84 38.325763
85 33.233993
86 29.789412
87 26.275315
88 23.108526
89 21.024309
90 17.838347
91 16.835534
92 15.058758
93 13.275915
94 12.135748
95 10.484564
96 9.369031
97 8.369806
98 7.448841
99 6.566970
100 5.840930
101 5.213174
102 4.597206
103 4.039821
104 3.878885
105 3.516820
106 3.106480
107 2.723737
108 2.539415
109 2.227788
110 1.971073
111 1.779912
112 1.604971
113 1.416539
114 1.360827
115 1.201283
116 1.103088
117 0.981367
118 0.863687
119 0.806502
120 0.712419
121 0.627296
122 0.564708
123 0.509466
124 0.448566
125 0.382769
126 0.357237
127 0.310209
128 0.286737
129 0.252522
130 0.227013
131 0.204959
132 0.180696
133 0.163267
134 0.147808
135 0.129225
136 0.113476
137 0.104362
138 0.092408
139 0.080577
140 0.072526
141 0.063955
142 0.054851
143 0.050171
144 0.044385
145 0.039680
146 0.035059
147 0.031761
148 0.028949
149 0.024462
150 0.021626
151 0.020267
152 0.018294
153 0.015892
154 0.014331
155 0.013081
156 0.011991
157 0.010790
158 0.009895
159 0.008878
160 0.008406
161 0.007511
162 0.006928
163 0.006324
164 0.005795
165 0.005347
166 0.004928
167 0.004459
168 0.004108
169 0.003771
170 0.003464
171 0.003169
172 0.002826
173 0.002616
174 0.002383
175 0.002231
176 0.002057
177 0.001896
178 0.001678
179 0.001544
180 0.001428
181 0.001326
182 0.001225
183 0.001113
184 0.001028
185 0.000920
186 0.000862
187 0.000800
188 0.000737
189 0.000675
190 0.000624
191 0.000576
192 0.000532
193 0.000480
194 0.000443
195 0.000403
196 0.000384
197 0.000358
198 0.000331
199 0.000307
200 0.000281
201 0.000262
202 0.000244
203 0.000221
204 0.000199
205 0.000191
206 0.000177
207 0.000164
208 0.000153
209 0.000142
210 0.000132
211 0.000123
212 0.000117
213 0.000107
214 0.000100
215 0.000092
216 0.000086
217 0.000080
218 0.000075
219 0.000070
220 0.000066
221 0.000062
222 0.000058
223 0.000054
224 0.000051
225 0.000048
226 0.000046
227 0.000042
228 0.000040
229 0.000037
230 0.000035
231 0.000033
232 0.000031
233 0.000029
234 0.000028
235 0.000026
236 0.000025
237 0.000023
238 0.000022
239 0.000021
240 0.000019
241 0.000018
242 0.000017
243 0.000016
244 0.000015
245 0.000014
246 0.000013
247 0.000013
248 0.000012
249 0.000011
250 0.000011
251 0.000010
252 0.000010
253 0.000009
254 0.000009
255 0.000008
256 0.000008
257 0.000007
258 0.000007
259 0.000007
260 0.000006
261 0.000006
262 0.000006
263 0.000006
264 0.000005
265 0.000005
266 0.000005
267 0.000005
268 0.000004
269 0.000004
270 0.000004
271 0.000004
272 0.000003
273 0.000003
274 0.000003
275 0.000003
276 0.000003
277 0.000003
278 0.000003
279 0.000003
280 0.000002
281 0.000002
282 0.000002
283 0.000002
284 0.000002
285 0.000002
286 0.000002
287 0.000002
288 0.000002
289 0.000002
290 0.000002
291 0.000002
292 0.000002
293 0.000001
294 0.000001
295 0.000001
296 0.000001
297 0.000001
298 0.000001
299 0.000001
300 0.000001
301 0.000001
302 0.000001
303 0.000001
304 0.000001
305 0.000001
306 0.000001
307 0.000001
308 0.000001
309 0.000001
310 0.000001
311 0.000001
312 0.000001
313 0.000001
314 0.000001
315 0.000001
316 0.000001
317 0.000001
318 0.000001
319 0.000001
320 0.000001
321 0.000001
322 0.000001
323 0.000001
324 0.000000
325 0.000000
326 0.000000
327 0.000000
328 0.000000
329 0.000000
330 0.000000
331 0.000000
332 0.000000
333 0.000000
334 0.000000
335 0.000000
336 0.000000
337 0.000000
338 0.000000
339 0.000000
340 0.000000
341 0.000000
342 0.000000
343 0.000000
344 0.000000
345 0.000000
346 0.000000
347 0.000000
348 0.000000
349 0.000000
350 0.000000
351 0.000000
352 0.000000
353 0.000000
354 0.000000
355 0.000000
356 0.000000
357 0.000000
358 0.000000
359 0.000000
360 0.000000
361 0.000000
362 0.000000
363 0.000000
364 0.000000
365 0.000000
366 0.000000
367 0.000000
368 0.000000
369 0.000000
370 0.000000
371 0.000000
372 0.000000
373 0.000000
374 0.000000
375 0.000000
376 0.000000
377 0.000000
378 0.000000
379 0.000000
380 0.000000
381 0.000000
382 0.000000
383 0.000000
384 0.000000
385 0.000000
386 0.000000
387 0.000000
388 0.000000
389 0.000000
390 0.000000
391 0.000000
392 0.000000
393 0.000000
394 0.000000
395 0.000000
396 0.000000
397 0.000000
398 0.000000
399 0.000000
400 0.000000
401 0.000000
402 0.000000
403 0.000000
404 0.000000
405 0.000000
406 0.000000
407 0.000000
408 0.000000
409 0.000000
410 0.000000
411 0.000000
412 0.000000
413 0.000000
414 0.000000
415 0.000000
416 0.000000
417 0.000000
418 0.000000
419 0.000000
420 0.000000
421 0.000000
422 0.000000
423 0.000000
424 0.000000
425 0.000000
426 0.000000
427 0.000000
428 0.000000
429 0.000000
430 0.000000
431 0.000000
432 0.000000
433 0.000000
434 0.000000
435 0.000000
436 0.000000
437 0.000000
438 0.000000
439 0.000000
440 0.000000
441 0.000000
442 0.000000
443 0.000000
444 0.000000
445 0.000000
446 0.000000
447 0.000000
448 0.000000
449 0.000000
450 0.000000
451 0.000000
452 0.000000
453 0.000000
454 0.000000
455 0.000000
456 0.000000
457 0.000000
458 0.000000
459 0.000000
460 0.000000
461 0.000000
462 0.000000
463 0.000000
464 0.000000
465 0.000000
466 0.000000
467 0.000000
468 0.000000
469 0.000000
470 0.000000
471 0.000000
472 0.000000
473 0.000000
474 0.000000
475 0.000000
476 0.000000
477 0.000000
478 0.000000
479 0.000000
480 0.000000
481 0.000000
482 0.000000
483 0.000000
484 0.000000
485 0.000000
486 0.000000
487 0.000000
488 0.000000
489 0.000000
490 0.000000
491 0.000000
492 0.000000
493 0.000000
494 0.000000
495 0.000000
496 0.000000
497 0.000000
498 0.000000
499 0.000000
500 0.000000
1 inf
2 inf
3 inf
4 inf
5 inf
6 inf
7 inf
8 inf
9 inf
10 inf
11 inf
12 inf
13 inf
14 inf
15 55230733789123418197834463335061236835297646626886069111607127938330172493248138819711459267175386155237705683570057164678079439744726228067356385329110578962701088170325920437268398730553689187749564163761524152761675622473719827683249662635818146192315799303083375238897917155285439134150594484106971578368.000000
16 100893578313418917804402654973809026231401003312681784700353541362109010525972474919180702009230541641303262397220843091927918193698219585078865978849607922102236499644086787661881251609927220621499574403435843942014748668163444545461056899603704702652620133074028873376303585200020652921192448.000000
17 1456111359497134597193531985584868168803463964388189703120499261370191254264882681559284628402172782822556146975594428977645854854016963859011428260927781751883222277207168927766938720554039325230544417544373757311764632433385247986198963779527276026053577569733704729796102296961024.000000
18 307683253228830607505647824658980756901053635510696114585421049649427596052103699952486905659140265854403192124737042693165953188402286579130916178979865091505955883341671301519335527356076205719281883362673178255121252460509319001236370721553530463752644548473389056.000000
19 360300907338092152323004831455688252748459609363985536460833631287696092433509662210100603909995974150554027126695264954898128404511400905307065001661464874922194486979140098044896502012902646655156750869027405000863132686978053844673556712941934580047282176.000000
20 212762326369676317002451575468567714629947128861696661048960591933729430010385761830267516678619466255026653955967439522910165130452060144176707873305403873367544198146731055766600682795617974989383060487784337375955195797827809734929266165302689792.000000
21 14071334628962553589981383436479113736127908658851946101706189823627850139701839441758380980023175680900399285466725005454440990515909422114040299437431434023980766921661657667521382047972948932022641142271059275490647943670107182498578432000.000000
22 1180252004163769152207771245640863292550331653771029639838235672908505372034506912762779930892408824290100959327190538385519657201729084600497346493500748772297043749784656458705497302298563203186220775981358850234297982573217766996705280.000000
23 1617801940122961938841700599302914057616030585466174637456355695003767402552474567806232130782197805716212817856799997032292297053491482806454492638038572213242645117261220155503344381623822919674722340130807104474617692456747008.000000
24 25853629341822063564562782430505820493459101539270223631006526557157181539402073726999146240369714209916062263881286743013919078827060843471022076802991129773894202569326831896255881900617508335840322640978101211481767936.000000
25 661125235995462242679037646016040113650353183868982058233822095738348561485405917711611616024328853287223276155233269433431135199575997821346479664342127765802544369298771887750599394695905593397104912479889129472.000000
26 2263025775918428183711332588324080069247711538192062338863791641575097841748480664523623146961213192727856943010907820777502864102618733304382795701223587269673921913184256763159449496709423888833784955535360.000000
27 17886473849937768128757325337826648097593374461019567763093207853932158475978378596690876661811094610322248785582576001987537261635205358971138760751884151450135385977477615622685044217125689501815930880.000000
28 74047236878001835621117367477277905882455916577232022987521758903795142683712435365624697328545716531929249186501108106770995933530650050331420929753880342140104445729733098641333152653508608.000000
29 28030463884717948945105761808788400033096716996585626446419757704175843759499365544051592845880127498230301694548675089812416945737554841815781673090283933242156317794106130890227712.000000
30 6241418669607988803299734245243100475068783417503770039515073977335207475509294251663436980641978500899523156338080240935495768026753106071342987461970125113537721740034048.000000
31 41535308101853568015908436266425654229211158858056869625608959853275883718282192036165193847122396559839781354220154297021287005551224873844231200508342336434995200.000000
32 2688287174205362296349389795295914714445376975841070647474276396848766063105865353412905012722662238049106733756842155229262692214934612890615355149385728.000000
33 1571366696895370081063010685138940607397219572614075278624649615166705042360332707272494515880790782796119004523616703373533332148886450474401660928.000000
34 2493435178204603838116557986461027761436093315970633296269402758215097180507394903275579145831688712115046021205795467079948148107789729792.000000
35 9442951171346675930573840167332322370364132426843660884439937879781729869619919676386918125602092462837044761242591383905107968.000000
36 2784492343965846381175919084070452370252286554150520069134166784770786039563729348720180680920410785748443375433857105920.000000
37 57385225428443212171468762014562869363460611671910517543429830715655066975136813888737779754445022048693518336.000000
38 79450026868534159587794856456207806264497518569478571654800574920816843643293568962618055458816.000000
39 5085200595997039823546682311109421018096706789988678964072955865304195355472416434231967744.000000
40 66822960995177147852512222827432389593192498724519545197047523416447048938305603239936.000000
41 69153733689612675171641118570324811240049985964945702453106401102266368.000000
42 563626359058844914965310127787258713060517934548111882071310336.000000
43 67561445616248773570705147508980769586854070583296.000000
44 259358242568213852683681952378537270686253056.000000
45 506988676885401654942050513621876736.000000
46 121398467873834978248753152.000000
47 715639331239775488.000000
48 16636.730598
49 7707.748787
50 4224.573408
51 2675.901879
52 2216.240784
53 1953.414002
54 1672.999073
55 1466.974615
56 1270.682043
57 1107.632885
58 969.331276
59 814.001721
60 731.630467
61 651.756252
62 559.977077
63 523.461128
64 477.338364
65 401.123144
66 357.424214
67 324.015145
68 274.324916
69 238.659035
70 212.754246
71 191.704837
72 164.074676
73 146.083689
74 132.937196
75 113.958616
76 100.344586
77 90.122222
78 80.917804
79 70.636255
80 63.327991
81 53.726905
82 49.557441
83 42.887171
84 37.860589
85 33.785017
86 28.627365
87 25.475883
88 22.803191
89 20.395813
90 18.687824
91 16.042739
92 14.080602
93 12.203481
94 11.178287
95 9.947552
96 8.607927
97 7.833014
98 6.889182
99 6.228753
100 5.747687
101 5.301240
102 4.607640
103 4.054565
104 3.732763
105 3.316730
106 3.018916
107 2.659333
108 2.330877
109 2.091733
110 1.879719
111 1.642464
112 1.489573
113 1.412198
114 1.278944
115 1.155516
116 1.026596
117 0.912152
118 0.815925
119 0.728841
120 0.626575
121 0.582961
122 0.527702
123 0.490620
124 0.428086
125 0.392693
126 0.355784
127 0.314399
128 0.283793
129 0.257768
130 0.220446
131 0.194078
132 0.177636
133 0.160744
134 0.146340
135 0.129567
136 0.119181
137 0.107986
138 0.098436
139 0.084939
140 0.075384
141 0.068449
142 0.061931
143 0.056174
144 0.050015
145 0.044806
146 0.039473
147 0.034468
148 0.030405
149 0.027666
150 0.025054
151 0.022065
152 0.019927
153 0.017728
154 0.016227
155 0.014953
156 0.013731
157 0.012555
158 0.011269
159 0.010061
160 0.008922
161 0.008159
162 0.007287
163 0.006484
164 0.005913
165 0.005307
166 0.004821
167 0.004412
168 0.003908
169 0.003667
170 0.003296
171 0.003039
172 0.002645
173 0.002473
174 0.002227
175 0.001952
176 0.001812
177 0.001681
178 0.001537
179 0.001422
180 0.001295
181 0.001211
182 0.001115
183 0.001027
184 0.000937
185 0.000856
186 0.000781
187 0.000716
188 0.000666
189 0.000615
190 0.000563
191 0.000519
192 0.000466
193 0.000422
194 0.000401
195 0.000366
196 0.000341
197 0.000316
198 0.000289
199 0.000268
200 0.000249
201 0.000226
202 0.000214
203 0.000200
204 0.000184
205 0.000169
206 0.000157
207 0.000146
208 0.000135
209 0.000126
210 0.000117
211 0.000108
212 0.000100
213 0.000093
214 0.000085
215 0.000080
216 0.000075
217 0.000070
218 0.000065
219 0.000060
220 0.000057
221 0.000053
222 0.000050
223 0.000046
224 0.000044
225 0.000041
226 0.000039
227 0.000036
228 0.000033
229 0.000032
230 0.000030
231 0.000028
232 0.000026
233 0.000025
234 0.000023
235 0.000022
236 0.000020
237 0.000019
238 0.000018
239 0.000017
240 0.000016
241 0.000015
242 0.000014
243 0.000013
244 0.000013
245 0.000012
246 0.000011
247 0.000011
248 0.000010
249 0.000009
250 0.000009
251 0.000009
252 0.000008
253 0.000008
254 0.000007
255 0.000007
256 0.000006
257 0.000006
258 0.000006
259 0.000006
260 0.000005
261 0.000005
262 0.000005
263 0.000005
264 0.000004
265 0.000004
266 0.000004
267 0.000004
268 0.000003
269 0.000003
270 0.000003
271 0.000003
272 0.000003
273 0.000003
274 0.000003
275 0.000002
276 0.000002
277 0.000002
278 0.000002
279 0.000002
280 0.000002
281 0.000002
282 0.000002
283 0.000002
284 0.000002
285 0.000002
286 0.000002
287 0.000001
288 0.000001
289 0.000001
290 0.000001
291 0.000001
292 0.000001
293 0.000001
294 0.000001
295 0.000001
296 0.000001
297 0.000001
298 0.000001
299 0.000001
300 0.000001
301 0.000001
302 0.000001
303 0.000001
304 0.000001
305 0.000001
306 0.000001
307 0.000001
308 0.000001
309 0.000001
310 0.000001
311 0.000001
312 0.000001
313 0.000001
314 0.000001
315 0.000001
316 0.000001
317 0.000000
318 0.000000
319 0.000000
320 0.000000
321 0.000000
322 0.000000
323 0.000000
324 0.000000
325 0.000000
326 0.000000
327 0.000000
328 0.000000
329 0.000000
330 0.000000
331 0.000000
332 0.000000
333 0.000000
334 0.000000
335 0.000000
336 0.000000
337 0.000000
338 0.000000
339 0.000000
340 0.000000
341 0.000000
342 0.000000
343 0.000000
344 0.000000
345 0.000000
346 0.000000
347 0.000000
348 0.000000
349 0.000000
350 0.000000
351 0.000000
352 0.000000
353 0.000000
354 0.000000
355 0.000000
356 0.000000
357 0.000000
358 0.000000
359 0.000000
360 0.000000
361 0.000000
362 0.000000
363 0.000000
364 0.000000
365 0.000000
366 0.000000
367 0.000000
368 0.000000
369 0.000000
370 0.000000
371 0.000000
372 0.000000
373 0.000000
374 0.000000
375 0.000000
376 0.000000
377 0.000000
378 0.000000
379 0.000000
380 0.000000
381 0.000000
382 0.000000
383 0.000000
384 0.000000
385 0.000000
386 0.000000
387 0.000000
388 0.000000
389 0.000000
390 0.000000
391 0.000000
392 0.000000
393 0.000000
394 0.000000
395 0.000000
396 0.000000
397 0.000000
398 0.000000
399 0.000000
400 0.000000
401 0.000000
402 0.000000
403 0.000000
404 0.000000
405 0.000000
406 0.000000
407 0.000000
408 0.000000
409 0.000000
410 0.000000
411 0.000000
412 0.000000
413 0.000000
414 0.000000
415 0.000000
416 0.000000
417 0.000000
418 0.000000
419 0.000000
420 0.000000
421 0.000000
422 0.000000
423 0.000000
424 0.000000
425 0.000000
426 0.000000
427 0.000000
428 0.000000
429 0.000000
430 0.000000
431 0.000000
432 0.000000
433 0.000000
434 0.000000
435 0.000000
436 0.000000
437 0.000000
438 0.000000
439 0.000000
440 0.000000
441 0.000000
442 0.000000
443 0.000000
444 0.000000
445 0.000000
446 0.000000
447 0.000000
448 0.000000
449 0.000000
450 0.000000
451 0.000000
452 0.000000
453 0.000000
454 0.000000
455 0.000000
456 0.000000
457 0.000000
458 0.000000
459 0.000000
460 0.000000
461 0.000000
462 0.000000
463 0.000000
464 0.000000
465 0.000000
466 0.000000
467 0.000000
468 0.000000
469 0.000000
470 0.000000
471 0.000000
472 0.000000
473 0.000000
474 0.000000
475 0.000000
476 0.000000
477 0.000000
478 0.000000
479 0.000000
480 0.000000
481 0.000000
482 0.000000
483 0.000000
484 0.000000
485 0.000000
486 0.000000
487 0.000000
488 0.000000
489 0.000000
490 0.000000
491 0.000000
492 0.000000
493 0.000000
494 0.000000
495 0.000000
496 0.000000
497 0.000000
498 0.000000
499 0.000000
500 0.000000
