1 3110784.376935
2 3269922.448324
3 3768610.402848
4 4308063.861284
5 4285179.409672
6 4707509.908841
7 4989764.913139
8 5142415.230485
9 5497991.485734
10 5357312.135567
11 5478298.321274
12 5871100.663788
13 5789666.786895
14 5445299.821347
15 5787809.808092
16 5690836.953287
17 5768362.261066
18 5300428.794577
19 5582805.319087
20 5589411.303212
21 5343324.258736
22 5476885.477996
23 5349802.784206
24 5261822.505158
25 5355539.737277
26 5170246.265946
27 5140750.581992
28 5007585.452232
29 4254206.351427
30 4495759.923154
31 4183794.739192
32 4190265.826189
33 3760587.403715
34 3675004.696144
35 3511927.820331
36 3406531.566885
37 3310368.785588
38 3271326.861520
39 3125243.349615
40 3021804.383690
41 2854211.459923
42 2638161.215732
43 2545105.110766
44 2464848.322074
45 2214662.092730
46 2195734.790840
47 1981865.712101
48 1867699.570402
49 1788681.226873
50 1651375.413024
51 1516974.697040
52 1385505.451923
53 1325356.291175
54 1289609.587046
55 1207298.427465
56 1143700.814413
57 1092439.424949
58 984488.422686
59 927606.151594
60 850311.035894
61 797829.024517
62 735040.981175
63 690438.976194
64 647804.659071
65 607661.587529
66 566638.622418
67 497767.033435
68 466890.057152
69 429680.001237
70 381003.225066
71 363483.712919
72 340020.567439
73 305476.642763
74 279942.724423
75 267154.059982
76 248056.385034
77 221618.077331
78 207045.169109
79 191619.265028
80 175410.027126
81 157653.467497
82 151234.247192
83 134615.361349
84 115183.201345
85 110313.710537
86 102896.757466
87 90815.028015
88 82016.870428
89 76432.057407
90 71446.109754
91 63468.960540
92 57338.565109
93 52615.792733
94 48541.162345
95 43140.332139
96 38821.222285
97 34945.542628
98 32186.667392
99 29009.650495
100 26765.853900
101 24435.779515
102 21302.647830
103 19592.962392
104 17218.342197
105 14768.078847
106 13350.085544
107 11958.543758
108 10751.956197
109 9698.768115
110 8842.193895
111 7705.256508
112 6816.642901
113 6261.570645
114 5595.646423
115 5162.811865
116 4679.098092
117 4287.635728
118 3795.405862
119 3341.703027
120 2978.037645
121 2696.028834
122 2533.016886
123 2204.427772
124 1999.599016
125 1800.169971
126 1681.518955
127 1496.378774
128 1352.655224
129 1234.816142
130 1102.542829
131 950.496359
132 879.416284
133 803.352125
134 720.790742
135 657.170336
136 585.490250
137 526.667561
138 475.426329
139 417.448877
140 382.484893
141 341.175311
142 300.920839
143 276.307018
144 243.509830
145 227.814141
146 206.616727
147 186.038873
148 163.522928
149 155.705829
150 140.556663
151 124.878816
152 113.960602
153 105.892169
154 96.107151
155 86.214353
156 79.888027
157 71.857173
158 61.746414
159 57.019376
160 52.262818
161 46.243322
162 42.485024
163 38.664992
164 35.384881
165 31.965931
166 29.158107
167 26.765788
168 24.155569
169 22.173065
170 20.469822
171 18.769825
172 17.205267
173 16.083587
174 14.616530
175 13.729733
176 12.668337
177 11.631883
178 10.576902
179 9.805421
180 8.470567
181 8.126130
182 7.456405
183 6.878476
184 6.234225
185 5.714330
186 5.168601
187 4.595138
188 4.294403
189 3.783001
190 3.606161
191 3.247442
192 2.974512
193 2.763617
194 2.519261
195 2.339156
196 2.165006
197 1.963529
198 1.854203
199 1.694982
200 1.593101
201 1.492666
202 1.394500
203 1.283930
204 1.195185
205 1.101584
206 1.018571
207 0.936242
208 0.865078
209 0.814371
210 0.744283
211 0.706012
212 0.643428
213 0.594026
214 0.557868
215 0.514578
216 0.485249
217 0.456007
218 0.423533
219 0.394165
220 0.371429
221 0.349729
222 0.325560
223 0.305971
224 0.285154
225 0.267698
226 0.241193
227 0.231969
228 0.220171
229 0.204373
230 0.194317
231 0.182169
232 0.171545
233 0.163433
234 0.155733
235 0.146356
236 0.138083
237 0.129258
238 0.122815
239 0.113973
240 0.108290
241 0.102835
242 0.098361
243 0.092388
244 0.085785
245 0.080601
246 0.077115
247 0.071691
248 0.068030
249 0.065066
250 0.062095
251 0.058697
252 0.054588
253 0.052062
254 0.049169
255 0.046823
256 0.044421
257 0.041309
258 0.039875
259 0.037509
260 0.036363
261 0.034544
262 0.032714
263 0.031201
264 0.029659
265 0.028297
266 0.027170
267 0.025907
268 0.024817
269 0.023294
270 0.022026
271 0.020703
272 0.019798
273 0.018753
274 0.017917
275 0.017203
276 0.016341
277 0.015608
278 0.014887
279 0.014261
280 0.013751
281 0.013222
282 0.012500
283 0.012081
284 0.011508
285 0.011040
286 0.010686
287 0.010266
288 0.009809
289 0.009431
290 0.009089
291 0.008621
292 0.008315
293 0.007972
294 0.007659
295 0.007327
296 0.007021
297 0.006741
298 0.006430
299 0.006158
300 0.005900
301 0.005720
302 0.005487
303 0.005244
304 0.005067
305 0.004919
306 0.004717
307 0.004542
308 0.004362
309 0.004250
310 0.004041
311 0.003939
312 0.003766
313 0.003635
314 0.003508
315 0.003371
316 0.003266
317 0.003164
318 0.003049
319 0.002941
320 0.002842
321 0.002753
322 0.002675
323 0.002560
324 0.002487
325 0.002372
326 0.002299
327 0.002226
328 0.002154
329 0.002085
330 0.002017
331 0.001941
332 0.001886
333 0.001821
334 0.001754
335 0.001675
336 0.001642
337 0.001591
338 0.001553
339 0.001506
340 0.001471
341 0.001429
342 0.001385
343 0.001350
344 0.001312
345 0.001277
346 0.001245
347 0.001212
348 0.001178
349 0.001141
350 0.001111
351 0.001080
352 0.001047
353 0.001018
354 0.000993
355 0.000969
356 0.000948
357 0.000913
358 0.000898
359 0.000871
360 0.000851
361 0.000829
362 0.000810
363 0.000786
364 0.000769
365 0.000749
366 0.000736
367 0.000716
368 0.000701
369 0.000683
370 0.000667
371 0.000652
372 0.000634
373 0.000619
374 0.000603
375 0.000591
376 0.000573
377 0.000563
378 0.000553
379 0.000541
380 0.000531
381 0.000520
382 0.000510
383 0.000501
384 0.000491
385 0.000481
386 0.000471
387 0.000462
388 0.000454
389 0.000446
390 0.000436
391 0.000427
392 0.000421
393 0.000412
394 0.000404
395 0.000398
396 0.000390
397 0.000383
398 0.000376
399 0.000368
400 0.000363
401 0.000357
402 0.000351
403 0.000345
404 0.000340
405 0.000335
406 0.000330
407 0.000325
408 0.000320
409 0.000314
410 0.000310
411 0.000305
412 0.000300
413 0.000296
414 0.000291
415 0.000287
416 0.000282
417 0.000279
418 0.000273
419 0.000270
420 0.000267
421 0.000263
422 0.000259
423 0.000256
424 0.000253
425 0.000249
426 0.000246
427 0.000243
428 0.000240
429 0.000237
430 0.000234
431 0.000232
432 0.000229
433 0.000226
434 0.000224
435 0.000221
436 0.000219
437 0.000217
438 0.000214
439 0.000212
440 0.000209
441 0.000207
442 0.000205
443 0.000203
444 0.000201
445 0.000199
446 0.000197
447 0.000195
448 0.000193
449 0.000192
450 0.000190
451 0.000189
452 0.000187
453 0.000186
454 0.000184
455 0.000183
456 0.000181
457 0.000180
458 0.000178
459 0.000177
460 0.000176
461 0.000175
462 0.000174
463 0.000173
464 0.000171
465 0.000170
466 0.000169
467 0.000168
468 0.000167
469 0.000167
470 0.000166
471 0.000165
472 0.000164
473 0.000163
474 0.000162
475 0.000162
476 0.000161
477 0.000160
478 0.000160
479 0.000159
480 0.000158
481 0.000158
482 0.000157
483 0.000157
484 0.000156
485 0.000156
486 0.000156
487 0.000155
488 0.000155
489 0.000154
490 0.000154
491 0.000154
492 0.000154
493 0.000153
494 0.000153
495 0.000153
496 0.000153
497 0.000153
498 0.000153
499 0.000153
500 0.000153
