1 inf
2 inf
3 inf
4 inf
5 inf
6 inf
7 inf
8 inf
9 inf
10 inf
11 inf
12 inf
13 inf
14 inf
15 inf
16 inf
17 inf
18 inf
19 inf
20 inf
21 inf
22 inf
23 inf
24 inf
25 inf
26 inf
27 inf
28 inf
29 inf
30 inf
31 inf
32 inf
33 inf
34 inf
35 inf
36 inf
37 inf
38 inf
39 inf
40 inf
41 inf
42 inf
43 inf
44 inf
45 inf
46 inf
47 inf
48 inf
49 inf
50 inf
51 606014854695792276955138627705050715707440803422196536004394048679350044393268459641749726537579073337743862227548660165579661037571953750412395151309494989967665237228761920957316844961414775237649206956601269178964850057617645942438225402836666123136223573631026346429622870482313223786507763965755392.000000
52 10848161120511591732266228344640670424653720104809201598448232750238443243072074748362071216252169606919576191113795053450593451895433421955883385046858227794706098046783386918602396946545900348913739276358866971698777348788003038329795553960769046212880025297198625335238706033852416.000000
53 1669961819086132110265994875782544129161350752881059292000289448413409175735789038241985438708917094906746096062752411400209285473409560925984728104486065987896260386940914568911593099421265413776708552529069439509943176067273861271947162840184550563694436679680.000000
54 29999650892873150888200279347521096642339675525623636098186284398301837481202205272965793894330720625805892652473497920812424932276746480174109437711211517301577191013816244359697950432978590675190134352143130774423485302476478969214003597803520.000000
55 870430440230822295333010988279381588094456925835842921084191716324663165444825727360066779512563753056277836227872664780497178297088920229850063077743606529812071409435930840788309870967694374679321478521585316077130829561341444530110464.000000
56 1062411119693722340422226302117445552195861279997161447728724584598775024436066747704331319808291482771960435141423421007704265943336386430984260339839581714164367971717881000332996672856631272025788495047278789945982976.000000
57 34974457582637020649709074426237974157859612177937882901979719052398434932097025611039112673147383204755483434544429022742787162639586546404714482910849316316166653235845248246016817866456652773851136.000000
58 201182828307040951311506045655641737445823371656542895628480475527798815079083413416457853747848839900828969965476034707442399038569425484573822601015143272378685043859135056589094912.000000
59 5148939493869720002825583846040430663881734156293719832869264188266156131507539172083007178820227957117997156572225867133100528463778357118224744797260370545939054592.000000
60 2337908462173339155982827834076882444578335583677006224129691090682643907800078502698079687961681561436069669252560476054189898332730461317075646568988672.000000
61 9919435329284772018593089494194696403692592535570328511723177314081340110178991511424902119826793821752315550836395016651460837376.000000
62 10055826362761575426391968774154640867833541178971431172262942962199156657334271284787895781982251132147866796032.000000
63 1707440108440244300279144925238868746299683419308483332640738190702252708323599756303395197026304.000000
64 125457424393548827999099578192158422629282627608996474516501589818358104064.000000
65 6254889246759848868224501714394549327590797721648823644717056.000000
66 2930842058616742322312964997120.000000
67 217315276090836484096.000000
68 37819.540818
69 12987.593035
70 10782.628880
71 9069.419396
72 7837.183575
73 6468.436266
74 5495.905349
75 4587.452808
76 4035.482268
77 3510.566335
78 3089.621280
79 2654.326679
80 2438.220526
81 2016.108221
82 1878.752468
83 1678.911585
84 1467.677441
85 1388.315853
86 1186.621087
87 1056.475036
88 952.929769
89 855.782683
90 782.893578
91 702.751565
92 646.196902
93 584.199350
94 507.739686
95 470.077860
96 419.054135
97 397.246820
98 356.265534
99 326.448037
100 292.017180
101 271.598283
102 246.825669
103 215.737279
104 201.769211
105 183.277729
106 166.859193
107 152.250793
108 139.420062
109 127.594199
110 116.544355
111 107.408177
112 97.458563
113 89.495197
114 82.140329
115 74.850194
116 68.371137
117 61.384324
118 55.058845
119 50.277970
120 44.615829
121 40.878716
122 37.181437
123 34.816155
124 31.820965
125 29.255644
126 26.684355
127 24.870610
128 22.383246
129 20.560195
130 18.467299
131 16.903585
132 15.487595
133 14.331146
134 13.115240
135 11.904695
136 10.921859
137 10.143601
138 9.192894
139 8.589882
140 7.833272
141 7.309370
142 6.716442
143 6.243130
144 5.820763
145 5.315511
146 4.927883
147 4.582992
148 4.225542
149 3.985830
150 3.690270
151 3.448039
152 3.124915
153 2.933867
154 2.633579
155 2.469761
156 2.298241
157 2.152383
158 1.997022
159 1.837819
160 1.723508
161 1.608238
162 1.485165
163 1.381286
164 1.279952
165 1.204973
166 1.110604
167 1.020781
168 0.970840
169 0.911392
170 0.844613
171 0.785761
172 0.728702
173 0.670825
174 0.634763
175 0.588858
176 0.548388
177 0.518048
178 0.483187
179 0.454132
180 0.424735
181 0.397372
182 0.372874
183 0.350373
184 0.324089
185 0.304024
186 0.284799
187 0.266530
188 0.251097
189 0.238600
190 0.222823
191 0.210890
192 0.199320
193 0.188710
194 0.178506
195 0.169024
196 0.159436
197 0.148890
198 0.138930
199 0.131933
200 0.124813
201 0.118211
202 0.110921
203 0.104753
204 0.100064
205 0.093264
206 0.088261
207 0.084081
208 0.079203
209 0.074859
210 0.070829
211 0.067950
212 0.063496
213 0.060373
214 0.057045
215 0.054386
216 0.051773
217 0.049318
218 0.047101
219 0.044813
220 0.042429
221 0.040863
222 0.038949
223 0.036898
224 0.035101
225 0.033793
226 0.032284
227 0.030878
228 0.029421
229 0.028159
230 0.026954
231 0.025787
232 0.024734
233 0.023353
234 0.022562
235 0.021594
236 0.020656
237 0.019874
238 0.019001
239 0.018343
240 0.017454
241 0.016766
242 0.016097
243 0.015449
244 0.014797
245 0.014312
246 0.013770
247 0.013131
248 0.012711
249 0.012307
250 0.011865
251 0.011459
252 0.011088
253 0.010650
254 0.010355
255 0.009986
256 0.009607
257 0.009326
258 0.009005
259 0.008684
260 0.008362
261 0.008071
262 0.007619
263 0.007426
264 0.007172
265 0.006954
266 0.006708
267 0.006459
268 0.006217
269 0.006060
270 0.005876
271 0.005693
272 0.005510
273 0.005346
274 0.005192
275 0.005055
276 0.004893
277 0.004718
278 0.004598
279 0.004462
280 0.004294
281 0.004176
282 0.004084
283 0.003964
284 0.003831
285 0.003720
286 0.003603
287 0.003482
288 0.003382
289 0.003281
290 0.003194
291 0.003111
292 0.003026
293 0.002950
294 0.002855
295 0.002778
296 0.002686
297 0.002611
298 0.002535
299 0.002458
300 0.002395
301 0.002331
302 0.002281
303 0.002229
304 0.002167
305 0.002115
306 0.002063
307 0.002008
308 0.001968
309 0.001920
310 0.001857
311 0.001820
312 0.001771
313 0.001741
314 0.001703
315 0.001664
316 0.001625
317 0.001578
318 0.001542
319 0.001506
320 0.001470
321 0.001435
322 0.001407
323 0.001376
324 0.001337
325 0.001306
326 0.001281
327 0.001254
328 0.001220
329 0.001189
330 0.001165
331 0.001142
332 0.001117
333 0.001095
334 0.001070
335 0.001050
336 0.001025
337 0.001007
338 0.000985
339 0.000966
340 0.000946
341 0.000927
342 0.000908
343 0.000893
344 0.000876
345 0.000857
346 0.000840
347 0.000820
348 0.000808
349 0.000794
350 0.000774
351 0.000764
352 0.000747
353 0.000737
354 0.000725
355 0.000711
356 0.000698
357 0.000688
358 0.000678
359 0.000667
360 0.000656
361 0.000648
362 0.000637
363 0.000627
364 0.000616
365 0.000607
366 0.000599
367 0.000590
368 0.000582
369 0.000572
370 0.000564
371 0.000555
372 0.000547
373 0.000539
374 0.000532
375 0.000524
376 0.000517
377 0.000509
378 0.000501
379 0.000494
380 0.000488
381 0.000481
382 0.000474
383 0.000467
384 0.000461
385 0.000455
386 0.000449
387 0.000444
388 0.000438
389 0.000433
390 0.000427
391 0.000421
392 0.000416
393 0.000410
394 0.000405
395 0.000400
396 0.000396
397 0.000391
398 0.000386
399 0.000382
400 0.000377
401 0.000373
402 0.000369
403 0.000365
404 0.000360
405 0.000357
406 0.000354
407 0.000349
408 0.000346
409 0.000342
410 0.000339
411 0.000336
412 0.000332
413 0.000329
414 0.000326
415 0.000323
416 0.000319
417 0.000317
418 0.000314
419 0.000311
420 0.000308
421 0.000306
422 0.000302
423 0.000300
424 0.000298
425 0.000295
426 0.000292
427 0.000291
428 0.000288
429 0.000286
430 0.000283
431 0.000281
432 0.000279
433 0.000276
434 0.000275
435 0.000273
436 0.000271
437 0.000269
438 0.000267
439 0.000265
440 0.000263
441 0.000262
442 0.000260
443 0.000258
444 0.000257
445 0.000255
446 0.000254
447 0.000252
448 0.000251
449 0.000249
450 0.000248
451 0.000246
452 0.000245
453 0.000244
454 0.000243
455 0.000241
456 0.000240
457 0.000239
458 0.000238
459 0.000237
460 0.000235
461 0.000234
462 0.000233
463 0.000232
464 0.000232
465 0.000231
466 0.000230
467 0.000229
468 0.000228
469 0.000227
470 0.000227
471 0.000226
472 0.000225
473 0.000225
474 0.000224
475 0.000223
476 0.000223
477 0.000222
478 0.000222
479 0.000221
480 0.000220
481 0.000220
482 0.000220
483 0.000219
484 0.000219
485 0.000218
486 0.000218
487 0.000217
488 0.000217
489 0.000217
490 0.000217
491 0.000216
492 0.000216
493 0.000216
494 0.000216
495 0.000216
496 0.000216
497 0.000216
498 0.000215
499 0.000215
500 0.000215
