1 inf
2 inf
3 inf
4 inf
5 inf
6 inf
7 inf
8 inf
9 inf
10 398526135607922889940136665503426170421239899893804164938505698059451832458454537176500201321391654544748373368696627596769123426484401394582715998475793982193723056126953130546805826191428850441627415926350862439611327933834579095512607804164436606529917631980989704609829111284413166707753877504.000000
11 25408829602663473232595100534575687096607730395994028926215074771425624577889407996235018298321099983388810684790368714483998143529942485915265694498572406222671086737222178664081639190527898669213584910635044761043673143444504576.000000
12 39830773895236318973759239400850046074244160095708449209390140582058395649263041790838336777817047475665503725248934847548683074995447094143820816053637612989282776989773359392425064267776.000000
13 13620450813524586629349303072567562204887829622958022671383438908514073892018713484324751549817314468824781094567293151105515520.000000
14 2153826917314521999672270428469094579169047580656302817280.000000
15 3894081729258633.000000
16 7275.961032
17 6304.723583
18 5360.533317
19 5187.980733
20 5071.977844
21 4666.707146
22 3195.575554
23 2942.167531
24 2911.720216
25 2848.587246
26 2384.998940
27 2408.968579
28 1927.543678
29 1805.274877
30 1789.589396
31 1616.567738
32 1437.487427
33 1236.277736
34 895.425731
35 906.643853
36 740.855820
37 597.794697
38 515.239788
39 523.075589
40 389.010187
41 267.808629
42 177.862580
43 153.003511
44 103.252361
45 105.865432
46 132.316294
47 98.065993
48 86.975901
49 91.064596
50 62.555778
51 49.121703
52 42.191710
53 32.511199
54 26.767742
55 22.981828
56 17.593965
57 14.522470
58 13.370814
59 13.909444
60 12.217411
61 11.525476
62 9.044568
63 9.101227
64 8.848035
65 8.454945
66 6.682707
67 5.947317
68 4.334381
69 3.340707
70 2.971754
71 1.773703
72 1.316320
73 0.797775
74 0.766587
75 0.746879
76 0.547474
77 0.388660
78 0.300055
79 0.230175
80 0.186023
81 0.158025
82 0.124949
83 0.113056
84 0.092880
85 0.071149
86 0.062630
87 0.054687
88 0.042408
89 0.030790
90 0.030611
91 0.027069
92 0.023732
93 0.018666
94 0.017182
95 0.016205
96 0.014222
97 0.010979
98 0.009241
99 0.008377
100 0.007151
101 0.005716
102 0.005238
103 0.004708
104 0.003927
105 0.003629
106 0.003121
107 0.002347
108 0.001686
109 0.001248
110 0.001156
111 0.000894
112 0.000663
113 0.000467
114 0.000407
115 0.000363
116 0.000307
117 0.000294
118 0.000269
119 0.000224
120 0.000160
121 0.000137
122 0.000119
123 0.000097
124 0.000083
125 0.000070
126 0.000059
127 0.000046
128 0.000033
129 0.000028
130 0.000021
131 0.000018
132 0.000016
133 0.000013
134 0.000010
135 0.000008
136 0.000006
137 0.000005
138 0.000004
139 0.000004
140 0.000003
141 0.000002
142 0.000002
143 0.000001
144 0.000001
145 0.000001
146 0.000001
147 0.000001
148 0.000000
149 0.000000
150 0.000000
151 0.000000
152 0.000000
153 0.000000
154 0.000000
155 0.000000
156 0.000000
157 0.000000
158 0.000000
159 0.000000
160 0.000000
161 0.000000
162 0.000000
163 0.000000
164 0.000000
165 0.000000
166 0.000000
167 0.000000
168 0.000000
169 0.000000
170 0.000000
171 0.000000
172 0.000000
173 0.000000
174 0.000000
175 0.000000
176 0.000000
177 0.000000
178 0.000000
179 0.000000
180 0.000000
181 0.000000
182 0.000000
183 0.000000
184 0.000000
185 0.000000
186 0.000000
187 0.000000
188 0.000000
189 0.000000
190 0.000000
191 0.000000
192 0.000000
193 0.000000
194 0.000000
195 0.000000
196 0.000000
197 0.000000
198 0.000000
199 0.000000
200 0.000000
201 0.000000
202 0.000000
203 0.000000
204 0.000000
205 0.000000
206 0.000000
207 0.000000
208 0.000000
209 0.000000
210 0.000000
211 0.000000
212 0.000000
213 0.000000
214 0.000000
215 0.000000
216 0.000000
217 0.000000
218 0.000000
219 0.000000
220 0.000000
221 0.000000
222 0.000000
223 0.000000
224 0.000000
225 0.000000
226 0.000000
227 0.000000
228 0.000000
229 0.000000
230 0.000000
231 0.000000
232 0.000000
233 0.000000
234 0.000000
235 0.000000
236 0.000000
237 0.000000
238 0.000000
239 0.000000
240 0.000000
241 0.000000
242 0.000000
243 0.000000
244 0.000000
245 0.000000
246 0.000000
247 0.000000
248 0.000000
249 0.000000
250 0.000000
251 0.000000
252 0.000000
253 0.000000
254 0.000000
255 0.000000
256 0.000000
257 0.000000
258 0.000000
259 0.000000
260 0.000000
261 0.000000
262 0.000000
263 0.000000
264 0.000000
265 0.000000
266 0.000000
267 0.000000
268 0.000000
269 0.000000
270 0.000000
271 0.000000
272 0.000000
273 0.000000
274 0.000000
275 0.000000
276 0.000000
277 0.000000
278 0.000000
279 0.000000
280 0.000000
281 0.000000
282 0.000000
283 0.000000
284 0.000000
285 0.000000
286 0.000000
287 0.000000
288 0.000000
289 0.000000
290 0.000000
291 0.000000
292 0.000000
293 0.000000
294 0.000000
295 0.000000
296 0.000000
297 0.000000
298 0.000000
299 0.000000
300 0.000000
301 0.000000
302 0.000000
303 0.000000
304 0.000000
305 0.000000
306 0.000000
307 0.000000
308 0.000000
309 0.000000
310 0.000000
311 0.000000
312 0.000000
313 0.000000
314 0.000000
315 0.000000
316 0.000000
317 0.000000
318 0.000000
319 0.000000
320 0.000000
321 0.000000
322 0.000000
323 0.000000
324 0.000000
325 0.000000
326 0.000000
327 0.000000
328 0.000000
329 0.000000
330 0.000000
331 0.000000
332 0.000000
333 0.000000
334 0.000000
335 0.000000
336 0.000000
337 0.000000
338 0.000000
339 0.000000
340 0.000000
341 0.000000
342 0.000000
343 0.000000
344 0.000000
345 0.000000
346 0.000000
347 0.000000
348 0.000000
349 0.000000
350 0.000000
351 0.000000
352 0.000000
353 0.000000
354 0.000000
355 0.000000
356 0.000000
357 0.000000
358 0.000000
359 0.000000
360 0.000000
361 0.000000
362 0.000000
363 0.000000
364 0.000000
365 0.000000
366 0.000000
367 0.000000
368 0.000000
369 0.000000
370 0.000000
371 0.000000
372 0.000000
373 0.000000
374 0.000000
375 0.000000
376 0.000000
377 0.000000
378 0.000000
379 0.000000
380 0.000000
381 0.000000
382 0.000000
383 0.000000
384 0.000000
385 0.000000
386 0.000000
387 0.000000
388 0.000000
389 0.000000
390 0.000000
391 0.000000
392 0.000000
393 0.000000
394 0.000000
395 0.000000
396 0.000000
397 0.000000
398 0.000000
399 0.000000
400 0.000000
401 0.000000
402 0.000000
403 0.000000
404 0.000000
405 0.000000
406 0.000000
407 0.000000
408 0.000000
409 0.000000
410 0.000000
411 0.000000
412 0.000000
413 0.000000
414 0.000000
415 0.000000
416 0.000000
417 0.000000
418 0.000000
419 0.000000
420 0.000000
421 0.000000
422 0.000000
423 0.000000
424 0.000000
425 0.000000
426 0.000000
427 0.000000
428 0.000000
429 0.000000
430 0.000000
431 0.000000
432 0.000000
433 0.000000
434 0.000000
435 0.000000
436 0.000000
437 0.000000
438 0.000000
439 0.000000
440 0.000000
441 0.000000
442 0.000000
443 0.000000
444 0.000000
445 0.000000
446 0.000000
447 0.000000
448 0.000000
449 0.000000
450 0.000000
451 0.000000
452 0.000000
453 0.000000
454 0.000000
455 0.000000
456 0.000000
457 0.000000
458 0.000000
459 0.000000
460 0.000000
461 0.000000
462 0.000000
463 0.000000
464 0.000000
465 0.000000
466 0.000000
467 0.000000
468 0.000000
469 0.000000
470 0.000000
471 0.000000
472 0.000000
473 0.000000
474 0.000000
475 0.000000
476 0.000000
477 0.000000
478 0.000000
479 0.000000
480 0.000000
481 0.000000
482 0.000000
483 0.000000
484 0.000000
485 0.000000
486 0.000000
487 0.000000
488 0.000000
489 0.000000
490 0.000000
491 0.000000
492 0.000000
493 0.000000
494 0.000000
495 0.000000
496 0.000000
497 0.000000
498 0.000000
499 0.000000
500 0.000000
