1 688750.639738
2 699118.930864
3 687709.665698
4 697797.836108
5 662344.687789
6 660000.251497
7 579257.841038
8 530791.794436
9 501284.893825
10 484594.549699
11 424845.339534
12 398885.258106
13 358975.421908
14 313774.592559
15 277907.722867
16 240726.215405
17 240656.807033
18 218848.411985
19 190436.260518
20 170749.512656
21 144872.902163
22 136727.713958
23 123303.659709
24 106887.083429
25 95557.999124
26 86421.474041
27 71510.350904
28 68443.611818
29 64810.716676
30 56529.569829
31 51952.065973
32 46623.689586
33 41838.395533
34 34571.434122
35 32677.217872
36 28619.134957
37 26509.523271
38 23752.190000
39 21423.192230
40 18883.374950
41 15702.591882
42 13840.157939
43 11876.564693
44 10431.114980
45 9057.595511
46 7533.209561
47 5862.259256
48 5098.659999
49 4572.220101
50 4013.279944
51 3332.211552
52 2777.514438
53 2342.029820
54 2111.882147
55 1788.883061
56 1474.274435
57 1347.345641
58 1146.195413
59 1018.240211
60 791.227014
61 693.223822
62 609.497247
63 496.191987
64 427.229147
65 353.246826
66 302.487893
67 263.170192
68 204.067942
69 171.224105
70 150.675058
71 129.117615
72 101.887213
73 97.821506
74 80.920174
75 60.846079
76 55.609924
77 47.510162
78 38.105898
79 33.203975
80 25.890106
81 22.789514
82 20.130790
83 16.877713
84 13.447645
85 11.396961
86 9.969080
87 8.022239
88 6.424466
89 4.933424
90 4.529661
91 3.706221
92 3.037921
93 2.500000
94 2.146118
95 1.698512
96 1.349963
97 1.089547
98 0.980731
99 0.760481
100 0.643744
101 0.518582
102 0.380991
103 0.321420
104 0.265954
105 0.219336
106 0.177934
107 0.148067
108 0.124360
109 0.099475
110 0.086837
111 0.072056
112 0.056526
113 0.045254
114 0.035420
115 0.031080
116 0.024724
117 0.020191
118 0.016851
119 0.014152
120 0.011898
121 0.009311
122 0.008189
123 0.007139
124 0.005813
125 0.004892
126 0.004343
127 0.003553
128 0.003036
129 0.002513
130 0.002172
131 0.001829
132 0.001489
133 0.001296
134 0.001095
135 0.000901
136 0.000769
137 0.000605
138 0.000545
139 0.000454
140 0.000350
141 0.000313
142 0.000255
143 0.000215
144 0.000183
145 0.000154
146 0.000130
147 0.000112
148 0.000097
149 0.000078
150 0.000064
151 0.000054
152 0.000045
153 0.000038
154 0.000031
155 0.000026
156 0.000024
157 0.000021
158 0.000018
159 0.000014
160 0.000012
161 0.000010
162 0.000009
163 0.000007
164 0.000006
165 0.000005
166 0.000004
167 0.000004
168 0.000003
169 0.000003
170 0.000002
171 0.000002
172 0.000002
173 0.000001
174 0.000001
175 0.000001
176 0.000001
177 0.000001
178 0.000001
179 0.000001
180 0.000000
181 0.000000
182 0.000000
183 0.000000
184 0.000000
185 0.000000
186 0.000000
187 0.000000
188 0.000000
189 0.000000
190 0.000000
191 0.000000
192 0.000000
193 0.000000
194 0.000000
195 0.000000
196 0.000000
197 0.000000
198 0.000000
199 0.000000
200 0.000000
201 0.000000
202 0.000000
203 0.000000
204 0.000000
205 0.000000
206 0.000000
207 0.000000
208 0.000000
209 0.000000
210 0.000000
211 0.000000
212 0.000000
213 0.000000
214 0.000000
215 0.000000
216 0.000000
217 0.000000
218 0.000000
219 0.000000
220 0.000000
221 0.000000
222 0.000000
223 0.000000
224 0.000000
225 0.000000
226 0.000000
227 0.000000
228 0.000000
229 0.000000
230 0.000000
231 0.000000
232 0.000000
233 0.000000
234 0.000000
235 0.000000
236 0.000000
237 0.000000
238 0.000000
239 0.000000
240 0.000000
241 0.000000
242 0.000000
243 0.000000
244 0.000000
245 0.000000
246 0.000000
247 0.000000
248 0.000000
249 0.000000
250 0.000000
251 0.000000
252 0.000000
253 0.000000
254 0.000000
255 0.000000
256 0.000000
257 0.000000
258 0.000000
259 0.000000
260 0.000000
261 0.000000
262 0.000000
263 0.000000
264 0.000000
265 0.000000
266 0.000000
267 0.000000
268 0.000000
269 0.000000
270 0.000000
271 0.000000
272 0.000000
273 0.000000
274 0.000000
275 0.000000
276 0.000000
277 0.000000
278 0.000000
279 0.000000
280 0.000000
281 0.000000
282 0.000000
283 0.000000
284 0.000000
285 0.000000
286 0.000000
287 0.000000
288 0.000000
289 0.000000
290 0.000000
291 0.000000
292 0.000000
293 0.000000
294 0.000000
295 0.000000
296 0.000000
297 0.000000
298 0.000000
299 0.000000
300 0.000000
301 0.000000
302 0.000000
303 0.000000
304 0.000000
305 0.000000
306 0.000000
307 0.000000
308 0.000000
309 0.000000
310 0.000000
311 0.000000
312 0.000000
313 0.000000
314 0.000000
315 0.000000
316 0.000000
317 0.000000
318 0.000000
319 0.000000
320 0.000000
321 0.000000
322 0.000000
323 0.000000
324 0.000000
325 0.000000
326 0.000000
327 0.000000
328 0.000000
329 0.000000
330 0.000000
331 0.000000
332 0.000000
333 0.000000
334 0.000000
335 0.000000
336 0.000000
337 0.000000
338 0.000000
339 0.000000
340 0.000000
341 0.000000
342 0.000000
343 0.000000
344 0.000000
345 0.000000
346 0.000000
347 0.000000
348 0.000000
349 0.000000
350 0.000000
351 0.000000
352 0.000000
353 0.000000
354 0.000000
355 0.000000
356 0.000000
357 0.000000
358 0.000000
359 0.000000
360 0.000000
361 0.000000
362 0.000000
363 0.000000
364 0.000000
365 0.000000
366 0.000000
367 0.000000
368 0.000000
369 0.000000
370 0.000000
371 0.000000
372 0.000000
373 0.000000
374 0.000000
375 0.000000
376 0.000000
377 0.000000
378 0.000000
379 0.000000
380 0.000000
381 0.000000
382 0.000000
383 0.000000
384 0.000000
385 0.000000
386 0.000000
387 0.000000
388 0.000000
389 0.000000
390 0.000000
391 0.000000
392 0.000000
393 0.000000
394 0.000000
395 0.000000
396 0.000000
397 0.000000
398 0.000000
399 0.000000
400 0.000000
401 0.000000
402 0.000000
403 0.000000
404 0.000000
405 0.000000
406 0.000000
407 0.000000
408 0.000000
409 0.000000
410 0.000000
411 0.000000
412 0.000000
413 0.000000
414 0.000000
415 0.000000
416 0.000000
417 0.000000
418 0.000000
419 0.000000
420 0.000000
421 0.000000
422 0.000000
423 0.000000
424 0.000000
425 0.000000
426 0.000000
427 0.000000
428 0.000000
429 0.000000
430 0.000000
431 0.000000
432 0.000000
433 0.000000
434 0.000000
435 0.000000
436 0.000000
437 0.000000
438 0.000000
439 0.000000
440 0.000000
441 0.000000
442 0.000000
443 0.000000
444 0.000000
445 0.000000
446 0.000000
447 0.000000
448 0.000000
449 0.000000
450 0.000000
451 0.000000
452 0.000000
453 0.000000
454 0.000000
455 0.000000
456 0.000000
457 0.000000
458 0.000000
459 0.000000
460 0.000000
461 0.000000
462 0.000000
463 0.000000
464 0.000000
465 0.000000
466 0.000000
467 0.000000
468 0.000000
469 0.000000
470 0.000000
471 0.000000
472 0.000000
473 0.000000
474 0.000000
475 0.000000
476 0.000000
477 0.000000
478 0.000000
479 0.000000
480 0.000000
481 0.000000
482 0.000000
483 0.000000
484 0.000000
485 0.000000
486 0.000000
487 0.000000
488 0.000000
489 0.000000
490 0.000000
491 0.000000
492 0.000000
493 0.000000
494 0.000000
495 0.000000
496 0.000000
497 0.000000
498 0.000000
499 0.000000
500 0.000000
