1 1000000000000000019884624838656.000000
2 1000000000000000019884624838656.000000
3 1000000000000000019884624838656.000000
4 1000000000000000019884624838656.000000
5 147809.729165
6 147809.729165
7 147809.729165
8 147809.729165
9 147809.729165
10 74078.375434
11 74078.375434
12 74078.375434
13 74078.375434
14 74078.375434
15 62388.644923
16 62388.644923
17 62388.644923
18 62388.644923
19 62388.644923
20 37461.401400
21 37461.401400
22 37461.401400
23 37461.401400
24 37461.401400
25 28848.007654
26 28848.007654
27 28848.007654
28 28848.007654
29 28848.007654
30 23956.326991
31 23956.326991
32 23956.326991
33 23956.326991
34 23956.326991
35 30610.514647
36 30610.514647
37 30610.514647
38 30610.514647
39 30610.514647
40 25167.631064
41 25167.631064
42 25167.631064
43 25167.631064
44 25167.631064
45 25030.280596
46 25030.280596
47 25030.280596
48 25030.280596
49 25030.280596
50 21266.349569
51 21266.349569
52 21266.349569
53 21266.349569
54 21266.349569
55 22027.484063
56 22027.484063
57 22027.484063
58 22027.484063
59 22027.484063
60 22085.383459
61 22085.383459
62 22085.383459
63 22085.383459
64 22085.383459
65 19506.561096
66 19506.561096
67 19506.561096
68 19506.561096
69 19506.561096
70 14522.077247
71 14522.077247
72 14522.077247
73 14522.077247
74 14522.077247
75 14197.279405
76 14197.279405
77 14197.279405
78 14197.279405
79 14197.279405
80 13152.684075
81 13152.684075
82 13152.684075
83 13152.684075
84 13152.684075
85 11366.179853
86 11366.179853
87 11366.179853
88 11366.179853
89 11366.179853
90 12117.583986
91 12117.583986
92 12117.583986
93 12117.583986
94 12117.583986
95 12068.111521
96 12068.111521
97 12068.111521
98 12068.111521
99 12068.111521
100 9523.263963
101 9523.263963
102 9523.263963
103 9523.263963
104 9523.263963
105 9019.883591
106 9019.883591
107 9019.883591
108 9019.883591
109 9019.883591
110 6666.666804
111 6666.666804
112 6666.666804
113 6666.666804
114 6666.666804
115 6007.245396
116 6007.245396
117 6007.245396
118 6007.245396
119 6007.245396
120 6462.322286
121 6462.322286
122 6462.322286
123 6462.322286
124 6462.322286
125 5663.322625
126 5663.322625
127 5663.322625
128 5663.322625
129 5663.322625
130 4476.832076
131 4476.832076
132 4476.832076
133 4476.832076
134 4476.832076
135 4780.702074
136 4780.702074
137 4780.702074
138 4780.702074
139 4780.702074
140 4248.606971
141 4248.606971
142 4248.606971
143 4248.606971
144 4248.606971
145 4319.271050
146 4319.271050
147 4319.271050
148 4319.271050
149 4319.271050
150 4581.806664
151 4581.806664
152 4581.806664
153 4581.806664
154 4581.806664
155 4348.669727
156 4348.669727
157 4348.669727
158 4348.669727
159 4348.669727
160 3671.930883
161 3671.930883
162 3671.930883
163 3671.930883
164 3671.930883
165 2993.532165
166 2993.532165
167 2993.532165
168 2993.532165
169 2993.532165
170 2600.712911
171 2600.712911
172 2600.712911
173 2600.712911
174 2600.712911
175 2884.124933
176 2884.124933
177 2884.124933
178 2884.124933
179 2884.124933
180 2751.614508
181 2751.614508
182 2751.614508
183 2751.614508
184 2751.614508
185 2420.604070
186 2420.604070
187 2420.604070
188 2420.604070
189 2420.604070
190 1892.097408
191 1892.097408
192 1892.097408
193 1892.097408
194 1892.097408
195 1974.832459
196 1974.832459
197 1974.832459
198 1974.832459
199 1974.832459
200 1740.354090
201 1740.354090
202 1740.354090
203 1740.354090
204 1740.354090
205 1758.538645
206 1758.538645
207 1758.538645
208 1758.538645
209 1758.538645
210 1618.485396
211 1618.485396
212 1618.485396
213 1618.485396
214 1618.485396
215 1513.787715
216 1513.787715
217 1513.787715
218 1513.787715
219 1513.787715
220 1422.335932
221 1422.335932
222 1422.335932
223 1422.335932
224 1422.335932
225 1509.638183
226 1509.638183
227 1509.638183
228 1509.638183
229 1509.638183
230 1302.775366
231 1302.775366
232 1302.775366
233 1302.775366
234 1302.775366
235 1243.128601
236 1243.128601
237 1243.128601
238 1243.128601
239 1243.128601
240 1111.416239
241 1111.416239
242 1111.416239
243 1111.416239
244 1111.416239
245 1090.930507
246 1090.930507
247 1090.930507
248 1090.930507
249 1090.930507
250 921.945162
251 921.945162
252 921.945162
253 921.945162
254 921.945162
255 950.350462
256 950.350462
257 950.350462
258 950.350462
259 950.350462
260 873.336222
261 873.336222
262 873.336222
263 873.336222
264 873.336222
265 800.037520
266 800.037520
267 800.037520
268 800.037520
269 800.037520
270 747.424233
271 747.424233
272 747.424233
273 747.424233
274 747.424233
275 728.067358
276 728.067358
277 728.067358
278 728.067358
279 728.067358
280 669.911670
281 669.911670
282 669.911670
283 669.911670
284 669.911670
285 641.860290
286 641.860290
287 641.860290
288 641.860290
289 641.860290
290 594.499448
291 594.499448
292 594.499448
293 594.499448
294 594.499448
295 576.553807
296 576.553807
297 576.553807
298 576.553807
299 576.553807
300 528.327004
301 528.327004
302 528.327004
303 528.327004
304 528.327004
305 502.404851
306 502.404851
307 502.404851
308 502.404851
309 502.404851
310 470.023776
311 470.023776
312 470.023776
313 470.023776
314 470.023776
315 460.767874
316 460.767874
317 460.767874
318 460.767874
319 460.767874
320 470.143256
321 470.143256
322 470.143256
323 470.143256
324 470.143256
325 439.020191
326 439.020191
327 439.020191
328 439.020191
329 439.020191
330 407.397060
331 407.397060
332 407.397060
333 407.397060
334 407.397060
335 387.595660
336 387.595660
337 387.595660
338 387.595660
339 387.595660
340 350.817469
341 350.817469
342 350.817469
343 350.817469
344 350.817469
345 332.770091
346 332.770091
347 332.770091
348 332.770091
349 332.770091
350 320.876250
351 320.876250
352 320.876250
353 320.876250
354 320.876250
355 304.598147
356 304.598147
357 304.598147
358 304.598147
359 304.598147
360 302.494007
361 302.494007
362 302.494007
363 302.494007
364 302.494007
365 286.860595
366 286.860595
367 286.860595
368 286.860595
369 286.860595
370 271.663939
371 271.663939
372 271.663939
373 271.663939
374 271.663939
375 256.782951
376 256.782951
377 256.782951
378 256.782951
379 256.782951
380 244.509626
381 244.509626
382 244.509626
383 244.509626
384 244.509626
385 236.785989
386 236.785989
387 236.785989
388 236.785989
389 236.785989
390 233.666365
391 233.666365
392 233.666365
393 233.666365
394 233.666365
395 223.350182
396 223.350182
397 223.350182
398 223.350182
399 223.350182
400 218.122536
401 218.122536
402 218.122536
403 218.122536
404 218.122536
405 211.313470
406 211.313470
407 211.313470
408 211.313470
409 211.313470
410 207.126470
411 207.126470
412 207.126470
413 207.126470
414 207.126470
415 202.947803
416 202.947803
417 202.947803
418 202.947803
419 202.947803
420 199.500403
421 199.500403
422 199.500403
423 199.500403
424 199.500403
425 196.682089
426 196.682089
427 196.682089
428 196.682089
429 196.682089
430 189.355148
431 189.355148
432 189.355148
433 189.355148
434 189.355148
435 182.814017
436 182.814017
437 182.814017
438 182.814017
439 182.814017
440 180.201413
441 180.201413
442 180.201413
443 180.201413
444 180.201413
445 176.326081
446 176.326081
447 176.326081
448 176.326081
449 176.326081
450 175.031633
451 175.031633
452 175.031633
453 175.031633
454 175.031633
455 173.261498
456 173.261498
457 173.261498
458 173.261498
459 173.261498
460 170.874629
461 170.874629
462 170.874629
463 170.874629
464 170.874629
465 168.265239
466 168.265239
467 168.265239
468 168.265239
469 168.265239
470 163.622121
471 163.622121
472 163.622121
473 163.622121
474 163.622121
475 163.171817
476 163.171817
477 163.171817
478 163.171817
479 163.171817
480 160.540427
481 160.540427
482 160.540427
483 160.540427
484 160.540427
485 159.946006
486 159.946006
487 159.946006
488 159.946006
489 159.946006
490 158.696273
491 158.696273
492 158.696273
493 158.696273
494 158.696273
495 158.392061
496 158.392061
497 158.392061
498 158.392061
499 158.392061
500 158.244661
