1 1000000000000000019884624838656.000000
2 1000000000000000019884624838656.000000
3 1000000000000000019884624838656.000000
4 1000000000000000019884624838656.000000
5 91217.164788
6 91217.164788
7 91217.164788
8 91217.164788
9 91217.164788
10 88423.027367
11 88423.027367
12 88423.027367
13 88423.027367
14 88423.027367
15 70216.612510
16 70216.612510
17 70216.612510
18 70216.612510
19 70216.612510
20 57659.915168
21 57659.915168
22 57659.915168
23 57659.915168
24 57659.915168
25 40898.311557
26 40898.311557
27 40898.311557
28 40898.311557
29 40898.311557
30 30906.184985
31 30906.184985
32 30906.184985
33 30906.184985
34 30906.184985
35 51022.844442
36 51022.844442
37 51022.844442
38 51022.844442
39 51022.844442
40 37444.651395
41 37444.651395
42 37444.651395
43 37444.651395
44 37444.651395
45 25082.455023
46 25082.455023
47 25082.455023
48 25082.455023
49 25082.455023
50 32861.768038
51 32861.768038
52 32861.768038
53 32861.768038
54 32861.768038
55 27870.230093
56 27870.230093
57 27870.230093
58 27870.230093
59 27870.230093
60 32393.503920
61 32393.503920
62 32393.503920
63 32393.503920
64 32393.503920
65 24720.839306
66 24720.839306
67 24720.839306
68 24720.839306
69 24720.839306
70 31441.368297
71 31441.368297
72 31441.368297
73 31441.368297
74 31441.368297
75 31879.011570
76 31879.011570
77 31879.011570
78 31879.011570
79 31879.011570
80 22310.806478
81 22310.806478
82 22310.806478
83 22310.806478
84 22310.806478
85 25665.119117
86 25665.119117
87 25665.119117
88 25665.119117
89 25665.119117
90 27154.264198
91 27154.264198
92 27154.264198
93 27154.264198
94 27154.264198
95 20728.849479
96 20728.849479
97 20728.849479
98 20728.849479
99 20728.849479
100 13724.366939
101 13724.366939
102 13724.366939
103 13724.366939
104 13724.366939
105 10788.644912
106 10788.644912
107 10788.644912
108 10788.644912
109 10788.644912
110 10065.415505
111 10065.415505
112 10065.415505
113 10065.415505
114 10065.415505
115 11495.123314
116 11495.123314
117 11495.123314
118 11495.123314
119 11495.123314
120 11267.642743
121 11267.642743
122 11267.642743
123 11267.642743
124 11267.642743
125 11020.759469
126 11020.759469
127 11020.759469
128 11020.759469
129 11020.759469
130 8319.833907
131 8319.833907
132 8319.833907
133 8319.833907
134 8319.833907
135 10615.255423
136 10615.255423
137 10615.255423
138 10615.255423
139 10615.255423
140 7067.403912
141 7067.403912
142 7067.403912
143 7067.403912
144 7067.403912
145 6840.022853
146 6840.022853
147 6840.022853
148 6840.022853
149 6840.022853
150 6719.000664
151 6719.000664
152 6719.000664
153 6719.000664
154 6719.000664
155 5168.123034
156 5168.123034
157 5168.123034
158 5168.123034
159 5168.123034
160 4777.241857
161 4777.241857
162 4777.241857
163 4777.241857
164 4777.241857
165 4080.489253
166 4080.489253
167 4080.489253
168 4080.489253
169 4080.489253
170 3476.538819
171 3476.538819
172 3476.538819
173 3476.538819
174 3476.538819
175 2886.463910
176 2886.463910
177 2886.463910
178 2886.463910
179 2886.463910
180 2875.505984
181 2875.505984
182 2875.505984
183 2875.505984
184 2875.505984
185 2560.479831
186 2560.479831
187 2560.479831
188 2560.479831
189 2560.479831
190 2688.155010
191 2688.155010
192 2688.155010
193 2688.155010
194 2688.155010
195 2407.362153
196 2407.362153
197 2407.362153
198 2407.362153
199 2407.362153
200 1924.311974
201 1924.311974
202 1924.311974
203 1924.311974
204 1924.311974
205 1556.894333
206 1556.894333
207 1556.894333
208 1556.894333
209 1556.894333
210 1802.248080
211 1802.248080
212 1802.248080
213 1802.248080
214 1802.248080
215 1531.571283
216 1531.571283
217 1531.571283
218 1531.571283
219 1531.571283
220 1359.307706
221 1359.307706
222 1359.307706
223 1359.307706
224 1359.307706
225 1409.126736
226 1409.126736
227 1409.126736
228 1409.126736
229 1409.126736
230 1056.964017
231 1056.964017
232 1056.964017
233 1056.964017
234 1056.964017
235 1021.519467
236 1021.519467
237 1021.519467
238 1021.519467
239 1021.519467
240 1044.182298
241 1044.182298
242 1044.182298
243 1044.182298
244 1044.182298
245 747.205063
246 747.205063
247 747.205063
248 747.205063
249 747.205063
250 864.450315
251 864.450315
252 864.450315
253 864.450315
254 864.450315
255 762.311182
256 762.311182
257 762.311182
258 762.311182
259 762.311182
260 810.393953
261 810.393953
262 810.393953
263 810.393953
264 810.393953
265 694.683392
266 694.683392
267 694.683392
268 694.683392
269 694.683392
270 675.930650
271 675.930650
272 675.930650
273 675.930650
274 675.930650
275 646.278585
276 646.278585
277 646.278585
278 646.278585
279 646.278585
280 689.313321
281 689.313321
282 689.313321
283 689.313321
284 689.313321
285 724.907954
286 724.907954
287 724.907954
288 724.907954
289 724.907954
290 649.104801
291 649.104801
292 649.104801
293 649.104801
294 649.104801
295 514.600297
296 514.600297
297 514.600297
298 514.600297
299 514.600297
300 553.752671
301 553.752671
302 553.752671
303 553.752671
304 553.752671
305 484.575742
306 484.575742
307 484.575742
308 484.575742
309 484.575742
310 494.731541
311 494.731541
312 494.731541
313 494.731541
314 494.731541
315 448.966540
316 448.966540
317 448.966540
318 448.966540
319 448.966540
320 431.455434
321 431.455434
322 431.455434
323 431.455434
324 431.455434
325 439.425791
326 439.425791
327 439.425791
328 439.425791
329 439.425791
330 401.815748
331 401.815748
332 401.815748
333 401.815748
334 401.815748
335 346.478716
336 346.478716
337 346.478716
338 346.478716
339 346.478716
340 355.982854
341 355.982854
342 355.982854
343 355.982854
344 355.982854
345 367.402205
346 367.402205
347 367.402205
348 367.402205
349 367.402205
350 381.610846
351 381.610846
352 381.610846
353 381.610846
354 381.610846
355 350.616525
356 350.616525
357 350.616525
358 350.616525
359 350.616525
360 377.666509
361 377.666509
362 377.666509
363 377.666509
364 377.666509
365 344.674257
366 344.674257
367 344.674257
368 344.674257
369 344.674257
370 294.290973
371 294.290973
372 294.290973
373 294.290973
374 294.290973
375 305.690290
376 305.690290
377 305.690290
378 305.690290
379 305.690290
380 286.393112
381 286.393112
382 286.393112
383 286.393112
384 286.393112
385 274.585464
386 274.585464
387 274.585464
388 274.585464
389 274.585464
390 269.595159
391 269.595159
392 269.595159
393 269.595159
394 269.595159
395 248.448015
396 248.448015
397 248.448015
398 248.448015
399 248.448015
400 248.316508
401 248.316508
402 248.316508
403 248.316508
404 248.316508
405 240.909251
406 240.909251
407 240.909251
408 240.909251
409 240.909251
410 236.127665
411 236.127665
412 236.127665
413 236.127665
414 236.127665
415 231.693485
416 231.693485
417 231.693485
418 231.693485
419 231.693485
420 218.364535
421 218.364535
422 218.364535
423 218.364535
424 218.364535
425 209.385287
426 209.385287
427 209.385287
428 209.385287
429 209.385287
430 209.989864
431 209.989864
432 209.989864
433 209.989864
434 209.989864
435 202.807438
436 202.807438
437 202.807438
438 202.807438
439 202.807438
440 196.157367
441 196.157367
442 196.157367
443 196.157367
444 196.157367
445 189.634321
446 189.634321
447 189.634321
448 189.634321
449 189.634321
450 188.162630
451 188.162630
452 188.162630
453 188.162630
454 188.162630
455 187.074915
456 187.074915
457 187.074915
458 187.074915
459 187.074915
460 184.701313
461 184.701313
462 184.701313
463 184.701313
464 184.701313
465 182.877125
466 182.877125
467 182.877125
468 182.877125
469 182.877125
470 179.660315
471 179.660315
472 179.660315
473 179.660315
474 179.660315
475 177.366059
476 177.366059
477 177.366059
478 177.366059
479 177.366059
480 175.633158
481 175.633158
482 175.633158
483 175.633158
484 175.633158
485 173.968288
486 173.968288
487 173.968288
488 173.968288
489 173.968288
490 173.096894
491 173.096894
492 173.096894
493 173.096894
494 173.096894
495 172.293104
496 172.293104
497 172.293104
498 172.293104
499 172.293104
500 172.044999
