1 1000000000000000019884624838656.000000
2 1000000000000000019884624838656.000000
3 1000000000000000019884624838656.000000
4 1000000000000000019884624838656.000000
5 1747654.720287
6 1747654.720287
7 1747654.720287
8 1747654.720287
9 1747654.720287
10 2057950.078189
11 2057950.078189
12 2057950.078189
13 2057950.078189
14 2057950.078189
15 1404324.531188
16 1404324.531188
17 1404324.531188
18 1404324.531188
19 1404324.531188
20 1469913.429328
21 1469913.429328
22 1469913.429328
23 1469913.429328
24 1469913.429328
25 1892836.435412
26 1892836.435412
27 1892836.435412
28 1892836.435412
29 1892836.435412
30 1946926.103255
31 1946926.103255
32 1946926.103255
33 1946926.103255
34 1946926.103255
35 1149519.144694
36 1149519.144694
37 1149519.144694
38 1149519.144694
39 1149519.144694
40 1528403.779597
41 1528403.779597
42 1528403.779597
43 1528403.779597
44 1528403.779597
45 1166526.907432
46 1166526.907432
47 1166526.907432
48 1166526.907432
49 1166526.907432
50 1288630.087507
51 1288630.087507
52 1288630.087507
53 1288630.087507
54 1288630.087507
55 962392.655555
56 962392.655555
57 962392.655555
58 962392.655555
59 962392.655555
60 753612.983829
61 753612.983829
62 753612.983829
63 753612.983829
64 753612.983829
65 797388.241997
66 797388.241997
67 797388.241997
68 797388.241997
69 797388.241997
70 560246.876508
71 560246.876508
72 560246.876508
73 560246.876508
74 560246.876508
75 342486.321385
76 342486.321385
77 342486.321385
78 342486.321385
79 342486.321385
80 313485.651622
81 313485.651622
82 313485.651622
83 313485.651622
84 313485.651622
85 195851.557140
86 195851.557140
87 195851.557140
88 195851.557140
89 195851.557140
90 178474.761654
91 178474.761654
92 178474.761654
93 178474.761654
94 178474.761654
95 84159.285612
96 84159.285612
97 84159.285612
98 84159.285612
99 84159.285612
100 56200.365602
101 56200.365602
102 56200.365602
103 56200.365602
104 56200.365602
105 44370.705693
106 44370.705693
107 44370.705693
108 44370.705693
109 44370.705693
110 28145.180397
111 28145.180397
112 28145.180397
113 28145.180397
114 28145.180397
115 15546.767146
116 15546.767146
117 15546.767146
118 15546.767146
119 15546.767146
120 11481.658302
121 11481.658302
122 11481.658302
123 11481.658302
124 11481.658302
125 7486.006230
126 7486.006230
127 7486.006230
128 7486.006230
129 7486.006230
130 2784.065185
131 2784.065185
132 2784.065185
133 2784.065185
134 2784.065185
135 1937.129903
136 1937.129903
137 1937.129903
138 1937.129903
139 1937.129903
140 842.030597
141 842.030597
142 842.030597
143 842.030597
144 842.030597
145 520.532308
146 520.532308
147 520.532308
148 520.532308
149 520.532308
150 429.892791
151 429.892791
152 429.892791
153 429.892791
154 429.892791
155 253.978363
156 253.978363
157 253.978363
158 253.978363
159 253.978363
160 176.115918
161 176.115918
162 176.115918
163 176.115918
164 176.115918
165 112.641633
166 112.641633
167 112.641633
168 112.641633
169 112.641633
170 60.123423
171 60.123423
172 60.123423
173 60.123423
174 60.123423
175 27.995840
176 27.995840
177 27.995840
178 27.995840
179 27.995840
180 19.461821
181 19.461821
182 19.461821
183 19.461821
184 19.461821
185 10.031176
186 10.031176
187 10.031176
188 10.031176
189 10.031176
190 5.787008
191 5.787008
192 5.787008
193 5.787008
194 5.787008
195 3.218797
196 3.218797
197 3.218797
198 3.218797
199 3.218797
200 1.574666
201 1.574666
202 1.574666
203 1.574666
204 1.574666
205 1.024243
206 1.024243
207 1.024243
208 1.024243
209 1.024243
210 0.690493
211 0.690493
212 0.690493
213 0.690493
214 0.690493
215 0.344381
216 0.344381
217 0.344381
218 0.344381
219 0.344381
220 0.220760
221 0.220760
222 0.220760
223 0.220760
224 0.220760
225 0.113549
226 0.113549
227 0.113549
228 0.113549
229 0.113549
230 0.042212
231 0.042212
232 0.042212
233 0.042212
234 0.042212
235 0.025188
236 0.025188
237 0.025188
238 0.025188
239 0.025188
240 0.015083
241 0.015083
242 0.015083
243 0.015083
244 0.015083
245 0.008696
246 0.008696
247 0.008696
248 0.008696
249 0.008696
250 0.004042
251 0.004042
252 0.004042
253 0.004042
254 0.004042
255 0.002221
256 0.002221
257 0.002221
258 0.002221
259 0.002221
260 0.001463
261 0.001463
262 0.001463
263 0.001463
264 0.001463
265 0.000873
266 0.000873
267 0.000873
268 0.000873
269 0.000873
270 0.000549
271 0.000549
272 0.000549
273 0.000549
274 0.000549
275 0.000313
276 0.000313
277 0.000313
278 0.000313
279 0.000313
280 0.000192
281 0.000192
282 0.000192
283 0.000192
284 0.000192
285 0.000109
286 0.000109
287 0.000109
288 0.000109
289 0.000109
290 0.000065
291 0.000065
292 0.000065
293 0.000065
294 0.000065
295 0.000041
296 0.000041
297 0.000041
298 0.000041
299 0.000041
300 0.000018
301 0.000018
302 0.000018
303 0.000018
304 0.000018
305 0.000009
306 0.000009
307 0.000009
308 0.000009
309 0.000009
310 0.000005
311 0.000005
312 0.000005
313 0.000005
314 0.000005
315 0.000003
316 0.000003
317 0.000003
318 0.000003
319 0.000003
320 0.000001
321 0.000001
322 0.000001
323 0.000001
324 0.000001
325 0.000001
326 0.000001
327 0.000001
328 0.000001
329 0.000001
330 0.000000
331 0.000000
332 0.000000
333 0.000000
334 0.000000
335 0.000000
336 0.000000
337 0.000000
338 0.000000
339 0.000000
340 0.000000
341 0.000000
342 0.000000
343 0.000000
344 0.000000
345 0.000000
346 0.000000
347 0.000000
348 0.000000
349 0.000000
350 0.000000
351 0.000000
352 0.000000
353 0.000000
354 0.000000
355 0.000000
356 0.000000
357 0.000000
358 0.000000
359 0.000000
360 0.000000
361 0.000000
362 0.000000
363 0.000000
364 0.000000
365 0.000000
366 0.000000
367 0.000000
368 0.000000
369 0.000000
370 0.000000
371 0.000000
372 0.000000
373 0.000000
374 0.000000
375 0.000000
376 0.000000
377 0.000000
378 0.000000
379 0.000000
380 0.000000
381 0.000000
382 0.000000
383 0.000000
384 0.000000
385 0.000000
386 0.000000
387 0.000000
388 0.000000
389 0.000000
390 0.000000
391 0.000000
392 0.000000
393 0.000000
394 0.000000
395 0.000000
396 0.000000
397 0.000000
398 0.000000
399 0.000000
400 0.000000
401 0.000000
402 0.000000
403 0.000000
404 0.000000
405 0.000000
406 0.000000
407 0.000000
408 0.000000
409 0.000000
410 0.000000
411 0.000000
412 0.000000
413 0.000000
414 0.000000
415 0.000000
416 0.000000
417 0.000000
418 0.000000
419 0.000000
420 0.000000
421 0.000000
422 0.000000
423 0.000000
424 0.000000
425 0.000000
426 0.000000
427 0.000000
428 0.000000
429 0.000000
430 0.000000
431 0.000000
432 0.000000
433 0.000000
434 0.000000
435 0.000000
436 0.000000
437 0.000000
438 0.000000
439 0.000000
440 0.000000
441 0.000000
442 0.000000
443 0.000000
444 0.000000
445 0.000000
446 0.000000
447 0.000000
448 0.000000
449 0.000000
450 0.000000
451 0.000000
452 0.000000
453 0.000000
454 0.000000
455 0.000000
456 0.000000
457 0.000000
458 0.000000
459 0.000000
460 0.000000
461 0.000000
462 0.000000
463 0.000000
464 0.000000
465 0.000000
466 0.000000
467 0.000000
468 0.000000
469 0.000000
470 0.000000
471 0.000000
472 0.000000
473 0.000000
474 0.000000
475 0.000000
476 0.000000
477 0.000000
478 0.000000
479 0.000000
480 0.000000
481 0.000000
482 0.000000
483 0.000000
484 0.000000
485 0.000000
486 0.000000
487 0.000000
488 0.000000
489 0.000000
490 0.000000
491 0.000000
492 0.000000
493 0.000000
494 0.000000
495 0.000000
496 0.000000
497 0.000000
498 0.000000
499 0.000000
500 0.000000
