1 1000000000000000019884624838656.000000
2 1000000000000000019884624838656.000000
3 1000000000000000019884624838656.000000
4 1000000000000000019884624838656.000000
5 112184.167145
6 112184.167145
7 112184.167145
8 112184.167145
9 112184.167145
10 86242.568412
11 86242.568412
12 86242.568412
13 86242.568412
14 86242.568412
15 53536.287275
16 53536.287275
17 53536.287275
18 53536.287275
19 53536.287275
20 37781.762875
21 37781.762875
22 37781.762875
23 37781.762875
24 37781.762875
25 33935.424115
26 33935.424115
27 33935.424115
28 33935.424115
29 33935.424115
30 31088.842192
31 31088.842192
32 31088.842192
33 31088.842192
34 31088.842192
35 24183.419418
36 24183.419418
37 24183.419418
38 24183.419418
39 24183.419418
40 26101.242639
41 26101.242639
42 26101.242639
43 26101.242639
44 26101.242639
45 29213.819785
46 29213.819785
47 29213.819785
48 29213.819785
49 29213.819785
50 21350.353839
51 21350.353839
52 21350.353839
53 21350.353839
54 21350.353839
55 24682.038515
56 24682.038515
57 24682.038515
58 24682.038515
59 24682.038515
60 20679.913062
61 20679.913062
62 20679.913062
63 20679.913062
64 20679.913062
65 20498.274887
66 20498.274887
67 20498.274887
68 20498.274887
69 20498.274887
70 18129.159598
71 18129.159598
72 18129.159598
73 18129.159598
74 18129.159598
75 18139.506560
76 18139.506560
77 18139.506560
78 18139.506560
79 18139.506560
80 14227.347096
81 14227.347096
82 14227.347096
83 14227.347096
84 14227.347096
85 13924.804349
86 13924.804349
87 13924.804349
88 13924.804349
89 13924.804349
90 11267.100045
91 11267.100045
92 11267.100045
93 11267.100045
94 11267.100045
95 10393.879498
96 10393.879498
97 10393.879498
98 10393.879498
99 10393.879498
100 10571.157080
101 10571.157080
102 10571.157080
103 10571.157080
104 10571.157080
105 8777.410207
106 8777.410207
107 8777.410207
108 8777.410207
109 8777.410207
110 9857.944738
111 9857.944738
112 9857.944738
113 9857.944738
114 9857.944738
115 7375.073148
116 7375.073148
117 7375.073148
118 7375.073148
119 7375.073148
120 8086.142361
121 8086.142361
122 8086.142361
123 8086.142361
124 8086.142361
125 7742.005563
126 7742.005563
127 7742.005563
128 7742.005563
129 7742.005563
130 7926.440516
131 7926.440516
132 7926.440516
133 7926.440516
134 7926.440516
135 6714.972281
136 6714.972281
137 6714.972281
138 6714.972281
139 6714.972281
140 5741.860657
141 5741.860657
142 5741.860657
143 5741.860657
144 5741.860657
145 5108.193577
146 5108.193577
147 5108.193577
148 5108.193577
149 5108.193577
150 5093.501822
151 5093.501822
152 5093.501822
153 5093.501822
154 5093.501822
155 4563.394554
156 4563.394554
157 4563.394554
158 4563.394554
159 4563.394554
160 3977.253415
161 3977.253415
162 3977.253415
163 3977.253415
164 3977.253415
165 3897.291216
166 3897.291216
167 3897.291216
168 3897.291216
169 3897.291216
170 3588.550412
171 3588.550412
172 3588.550412
173 3588.550412
174 3588.550412
175 2992.742066
176 2992.742066
177 2992.742066
178 2992.742066
179 2992.742066
180 3264.795975
181 3264.795975
182 3264.795975
183 3264.795975
184 3264.795975
185 2666.162916
186 2666.162916
187 2666.162916
188 2666.162916
189 2666.162916
190 2345.290061
191 2345.290061
192 2345.290061
193 2345.290061
194 2345.290061
195 2165.255047
196 2165.255047
197 2165.255047
198 2165.255047
199 2165.255047
200 1928.246681
201 1928.246681
202 1928.246681
203 1928.246681
204 1928.246681
205 1777.238832
206 1777.238832
207 1777.238832
208 1777.238832
209 1777.238832
210 1535.303261
211 1535.303261
212 1535.303261
213 1535.303261
214 1535.303261
215 1559.292085
216 1559.292085
217 1559.292085
218 1559.292085
219 1559.292085
220 1449.003128
221 1449.003128
222 1449.003128
223 1449.003128
224 1449.003128
225 1302.512403
226 1302.512403
227 1302.512403
228 1302.512403
229 1302.512403
230 1158.949295
231 1158.949295
232 1158.949295
233 1158.949295
234 1158.949295
235 1060.652391
236 1060.652391
237 1060.652391
238 1060.652391
239 1060.652391
240 1099.603014
241 1099.603014
242 1099.603014
243 1099.603014
244 1099.603014
245 1019.070618
246 1019.070618
247 1019.070618
248 1019.070618
249 1019.070618
250 1021.956345
251 1021.956345
252 1021.956345
253 1021.956345
254 1021.956345
255 1060.313071
256 1060.313071
257 1060.313071
258 1060.313071
259 1060.313071
260 859.654728
261 859.654728
262 859.654728
263 859.654728
264 859.654728
265 914.538818
266 914.538818
267 914.538818
268 914.538818
269 914.538818
270 921.999032
271 921.999032
272 921.999032
273 921.999032
274 921.999032
275 894.086113
276 894.086113
277 894.086113
278 894.086113
279 894.086113
280 804.052158
281 804.052158
282 804.052158
283 804.052158
284 804.052158
285 786.022698
286 786.022698
287 786.022698
288 786.022698
289 786.022698
290 703.444284
291 703.444284
292 703.444284
293 703.444284
294 703.444284
295 718.140469
296 718.140469
297 718.140469
298 718.140469
299 718.140469
300 662.204696
301 662.204696
302 662.204696
303 662.204696
304 662.204696
305 611.474594
306 611.474594
307 611.474594
308 611.474594
309 611.474594
310 594.116094
311 594.116094
312 594.116094
313 594.116094
314 594.116094
315 545.214593
316 545.214593
317 545.214593
318 545.214593
319 545.214593
320 563.288035
321 563.288035
322 563.288035
323 563.288035
324 563.288035
325 560.294182
326 560.294182
327 560.294182
328 560.294182
329 560.294182
330 522.937879
331 522.937879
332 522.937879
333 522.937879
334 522.937879
335 506.551486
336 506.551486
337 506.551486
338 506.551486
339 506.551486
340 463.676275
341 463.676275
342 463.676275
343 463.676275
344 463.676275
345 454.611990
346 454.611990
347 454.611990
348 454.611990
349 454.611990
350 440.738308
351 440.738308
352 440.738308
353 440.738308
354 440.738308
355 430.721324
356 430.721324
357 430.721324
358 430.721324
359 430.721324
360 407.129161
361 407.129161
362 407.129161
363 407.129161
364 407.129161
365 403.362527
366 403.362527
367 403.362527
368 403.362527
369 403.362527
370 386.329972
371 386.329972
372 386.329972
373 386.329972
374 386.329972
375 383.594963
376 383.594963
377 383.594963
378 383.594963
379 383.594963
380 362.184743
381 362.184743
382 362.184743
383 362.184743
384 362.184743
385 366.900555
386 366.900555
387 366.900555
388 366.900555
389 366.900555
390 349.399207
391 349.399207
392 349.399207
393 349.399207
394 349.399207
395 343.079146
396 343.079146
397 343.079146
398 343.079146
399 343.079146
400 334.727381
401 334.727381
402 334.727381
403 334.727381
404 334.727381
405 329.229438
406 329.229438
407 329.229438
408 329.229438
409 329.229438
410 324.215946
411 324.215946
412 324.215946
413 324.215946
414 324.215946
415 301.652831
416 301.652831
417 301.652831
418 301.652831
419 301.652831
420 295.055348
421 295.055348
422 295.055348
423 295.055348
424 295.055348
425 293.203586
426 293.203586
427 293.203586
428 293.203586
429 293.203586
430 289.827860
431 289.827860
432 289.827860
433 289.827860
434 289.827860
435 280.289798
436 280.289798
437 280.289798
438 280.289798
439 280.289798
440 277.854237
441 277.854237
442 277.854237
443 277.854237
444 277.854237
445 275.143876
446 275.143876
447 275.143876
448 275.143876
449 275.143876
450 266.850851
451 266.850851
452 266.850851
453 266.850851
454 266.850851
455 262.742854
456 262.742854
457 262.742854
458 262.742854
459 262.742854
460 258.181916
461 258.181916
462 258.181916
463 258.181916
464 258.181916
465 254.207783
466 254.207783
467 254.207783
468 254.207783
469 254.207783
470 248.638404
471 248.638404
472 248.638404
473 248.638404
474 248.638404
475 247.997032
476 247.997032
477 247.997032
478 247.997032
479 247.997032
480 245.879471
481 245.879471
482 245.879471
483 245.879471
484 245.879471
485 244.077706
486 244.077706
487 244.077706
488 244.077706
489 244.077706
490 242.405894
491 242.405894
492 242.405894
493 242.405894
494 242.405894
495 241.934901
496 241.934901
497 241.934901
498 241.934901
499 241.934901
500 241.780908
