1 717262.833972
2 765416.990424
3 753466.398631
4 763223.744239
5 743137.273593
6 740406.862772
7 735891.513499
8 650906.987365
9 604617.193753
10 502064.739879
11 486163.711798
12 461035.526647
13 430600.552264
14 383734.302497
15 362779.115569
16 339537.148589
17 313166.472623
18 274578.311482
19 240862.161433
20 224592.908799
21 206334.064035
22 198482.902696
23 172959.235357
24 155589.130500
25 123296.095111
26 110227.539410
27 101297.665208
28 92045.012518
29 74481.164293
30 71647.847680
31 61291.972477
32 49732.510545
33 48163.470798
34 41809.618909
35 35675.117814
36 31542.259378
37 27614.358089
38 21247.621383
39 19062.635256
40 14922.521693
41 13011.630706
42 11327.225050
43 9697.137738
44 8671.117633
45 7182.403687
46 6381.501599
47 5659.496407
48 4493.149532
49 4156.919117
50 3492.685805
51 3197.617857
52 2666.109479
53 2135.040698
54 2016.649051
55 1656.699746
56 1299.653605
57 1108.608938
58 1003.705506
59 860.119559
60 717.138172
61 624.344243
62 531.493219
63 432.460709
64 370.407379
65 336.651824
66 264.028976
67 240.016219
68 210.854352
69 180.165172
70 132.966142
71 126.918104
72 104.762855
73 77.613883
74 70.204212
75 56.530871
76 47.547556
77 36.896765
78 31.643080
79 23.815708
80 20.950496
81 18.910168
82 16.263503
83 13.157046
84 10.134658
85 7.914875
86 6.677080
87 6.003238
88 5.040429
89 4.155610
90 3.259043
91 2.646970
92 2.299655
93 1.991774
94 1.711336
95 1.486116
96 1.221144
97 1.027573
98 0.852398
99 0.710996
100 0.606019
101 0.484221
102 0.393431
103 0.307136
104 0.268702
105 0.216694
106 0.191612
107 0.155929
108 0.130780
109 0.107642
110 0.089549
111 0.071271
112 0.060585
113 0.052939
114 0.045085
115 0.032982
116 0.026915
117 0.023058
118 0.019397
119 0.015777
120 0.012476
121 0.011640
122 0.009553
123 0.007741
124 0.006489
125 0.005578
126 0.004275
127 0.003411
128 0.002653
129 0.002384
130 0.001937
131 0.001634
132 0.001404
133 0.001177
134 0.000979
135 0.000835
136 0.000686
137 0.000538
138 0.000463
139 0.000374
140 0.000318
141 0.000267
142 0.000229
143 0.000193
144 0.000154
145 0.000134
146 0.000111
147 0.000098
148 0.000079
149 0.000070
150 0.000056
151 0.000046
152 0.000038
153 0.000033
154 0.000027
155 0.000022
156 0.000019
157 0.000016
158 0.000013
159 0.000010
160 0.000009
161 0.000007
162 0.000007
163 0.000006
164 0.000005
165 0.000004
166 0.000004
167 0.000003
168 0.000003
169 0.000002
170 0.000002
171 0.000002
172 0.000001
173 0.000001
174 0.000001
175 0.000001
176 0.000001
177 0.000001
178 0.000001
179 0.000000
180 0.000000
181 0.000000
182 0.000000
183 0.000000
184 0.000000
185 0.000000
186 0.000000
187 0.000000
188 0.000000
189 0.000000
190 0.000000
191 0.000000
192 0.000000
193 0.000000
194 0.000000
195 0.000000
196 0.000000
197 0.000000
198 0.000000
199 0.000000
200 0.000000
201 0.000000
202 0.000000
203 0.000000
204 0.000000
205 0.000000
206 0.000000
207 0.000000
208 0.000000
209 0.000000
210 0.000000
211 0.000000
212 0.000000
213 0.000000
214 0.000000
215 0.000000
216 0.000000
217 0.000000
218 0.000000
219 0.000000
220 0.000000
221 0.000000
222 0.000000
223 0.000000
224 0.000000
225 0.000000
226 0.000000
227 0.000000
228 0.000000
229 0.000000
230 0.000000
231 0.000000
232 0.000000
233 0.000000
234 0.000000
235 0.000000
236 0.000000
237 0.000000
238 0.000000
239 0.000000
240 0.000000
241 0.000000
242 0.000000
243 0.000000
244 0.000000
245 0.000000
246 0.000000
247 0.000000
248 0.000000
249 0.000000
250 0.000000
251 0.000000
252 0.000000
253 0.000000
254 0.000000
255 0.000000
256 0.000000
257 0.000000
258 0.000000
259 0.000000
260 0.000000
261 0.000000
262 0.000000
263 0.000000
264 0.000000
265 0.000000
266 0.000000
267 0.000000
268 0.000000
269 0.000000
270 0.000000
271 0.000000
272 0.000000
273 0.000000
274 0.000000
275 0.000000
276 0.000000
277 0.000000
278 0.000000
279 0.000000
280 0.000000
281 0.000000
282 0.000000
283 0.000000
284 0.000000
285 0.000000
286 0.000000
287 0.000000
288 0.000000
289 0.000000
290 0.000000
291 0.000000
292 0.000000
293 0.000000
294 0.000000
295 0.000000
296 0.000000
297 0.000000
298 0.000000
299 0.000000
300 0.000000
301 0.000000
302 0.000000
303 0.000000
304 0.000000
305 0.000000
306 0.000000
307 0.000000
308 0.000000
309 0.000000
310 0.000000
311 0.000000
312 0.000000
313 0.000000
314 0.000000
315 0.000000
316 0.000000
317 0.000000
318 0.000000
319 0.000000
320 0.000000
321 0.000000
322 0.000000
323 0.000000
324 0.000000
325 0.000000
326 0.000000
327 0.000000
328 0.000000
329 0.000000
330 0.000000
331 0.000000
332 0.000000
333 0.000000
334 0.000000
335 0.000000
336 0.000000
337 0.000000
338 0.000000
339 0.000000
340 0.000000
341 0.000000
342 0.000000
343 0.000000
344 0.000000
345 0.000000
346 0.000000
347 0.000000
348 0.000000
349 0.000000
350 0.000000
351 0.000000
352 0.000000
353 0.000000
354 0.000000
355 0.000000
356 0.000000
357 0.000000
358 0.000000
359 0.000000
360 0.000000
361 0.000000
362 0.000000
363 0.000000
364 0.000000
365 0.000000
366 0.000000
367 0.000000
368 0.000000
369 0.000000
370 0.000000
371 0.000000
372 0.000000
373 0.000000
374 0.000000
375 0.000000
376 0.000000
377 0.000000
378 0.000000
379 0.000000
380 0.000000
381 0.000000
382 0.000000
383 0.000000
384 0.000000
385 0.000000
386 0.000000
387 0.000000
388 0.000000
389 0.000000
390 0.000000
391 0.000000
392 0.000000
393 0.000000
394 0.000000
395 0.000000
396 0.000000
397 0.000000
398 0.000000
399 0.000000
400 0.000000
401 0.000000
402 0.000000
403 0.000000
404 0.000000
405 0.000000
406 0.000000
407 0.000000
408 0.000000
409 0.000000
410 0.000000
411 0.000000
412 0.000000
413 0.000000
414 0.000000
415 0.000000
416 0.000000
417 0.000000
418 0.000000
419 0.000000
420 0.000000
421 0.000000
422 0.000000
423 0.000000
424 0.000000
425 0.000000
426 0.000000
427 0.000000
428 0.000000
429 0.000000
430 0.000000
431 0.000000
432 0.000000
433 0.000000
434 0.000000
435 0.000000
436 0.000000
437 0.000000
438 0.000000
439 0.000000
440 0.000000
441 0.000000
442 0.000000
443 0.000000
444 0.000000
445 0.000000
446 0.000000
447 0.000000
448 0.000000
449 0.000000
450 0.000000
451 0.000000
452 0.000000
453 0.000000
454 0.000000
455 0.000000
456 0.000000
457 0.000000
458 0.000000
459 0.000000
460 0.000000
461 0.000000
462 0.000000
463 0.000000
464 0.000000
465 0.000000
466 0.000000
467 0.000000
468 0.000000
469 0.000000
470 0.000000
471 0.000000
472 0.000000
473 0.000000
474 0.000000
475 0.000000
476 0.000000
477 0.000000
478 0.000000
479 0.000000
480 0.000000
481 0.000000
482 0.000000
483 0.000000
484 0.000000
485 0.000000
486 0.000000
487 0.000000
488 0.000000
489 0.000000
490 0.000000
491 0.000000
492 0.000000
493 0.000000
494 0.000000
495 0.000000
496 0.000000
497 0.000000
498 0.000000
499 0.000000
500 0.000000
