1 1000000000000000019884624838656.000000
2 1000000000000000019884624838656.000000
3 1000000000000000019884624838656.000000
4 1000000000000000019884624838656.000000
5 27331832958651772038537041399476915635102238319395229107559080193479900705127584983620188261924762783324084716153791882199040.000000
6 27331832958651772038537041399476915635102238319395229107559080193479900705127584983620188261924762783324084716153791882199040.000000
7 27331832958651772038537041399476915635102238319395229107559080193479900705127584983620188261924762783324084716153791882199040.000000
8 27331832958651772038537041399476915635102238319395229107559080193479900705127584983620188261924762783324084716153791882199040.000000
9 27331832958651772038537041399476915635102238319395229107559080193479900705127584983620188261924762783324084716153791882199040.000000
10 1555806634873384918173616176972769423790628111093304541214528916592917828501344568920886994137683157238836463195477164686789574656.000000
11 1555806634873384918173616176972769423790628111093304541214528916592917828501344568920886994137683157238836463195477164686789574656.000000
12 1555806634873384918173616176972769423790628111093304541214528916592917828501344568920886994137683157238836463195477164686789574656.000000
13 1555806634873384918173616176972769423790628111093304541214528916592917828501344568920886994137683157238836463195477164686789574656.000000
14 1555806634873384918173616176972769423790628111093304541214528916592917828501344568920886994137683157238836463195477164686789574656.000000
15 85393721409486280218060724670993519048258803337975942718940660031776697188623788489756126134403072.000000
16 85393721409486280218060724670993519048258803337975942718940660031776697188623788489756126134403072.000000
17 85393721409486280218060724670993519048258803337975942718940660031776697188623788489756126134403072.000000
18 85393721409486280218060724670993519048258803337975942718940660031776697188623788489756126134403072.000000
19 85393721409486280218060724670993519048258803337975942718940660031776697188623788489756126134403072.000000
20 1788113353035632656047325113311228486611959109589213051606794240.000000
21 1788113353035632656047325113311228486611959109589213051606794240.000000
22 1788113353035632656047325113311228486611959109589213051606794240.000000
23 1788113353035632656047325113311228486611959109589213051606794240.000000
24 1788113353035632656047325113311228486611959109589213051606794240.000000
25 50430443050302394639081071968256.000000
26 50430443050302394639081071968256.000000
27 50430443050302394639081071968256.000000
28 50430443050302394639081071968256.000000
29 50430443050302394639081071968256.000000
30 2865.718857
31 2865.718857
32 2865.718857
33 2865.718857
34 2865.718857
35 2053.673688
36 2053.673688
37 2053.673688
38 2053.673688
39 2053.673688
40 1530.246316
41 1530.246316
42 1530.246316
43 1530.246316
44 1530.246316
45 1136.947176
46 1136.947176
47 1136.947176
48 1136.947176
49 1136.947176
50 828.543640
51 828.543640
52 828.543640
53 828.543640
54 828.543640
55 625.670867
56 625.670867
57 625.670867
58 625.670867
59 625.670867
60 487.156777
61 487.156777
62 487.156777
63 487.156777
64 487.156777
65 345.205428
66 345.205428
67 345.205428
68 345.205428
69 345.205428
70 250.388005
71 250.388005
72 250.388005
73 250.388005
74 250.388005
75 184.749225
76 184.749225
77 184.749225
78 184.749225
79 184.749225
80 129.397801
81 129.397801
82 129.397801
83 129.397801
84 129.397801
85 90.099841
86 90.099841
87 90.099841
88 90.099841
89 90.099841
90 67.167127
91 67.167127
92 67.167127
93 67.167127
94 67.167127
95 49.133510
96 49.133510
97 49.133510
98 49.133510
99 49.133510
100 36.385577
101 36.385577
102 36.385577
103 36.385577
104 36.385577
105 25.977714
106 25.977714
107 25.977714
108 25.977714
109 25.977714
110 19.779658
111 19.779658
112 19.779658
113 19.779658
114 19.779658
115 14.112816
116 14.112816
117 14.112816
118 14.112816
119 14.112816
120 9.582050
121 9.582050
122 9.582050
123 9.582050
124 9.582050
125 6.787382
126 6.787382
127 6.787382
128 6.787382
129 6.787382
130 4.662639
131 4.662639
132 4.662639
133 4.662639
134 4.662639
135 3.251226
136 3.251226
137 3.251226
138 3.251226
139 3.251226
140 2.157588
141 2.157588
142 2.157588
143 2.157588
144 2.157588
145 1.381704
146 1.381704
147 1.381704
148 1.381704
149 1.381704
150 0.947427
151 0.947427
152 0.947427
153 0.947427
154 0.947427
155 0.636058
156 0.636058
157 0.636058
158 0.636058
159 0.636058
160 0.427558
161 0.427558
162 0.427558
163 0.427558
164 0.427558
165 0.299668
166 0.299668
167 0.299668
168 0.299668
169 0.299668
170 0.213459
171 0.213459
172 0.213459
173 0.213459
174 0.213459
175 0.147760
176 0.147760
177 0.147760
178 0.147760
179 0.147760
180 0.096796
181 0.096796
182 0.096796
183 0.096796
184 0.096796
185 0.066179
186 0.066179
187 0.066179
188 0.066179
189 0.066179
190 0.044995
191 0.044995
192 0.044995
193 0.044995
194 0.044995
195 0.031689
196 0.031689
197 0.031689
198 0.031689
199 0.031689
200 0.020819
201 0.020819
202 0.020819
203 0.020819
204 0.020819
205 0.014108
206 0.014108
207 0.014108
208 0.014108
209 0.014108
210 0.009171
211 0.009171
212 0.009171
213 0.009171
214 0.009171
215 0.006429
216 0.006429
217 0.006429
218 0.006429
219 0.006429
220 0.004582
221 0.004582
222 0.004582
223 0.004582
224 0.004582
225 0.003241
226 0.003241
227 0.003241
228 0.003241
229 0.003241
230 0.002110
231 0.002110
232 0.002110
233 0.002110
234 0.002110
235 0.001474
236 0.001474
237 0.001474
238 0.001474
239 0.001474
240 0.001035
241 0.001035
242 0.001035
243 0.001035
244 0.001035
245 0.000739
246 0.000739
247 0.000739
248 0.000739
249 0.000739
250 0.000516
251 0.000516
252 0.000516
253 0.000516
254 0.000516
255 0.000364
256 0.000364
257 0.000364
258 0.000364
259 0.000364
260 0.000258
261 0.000258
262 0.000258
263 0.000258
264 0.000258
265 0.000180
266 0.000180
267 0.000180
268 0.000180
269 0.000180
270 0.000130
271 0.000130
272 0.000130
273 0.000130
274 0.000130
275 0.000093
276 0.000093
277 0.000093
278 0.000093
279 0.000093
280 0.000066
281 0.000066
282 0.000066
283 0.000066
284 0.000066
285 0.000046
286 0.000046
287 0.000046
288 0.000046
289 0.000046
290 0.000033
291 0.000033
292 0.000033
293 0.000033
294 0.000033
295 0.000024
296 0.000024
297 0.000024
298 0.000024
299 0.000024
300 0.000018
301 0.000018
302 0.000018
303 0.000018
304 0.000018
305 0.000013
306 0.000013
307 0.000013
308 0.000013
309 0.000013
310 0.000010
311 0.000010
312 0.000010
313 0.000010
314 0.000010
315 0.000007
316 0.000007
317 0.000007
318 0.000007
319 0.000007
320 0.000005
321 0.000005
322 0.000005
323 0.000005
324 0.000005
325 0.000004
326 0.000004
327 0.000004
328 0.000004
329 0.000004
330 0.000003
331 0.000003
332 0.000003
333 0.000003
334 0.000003
335 0.000002
336 0.000002
337 0.000002
338 0.000002
339 0.000002
340 0.000002
341 0.000002
342 0.000002
343 0.000002
344 0.000002
345 0.000001
346 0.000001
347 0.000001
348 0.000001
349 0.000001
350 0.000001
351 0.000001
352 0.000001
353 0.000001
354 0.000001
355 0.000001
356 0.000001
357 0.000001
358 0.000001
359 0.000001
360 0.000000
361 0.000000
362 0.000000
363 0.000000
364 0.000000
365 0.000000
366 0.000000
367 0.000000
368 0.000000
369 0.000000
370 0.000000
371 0.000000
372 0.000000
373 0.000000
374 0.000000
375 0.000000
376 0.000000
377 0.000000
378 0.000000
379 0.000000
380 0.000000
381 0.000000
382 0.000000
383 0.000000
384 0.000000
385 0.000000
386 0.000000
387 0.000000
388 0.000000
389 0.000000
390 0.000000
391 0.000000
392 0.000000
393 0.000000
394 0.000000
395 0.000000
396 0.000000
397 0.000000
398 0.000000
399 0.000000
400 0.000000
401 0.000000
402 0.000000
403 0.000000
404 0.000000
405 0.000000
406 0.000000
407 0.000000
408 0.000000
409 0.000000
410 0.000000
411 0.000000
412 0.000000
413 0.000000
414 0.000000
415 0.000000
416 0.000000
417 0.000000
418 0.000000
419 0.000000
420 0.000000
421 0.000000
422 0.000000
423 0.000000
424 0.000000
425 0.000000
426 0.000000
427 0.000000
428 0.000000
429 0.000000
430 0.000000
431 0.000000
432 0.000000
433 0.000000
434 0.000000
435 0.000000
436 0.000000
437 0.000000
438 0.000000
439 0.000000
440 0.000000
441 0.000000
442 0.000000
443 0.000000
444 0.000000
445 0.000000
446 0.000000
447 0.000000
448 0.000000
449 0.000000
450 0.000000
451 0.000000
452 0.000000
453 0.000000
454 0.000000
455 0.000000
456 0.000000
457 0.000000
458 0.000000
459 0.000000
460 0.000000
461 0.000000
462 0.000000
463 0.000000
464 0.000000
465 0.000000
466 0.000000
467 0.000000
468 0.000000
469 0.000000
470 0.000000
471 0.000000
472 0.000000
473 0.000000
474 0.000000
475 0.000000
476 0.000000
477 0.000000
478 0.000000
479 0.000000
480 0.000000
481 0.000000
482 0.000000
483 0.000000
484 0.000000
485 0.000000
486 0.000000
487 0.000000
488 0.000000
489 0.000000
490 0.000000
491 0.000000
492 0.000000
493 0.000000
494 0.000000
495 0.000000
496 0.000000
497 0.000000
498 0.000000
499 0.000000
500 0.000000
