1 1000000000000000019884624838656.000000
2 1000000000000000019884624838656.000000
3 1000000000000000019884624838656.000000
4 1000000000000000019884624838656.000000
5 706.708544
6 706.708544
7 706.708544
8 706.708544
9 706.708544
10 673.307059
11 673.307059
12 673.307059
13 673.307059
14 673.307059
15 589.072766
16 589.072766
17 589.072766
18 589.072766
19 589.072766
20 506.645433
21 506.645433
22 506.645433
23 506.645433
24 506.645433
25 454.717256
26 454.717256
27 454.717256
28 454.717256
29 454.717256
30 381.722098
31 381.722098
32 381.722098
33 381.722098
34 381.722098
35 342.842380
36 342.842380
37 342.842380
38 342.842380
39 342.842380
40 303.417315
41 303.417315
42 303.417315
43 303.417315
44 303.417315
45 275.648381
46 275.648381
47 275.648381
48 275.648381
49 275.648381
50 250.158744
51 250.158744
52 250.158744
53 250.158744
54 250.158744
55 214.175854
56 214.175854
57 214.175854
58 214.175854
59 214.175854
60 187.684216
61 187.684216
62 187.684216
63 187.684216
64 187.684216
65 165.521800
66 165.521800
67 165.521800
68 165.521800
69 165.521800
70 149.814256
71 149.814256
72 149.814256
73 149.814256
74 149.814256
75 127.422489
76 127.422489
77 127.422489
78 127.422489
79 127.422489
80 115.027474
81 115.027474
82 115.027474
83 115.027474
84 115.027474
85 102.284118
86 102.284118
87 102.284118
88 102.284118
89 102.284118
90 89.509923
91 89.509923
92 89.509923
93 89.509923
94 89.509923
95 83.595695
96 83.595695
97 83.595695
98 83.595695
99 83.595695
100 74.543107
101 74.543107
102 74.543107
103 74.543107
104 74.543107
105 65.911607
106 65.911607
107 65.911607
108 65.911607
109 65.911607
110 59.897654
111 59.897654
112 59.897654
113 59.897654
114 59.897654
115 53.815844
116 53.815844
117 53.815844
118 53.815844
119 53.815844
120 47.283279
121 47.283279
122 47.283279
123 47.283279
124 47.283279
125 43.073648
126 43.073648
127 43.073648
128 43.073648
129 43.073648
130 39.671731
131 39.671731
132 39.671731
133 39.671731
134 39.671731
135 35.934995
136 35.934995
137 35.934995
138 35.934995
139 35.934995
140 33.556212
141 33.556212
142 33.556212
143 33.556212
144 33.556212
145 30.326378
146 30.326378
147 30.326378
148 30.326378
149 30.326378
150 27.272110
151 27.272110
152 27.272110
153 27.272110
154 27.272110
155 24.612987
156 24.612987
157 24.612987
158 24.612987
159 24.612987
160 22.630812
161 22.630812
162 22.630812
163 22.630812
164 22.630812
165 20.734853
166 20.734853
167 20.734853
168 20.734853
169 20.734853
170 18.763715
171 18.763715
172 18.763715
173 18.763715
174 18.763715
175 17.306745
176 17.306745
177 17.306745
178 17.306745
179 17.306745
180 15.999596
181 15.999596
182 15.999596
183 15.999596
184 15.999596
185 14.733831
186 14.733831
187 14.733831
188 14.733831
189 14.733831
190 13.411645
191 13.411645
192 13.411645
193 13.411645
194 13.411645
195 12.432748
196 12.432748
197 12.432748
198 12.432748
199 12.432748
200 11.579849
201 11.579849
202 11.579849
203 11.579849
204 11.579849
205 10.651897
206 10.651897
207 10.651897
208 10.651897
209 10.651897
210 9.984760
211 9.984760
212 9.984760
213 9.984760
214 9.984760
215 9.350326
216 9.350326
217 9.350326
218 9.350326
219 9.350326
220 8.677555
221 8.677555
222 8.677555
223 8.677555
224 8.677555
225 8.103759
226 8.103759
227 8.103759
228 8.103759
229 8.103759
230 7.690889
231 7.690889
232 7.690889
233 7.690889
234 7.690889
235 7.255255
236 7.255255
237 7.255255
238 7.255255
239 7.255255
240 6.768727
241 6.768727
242 6.768727
243 6.768727
244 6.768727
245 6.572134
246 6.572134
247 6.572134
248 6.572134
249 6.572134
250 6.259075
251 6.259075
252 6.259075
253 6.259075
254 6.259075
255 5.916021
256 5.916021
257 5.916021
258 5.916021
259 5.916021
260 5.567146
261 5.567146
262 5.567146
263 5.567146
264 5.567146
265 5.334306
266 5.334306
267 5.334306
268 5.334306
269 5.334306
270 5.107843
271 5.107843
272 5.107843
273 5.107843
274 5.107843
275 4.903500
276 4.903500
277 4.903500
278 4.903500
279 4.903500
280 4.684503
281 4.684503
282 4.684503
283 4.684503
284 4.684503
285 4.423458
286 4.423458
287 4.423458
288 4.423458
289 4.423458
290 4.234994
291 4.234994
292 4.234994
293 4.234994
294 4.234994
295 4.039249
296 4.039249
297 4.039249
298 4.039249
299 4.039249
300 3.868452
301 3.868452
302 3.868452
303 3.868452
304 3.868452
305 3.711724
306 3.711724
307 3.711724
308 3.711724
309 3.711724
310 3.553269
311 3.553269
312 3.553269
313 3.553269
314 3.553269
315 3.447600
316 3.447600
317 3.447600
318 3.447600
319 3.447600
320 3.343738
321 3.343738
322 3.343738
323 3.343738
324 3.343738
325 3.231686
326 3.231686
327 3.231686
328 3.231686
329 3.231686
330 3.126406
331 3.126406
332 3.126406
333 3.126406
334 3.126406
335 3.030222
336 3.030222
337 3.030222
338 3.030222
339 3.030222
340 2.962404
341 2.962404
342 2.962404
343 2.962404
344 2.962404
345 2.883268
346 2.883268
347 2.883268
348 2.883268
349 2.883268
350 2.807128
351 2.807128
352 2.807128
353 2.807128
354 2.807128
355 2.726266
356 2.726266
357 2.726266
358 2.726266
359 2.726266
360 2.655051
361 2.655051
362 2.655051
363 2.655051
364 2.655051
365 2.589348
366 2.589348
367 2.589348
368 2.589348
369 2.589348
370 2.539018
371 2.539018
372 2.539018
373 2.539018
374 2.539018
375 2.478378
376 2.478378
377 2.478378
378 2.478378
379 2.478378
380 2.431162
381 2.431162
382 2.431162
383 2.431162
384 2.431162
385 2.390405
386 2.390405
387 2.390405
388 2.390405
389 2.390405
390 2.337308
391 2.337308
392 2.337308
393 2.337308
394 2.337308
395 2.298361
396 2.298361
397 2.298361
398 2.298361
399 2.298361
400 2.259338
401 2.259338
402 2.259338
403 2.259338
404 2.259338
405 2.208669
406 2.208669
407 2.208669
408 2.208669
409 2.208669
410 2.165249
411 2.165249
412 2.165249
413 2.165249
414 2.165249
415 2.137938
416 2.137938
417 2.137938
418 2.137938
419 2.137938
420 2.107457
421 2.107457
422 2.107457
423 2.107457
424 2.107457
425 2.078978
426 2.078978
427 2.078978
428 2.078978
429 2.078978
430 2.052453
431 2.052453
432 2.052453
433 2.052453
434 2.052453
435 2.030333
436 2.030333
437 2.030333
438 2.030333
439 2.030333
440 2.006715
441 2.006715
442 2.006715
443 2.006715
444 2.006715
445 1.990124
446 1.990124
447 1.990124
448 1.990124
449 1.990124
450 1.974218
451 1.974218
452 1.974218
453 1.974218
454 1.974218
455 1.958125
456 1.958125
457 1.958125
458 1.958125
459 1.958125
460 1.944272
461 1.944272
462 1.944272
463 1.944272
464 1.944272
465 1.932750
466 1.932750
467 1.932750
468 1.932750
469 1.932750
470 1.922000
471 1.922000
472 1.922000
473 1.922000
474 1.922000
475 1.913980
476 1.913980
477 1.913980
478 1.913980
479 1.913980
480 1.904389
481 1.904389
482 1.904389
483 1.904389
484 1.904389
485 1.897834
486 1.897834
487 1.897834
488 1.897834
489 1.897834
490 1.894126
491 1.894126
492 1.894126
493 1.894126
494 1.894126
495 1.892902
496 1.892902
497 1.892902
498 1.892902
499 1.892902
500 1.892399
