1 1000000000000000019884624838656.000000
2 1000000000000000019884624838656.000000
3 1000000000000000019884624838656.000000
4 1000000000000000019884624838656.000000
5 452468658.035491
6 452468658.035491
7 452468658.035491
8 452468658.035491
9 452468658.035491
10 255295575.892330
11 255295575.892330
12 255295575.892330
13 255295575.892330
14 255295575.892330
15 200861241.807292
16 200861241.807292
17 200861241.807292
18 200861241.807292
19 200861241.807292
20 196689790.228888
21 196689790.228888
22 196689790.228888
23 196689790.228888
24 196689790.228888
25 136047522.059301
26 136047522.059301
27 136047522.059301
28 136047522.059301
29 136047522.059301
30 565078664.000296
31 565078664.000296
32 565078664.000296
33 565078664.000296
34 565078664.000296
35 252194637.998002
36 252194637.998002
37 252194637.998002
38 252194637.998002
39 252194637.998002
40 316719656.619935
41 316719656.619935
42 316719656.619935
43 316719656.619935
44 316719656.619935
45 352345899.242282
46 352345899.242282
47 352345899.242282
48 352345899.242282
49 352345899.242282
50 450262609.459253
51 450262609.459253
52 450262609.459253
53 450262609.459253
54 450262609.459253
55 245048805.143851
56 245048805.143851
57 245048805.143851
58 245048805.143851
59 245048805.143851
60 549002534.981318
61 549002534.981318
62 549002534.981318
63 549002534.981318
64 549002534.981318
65 313790940.579022
66 313790940.579022
67 313790940.579022
68 313790940.579022
69 313790940.579022
70 305178716.652127
71 305178716.652127
72 305178716.652127
73 305178716.652127
74 305178716.652127
75 554997376.657954
76 554997376.657954
77 554997376.657954
78 554997376.657954
79 554997376.657954
80 415756860.006614
81 415756860.006614
82 415756860.006614
83 415756860.006614
84 415756860.006614
85 283063413.305495
86 283063413.305495
87 283063413.305495
88 283063413.305495
89 283063413.305495
90 382403198.000983
91 382403198.000983
92 382403198.000983
93 382403198.000983
94 382403198.000983
95 435910810.570427
96 435910810.570427
97 435910810.570427
98 435910810.570427
99 435910810.570427
100 374170690.372008
101 374170690.372008
102 374170690.372008
103 374170690.372008
104 374170690.372008
105 358099090.159945
106 358099090.159945
107 358099090.159945
108 358099090.159945
109 358099090.159945
110 522658748.540380
111 522658748.540380
112 522658748.540380
113 522658748.540380
114 522658748.540380
115 715897077.630885
116 715897077.630885
117 715897077.630885
118 715897077.630885
119 715897077.630885
120 365097929.053880
121 365097929.053880
122 365097929.053880
123 365097929.053880
124 365097929.053880
125 479886484.054569
126 479886484.054569
127 479886484.054569
128 479886484.054569
129 479886484.054569
130 330446794.165000
131 330446794.165000
132 330446794.165000
133 330446794.165000
134 330446794.165000
135 425102540.613817
136 425102540.613817
137 425102540.613817
138 425102540.613817
139 425102540.613817
140 385353482.539390
141 385353482.539390
142 385353482.539390
143 385353482.539390
144 385353482.539390
145 339238917.765021
146 339238917.765021
147 339238917.765021
148 339238917.765021
149 339238917.765021
150 333413182.549921
151 333413182.549921
152 333413182.549921
153 333413182.549921
154 333413182.549921
155 344947766.155309
156 344947766.155309
157 344947766.155309
158 344947766.155309
159 344947766.155309
160 259735842.215023
161 259735842.215023
162 259735842.215023
163 259735842.215023
164 259735842.215023
165 391455034.152801
166 391455034.152801
167 391455034.152801
168 391455034.152801
169 391455034.152801
170 360228732.247829
171 360228732.247829
172 360228732.247829
173 360228732.247829
174 360228732.247829
175 275427688.083464
176 275427688.083464
177 275427688.083464
178 275427688.083464
179 275427688.083464
180 301760668.061354
181 301760668.061354
182 301760668.061354
183 301760668.061354
184 301760668.061354
185 267376661.927553
186 267376661.927553
187 267376661.927553
188 267376661.927553
189 267376661.927553
190 299300709.408034
191 299300709.408034
192 299300709.408034
193 299300709.408034
194 299300709.408034
195 339588264.214396
196 339588264.214396
197 339588264.214396
198 339588264.214396
199 339588264.214396
200 266619800.164902
201 266619800.164902
202 266619800.164902
203 266619800.164902
204 266619800.164902
205 302596945.462827
206 302596945.462827
207 302596945.462827
208 302596945.462827
209 302596945.462827
210 176652509.079201
211 176652509.079201
212 176652509.079201
213 176652509.079201
214 176652509.079201
215 196054729.208601
216 196054729.208601
217 196054729.208601
218 196054729.208601
219 196054729.208601
220 241683793.924414
221 241683793.924414
222 241683793.924414
223 241683793.924414
224 241683793.924414
225 207826978.041607
226 207826978.041607
227 207826978.041607
228 207826978.041607
229 207826978.041607
230 181853822.743992
231 181853822.743992
232 181853822.743992
233 181853822.743992
234 181853822.743992
235 200655261.863034
236 200655261.863034
237 200655261.863034
238 200655261.863034
239 200655261.863034
240 214246293.213682
241 214246293.213682
242 214246293.213682
243 214246293.213682
244 214246293.213682
245 164830814.423312
246 164830814.423312
247 164830814.423312
248 164830814.423312
249 164830814.423312
250 175490154.083477
251 175490154.083477
252 175490154.083477
253 175490154.083477
254 175490154.083477
255 252345576.562934
256 252345576.562934
257 252345576.562934
258 252345576.562934
259 252345576.562934
260 188006397.668489
261 188006397.668489
262 188006397.668489
263 188006397.668489
264 188006397.668489
265 206608178.872854
266 206608178.872854
267 206608178.872854
268 206608178.872854
269 206608178.872854
270 206006152.586542
271 206006152.586542
272 206006152.586542
273 206006152.586542
274 206006152.586542
275 196827234.354246
276 196827234.354246
277 196827234.354246
278 196827234.354246
279 196827234.354246
280 187674987.278494
281 187674987.278494
282 187674987.278494
283 187674987.278494
284 187674987.278494
285 158171321.213880
286 158171321.213880
287 158171321.213880
288 158171321.213880
289 158171321.213880
290 176753597.119395
291 176753597.119395
292 176753597.119395
293 176753597.119395
294 176753597.119395
295 179183457.721831
296 179183457.721831
297 179183457.721831
298 179183457.721831
299 179183457.721831
300 175996162.371772
301 175996162.371772
302 175996162.371772
303 175996162.371772
304 175996162.371772
305 150835365.774559
306 150835365.774559
307 150835365.774559
308 150835365.774559
309 150835365.774559
310 135921862.039702
311 135921862.039702
312 135921862.039702
313 135921862.039702
314 135921862.039702
315 141246816.609139
316 141246816.609139
317 141246816.609139
318 141246816.609139
319 141246816.609139
320 135820731.852604
321 135820731.852604
322 135820731.852604
323 135820731.852604
324 135820731.852604
325 136890088.936419
326 136890088.936419
327 136890088.936419
328 136890088.936419
329 136890088.936419
330 149623122.492619
331 149623122.492619
332 149623122.492619
333 149623122.492619
334 149623122.492619
335 121192838.954597
336 121192838.954597
337 121192838.954597
338 121192838.954597
339 121192838.954597
340 140540607.922490
341 140540607.922490
342 140540607.922490
343 140540607.922490
344 140540607.922490
345 123541421.152083
346 123541421.152083
347 123541421.152083
348 123541421.152083
349 123541421.152083
350 121291052.313510
351 121291052.313510
352 121291052.313510
353 121291052.313510
354 121291052.313510
355 143971052.649192
356 143971052.649192
357 143971052.649192
358 143971052.649192
359 143971052.649192
360 133050987.173967
361 133050987.173967
362 133050987.173967
363 133050987.173967
364 133050987.173967
365 132246694.619560
366 132246694.619560
367 132246694.619560
368 132246694.619560
369 132246694.619560
370 120494548.221971
371 120494548.221971
372 120494548.221971
373 120494548.221971
374 120494548.221971
375 139118054.065872
376 139118054.065872
377 139118054.065872
378 139118054.065872
379 139118054.065872
380 112539555.032796
381 112539555.032796
382 112539555.032796
383 112539555.032796
384 112539555.032796
385 114999355.860352
386 114999355.860352
387 114999355.860352
388 114999355.860352
389 114999355.860352
390 107798475.998628
391 107798475.998628
392 107798475.998628
393 107798475.998628
394 107798475.998628
395 106072005.885342
396 106072005.885342
397 106072005.885342
398 106072005.885342
399 106072005.885342
400 98594994.466359
401 98594994.466359
402 98594994.466359
403 98594994.466359
404 98594994.466359
405 103931273.542241
406 103931273.542241
407 103931273.542241
408 103931273.542241
409 103931273.542241
410 95013534.747328
411 95013534.747328
412 95013534.747328
413 95013534.747328
414 95013534.747328
415 93166279.822059
416 93166279.822059
417 93166279.822059
418 93166279.822059
419 93166279.822059
420 89804526.271685
421 89804526.271685
422 89804526.271685
423 89804526.271685
424 89804526.271685
425 93340854.270936
426 93340854.270936
427 93340854.270936
428 93340854.270936
429 93340854.270936
430 87072605.288750
431 87072605.288750
432 87072605.288750
433 87072605.288750
434 87072605.288750
435 85674687.762821
436 85674687.762821
437 85674687.762821
438 85674687.762821
439 85674687.762821
440 88570258.400282
441 88570258.400282
442 88570258.400282
443 88570258.400282
444 88570258.400282
445 85989656.920263
446 85989656.920263
447 85989656.920263
448 85989656.920263
449 85989656.920263
450 85375373.125343
451 85375373.125343
452 85375373.125343
453 85375373.125343
454 85375373.125343
455 83947386.865299
456 83947386.865299
457 83947386.865299
458 83947386.865299
459 83947386.865299
460 80223472.987289
461 80223472.987289
462 80223472.987289
463 80223472.987289
464 80223472.987289
465 79116858.969710
466 79116858.969710
467 79116858.969710
468 79116858.969710
469 79116858.969710
470 77937281.080393
471 77937281.080393
472 77937281.080393
473 77937281.080393
474 77937281.080393
475 77486237.543546
476 77486237.543546
477 77486237.543546
478 77486237.543546
479 77486237.543546
480 75451017.279614
481 75451017.279614
482 75451017.279614
483 75451017.279614
484 75451017.279614
485 75170562.063628
486 75170562.063628
487 75170562.063628
488 75170562.063628
489 75170562.063628
490 74706265.734379
491 74706265.734379
492 74706265.734379
493 74706265.734379
494 74706265.734379
495 74441456.650609
496 74441456.650609
497 74441456.650609
498 74441456.650609
499 74441456.650609
500 74437716.474192
