1 1000000000000000019884624838656.000000
2 1000000000000000019884624838656.000000
3 1000000000000000019884624838656.000000
4 1000000000000000019884624838656.000000
5 131447756.826701
6 131447756.826701
7 131447756.826701
8 131447756.826701
9 131447756.826701
10 130545274.257308
11 130545274.257308
12 130545274.257308
13 130545274.257308
14 130545274.257308
15 182731466.379039
16 182731466.379039
17 182731466.379039
18 182731466.379039
19 182731466.379039
20 215103987.036290
21 215103987.036290
22 215103987.036290
23 215103987.036290
24 215103987.036290
25 313839042.214431
26 313839042.214431
27 313839042.214431
28 313839042.214431
29 313839042.214431
30 335563433.905855
31 335563433.905855
32 335563433.905855
33 335563433.905855
34 335563433.905855
35 215622173.813273
36 215622173.813273
37 215622173.813273
38 215622173.813273
39 215622173.813273
40 225341716.873679
41 225341716.873679
42 225341716.873679
43 225341716.873679
44 225341716.873679
45 240565992.328701
46 240565992.328701
47 240565992.328701
48 240565992.328701
49 240565992.328701
50 148577344.466373
51 148577344.466373
52 148577344.466373
53 148577344.466373
54 148577344.466373
55 283830685.892282
56 283830685.892282
57 283830685.892282
58 283830685.892282
59 283830685.892282
60 297721732.974503
61 297721732.974503
62 297721732.974503
63 297721732.974503
64 297721732.974503
65 312994273.952387
66 312994273.952387
67 312994273.952387
68 312994273.952387
69 312994273.952387
70 195340216.048518
71 195340216.048518
72 195340216.048518
73 195340216.048518
74 195340216.048518
75 205800771.585821
76 205800771.585821
77 205800771.585821
78 205800771.585821
79 205800771.585821
80 249050718.824255
81 249050718.824255
82 249050718.824255
83 249050718.824255
84 249050718.824255
85 137755645.600281
86 137755645.600281
87 137755645.600281
88 137755645.600281
89 137755645.600281
90 323873023.543069
91 323873023.543069
92 323873023.543069
93 323873023.543069
94 323873023.543069
95 293788860.169427
96 293788860.169427
97 293788860.169427
98 293788860.169427
99 293788860.169427
100 526766391.125460
101 526766391.125460
102 526766391.125460
103 526766391.125460
104 526766391.125460
105 362576137.594200
106 362576137.594200
107 362576137.594200
108 362576137.594200
109 362576137.594200
110 442756208.132596
111 442756208.132596
112 442756208.132596
113 442756208.132596
114 442756208.132596
115 293807405.545958
116 293807405.545958
117 293807405.545958
118 293807405.545958
119 293807405.545958
120 323856924.829320
121 323856924.829320
122 323856924.829320
123 323856924.829320
124 323856924.829320
125 308055218.301273
126 308055218.301273
127 308055218.301273
128 308055218.301273
129 308055218.301273
130 501901307.113074
131 501901307.113074
132 501901307.113074
133 501901307.113074
134 501901307.113074
135 340641955.448323
136 340641955.448323
137 340641955.448323
138 340641955.448323
139 340641955.448323
140 276387208.295853
141 276387208.295853
142 276387208.295853
143 276387208.295853
144 276387208.295853
145 290967021.991702
146 290967021.991702
147 290967021.991702
148 290967021.991702
149 290967021.991702
150 270231793.823611
151 270231793.823611
152 270231793.823611
153 270231793.823611
154 270231793.823611
155 299524849.663678
156 299524849.663678
157 299524849.663678
158 299524849.663678
159 299524849.663678
160 352557898.873338
161 352557898.873338
162 352557898.873338
163 352557898.873338
164 352557898.873338
165 223312776.547533
166 223312776.547533
167 223312776.547533
168 223312776.547533
169 223312776.547533
170 283195262.529233
171 283195262.529233
172 283195262.529233
173 283195262.529233
174 283195262.529233
175 239799897.346298
176 239799897.346298
177 239799897.346298
178 239799897.346298
179 239799897.346298
180 204154885.160764
181 204154885.160764
182 204154885.160764
183 204154885.160764
184 204154885.160764
185 195463905.679989
186 195463905.679989
187 195463905.679989
188 195463905.679989
189 195463905.679989
190 152631805.403334
191 152631805.403334
192 152631805.403334
193 152631805.403334
194 152631805.403334
195 143710952.688734
196 143710952.688734
197 143710952.688734
198 143710952.688734
199 143710952.688734
200 168553910.800047
201 168553910.800047
202 168553910.800047
203 168553910.800047
204 168553910.800047
205 173558870.610987
206 173558870.610987
207 173558870.610987
208 173558870.610987
209 173558870.610987
210 158038163.286708
211 158038163.286708
212 158038163.286708
213 158038163.286708
214 158038163.286708
215 214201974.561913
216 214201974.561913
217 214201974.561913
218 214201974.561913
219 214201974.561913
220 244183650.821129
221 244183650.821129
222 244183650.821129
223 244183650.821129
224 244183650.821129
225 175635104.318415
226 175635104.318415
227 175635104.318415
228 175635104.318415
229 175635104.318415
230 237424240.474655
231 237424240.474655
232 237424240.474655
233 237424240.474655
234 237424240.474655
235 278944003.155504
236 278944003.155504
237 278944003.155504
238 278944003.155504
239 278944003.155504
240 297410794.627021
241 297410794.627021
242 297410794.627021
243 297410794.627021
244 297410794.627021
245 248499834.660080
246 248499834.660080
247 248499834.660080
248 248499834.660080
249 248499834.660080
250 255865297.799426
251 255865297.799426
252 255865297.799426
253 255865297.799426
254 255865297.799426
255 232990231.395543
256 232990231.395543
257 232990231.395543
258 232990231.395543
259 232990231.395543
260 221141204.598742
261 221141204.598742
262 221141204.598742
263 221141204.598742
264 221141204.598742
265 196946407.390080
266 196946407.390080
267 196946407.390080
268 196946407.390080
269 196946407.390080
270 169347698.236984
271 169347698.236984
272 169347698.236984
273 169347698.236984
274 169347698.236984
275 215093864.349668
276 215093864.349668
277 215093864.349668
278 215093864.349668
279 215093864.349668
280 240209803.438662
281 240209803.438662
282 240209803.438662
283 240209803.438662
284 240209803.438662
285 205887681.653665
286 205887681.653665
287 205887681.653665
288 205887681.653665
289 205887681.653665
290 206532442.422757
291 206532442.422757
292 206532442.422757
293 206532442.422757
294 206532442.422757
295 229683606.563950
296 229683606.563950
297 229683606.563950
298 229683606.563950
299 229683606.563950
300 212523822.180033
301 212523822.180033
302 212523822.180033
303 212523822.180033
304 212523822.180033
305 159359275.374883
306 159359275.374883
307 159359275.374883
308 159359275.374883
309 159359275.374883
310 185774780.701130
311 185774780.701130
312 185774780.701130
313 185774780.701130
314 185774780.701130
315 184405548.402081
316 184405548.402081
317 184405548.402081
318 184405548.402081
319 184405548.402081
320 210641972.073277
321 210641972.073277
322 210641972.073277
323 210641972.073277
324 210641972.073277
325 174600426.994028
326 174600426.994028
327 174600426.994028
328 174600426.994028
329 174600426.994028
330 184949436.691678
331 184949436.691678
332 184949436.691678
333 184949436.691678
334 184949436.691678
335 185594720.657961
336 185594720.657961
337 185594720.657961
338 185594720.657961
339 185594720.657961
340 172204533.337828
341 172204533.337828
342 172204533.337828
343 172204533.337828
344 172204533.337828
345 162915859.352583
346 162915859.352583
347 162915859.352583
348 162915859.352583
349 162915859.352583
350 180971675.955055
351 180971675.955055
352 180971675.955055
353 180971675.955055
354 180971675.955055
355 146469512.509550
356 146469512.509550
357 146469512.509550
358 146469512.509550
359 146469512.509550
360 124965671.107906
361 124965671.107906
362 124965671.107906
363 124965671.107906
364 124965671.107906
365 125797893.711234
366 125797893.711234
367 125797893.711234
368 125797893.711234
369 125797893.711234
370 118488495.103946
371 118488495.103946
372 118488495.103946
373 118488495.103946
374 118488495.103946
375 110684688.798466
376 110684688.798466
377 110684688.798466
378 110684688.798466
379 110684688.798466
380 112635853.457255
381 112635853.457255
382 112635853.457255
383 112635853.457255
384 112635853.457255
385 108077103.994718
386 108077103.994718
387 108077103.994718
388 108077103.994718
389 108077103.994718
390 101499725.000006
391 101499725.000006
392 101499725.000006
393 101499725.000006
394 101499725.000006
395 105483570.066182
396 105483570.066182
397 105483570.066182
398 105483570.066182
399 105483570.066182
400 97821748.989081
401 97821748.989081
402 97821748.989081
403 97821748.989081
404 97821748.989081
405 99832725.145353
406 99832725.145353
407 99832725.145353
408 99832725.145353
409 99832725.145353
410 96494101.058293
411 96494101.058293
412 96494101.058293
413 96494101.058293
414 96494101.058293
415 95066426.986430
416 95066426.986430
417 95066426.986430
418 95066426.986430
419 95066426.986430
420 88669054.306129
421 88669054.306129
422 88669054.306129
423 88669054.306129
424 88669054.306129
425 89288058.046389
426 89288058.046389
427 89288058.046389
428 89288058.046389
429 89288058.046389
430 89323169.147089
431 89323169.147089
432 89323169.147089
433 89323169.147089
434 89323169.147089
435 85662678.317870
436 85662678.317870
437 85662678.317870
438 85662678.317870
439 85662678.317870
440 86645704.521156
441 86645704.521156
442 86645704.521156
443 86645704.521156
444 86645704.521156
445 83810289.751231
446 83810289.751231
447 83810289.751231
448 83810289.751231
449 83810289.751231
450 84070609.694907
451 84070609.694907
452 84070609.694907
453 84070609.694907
454 84070609.694907
455 84205980.485765
456 84205980.485765
457 84205980.485765
458 84205980.485765
459 84205980.485765
460 82833109.813347
461 82833109.813347
462 82833109.813347
463 82833109.813347
464 82833109.813347
465 83048213.622332
466 83048213.622332
467 83048213.622332
468 83048213.622332
469 83048213.622332
470 81551512.424237
471 81551512.424237
472 81551512.424237
473 81551512.424237
474 81551512.424237
475 81025268.738769
476 81025268.738769
477 81025268.738769
478 81025268.738769
479 81025268.738769
480 80845346.714072
481 80845346.714072
482 80845346.714072
483 80845346.714072
484 80845346.714072
485 80045214.365379
486 80045214.365379
487 80045214.365379
488 80045214.365379
489 80045214.365379
490 79285564.822326
491 79285564.822326
492 79285564.822326
493 79285564.822326
494 79285564.822326
495 79112052.425139
496 79112052.425139
497 79112052.425139
498 79112052.425139
499 79112052.425139
500 79090348.294037
