1 1519960.572187
2 1463342.046904
3 1525472.838454
4 1694246.551231
5 1900488.133624
6 1825084.812814
7 1870561.486815
8 1838143.621575
9 1903498.421769
10 1816772.497187
11 1943896.215340
12 1885135.978279
13 1789249.476638
14 1715484.974009
15 1657540.727694
16 1625886.188376
17 1670537.316533
18 1612435.512036
19 1547904.108013
20 1437495.135926
21 1338494.143197
22 1307930.386265
23 1249317.877818
24 1149205.055072
25 1074398.948903
26 914292.023570
27 976607.666350
28 880032.744800
29 826934.117995
30 757975.982238
31 703137.361792
32 655362.180573
33 634094.973648
34 612182.108463
35 599128.002989
36 538803.143768
37 528698.709061
38 464214.375676
39 424380.983773
40 398589.783526
41 374646.154297
42 347283.568704
43 301784.923317
44 287799.661981
45 254931.970567
46 236563.631678
47 223829.648199
48 210875.607638
49 190664.765196
50 177394.399802
51 161519.293926
52 149268.097769
53 133930.978153
54 109642.862520
55 103252.635786
56 92483.123530
57 80260.544564
58 73541.585441
59 66137.578954
60 60788.508507
61 55537.245838
62 46500.441215
63 44116.485428
64 38668.137680
65 31944.258105
66 31355.950358
67 27869.172005
68 24435.181338
69 21957.561339
70 19283.674090
71 17689.012024
72 15609.735403
73 13423.845700
74 12245.329548
75 10034.506578
76 9554.276096
77 8553.291503
78 7689.874604
79 6699.495866
80 5985.865148
81 4924.423819
82 4305.494741
83 3644.675834
84 3158.021491
85 2842.080474
86 2435.418661
87 2146.508665
88 1867.493821
89 1657.258169
90 1436.396883
91 1189.282887
92 1032.143019
93 913.552590
94 823.096652
95 722.576906
96 617.988175
97 563.366231
98 482.733832
99 418.008183
100 350.820291
101 305.058344
102 271.978029
103 242.288581
104 219.116349
105 190.058204
106 155.720140
107 142.746531
108 127.456588
109 110.691036
110 92.247239
111 83.892965
112 72.756049
113 65.184134
114 58.564267
115 48.161598
116 40.148109
117 35.005897
118 30.505310
119 26.856802
120 23.868232
121 20.884889
122 18.169962
123 15.604940
124 14.013424
125 11.833890
126 10.563202
127 9.278217
128 8.133888
129 6.994774
130 6.228243
131 5.341106
132 4.469783
133 3.841512
134 3.311760
135 2.872479
136 2.536156
137 2.137530
138 1.892436
139 1.687109
140 1.410893
141 1.293663
142 1.120978
143 0.985515
144 0.852213
145 0.759118
146 0.678925
147 0.554842
148 0.519491
149 0.457006
150 0.394760
151 0.355981
152 0.301579
153 0.264628
154 0.237856
155 0.214219
156 0.190700
157 0.171054
158 0.153654
159 0.133872
160 0.118216
161 0.104381
162 0.091779
163 0.081470
164 0.071446
165 0.064928
166 0.057483
167 0.050060
168 0.044909
169 0.040427
170 0.036048
171 0.031928
172 0.028601
173 0.025559
174 0.022581
175 0.020446
176 0.018277
177 0.016472
178 0.014565
179 0.013149
180 0.011778
181 0.010401
182 0.009060
183 0.008152
184 0.007398
185 0.006558
186 0.006011
187 0.005410
188 0.004918
189 0.004405
190 0.003959
191 0.003595
192 0.003253
193 0.002854
194 0.002644
195 0.002388
196 0.002182
197 0.001978
198 0.001811
199 0.001624
200 0.001467
201 0.001317
202 0.001210
203 0.001107
204 0.001028
205 0.000909
206 0.000838
207 0.000755
208 0.000688
209 0.000620
210 0.000559
211 0.000512
212 0.000455
213 0.000413
214 0.000383
215 0.000350
216 0.000319
217 0.000289
218 0.000267
219 0.000248
220 0.000227
221 0.000209
222 0.000193
223 0.000176
224 0.000157
225 0.000146
226 0.000135
227 0.000125
228 0.000116
229 0.000107
230 0.000100
231 0.000093
232 0.000086
233 0.000079
234 0.000072
235 0.000065
236 0.000059
237 0.000056
238 0.000053
239 0.000049
240 0.000046
241 0.000043
242 0.000040
243 0.000037
244 0.000034
245 0.000032
246 0.000030
247 0.000028
248 0.000026
249 0.000024
250 0.000022
251 0.000021
252 0.000019
253 0.000018
254 0.000017
255 0.000016
256 0.000015
257 0.000013
258 0.000013
259 0.000012
260 0.000011
261 0.000010
262 0.000009
263 0.000009
264 0.000008
265 0.000008
266 0.000007
267 0.000007
268 0.000006
269 0.000006
270 0.000006
271 0.000005
272 0.000005
273 0.000005
274 0.000005
275 0.000004
276 0.000004
277 0.000004
278 0.000004
279 0.000003
280 0.000003
281 0.000003
282 0.000003
283 0.000003
284 0.000003
285 0.000002
286 0.000002
287 0.000002
288 0.000002
289 0.000002
290 0.000002
291 0.000002
292 0.000002
293 0.000002
294 0.000001
295 0.000001
296 0.000001
297 0.000001
298 0.000001
299 0.000001
300 0.000001
301 0.000001
302 0.000001
303 0.000001
304 0.000001
305 0.000001
306 0.000001
307 0.000001
308 0.000001
309 0.000001
310 0.000001
311 0.000001
312 0.000001
313 0.000001
314 0.000001
315 0.000001
316 0.000000
317 0.000000
318 0.000000
319 0.000000
320 0.000000
321 0.000000
322 0.000000
323 0.000000
324 0.000000
325 0.000000
326 0.000000
327 0.000000
328 0.000000
329 0.000000
330 0.000000
331 0.000000
332 0.000000
333 0.000000
334 0.000000
335 0.000000
336 0.000000
337 0.000000
338 0.000000
339 0.000000
340 0.000000
341 0.000000
342 0.000000
343 0.000000
344 0.000000
345 0.000000
346 0.000000
347 0.000000
348 0.000000
349 0.000000
350 0.000000
351 0.000000
352 0.000000
353 0.000000
354 0.000000
355 0.000000
356 0.000000
357 0.000000
358 0.000000
359 0.000000
360 0.000000
361 0.000000
362 0.000000
363 0.000000
364 0.000000
365 0.000000
366 0.000000
367 0.000000
368 0.000000
369 0.000000
370 0.000000
371 0.000000
372 0.000000
373 0.000000
374 0.000000
375 0.000000
376 0.000000
377 0.000000
378 0.000000
379 0.000000
380 0.000000
381 0.000000
382 0.000000
383 0.000000
384 0.000000
385 0.000000
386 0.000000
387 0.000000
388 0.000000
389 0.000000
390 0.000000
391 0.000000
392 0.000000
393 0.000000
394 0.000000
395 0.000000
396 0.000000
397 0.000000
398 0.000000
399 0.000000
400 0.000000
401 0.000000
402 0.000000
403 0.000000
404 0.000000
405 0.000000
406 0.000000
407 0.000000
408 0.000000
409 0.000000
410 0.000000
411 0.000000
412 0.000000
413 0.000000
414 0.000000
415 0.000000
416 0.000000
417 0.000000
418 0.000000
419 0.000000
420 0.000000
421 0.000000
422 0.000000
423 0.000000
424 0.000000
425 0.000000
426 0.000000
427 0.000000
428 0.000000
429 0.000000
430 0.000000
431 0.000000
432 0.000000
433 0.000000
434 0.000000
435 0.000000
436 0.000000
437 0.000000
438 0.000000
439 0.000000
440 0.000000
441 0.000000
442 0.000000
443 0.000000
444 0.000000
445 0.000000
446 0.000000
447 0.000000
448 0.000000
449 0.000000
450 0.000000
451 0.000000
452 0.000000
453 0.000000
454 0.000000
455 0.000000
456 0.000000
457 0.000000
458 0.000000
459 0.000000
460 0.000000
461 0.000000
462 0.000000
463 0.000000
464 0.000000
465 0.000000
466 0.000000
467 0.000000
468 0.000000
469 0.000000
470 0.000000
471 0.000000
472 0.000000
473 0.000000
474 0.000000
475 0.000000
476 0.000000
477 0.000000
478 0.000000
479 0.000000
480 0.000000
481 0.000000
482 0.000000
483 0.000000
484 0.000000
485 0.000000
486 0.000000
487 0.000000
488 0.000000
489 0.000000
490 0.000000
491 0.000000
492 0.000000
493 0.000000
494 0.000000
495 0.000000
496 0.000000
497 0.000000
498 0.000000
499 0.000000
500 0.000000
