1 18115226.408703
2 24183233.238752
3 28845402.931636
4 28888507.560701
5 26043475.153348
6 38344441.389723
7 37991476.583030
8 50172536.801588
9 40914830.592020
10 60740402.102943
11 66715928.726030
12 83313489.078859
13 84505696.934279
14 79591539.667847
15 88638694.073830
16 108915517.531410
17 132689682.224933
18 114760023.072362
19 126885138.274984
20 72814209.244078
21 105784003.359608
22 154259574.658665
23 165837616.626049
24 172918179.213527
25 195217380.463706
26 220424173.177635
27 236111576.948811
28 314920494.177188
29 298885581.688506
30 342676135.145626
31 376609654.630690
32 389839328.887701
33 442522933.034185
34 570241174.450144
35 403484180.976150
36 386909206.490058
37 441180450.249517
38 451903610.950178
39 456510725.715343
40 499827911.765977
41 422810072.029684
42 552268004.900678
43 517476324.183548
44 586689185.568544
45 513142353.458951
46 436368242.888204
47 563114109.000616
48 614101185.718102
49 516921378.221419
50 591289787.515510
51 514084606.087125
52 510348670.617494
53 452727029.285855
54 668548716.788325
55 612824999.604827
56 395568251.587216
57 613747179.863032
58 716743139.509848
59 596015972.408049
60 645831725.703532
61 663348064.551920
62 562598650.266550
63 476785797.980269
64 573805455.011211
65 477189139.264680
66 445836485.852388
67 360491602.311613
68 374622903.834775
69 454429144.727388
70 371363650.247380
71 389215197.485595
72 380170389.145663
73 446241808.131024
74 447855646.359369
75 367368417.732838
76 340036867.852881
77 295184604.723740
78 248845910.701721
79 264032025.763080
80 298391937.291417
81 271491280.511665
82 290097403.677808
83 272329726.540853
84 230144892.840229
85 248918036.623630
86 188743252.633614
87 237765445.584487
88 293011522.125611
89 231626163.568187
90 298644514.371569
91 251004165.665845
92 270230444.454110
93 240520400.747804
94 241981186.193315
95 193063941.216556
96 221530340.061694
97 184039686.932950
98 156470114.184032
99 160057266.854665
100 158620583.538598
101 160032710.167353
102 157475564.783579
103 149076543.381646
104 123365951.748209
105 113742007.087464
106 109237578.202798
107 104065392.297654
108 115868353.606239
109 113213749.381206
110 98581688.674644
111 92873764.700072
112 78765462.675091
113 82395251.285945
114 68534898.642353
115 73252250.025184
116 75046169.680266
117 60170287.631699
118 50442374.607225
119 52687511.467208
120 56480742.772707
121 47352612.121026
122 36264611.837453
123 52955261.758684
124 47261776.603671
125 44550420.446732
126 44907951.788855
127 35053803.159480
128 42018805.408037
129 39419594.037510
130 26136179.953224
131 34172491.154600
132 31954393.880562
133 27076844.212828
134 27443132.313274
135 22170249.634976
136 24238891.977635
137 18772512.706442
138 20015211.343056
139 16297137.499811
140 17626578.980621
141 12459325.397581
142 12902981.250875
143 14880077.053658
144 13009463.655335
145 12227860.204705
146 12081696.591857
147 10869120.733944
148 9855269.507133
149 9216276.690524
150 10131529.679876
151 12394459.657189
152 12068785.325800
153 10579772.229687
154 12917238.122537
155 7359285.061380
156 7651141.747975
157 7097182.177848
158 7978911.310643
159 6336336.882221
160 6430739.650279
161 6718902.434599
162 6220519.627344
163 6333990.396739
164 5024537.436437
165 4564612.450746
166 5661722.835020
167 5997133.108119
168 3907532.153205
169 4650847.346646
170 3713975.878517
171 3724425.056427
172 2775873.900146
173 2726990.185319
174 2796019.900490
175 2368523.476955
176 2566671.148494
177 2301751.488595
178 1579872.959531
179 1804495.565916
180 2011446.206238
181 2078663.102082
182 1723956.251334
183 1597030.168850
184 1522451.495687
185 1719331.956508
186 1706792.533360
187 1724007.171844
188 1750598.813994
189 1732419.798151
190 1447558.844562
191 1234315.834692
192 1041357.328757
193 1220619.874150
194 987464.305240
195 1217627.662857
196 952437.181729
197 1120616.842592
198 976962.660292
199 1192122.302325
200 1201765.058817
201 913434.425363
202 859644.476772
203 965408.661783
204 1059848.703405
205 874862.767455
206 828795.298782
207 803117.063892
208 771573.556178
209 916359.707172
210 682757.965323
211 853504.390064
212 794140.882111
213 703264.519570
214 691323.455693
215 758761.319087
216 691046.510381
217 675725.204623
218 667523.573133
219 584802.695950
220 561772.828765
221 532305.924092
222 554476.648603
223 506673.680773
224 397444.268003
225 418095.192653
226 375368.625102
227 414408.131109
228 309100.305936
229 303096.170640
230 315303.065478
231 327788.902693
232 271050.307078
233 248345.786029
234 309205.702965
235 281199.160508
236 252940.783330
237 244979.629095
238 251929.885887
239 226342.110495
240 228569.204667
241 232571.910339
242 203727.681815
243 186751.186848
244 164271.390317
245 142672.223049
246 167747.520722
247 175605.013910
248 153695.280631
249 160412.206806
250 171364.276846
251 166342.644546
252 124844.077238
253 140108.655629
254 134415.484726
255 144268.965572
256 113986.749234
257 133648.150801
258 129659.566870
259 124430.538058
260 121103.329183
261 110036.957039
262 126113.071590
263 122902.753477
264 126489.281583
265 130975.841670
266 133591.110253
267 119374.586450
268 117184.776811
269 133032.715472
270 122159.454998
271 115949.161132
272 113866.529349
273 99296.499060
274 98963.827695
275 101808.122287
276 96799.124307
277 85838.175984
278 84884.450662
279 86762.559840
280 85497.437671
281 82211.392800
282 79679.542967
283 74270.010928
284 78611.417160
285 80256.370322
286 76970.414659
287 78828.819428
288 76113.611537
289 61319.892419
290 68948.271083
291 65142.985528
292 64698.360789
293 58668.935188
294 58430.806480
295 62344.277875
296 62885.347629
297 54819.312032
298 56466.362485
299 56247.741996
300 50360.758897
301 53764.923387
302 50489.750118
303 51647.041735
304 51274.745315
305 52709.328997
306 45684.530608
307 42753.469285
308 44337.864854
309 42163.256755
310 42148.344369
311 40452.553976
312 40948.763993
313 39504.825597
314 40087.540375
315 38518.073750
316 37974.077785
317 37696.447686
318 35344.740796
319 34909.911348
320 33448.910580
321 36665.735603
322 33026.611368
323 31510.007443
324 29752.092926
325 27112.787730
326 28300.365282
327 27085.375969
328 26847.058174
329 26413.666969
330 24998.381143
331 24242.461242
332 24490.236383
333 24443.788979
334 22146.871123
335 22603.024694
336 23141.582054
337 20575.297229
338 21336.380442
339 20988.546379
340 19875.460239
341 20861.230488
342 20176.664528
343 19259.754193
344 18955.250754
345 18087.555337
346 17750.777699
347 18130.653447
348 18949.175718
349 18164.299912
350 17995.872293
351 18264.895707
352 17795.738664
353 17906.818471
354 17466.688726
355 16843.189795
356 16648.225265
357 16562.189474
358 15971.464523
359 15630.764564
360 14582.305361
361 15736.325481
362 13822.079163
363 14833.938900
364 14185.347296
365 13315.578376
366 13299.525152
367 13236.454775
368 13166.773235
369 12897.546099
370 12607.204646
371 13049.431534
372 13184.051795
373 12589.356909
374 12821.039915
375 12473.027561
376 12003.382327
377 12011.473047
378 11542.954826
379 12010.300480
380 11641.386107
381 11085.813638
382 10917.865049
383 11194.555633
384 11123.126591
385 11198.421263
386 11174.529001
387 11492.986872
388 10730.829337
389 10006.461385
390 10139.296245
391 10089.985317
392 9758.554630
393 9923.696737
394 9614.362271
395 9124.895726
396 9380.123830
397 9076.224325
398 8950.155722
399 8533.820982
400 8656.444679
401 8487.410097
402 8344.686356
403 7965.277034
404 8022.846690
405 7759.297078
406 7749.876448
407 7429.158944
408 7504.700356
409 7392.512448
410 7345.982915
411 7176.576824
412 7000.395492
413 6812.031354
414 6833.083081
415 6759.097351
416 6666.759473
417 6672.170001
418 6464.423110
419 6639.699313
420 6598.994258
421 6491.800876
422 6266.189094
423 6308.991049
424 6270.985516
425 6154.478016
426 6221.113816
427 6189.223028
428 6068.634895
429 5991.342606
430 5912.252285
431 5969.230973
432 5861.116123
433 5807.840098
434 5755.183598
435 5700.686930
436 5660.804755
437 5646.578322
438 5570.262617
439 5591.424727
440 5517.062937
441 5430.741341
442 5341.123971
443 5312.182855
444 5276.730582
445 5235.950218
446 5226.522634
447 5081.826777
448 5037.533261
449 4979.522795
450 4934.674893
451 4933.642163
452 4868.108768
453 4796.591952
454 4767.029596
455 4780.887319
456 4732.255968
457 4693.029052
458 4650.358818
459 4610.289213
460 4539.388076
461 4542.283786
462 4489.306868
463 4474.122966
464 4432.239858
465 4407.753133
466 4354.259945
467 4347.684535
468 4314.272845
469 4260.291007
470 4230.009112
471 4190.653369
472 4181.654993
473 4114.217044
474 4084.616842
475 4061.525584
476 4035.916109
477 4008.601505
478 3975.778412
479 3960.737431
480 3931.155931
481 3902.003450
482 3875.070791
483 3855.062250
484 3836.549664
485 3817.627845
486 3799.911437
487 3789.898729
488 3771.349002
489 3751.326914
490 3733.992470
491 3724.544325
492 3708.598190
493 3700.943991
494 3693.896919
495 3687.437789
496 3680.868158
497 3675.082325
498 3670.152041
499 3668.076536
500 3666.481037
