1 1000000000000000019884624838656.000000
2 1000000000000000019884624838656.000000
3 1000000000000000019884624838656.000000
4 1000000000000000019884624838656.000000
5 5979003.898431
6 5979003.898431
7 5979003.898431
8 5979003.898431
9 5979003.898431
10 10609891.247907
11 10609891.247907
12 10609891.247907
13 10609891.247907
14 10609891.247907
15 15284788.068779
16 15284788.068779
17 15284788.068779
18 15284788.068779
19 15284788.068779
20 24077722.693907
21 24077722.693907
22 24077722.693907
23 24077722.693907
24 24077722.693907
25 27953708.208542
26 27953708.208542
27 27953708.208542
28 27953708.208542
29 27953708.208542
30 33113207.714386
31 33113207.714386
32 33113207.714386
33 33113207.714386
34 33113207.714386
35 32809517.931482
36 32809517.931482
37 32809517.931482
38 32809517.931482
39 32809517.931482
40 35059162.520633
41 35059162.520633
42 35059162.520633
43 35059162.520633
44 35059162.520633
45 41240965.328811
46 41240965.328811
47 41240965.328811
48 41240965.328811
49 41240965.328811
50 31907024.724739
51 31907024.724739
52 31907024.724739
53 31907024.724739
54 31907024.724739
55 29949013.740367
56 29949013.740367
57 29949013.740367
58 29949013.740367
59 29949013.740367
60 28792738.580974
61 28792738.580974
62 28792738.580974
63 28792738.580974
64 28792738.580974
65 25996399.183519
66 25996399.183519
67 25996399.183519
68 25996399.183519
69 25996399.183519
70 24737688.698657
71 24737688.698657
72 24737688.698657
73 24737688.698657
74 24737688.698657
75 21928205.592435
76 21928205.592435
77 21928205.592435
78 21928205.592435
79 21928205.592435
80 18073556.569301
81 18073556.569301
82 18073556.569301
83 18073556.569301
84 18073556.569301
85 15044441.895575
86 15044441.895575
87 15044441.895575
88 15044441.895575
89 15044441.895575
90 12199948.069892
91 12199948.069892
92 12199948.069892
93 12199948.069892
94 12199948.069892
95 9419436.751893
96 9419436.751893
97 9419436.751893
98 9419436.751893
99 9419436.751893
100 7169337.897364
101 7169337.897364
102 7169337.897364
103 7169337.897364
104 7169337.897364
105 5478139.639361
106 5478139.639361
107 5478139.639361
108 5478139.639361
109 5478139.639361
110 3825593.440782
111 3825593.440782
112 3825593.440782
113 3825593.440782
114 3825593.440782
115 2626841.368732
116 2626841.368732
117 2626841.368732
118 2626841.368732
119 2626841.368732
120 1900493.494877
121 1900493.494877
122 1900493.494877
123 1900493.494877
124 1900493.494877
125 1411155.804111
126 1411155.804111
127 1411155.804111
128 1411155.804111
129 1411155.804111
130 1049087.340383
131 1049087.340383
132 1049087.340383
133 1049087.340383
134 1049087.340383
135 771971.994199
136 771971.994199
137 771971.994199
138 771971.994199
139 771971.994199
140 475062.688753
141 475062.688753
142 475062.688753
143 475062.688753
144 475062.688753
145 384249.520924
146 384249.520924
147 384249.520924
148 384249.520924
149 384249.520924
150 287042.796467
151 287042.796467
152 287042.796467
153 287042.796467
154 287042.796467
155 196223.025749
156 196223.025749
157 196223.025749
158 196223.025749
159 196223.025749
160 136101.606499
161 136101.606499
162 136101.606499
163 136101.606499
164 136101.606499
165 85308.138442
166 85308.138442
167 85308.138442
168 85308.138442
169 85308.138442
170 54034.272796
171 54034.272796
172 54034.272796
173 54034.272796
174 54034.272796
175 37938.083230
176 37938.083230
177 37938.083230
178 37938.083230
179 37938.083230
180 26417.900147
181 26417.900147
182 26417.900147
183 26417.900147
184 26417.900147
185 19750.256203
186 19750.256203
187 19750.256203
188 19750.256203
189 19750.256203
190 11860.346479
191 11860.346479
192 11860.346479
193 11860.346479
194 11860.346479
195 7798.122713
196 7798.122713
197 7798.122713
198 7798.122713
199 7798.122713
200 5659.357739
201 5659.357739
202 5659.357739
203 5659.357739
204 5659.357739
205 3615.198995
206 3615.198995
207 3615.198995
208 3615.198995
209 3615.198995
210 2325.592158
211 2325.592158
212 2325.592158
213 2325.592158
214 2325.592158
215 1684.938219
216 1684.938219
217 1684.938219
218 1684.938219
219 1684.938219
220 1148.042323
221 1148.042323
222 1148.042323
223 1148.042323
224 1148.042323
225 826.375376
226 826.375376
227 826.375376
228 826.375376
229 826.375376
230 544.584513
231 544.584513
232 544.584513
233 544.584513
234 544.584513
235 393.717225
236 393.717225
237 393.717225
238 393.717225
239 393.717225
240 294.219576
241 294.219576
242 294.219576
243 294.219576
244 294.219576
245 192.977721
246 192.977721
247 192.977721
248 192.977721
249 192.977721
250 140.797194
251 140.797194
252 140.797194
253 140.797194
254 140.797194
255 98.535063
256 98.535063
257 98.535063
258 98.535063
259 98.535063
260 73.951101
261 73.951101
262 73.951101
263 73.951101
264 73.951101
265 53.586654
266 53.586654
267 53.586654
268 53.586654
269 53.586654
270 38.375634
271 38.375634
272 38.375634
273 38.375634
274 38.375634
275 25.897698
276 25.897698
277 25.897698
278 25.897698
279 25.897698
280 18.564533
281 18.564533
282 18.564533
283 18.564533
284 18.564533
285 12.358429
286 12.358429
287 12.358429
288 12.358429
289 12.358429
290 8.507311
291 8.507311
292 8.507311
293 8.507311
294 8.507311
295 6.411669
296 6.411669
297 6.411669
298 6.411669
299 6.411669
300 4.695187
301 4.695187
302 4.695187
303 4.695187
304 4.695187
305 3.126384
306 3.126384
307 3.126384
308 3.126384
309 3.126384
310 2.127900
311 2.127900
312 2.127900
313 2.127900
314 2.127900
315 1.459677
316 1.459677
317 1.459677
318 1.459677
319 1.459677
320 1.047890
321 1.047890
322 1.047890
323 1.047890
324 1.047890
325 0.764792
326 0.764792
327 0.764792
328 0.764792
329 0.764792
330 0.579169
331 0.579169
332 0.579169
333 0.579169
334 0.579169
335 0.420619
336 0.420619
337 0.420619
338 0.420619
339 0.420619
340 0.286725
341 0.286725
342 0.286725
343 0.286725
344 0.286725
345 0.217030
346 0.217030
347 0.217030
348 0.217030
349 0.217030
350 0.160767
351 0.160767
352 0.160767
353 0.160767
354 0.160767
355 0.118157
356 0.118157
357 0.118157
358 0.118157
359 0.118157
360 0.088040
361 0.088040
362 0.088040
363 0.088040
364 0.088040
365 0.065653
366 0.065653
367 0.065653
368 0.065653
369 0.065653
370 0.050665
371 0.050665
372 0.050665
373 0.050665
374 0.050665
375 0.037892
376 0.037892
377 0.037892
378 0.037892
379 0.037892
380 0.028572
381 0.028572
382 0.028572
383 0.028572
384 0.028572
385 0.022021
386 0.022021
387 0.022021
388 0.022021
389 0.022021
390 0.016822
391 0.016822
392 0.016822
393 0.016822
394 0.016822
395 0.012764
396 0.012764
397 0.012764
398 0.012764
399 0.012764
400 0.009926
401 0.009926
402 0.009926
403 0.009926
404 0.009926
405 0.007780
406 0.007780
407 0.007780
408 0.007780
409 0.007780
410 0.006027
411 0.006027
412 0.006027
413 0.006027
414 0.006027
415 0.004679
416 0.004679
417 0.004679
418 0.004679
419 0.004679
420 0.003695
421 0.003695
422 0.003695
423 0.003695
424 0.003695
425 0.002849
426 0.002849
427 0.002849
428 0.002849
429 0.002849
430 0.002243
431 0.002243
432 0.002243
433 0.002243
434 0.002243
435 0.001755
436 0.001755
437 0.001755
438 0.001755
439 0.001755
440 0.001372
441 0.001372
442 0.001372
443 0.001372
444 0.001372
445 0.001073
446 0.001073
447 0.001073
448 0.001073
449 0.001073
450 0.000851
451 0.000851
452 0.000851
453 0.000851
454 0.000851
455 0.000671
456 0.000671
457 0.000671
458 0.000671
459 0.000671
460 0.000533
461 0.000533
462 0.000533
463 0.000533
464 0.000533
465 0.000420
466 0.000420
467 0.000420
468 0.000420
469 0.000420
470 0.000335
471 0.000335
472 0.000335
473 0.000335
474 0.000335
475 0.000266
476 0.000266
477 0.000266
478 0.000266
479 0.000266
480 0.000213
481 0.000213
482 0.000213
483 0.000213
484 0.000213
485 0.000172
486 0.000172
487 0.000172
488 0.000172
489 0.000172
490 0.000138
491 0.000138
492 0.000138
493 0.000138
494 0.000138
495 0.000111
496 0.000111
497 0.000111
498 0.000111
499 0.000111
500 0.000090
