1 1000000000000000019884624838656.000000
2 1000000000000000019884624838656.000000
3 1000000000000000019884624838656.000000
4 1000000000000000019884624838656.000000
5 5671447.437257
6 5671447.437257
7 5671447.437257
8 5671447.437257
9 5671447.437257
10 9743653.820354
11 9743653.820354
12 9743653.820354
13 9743653.820354
14 9743653.820354
15 14292039.348101
16 14292039.348101
17 14292039.348101
18 14292039.348101
19 14292039.348101
20 14408137.803459
21 14408137.803459
22 14408137.803459
23 14408137.803459
24 14408137.803459
25 20259323.373878
26 20259323.373878
27 20259323.373878
28 20259323.373878
29 20259323.373878
30 22352459.665531
31 22352459.665531
32 22352459.665531
33 22352459.665531
34 22352459.665531
35 25777893.901873
36 25777893.901873
37 25777893.901873
38 25777893.901873
39 25777893.901873
40 28376054.038703
41 28376054.038703
42 28376054.038703
43 28376054.038703
44 28376054.038703
45 27799650.374742
46 27799650.374742
47 27799650.374742
48 27799650.374742
49 27799650.374742
50 26066649.691614
51 26066649.691614
52 26066649.691614
53 26066649.691614
54 26066649.691614
55 24335287.989644
56 24335287.989644
57 24335287.989644
58 24335287.989644
59 24335287.989644
60 22484692.016159
61 22484692.016159
62 22484692.016159
63 22484692.016159
64 22484692.016159
65 23313552.332753
66 23313552.332753
67 23313552.332753
68 23313552.332753
69 23313552.332753
70 17710095.111809
71 17710095.111809
72 17710095.111809
73 17710095.111809
74 17710095.111809
75 16719807.415063
76 16719807.415063
77 16719807.415063
78 16719807.415063
79 16719807.415063
80 13812917.444389
81 13812917.444389
82 13812917.444389
83 13812917.444389
84 13812917.444389
85 13093376.373757
86 13093376.373757
87 13093376.373757
88 13093376.373757
89 13093376.373757
90 9999878.177666
91 9999878.177666
92 9999878.177666
93 9999878.177666
94 9999878.177666
95 7934674.227314
96 7934674.227314
97 7934674.227314
98 7934674.227314
99 7934674.227314
100 6136335.371148
101 6136335.371148
102 6136335.371148
103 6136335.371148
104 6136335.371148
105 5216958.572957
106 5216958.572957
107 5216958.572957
108 5216958.572957
109 5216958.572957
110 4091087.678241
111 4091087.678241
112 4091087.678241
113 4091087.678241
114 4091087.678241
115 3401516.647861
116 3401516.647861
117 3401516.647861
118 3401516.647861
119 3401516.647861
120 2681396.822163
121 2681396.822163
122 2681396.822163
123 2681396.822163
124 2681396.822163
125 1872516.672994
126 1872516.672994
127 1872516.672994
128 1872516.672994
129 1872516.672994
130 1292981.539397
131 1292981.539397
132 1292981.539397
133 1292981.539397
134 1292981.539397
135 1019952.235615
136 1019952.235615
137 1019952.235615
138 1019952.235615
139 1019952.235615
140 779811.697186
141 779811.697186
142 779811.697186
143 779811.697186
144 779811.697186
145 597934.949318
146 597934.949318
147 597934.949318
148 597934.949318
149 597934.949318
150 356503.905092
151 356503.905092
152 356503.905092
153 356503.905092
154 356503.905092
155 243763.155107
156 243763.155107
157 243763.155107
158 243763.155107
159 243763.155107
160 154765.565618
161 154765.565618
162 154765.565618
163 154765.565618
164 154765.565618
165 107715.132307
166 107715.132307
167 107715.132307
168 107715.132307
169 107715.132307
170 73897.872557
171 73897.872557
172 73897.872557
173 73897.872557
174 73897.872557
175 55644.206362
176 55644.206362
177 55644.206362
178 55644.206362
179 55644.206362
180 39699.373684
181 39699.373684
182 39699.373684
183 39699.373684
184 39699.373684
185 26460.254609
186 26460.254609
187 26460.254609
188 26460.254609
189 26460.254609
190 19177.332459
191 19177.332459
192 19177.332459
193 19177.332459
194 19177.332459
195 13679.374496
196 13679.374496
197 13679.374496
198 13679.374496
199 13679.374496
200 9781.090426
201 9781.090426
202 9781.090426
203 9781.090426
204 9781.090426
205 6320.246520
206 6320.246520
207 6320.246520
208 6320.246520
209 6320.246520
210 4454.880052
211 4454.880052
212 4454.880052
213 4454.880052
214 4454.880052
215 2470.261500
216 2470.261500
217 2470.261500
218 2470.261500
219 2470.261500
220 1761.778856
221 1761.778856
222 1761.778856
223 1761.778856
224 1761.778856
225 1185.581066
226 1185.581066
227 1185.581066
228 1185.581066
229 1185.581066
230 737.236754
231 737.236754
232 737.236754
233 737.236754
234 737.236754
235 535.660725
236 535.660725
237 535.660725
238 535.660725
239 535.660725
240 407.871330
241 407.871330
242 407.871330
243 407.871330
244 407.871330
245 266.183190
246 266.183190
247 266.183190
248 266.183190
249 266.183190
250 175.726608
251 175.726608
252 175.726608
253 175.726608
254 175.726608
255 127.636886
256 127.636886
257 127.636886
258 127.636886
259 127.636886
260 93.952015
261 93.952015
262 93.952015
263 93.952015
264 93.952015
265 68.235016
266 68.235016
267 68.235016
268 68.235016
269 68.235016
270 46.181911
271 46.181911
272 46.181911
273 46.181911
274 46.181911
275 31.436254
276 31.436254
277 31.436254
278 31.436254
279 31.436254
280 23.796200
281 23.796200
282 23.796200
283 23.796200
284 23.796200
285 17.322332
286 17.322332
287 17.322332
288 17.322332
289 17.322332
290 12.292756
291 12.292756
292 12.292756
293 12.292756
294 12.292756
295 8.750056
296 8.750056
297 8.750056
298 8.750056
299 8.750056
300 6.248186
301 6.248186
302 6.248186
303 6.248186
304 6.248186
305 4.726480
306 4.726480
307 4.726480
308 4.726480
309 4.726480
310 3.535871
311 3.535871
312 3.535871
313 3.535871
314 3.535871
315 2.513024
316 2.513024
317 2.513024
318 2.513024
319 2.513024
320 1.846408
321 1.846408
322 1.846408
323 1.846408
324 1.846408
325 1.305129
326 1.305129
327 1.305129
328 1.305129
329 1.305129
330 0.954906
331 0.954906
332 0.954906
333 0.954906
334 0.954906
335 0.695306
336 0.695306
337 0.695306
338 0.695306
339 0.695306
340 0.485312
341 0.485312
342 0.485312
343 0.485312
344 0.485312
345 0.356562
346 0.356562
347 0.356562
348 0.356562
349 0.356562
350 0.263414
351 0.263414
352 0.263414
353 0.263414
354 0.263414
355 0.197132
356 0.197132
357 0.197132
358 0.197132
359 0.197132
360 0.150773
361 0.150773
362 0.150773
363 0.150773
364 0.150773
365 0.116293
366 0.116293
367 0.116293
368 0.116293
369 0.116293
370 0.088895
371 0.088895
372 0.088895
373 0.088895
374 0.088895
375 0.064342
376 0.064342
377 0.064342
378 0.064342
379 0.064342
380 0.048882
381 0.048882
382 0.048882
383 0.048882
384 0.048882
385 0.037124
386 0.037124
387 0.037124
388 0.037124
389 0.037124
390 0.028489
391 0.028489
392 0.028489
393 0.028489
394 0.028489
395 0.022068
396 0.022068
397 0.022068
398 0.022068
399 0.022068
400 0.016557
401 0.016557
402 0.016557
403 0.016557
404 0.016557
405 0.012798
406 0.012798
407 0.012798
408 0.012798
409 0.012798
410 0.010107
411 0.010107
412 0.010107
413 0.010107
414 0.010107
415 0.007684
416 0.007684
417 0.007684
418 0.007684
419 0.007684
420 0.005889
421 0.005889
422 0.005889
423 0.005889
424 0.005889
425 0.004543
426 0.004543
427 0.004543
428 0.004543
429 0.004543
430 0.003535
431 0.003535
432 0.003535
433 0.003535
434 0.003535
435 0.002785
436 0.002785
437 0.002785
438 0.002785
439 0.002785
440 0.002185
441 0.002185
442 0.002185
443 0.002185
444 0.002185
445 0.001710
446 0.001710
447 0.001710
448 0.001710
449 0.001710
450 0.001352
451 0.001352
452 0.001352
453 0.001352
454 0.001352
455 0.001061
456 0.001061
457 0.001061
458 0.001061
459 0.001061
460 0.000833
461 0.000833
462 0.000833
463 0.000833
464 0.000833
465 0.000657
466 0.000657
467 0.000657
468 0.000657
469 0.000657
470 0.000522
471 0.000522
472 0.000522
473 0.000522
474 0.000522
475 0.000418
476 0.000418
477 0.000418
478 0.000418
479 0.000418
480 0.000334
481 0.000334
482 0.000334
483 0.000334
484 0.000334
485 0.000268
486 0.000268
487 0.000268
488 0.000268
489 0.000268
490 0.000215
491 0.000215
492 0.000215
493 0.000215
494 0.000215
495 0.000174
496 0.000174
497 0.000174
498 0.000174
499 0.000174
500 0.000141
