1 5516882.757510
2 4042455.705830
3 6384371.121735
4 7171504.113402
5 9794739.571903
6 12346659.900696
7 12345572.905669
8 9154689.324746
9 12607025.060907
10 13809986.267916
11 15495207.954761
12 16349836.984277
13 19170184.101079
14 22761786.820871
15 23496917.327882
16 21286338.395800
17 23448091.890985
18 20627666.581376
19 23302883.433268
20 27439526.769008
21 27253701.108728
22 35999865.902101
23 26827644.857280
24 33009680.687244
25 27814461.911342
26 28177033.369073
27 41285791.211356
28 36699959.190089
29 42893534.843375
30 55190611.604623
31 52260457.213753
32 37138032.585087
33 48988957.452590
34 47027671.037438
35 27051150.751143
36 42645078.708991
37 53874928.104432
38 52654091.817286
39 49250187.808937
40 58117493.789752
41 39358022.992724
42 46250797.606655
43 45101852.223177
44 35057994.042955
45 43261320.064455
46 40876075.004470
47 37007518.578494
48 37375893.049384
49 26882809.473731
50 36449311.750627
51 33089040.820515
52 40434911.330660
53 34976322.154736
54 41765782.602534
55 42663495.948133
56 40424394.046099
57 37533261.936889
58 37888140.652207
59 50361620.410777
60 35300824.486936
61 33887488.605381
62 42337078.657501
63 32059469.779592
64 36645196.051039
65 35658072.686057
66 34784498.765588
67 27315433.577567
68 33872701.897975
69 35709977.998875
70 24985049.032839
71 23633668.888529
72 26136050.790997
73 19958403.127937
74 19369885.021280
75 20814248.082148
76 12718078.938946
77 19468903.085322
78 18276415.631935
79 15878000.848368
80 13744543.607130
81 14514521.119457
82 10562626.437913
83 10400325.255610
84 10368035.790770
85 11247510.023149
86 9449472.481635
87 10331805.733865
88 7774653.766211
89 8042702.020872
90 6919104.680683
91 8384655.859046
92 6682194.287225
93 6120166.419649
94 4863628.411941
95 5206210.322097
96 4339553.392081
97 4219598.784247
98 4077063.855059
99 4334909.764537
100 3962932.903304
101 3310003.367325
102 2206344.946720
103 3215436.501461
104 3358178.538629
105 3107990.381048
106 2708574.828297
107 2571818.165757
108 2579054.956734
109 2343849.977208
110 2645302.768344
111 2262037.219371
112 1997392.645219
113 1561648.504747
114 1351421.915233
115 1463438.752259
116 1171415.608538
117 1158121.268682
118 906474.048872
119 831112.197666
120 996049.369313
121 855401.373141
122 746783.670921
123 784581.026866
124 773496.988865
125 639790.842882
126 659952.261460
127 583748.831072
128 618946.591462
129 551759.869103
130 522482.465355
131 445524.302388
132 462839.831870
133 432218.880694
134 437810.595091
135 404115.395044
136 354883.346098
137 361225.806594
138 330284.426094
139 289666.091383
140 253786.207252
141 243126.385047
142 218875.814407
143 202029.267769
144 174309.943496
145 183812.208632
146 208425.746215
147 191883.695593
148 186555.347978
149 155520.611440
150 115990.674473
151 95176.495712
152 99108.816652
153 93631.090027
154 74795.710064
155 79744.872329
156 77373.497923
157 70977.175507
158 65898.078645
159 67577.924705
160 66713.881617
161 59505.795601
162 49363.782479
163 42123.488562
164 39738.689608
165 27361.703633
166 29991.068720
167 29246.791855
168 25934.272978
169 26562.000650
170 20938.194558
171 18842.337233
172 20826.402739
173 18041.737130
174 17807.470075
175 18741.755217
176 15445.781469
177 16152.982404
178 13497.461442
179 11342.809856
180 11611.364628
181 11437.841584
182 10720.836098
183 9299.019139
184 9287.341698
185 9771.340702
186 7893.397459
187 8311.000192
188 8253.365856
189 9099.611748
190 7323.872383
191 6420.205633
192 5355.616659
193 5886.739756
194 5694.513509
195 5736.054509
196 5989.114264
197 5698.454777
198 5644.810890
199 5296.739367
200 4802.207200
201 4364.853556
202 4228.584902
203 3687.589235
204 3393.358637
205 3460.955026
206 3290.253439
207 2686.765449
208 3054.828873
209 2451.023515
210 2063.638002
211 2240.239037
212 2113.997247
213 1608.852098
214 1728.656149
215 1379.740773
216 1565.434727
217 1443.586286
218 1525.171616
219 1341.929723
220 1432.774045
221 1346.300286
222 1413.587852
223 1507.063223
224 1487.692657
225 1448.117993
226 1388.030872
227 1307.228000
228 1251.965270
229 1171.826823
230 1143.136288
231 1053.005523
232 878.328259
233 840.789430
234 840.212287
235 796.135151
236 764.937791
237 744.997344
238 593.295195
239 564.621257
240 627.049350
241 558.587406
242 523.523824
243 512.106152
244 494.257185
245 490.659547
246 433.159861
247 424.003166
248 352.149750
249 379.863032
250 360.520608
251 353.068087
252 321.128837
253 320.180868
254 298.803267
255 287.539675
256 264.952953
257 281.085551
258 252.310343
259 232.086355
260 238.055693
261 226.751258
262 229.382781
263 222.248769
264 179.752579
265 185.467356
266 183.069571
267 177.456901
268 172.293223
269 180.667945
270 173.655589
271 155.509424
272 158.726326
273 138.960472
274 127.446662
275 120.328493
276 108.864986
277 111.261545
278 99.283377
279 92.444449
280 102.262897
281 92.834421
282 93.782254
283 87.241604
284 83.377542
285 75.667402
286 80.267296
287 72.335872
288 76.097362
289 73.637318
290 74.716790
291 68.375126
292 66.203918
293 64.563251
294 57.385626
295 55.318858
296 57.147587
297 55.630531
298 50.233448
299 51.575961
300 52.029318
301 50.745382
302 48.825359
303 45.325621
304 44.917047
305 40.309391
306 40.722194
307 40.724002
308 39.090666
309 34.711112
310 35.832010
311 31.616753
312 31.435791
313 32.831430
314 28.821792
315 28.249702
316 27.438709
317 28.266080
318 26.980289
319 25.790178
320 25.235954
321 24.603178
322 23.192977
323 21.203709
324 20.904731
325 20.624345
326 19.545739
327 19.242577
328 18.142496
329 17.839583
330 18.308001
331 16.548441
332 16.069572
333 15.690998
334 14.799236
335 14.373211
336 13.586760
337 13.647880
338 12.862047
339 12.569705
340 12.469921
341 11.836552
342 11.612362
343 11.502898
344 11.247628
345 10.252368
346 10.177788
347 10.139742
348 9.125758
349 9.323877
350 8.922162
351 8.891913
352 8.404387
353 8.400526
354 8.106369
355 8.081321
356 7.531407
357 7.589385
358 7.431409
359 7.116885
360 7.320968
361 7.022481
362 6.840998
363 6.445891
364 6.259043
365 6.061934
366 5.946469
367 5.835308
368 5.393069
369 5.437346
370 5.279326
371 5.280738
372 5.335557
373 5.012859
374 4.822806
375 4.772643
376 4.744615
377 4.603484
378 4.576464
379 4.447343
380 4.352896
381 4.323163
382 4.206132
383 4.107446
384 4.062582
385 3.890734
386 3.784942
387 3.721840
388 3.717067
389 3.576588
390 3.519631
391 3.508745
392 3.479488
393 3.399856
394 3.347364
395 3.303527
396 3.333906
397 3.321489
398 3.228171
399 3.111397
400 3.065235
401 3.051157
402 3.059129
403 2.949701
404 2.911970
405 2.874079
406 2.869004
407 2.810154
408 2.854874
409 2.690084
410 2.612523
411 2.538916
412 2.499739
413 2.472359
414 2.494428
415 2.429313
416 2.391219
417 2.377215
418 2.265427
419 2.252246
420 2.203113
421 2.151541
422 2.134534
423 2.106756
424 2.053662
425 2.065205
426 2.041964
427 2.028998
428 1.988539
429 1.949923
430 1.912245
431 1.857144
432 1.841269
433 1.815455
434 1.798060
435 1.786480
436 1.755883
437 1.729766
438 1.702368
439 1.676556
440 1.658838
441 1.633968
442 1.625315
443 1.598728
444 1.578750
445 1.564533
446 1.543693
447 1.523202
448 1.509287
449 1.495838
450 1.479572
451 1.449750
452 1.435389
453 1.410852
454 1.400840
455 1.383690
456 1.368878
457 1.351952
458 1.341659
459 1.327261
460 1.312387
461 1.309224
462 1.291286
463 1.280244
464 1.259762
465 1.249100
466 1.234161
467 1.225302
468 1.211929
469 1.200114
470 1.195134
471 1.190857
472 1.174936
473 1.166551
474 1.157867
475 1.144937
476 1.133012
477 1.128950
478 1.122924
479 1.118203
480 1.110809
481 1.104658
482 1.097804
483 1.092097
484 1.086696
485 1.081561
486 1.078700
487 1.073880
488 1.069697
489 1.064336
490 1.059314
491 1.056465
492 1.051744
493 1.048855
494 1.047006
495 1.044528
496 1.042203
497 1.040282
498 1.039598
499 1.038579
500 1.038047
