1 3131024.361699
2 3161259.306476
3 3446171.427697
4 3430826.623601
5 3901580.318822
6 4162293.791178
7 4600542.064458
8 4588408.782191
9 4776245.029209
10 4586013.556577
11 5003887.762664
12 5177887.673526
13 5208782.171969
14 5208458.875157
15 5041087.075811
16 5106322.225357
17 5104039.063039
18 4877572.065258
19 4970228.114936
20 5151531.374587
21 5008625.996602
22 4693662.594008
23 4827628.370060
24 4575392.093296
25 4737745.876229
26 4232917.089154
27 4072977.458584
28 4159146.632452
29 4148569.564996
30 3858786.175841
31 3524920.418466
32 3481338.882076
33 3261392.334241
34 3232114.609269
35 2796466.942159
36 2827298.259097
37 2811105.323516
38 2598662.805219
39 2451292.182958
40 2345726.364440
41 2259245.161446
42 2143038.042103
43 1967190.326101
44 1848058.690760
45 1726064.664508
46 1697312.221447
47 1524172.526228
48 1427977.074646
49 1391621.529808
50 1230344.064765
51 1207943.855053
52 1054636.036150
53 1033958.698736
54 911025.240350
55 886417.960673
56 835190.216632
57 792521.377557
58 744343.657017
59 689262.146795
60 618871.366030
61 617937.021340
62 563834.425165
63 517286.663242
64 480352.848509
65 446107.700812
66 385665.541889
67 343740.002019
68 327628.516690
69 300272.542889
70 283708.017419
71 256745.603928
72 232769.461974
73 209512.640402
74 189033.121363
75 171749.823355
76 158380.069152
77 137225.675211
78 131387.006167
79 124768.983106
80 115483.319954
81 107289.568199
82 98528.046397
83 85089.431501
84 76674.435380
85 73798.891522
86 65362.227402
87 61429.142477
88 53512.129273
89 49836.705850
90 47225.949269
91 40884.187891
92 39003.776341
93 34888.975185
94 31142.992056
95 29534.344337
96 27502.690724
97 24072.706790
98 21804.730301
99 19552.667521
100 18763.874234
101 16809.860187
102 15663.874786
103 14317.673370
104 12650.621421
105 11112.260020
106 9679.524078
107 8481.611836
108 7622.753849
109 6638.126515
110 5873.175025
111 5463.572321
112 4947.403653
113 4411.669143
114 3816.777044
115 3539.286624
116 3226.981560
117 2878.651928
118 2598.120145
119 2342.553482
120 2019.877572
121 1787.566366
122 1662.975416
123 1477.294520
124 1383.568106
125 1250.730046
126 1141.376729
127 1015.496634
128 918.139645
129 860.181051
130 779.308715
131 698.361039
132 597.478541
133 546.685122
134 490.209203
135 422.858428
136 385.116926
137 334.282222
138 310.801384
139 270.471361
140 232.144520
141 220.521416
142 203.204974
143 185.139312
144 169.741350
145 148.906123
146 136.569433
147 123.606385
148 109.782080
149 96.827857
150 88.546910
151 79.638657
152 72.116149
153 64.652530
154 59.981300
155 53.788493
156 48.444953
157 44.054967
158 39.957082
159 35.010423
160 32.300045
161 29.159344
162 26.503297
163 24.146675
164 20.910687
165 19.081927
166 17.189150
167 15.916844
168 14.319199
169 12.796628
170 11.996482
171 11.030879
172 10.245493
173 9.017075
174 8.159662
175 7.587044
176 7.004964
177 6.349932
178 5.882118
179 5.366086
180 4.922494
181 4.546422
182 4.223239
183 3.858761
184 3.557228
185 3.244758
186 2.967706
187 2.742805
188 2.518854
189 2.346667
190 2.211061
191 2.045935
192 1.867584
193 1.678098
194 1.577540
195 1.454037
196 1.350172
197 1.232812
198 1.136496
199 1.068411
200 0.997619
201 0.899601
202 0.847787
203 0.793254
204 0.739738
205 0.696042
206 0.646347
207 0.589005
208 0.560612
209 0.519637
210 0.478502
211 0.447941
212 0.416083
213 0.391156
214 0.363617
215 0.342577
216 0.318981
217 0.293345
218 0.273603
219 0.255672
220 0.240992
221 0.224180
222 0.209924
223 0.197562
224 0.182255
225 0.172803
226 0.158338
227 0.149547
228 0.140462
229 0.130343
230 0.122788
231 0.113584
232 0.107698
233 0.101501
234 0.094522
235 0.088418
236 0.083152
237 0.078570
238 0.072780
239 0.069596
240 0.065542
241 0.062048
242 0.057222
243 0.055033
244 0.050754
245 0.048926
246 0.045834
247 0.043764
248 0.041191
249 0.039117
250 0.036578
251 0.034076
252 0.032826
253 0.030660
254 0.029499
255 0.027814
256 0.026581
257 0.025032
258 0.023771
259 0.022475
260 0.021219
261 0.020042
262 0.018947
263 0.017986
264 0.017239
265 0.016379
266 0.015695
267 0.014875
268 0.014267
269 0.013373
270 0.012778
271 0.012253
272 0.011672
273 0.011081
274 0.010501
275 0.010071
276 0.009637
277 0.009221
278 0.008856
279 0.008362
280 0.008072
281 0.007710
282 0.007368
283 0.007035
284 0.006727
285 0.006456
286 0.006146
287 0.005896
288 0.005552
289 0.005412
290 0.005176
291 0.004900
292 0.004658
293 0.004455
294 0.004327
295 0.004158
296 0.003991
297 0.003800
298 0.003691
299 0.003511
300 0.003338
301 0.003181
302 0.003092
303 0.003000
304 0.002851
305 0.002785
306 0.002683
307 0.002578
308 0.002500
309 0.002423
310 0.002333
311 0.002254
312 0.002143
313 0.002070
314 0.001998
315 0.001931
316 0.001877
317 0.001807
318 0.001747
319 0.001686
320 0.001631
321 0.001572
322 0.001522
323 0.001457
324 0.001409
325 0.001369
326 0.001322
327 0.001287
328 0.001228
329 0.001193
330 0.001159
331 0.001119
332 0.001091
333 0.001059
334 0.001029
335 0.000993
336 0.000967
337 0.000932
338 0.000903
339 0.000876
340 0.000852
341 0.000827
342 0.000805
343 0.000778
344 0.000757
345 0.000732
346 0.000713
347 0.000690
348 0.000676
349 0.000656
350 0.000640
351 0.000623
352 0.000605
353 0.000590
354 0.000575
355 0.000558
356 0.000547
357 0.000530
358 0.000516
359 0.000502
360 0.000488
361 0.000474
362 0.000464
363 0.000453
364 0.000444
365 0.000432
366 0.000422
367 0.000411
368 0.000401
369 0.000392
370 0.000383
371 0.000373
372 0.000366
373 0.000358
374 0.000350
375 0.000343
376 0.000335
377 0.000328
378 0.000319
379 0.000314
380 0.000309
381 0.000301
382 0.000294
383 0.000290
384 0.000284
385 0.000279
386 0.000274
387 0.000268
388 0.000263
389 0.000258
390 0.000253
391 0.000247
392 0.000243
393 0.000238
394 0.000233
395 0.000229
396 0.000225
397 0.000220
398 0.000216
399 0.000212
400 0.000209
401 0.000204
402 0.000200
403 0.000198
404 0.000195
405 0.000192
406 0.000188
407 0.000184
408 0.000182
409 0.000179
410 0.000176
411 0.000174
412 0.000171
413 0.000168
414 0.000166
415 0.000164
416 0.000161
417 0.000159
418 0.000157
419 0.000154
420 0.000152
421 0.000149
422 0.000148
423 0.000146
424 0.000144
425 0.000143
426 0.000141
427 0.000139
428 0.000137
429 0.000136
430 0.000134
431 0.000132
432 0.000131
433 0.000130
434 0.000127
435 0.000126
436 0.000125
437 0.000123
438 0.000122
439 0.000121
440 0.000119
441 0.000118
442 0.000117
443 0.000116
444 0.000115
445 0.000114
446 0.000113
447 0.000112
448 0.000111
449 0.000110
450 0.000109
451 0.000108
452 0.000107
453 0.000106
454 0.000106
455 0.000105
456 0.000104
457 0.000103
458 0.000102
459 0.000101
460 0.000101
461 0.000100
462 0.000099
463 0.000099
464 0.000098
465 0.000098
466 0.000097
467 0.000097
468 0.000096
469 0.000096
470 0.000095
471 0.000095
472 0.000094
473 0.000094
474 0.000093
475 0.000093
476 0.000092
477 0.000092
478 0.000092
479 0.000091
480 0.000091
481 0.000091
482 0.000090
483 0.000090
484 0.000090
485 0.000089
486 0.000089
487 0.000089
488 0.000089
489 0.000089
490 0.000089
491 0.000088
492 0.000088
493 0.000088
494 0.000088
495 0.000088
496 0.000088
497 0.000088
498 0.000088
499 0.000088
500 0.000088
