1 inf
2 inf
3 inf
4 inf
5 inf
6 inf
7 inf
8 inf
9 inf
10 inf
11 inf
12 inf
13 inf
14 inf
15 inf
16 inf
17 inf
18 inf
19 inf
20 inf
21 inf
22 inf
23 inf
24 inf
25 inf
26 inf
27 inf
28 inf
29 inf
30 inf
31 inf
32 inf
33 inf
34 inf
35 inf
36 inf
37 inf
38 inf
39 inf
40 inf
41 inf
42 inf
43 inf
44 inf
45 inf
46 inf
47 inf
48 137241832362735254191134969946105131796184484125623014408410435841079395169934046453611892206490415227059728766268800280120924173605749738000554315656904862096551537311386364693751756049271926949325839687943764909811682566155920160983872417973473237596791052213500451802515915041136709652224745692007787134976.000000
49 26148120205922288167613042562693518189358279177590839932299549219938823823219381357601636984427517487414902629225882178787740515772024654919158188302384189820670046970748241292294077686026167612409121372527667843233871833201487484573730503167505516191458088217625449391116613046387859745931264.000000
50 184595238605541402813864025358513740711242768044976530797610404072748682411660443603284288923799499475514514797109847556651567347358415092346074051641743618036622303682046615352239008732008102659901188208173197717575412277284322772426225390880604661225756062193604324491264.000000
51 20084823095666544377383227598074167213149424944061248053507338874101440993555605820658570144883602940253617502881429992892146179490317037151187805165387218132223584931933555177535528044937799116623565150031581183975571125961302286020979584400717745068441600.000000
52 386080902309320069716808098065125158458583585927911114999009083403816017101677989158260403354381244188927122206656110920930716126007449195127890038697202715736084310525306217988160561115805803776577192129014995548731915555345571497530414333952.000000
53 43445403086019583389487972565248374818727814575705799433526984784783006549144594953730036174100678895491035713419107539560108815460073608095657072426805856308396926577256910309895198762098319686571833096137866924220730576994304.000000
54 12169427020779542394998537696585492063092153698418665411261679225921272478432663750732854198798018320725323913298324229842966307216320176613255134177211270327519556046321994080428992295757284180886552576.000000
55 9933646906052582909160416886447681066202122245752609994984882726383402787358077192516421196887540438992654148904808780648064432559267287616410149334900791013844122652443545055485371613184.000000
56 792837506885156623556730141302409264708082727325698340619915760887980591952811362383616211977925628312953456861111627197842110424706229953511623409225891409793280093716480.000000
57 254558742526352399199322272891005159776160196030368493280837340988171390955202453594411263635543105088826270121677710902743677774335635537054184320794624.000000
58 137448054051845157212257597551991745194060261644481748229485328067320248501004043281269688859803050522959897275373779403905216457038272162430976.000000
59 697696041306262097104457281472234631294617861004203780995937552903685256577195814896687861750714006759613227200741120147456.000000
60 82039574909494684095356446886704425013507799086833995376258775273953515150081119231473920678827895048634368.000000
61 30489123415235557649485962424260879732717537349164643484184484736914015987904844660736.000000
62 18141084385781124002788450520989639695495074113889335728285814863580626944.000000
63 8686501543010237261652110281334953512768130115713368064.000000
64 23076144656004919947450746048432046080.000000
65 19205910146095492628480.000000
66 22334.643532
67 14971.625555
68 11864.738560
69 9348.546474
70 7958.765552
71 6782.671886
72 5610.449732
73 4964.770623
74 4425.490891
75 3637.658232
76 3132.615980
77 2808.171349
78 2429.504082
79 2218.499549
80 1974.634475
81 1745.886143
82 1569.182228
83 1435.410196
84 1285.879653
85 1128.284064
86 1018.551290
87 908.318466
88 820.457263
89 727.861484
90 671.109179
91 604.059604
92 544.464606
93 493.422493
94 430.656145
95 397.187490
96 351.988194
97 325.559256
98 300.198892
99 270.267121
100 239.683334
101 220.596689
102 189.930793
103 179.871388
104 166.375753
105 152.457822
106 136.830020
107 126.484462
108 115.312753
109 104.853091
110 94.461106
111 87.259625
112 78.406561
113 69.923909
114 65.352208
115 59.926664
116 55.994959
117 51.948045
118 46.678868
119 42.907359
120 39.174666
121 35.861216
122 32.893181
123 28.869753
124 26.459631
125 24.344833
126 22.356129
127 20.204244
128 18.625845
129 17.172777
130 15.794655
131 14.623756
132 13.275542
133 12.262177
134 11.230261
135 10.228438
136 9.398820
137 8.771351
138 8.117500
139 7.492111
140 6.725921
141 6.281020
142 5.741232
143 5.232630
144 4.899847
145 4.559469
146 4.239418
147 3.909594
148 3.592964
149 3.319089
150 2.978910
151 2.748694
152 2.586166
153 2.394582
154 2.176929
155 1.996902
156 1.884212
157 1.768883
158 1.618594
159 1.522134
160 1.439849
161 1.337143
162 1.231135
163 1.134019
164 1.054018
165 0.964545
166 0.907454
167 0.848127
168 0.772000
169 0.731960
170 0.682051
171 0.647710
172 0.609101
173 0.566210
174 0.533553
175 0.492422
176 0.460282
177 0.431376
178 0.403699
179 0.376342
180 0.356921
181 0.335696
182 0.316220
183 0.294171
184 0.273534
185 0.258878
186 0.240434
187 0.224110
188 0.209311
189 0.196953
190 0.185186
191 0.175306
192 0.164484
193 0.153381
194 0.145003
195 0.136632
196 0.127731
197 0.121584
198 0.114483
199 0.108810
200 0.103088
201 0.096692
202 0.091690
203 0.086649
204 0.081344
205 0.076568
206 0.073512
207 0.069410
208 0.065229
209 0.062129
210 0.058958
211 0.056103
212 0.053558
213 0.050681
214 0.048496
215 0.046119
216 0.044137
217 0.041468
218 0.039462
219 0.037758
220 0.036051
221 0.034425
222 0.032835
223 0.031231
224 0.029724
225 0.028560
226 0.027330
227 0.026068
228 0.025136
229 0.024059
230 0.023061
231 0.021959
232 0.021094
233 0.020191
234 0.019269
235 0.018408
236 0.017602
237 0.016920
238 0.016130
239 0.015255
240 0.014686
241 0.014142
242 0.013589
243 0.013102
244 0.012490
245 0.011940
246 0.011634
247 0.011172
248 0.010725
249 0.010278
250 0.009830
251 0.009486
252 0.009124
253 0.008813
254 0.008503
255 0.008210
256 0.007912
257 0.007644
258 0.007296
259 0.007061
260 0.006783
261 0.006560
262 0.006329
263 0.006107
264 0.005906
265 0.005697
266 0.005503
267 0.005373
268 0.005201
269 0.005036
270 0.004870
271 0.004734
272 0.004596
273 0.004395
274 0.004298
275 0.004165
276 0.004048
277 0.003915
278 0.003781
279 0.003669
280 0.003543
281 0.003439
282 0.003334
283 0.003203
284 0.003112
285 0.003019
286 0.002946
287 0.002854
288 0.002765
289 0.002689
290 0.002618
291 0.002549
292 0.002457
293 0.002406
294 0.002341
295 0.002270
296 0.002187
297 0.002151
298 0.002094
299 0.002043
300 0.001986
301 0.001930
302 0.001876
303 0.001826
304 0.001791
305 0.001745
306 0.001693
307 0.001650
308 0.001606
309 0.001569
310 0.001535
311 0.001492
312 0.001448
313 0.001419
314 0.001381
315 0.001344
316 0.001317
317 0.001285
318 0.001250
319 0.001218
320 0.001192
321 0.001162
322 0.001129
323 0.001109
324 0.001080
325 0.001056
326 0.001033
327 0.001004
328 0.000981
329 0.000962
330 0.000941
331 0.000923
332 0.000901
333 0.000884
334 0.000865
335 0.000851
336 0.000832
337 0.000812
338 0.000796
339 0.000781
340 0.000764
341 0.000751
342 0.000737
343 0.000722
344 0.000708
345 0.000692
346 0.000680
347 0.000664
348 0.000654
349 0.000641
350 0.000629
351 0.000618
352 0.000606
353 0.000593
354 0.000583
355 0.000573
356 0.000565
357 0.000553
358 0.000544
359 0.000535
360 0.000526
361 0.000518
362 0.000510
363 0.000498
364 0.000491
365 0.000483
366 0.000474
367 0.000464
368 0.000457
369 0.000451
370 0.000443
371 0.000437
372 0.000429
373 0.000423
374 0.000417
375 0.000410
376 0.000405
377 0.000399
378 0.000393
379 0.000389
380 0.000382
381 0.000376
382 0.000370
383 0.000366
384 0.000360
385 0.000355
386 0.000352
387 0.000347
388 0.000343
389 0.000338
390 0.000333
391 0.000330
392 0.000325
393 0.000321
394 0.000317
395 0.000313
396 0.000310
397 0.000307
398 0.000303
399 0.000300
400 0.000297
401 0.000293
402 0.000289
403 0.000286
404 0.000283
405 0.000280
406 0.000278
407 0.000274
408 0.000271
409 0.000269
410 0.000266
411 0.000263
412 0.000260
413 0.000258
414 0.000256
415 0.000253
416 0.000251
417 0.000248
418 0.000246
419 0.000244
420 0.000242
421 0.000239
422 0.000237
423 0.000236
424 0.000234
425 0.000231
426 0.000229
427 0.000228
428 0.000226
429 0.000224
430 0.000222
431 0.000221
432 0.000219
433 0.000218
434 0.000216
435 0.000214
436 0.000213
437 0.000211
438 0.000209
439 0.000208
440 0.000207
441 0.000205
442 0.000204
443 0.000203
444 0.000201
445 0.000200
446 0.000199
447 0.000198
448 0.000197
449 0.000196
450 0.000195
451 0.000194
452 0.000193
453 0.000192
454 0.000191
455 0.000190
456 0.000189
457 0.000188
458 0.000187
459 0.000186
460 0.000185
461 0.000184
462 0.000184
463 0.000183
464 0.000182
465 0.000182
466 0.000181
467 0.000180
468 0.000179
469 0.000179
470 0.000178
471 0.000178
472 0.000177
473 0.000177
474 0.000176
475 0.000176
476 0.000175
477 0.000175
478 0.000174
479 0.000174
480 0.000173
481 0.000173
482 0.000173
483 0.000172
484 0.000172
485 0.000172
486 0.000171
487 0.000171
488 0.000171
489 0.000171
490 0.000170
491 0.000170
492 0.000170
493 0.000170
494 0.000170
495 0.000170
496 0.000170
497 0.000169
498 0.000169
499 0.000169
500 0.000169
