1 20714164.230752
2 18126170.269282
3 27875535.101836
4 28942920.823544
5 35272698.659013
6 40185752.877980
7 53223355.055647
8 40334145.666786
9 48014705.277614
10 66505015.942573
11 51734948.715235
12 71719008.787728
13 81088257.473697
14 77625394.153106
15 65648500.959779
16 70159767.146856
17 95197365.411727
18 96997665.041767
19 85063189.201565
20 117445444.477755
21 89270354.295534
22 123189845.840233
23 119355339.061566
24 144591947.463751
25 197899636.022204
26 177056725.912963
27 214134704.817320
28 254131262.321450
29 254113838.575847
30 237193554.603407
31 224364015.197425
32 176507014.925863
33 173342956.024123
34 285658302.617747
35 291461063.612972
36 207006333.283606
37 167455970.264893
38 225083667.435924
39 316077338.235452
40 159409629.705157
41 270144528.969319
42 260731292.595428
43 393330625.053965
44 394923942.302056
45 258223315.341680
46 383767338.265741
47 418699600.391881
48 328067443.767038
49 205381525.581816
50 466331100.519175
51 471766806.243299
52 515136694.141463
53 425064036.291064
54 497050805.798217
55 481707649.269330
56 583395983.432754
57 627632808.070707
58 372408159.593081
59 466431228.019758
60 342123788.187282
61 443504592.080466
62 365481272.728031
63 400225144.044671
64 326087442.200813
65 352424195.719970
66 330740180.270063
67 421677051.188943
68 358117256.217053
69 423178575.903849
70 337964801.232915
71 309640965.389113
72 329843192.740710
73 339260825.775552
74 284544080.780807
75 318822459.388185
76 246311738.785251
77 222873615.676414
78 236574204.827352
79 268862566.566887
80 289142683.069383
81 257557582.855127
82 249999580.354674
83 243523350.394067
84 216889097.382701
85 155878402.682729
86 172358526.875698
87 158643794.358587
88 147934285.629644
89 116544066.095854
90 138540098.296183
91 153548735.621105
92 105828239.401780
93 103714217.852645
94 98146651.734803
95 83174370.250622
96 100005487.285820
97 83696067.986987
98 74442208.131899
99 71891314.223494
100 61040856.457728
101 61157887.076406
102 48725718.841255
103 51501605.315453
104 45979866.732851
105 49252055.835935
106 54669887.442731
107 53817695.378279
108 56213848.351817
109 47317928.431539
110 61360267.777175
111 48559854.069523
112 54836375.038390
113 51348679.611121
114 52152441.018872
115 36762419.035889
116 34805998.384755
117 46696687.756717
118 39795227.231948
119 44356775.241482
120 42912793.219914
121 51147168.614660
122 35673837.746017
123 36534296.480655
124 40035632.851838
125 35181055.462268
126 32903401.880627
127 33976150.235084
128 32376897.048735
129 25968542.462649
130 29456286.843332
131 26637019.878144
132 29644869.433334
133 23517633.753193
134 23502933.674270
135 27713083.905737
136 21674412.402660
137 23572262.560328
138 17534884.982718
139 21491596.160394
140 20777665.030221
141 23157349.843746
142 15359462.872936
143 15385620.900108
144 13724467.155308
145 15399240.573051
146 15072770.206775
147 13552439.379070
148 12625640.760607
149 15221963.681648
150 14261731.883629
151 14175910.379374
152 15493481.195806
153 10730554.401496
154 12806822.825405
155 11975939.033069
156 10721196.138639
157 10610710.811187
158 9263595.745652
159 7276469.504528
160 7259580.202502
161 7218619.610536
162 7084008.990323
163 6955620.524001
164 6242026.810788
165 5396099.432353
166 5479460.056761
167 5193513.546027
168 3497879.262657
169 3586606.803984
170 4343653.830132
171 4875662.830634
172 4079035.196707
173 4333696.989554
174 4212440.588092
175 4330308.168731
176 4190623.564655
177 3821409.218241
178 4282919.800446
179 3496060.404043
180 3400942.728550
181 3413973.229748
182 3180279.538587
183 3329353.270143
184 3394812.139114
185 2843823.415465
186 3078188.981798
187 2529001.138126
188 2439075.427126
189 2394748.698956
190 2234373.784927
191 2099207.549989
192 2216115.324569
193 1654661.550085
194 1568565.143157
195 1670917.024319
196 1615859.873001
197 1444003.910126
198 1354882.087308
199 1240634.758580
200 1048286.360969
201 1014853.058141
202 995974.838069
203 941929.890593
204 732413.092129
205 879762.947184
206 816823.358278
207 810044.908885
208 696095.876780
209 658533.937581
210 609570.538790
211 642149.523558
212 525892.030039
213 516318.037011
214 552332.775738
215 503165.561834
216 544082.212191
217 531902.860448
218 472126.694926
219 445716.139328
220 454356.039799
221 419564.944264
222 442488.243734
223 430081.741767
224 435457.298178
225 410006.572751
226 335815.935722
227 400966.702336
228 366463.478716
229 333597.624402
230 319369.288633
231 334824.570123
232 301489.705058
233 288276.404411
234 272576.270833
235 271874.310382
236 313721.378639
237 268525.271817
238 272953.969350
239 228954.795812
240 234160.517257
241 220544.626513
242 198217.816435
243 191456.217333
244 212494.052002
245 190292.853150
246 195671.931051
247 172642.168941
248 180282.886661
249 190485.609482
250 199786.418225
251 189321.083977
252 176948.904173
253 161663.063978
254 166021.520847
255 166634.617596
256 145547.202532
257 151376.387711
258 158551.417699
259 139119.230926
260 148942.054039
261 142504.979989
262 131489.516877
263 112282.704015
264 114770.142049
265 112267.648507
266 95866.554721
267 102083.718047
268 99756.916138
269 92978.622780
270 86650.404652
271 81918.416802
272 85132.947683
273 80263.442825
274 76942.764503
275 80983.132496
276 77581.068724
277 79993.450982
278 78926.189299
279 70221.629481
280 72587.078866
281 69711.529217
282 69401.925959
283 68134.504909
284 63929.017867
285 60379.443252
286 62631.450739
287 60896.502020
288 59341.916488
289 61948.750383
290 57565.722213
291 58617.010248
292 55868.124140
293 53313.492786
294 50124.533514
295 44940.661934
296 47631.854390
297 44706.302356
298 43844.984240
299 47101.090680
300 40112.294078
301 40012.511981
302 39024.319337
303 34061.941698
304 38322.510616
305 36532.075009
306 31663.825832
307 35012.556164
308 33293.204218
309 33700.352872
310 34792.755223
311 33328.971331
312 31515.213851
313 30887.963319
314 33310.005925
315 33332.378332
316 32745.436088
317 31312.698890
318 31900.699755
319 28542.028073
320 29960.149405
321 29439.956310
322 29718.119079
323 29016.780155
324 27720.658812
325 27551.872402
326 26184.394070
327 25569.765568
328 26418.179646
329 24647.016138
330 23448.250070
331 22525.646293
332 21642.517706
333 21529.183006
334 21034.228766
335 21812.408169
336 20795.821611
337 20198.332830
338 19533.349315
339 19410.420168
340 19528.695876
341 19164.051004
342 18773.920510
343 18039.307364
344 17541.910971
345 18756.218549
346 16669.022549
347 17249.501878
348 17225.072706
349 15643.118642
350 15612.879262
351 14984.633811
352 15290.901177
353 14898.332438
354 15015.799499
355 15191.030346
356 14787.602819
357 14689.017922
358 13625.477719
359 13508.958495
360 13686.109864
361 13226.450929
362 13070.780596
363 13029.247284
364 12810.716424
365 12320.033654
366 12860.440187
367 11599.467891
368 11638.394803
369 11579.572462
370 11372.427046
371 11293.556247
372 11076.935007
373 10761.092641
374 10585.516954
375 10124.625761
376 9758.150474
377 9533.715498
378 9335.268074
379 9259.791772
380 8960.735902
381 8962.160271
382 8527.499684
383 8697.888247
384 8601.560190
385 8417.653975
386 8351.821911
387 8310.941848
388 8582.153164
389 7935.449909
390 7596.860598
391 7537.238291
392 7515.014518
393 7302.493127
394 7257.263155
395 6917.214653
396 6854.993878
397 6872.843593
398 6480.949597
399 6572.273228
400 6457.523005
401 6452.723274
402 6202.338776
403 5824.795914
404 6068.217590
405 5904.374776
406 5848.141008
407 5782.448622
408 5517.101721
409 5415.475243
410 5397.463121
411 5252.586897
412 5188.862277
413 4998.391943
414 5105.963176
415 4939.512262
416 4978.380446
417 4780.442731
418 4691.651521
419 4624.284171
420 4754.095211
421 4617.920989
422 4568.003659
423 4549.840033
424 4464.921862
425 4373.494257
426 4255.592518
427 4250.824812
428 4198.980684
429 4049.224969
430 4017.102036
431 3999.835557
432 3902.953682
433 3885.027934
434 3795.798798
435 3767.090679
436 3720.286953
437 3607.925827
438 3639.358896
439 3573.479076
440 3548.457420
441 3538.860244
442 3424.502104
443 3404.356094
444 3387.527088
445 3311.924343
446 3289.091239
447 3262.817849
448 3232.243660
449 3196.181533
450 3181.681195
451 3132.777488
452 3099.416972
453 3026.215156
454 2991.291303
455 2956.723152
456 2905.612149
457 2906.706273
458 2885.477450
459 2854.662690
460 2837.055406
461 2782.236906
462 2782.678948
463 2744.730026
464 2708.767045
465 2685.028547
466 2675.282302
467 2645.029092
468 2638.522110
469 2605.477824
470 2615.879003
471 2584.911706
472 2569.958222
473 2544.451376
474 2529.794502
475 2507.996247
476 2484.881968
477 2458.214426
478 2447.840082
479 2433.410065
480 2425.096433
481 2407.339693
482 2395.637328
483 2382.051324
484 2371.443069
485 2355.260202
486 2342.155103
487 2329.877547
488 2319.189670
489 2311.359166
490 2300.337843
491 2296.136599
492 2288.129837
493 2282.849824
494 2277.149470
495 2271.830835
496 2269.104801
497 2265.662376
498 2263.119013
499 2261.369781
500 2260.118834
