1 1519960.572187
2 1438417.403414
3 1653142.441147
4 2000365.766564
5 2108830.516530
6 2081487.076739
7 1916086.223373
8 1898412.892236
9 1793448.847347
10 1759409.449308
11 1678712.917823
12 1539123.032219
13 1362539.544737
14 1402637.537605
15 1335181.005754
16 1316217.382324
17 1260649.983513
18 1227535.680828
19 1053660.194706
20 1047788.293769
21 1015752.773855
22 942101.043795
23 832580.127773
24 796157.955800
25 754055.795761
26 703463.201031
27 657116.630439
28 594037.979389
29 547870.157455
30 502184.198635
31 449783.364067
32 424342.631544
33 398394.452246
34 366415.541706
35 365186.571579
36 346141.191978
37 318509.235259
38 285550.818958
39 265611.022674
40 240331.670039
41 226982.043784
42 210263.209202
43 207325.953358
44 186823.437658
45 168731.989466
46 161300.672508
47 138355.032537
48 119950.479936
49 98796.336590
50 94122.218289
51 83322.183579
52 78788.153241
53 70154.329947
54 63696.663935
55 54482.313611
56 48503.054391
57 44281.115977
58 41623.395226
59 36301.061668
60 31524.336301
61 27822.824629
62 25084.484209
63 23592.571264
64 20325.167896
65 18393.222809
66 17546.755531
67 15465.425250
68 13707.323418
69 11655.598630
70 10249.691634
71 9785.269930
72 8561.310724
73 7600.229651
74 7041.723500
75 7242.583468
76 6404.711699
77 5623.754487
78 4593.179294
79 4109.113310
80 3489.623067
81 3604.610487
82 3015.446445
83 2719.521849
84 2387.401797
85 2142.088864
86 1845.683443
87 1498.054029
88 1358.903069
89 1169.879056
90 1098.448025
91 1025.174814
92 861.739962
93 788.559259
94 643.345975
95 638.375155
96 583.820657
97 504.957331
98 421.718386
99 355.653795
100 301.879929
101 266.467223
102 225.906444
103 187.771964
104 172.520775
105 152.341343
106 128.537182
107 115.709528
108 104.866848
109 89.789861
110 80.314056
111 71.435515
112 64.785410
113 56.685261
114 51.752970
115 43.805381
116 39.619947
117 34.915525
118 29.482206
119 24.612712
120 23.190433
121 20.248561
122 16.900629
123 15.246666
124 13.594997
125 11.473074
126 10.638480
127 9.112567
128 7.831924
129 6.640312
130 5.468544
131 4.885598
132 4.406589
133 3.904583
134 3.303427
135 2.897768
136 2.486122
137 2.150051
138 1.963930
139 1.770406
140 1.531213
141 1.370301
142 1.169654
143 1.018120
144 0.907087
145 0.809819
146 0.688816
147 0.614993
148 0.522703
149 0.449229
150 0.416029
151 0.369537
152 0.312535
153 0.279463
154 0.253358
155 0.221871
156 0.198418
157 0.177785
158 0.154796
159 0.139109
160 0.122320
161 0.106162
162 0.093112
163 0.089617
164 0.077924
165 0.071029
166 0.063061
167 0.056109
168 0.050260
169 0.045763
170 0.040114
171 0.036443
172 0.032003
173 0.028087
174 0.025506
175 0.023493
176 0.020933
177 0.019156
178 0.016509
179 0.014800
180 0.013237
181 0.011494
182 0.010569
183 0.009551
184 0.008785
185 0.007800
186 0.007013
187 0.006351
188 0.005707
189 0.005159
190 0.004538
191 0.004107
192 0.003674
193 0.003446
194 0.003054
195 0.002647
196 0.002436
197 0.002304
198 0.002044
199 0.001847
200 0.001601
201 0.001461
202 0.001337
203 0.001174
204 0.001067
205 0.000959
206 0.000858
207 0.000795
208 0.000673
209 0.000623
210 0.000579
211 0.000501
212 0.000479
213 0.000438
214 0.000392
215 0.000342
216 0.000318
217 0.000296
218 0.000268
219 0.000240
220 0.000216
221 0.000199
222 0.000178
223 0.000167
224 0.000152
225 0.000140
226 0.000129
227 0.000116
228 0.000104
229 0.000096
230 0.000088
231 0.000079
232 0.000072
233 0.000065
234 0.000059
235 0.000054
236 0.000051
237 0.000047
238 0.000043
239 0.000040
240 0.000037
241 0.000034
242 0.000031
243 0.000028
244 0.000026
245 0.000024
246 0.000023
247 0.000021
248 0.000019
249 0.000018
250 0.000017
251 0.000015
252 0.000014
253 0.000013
254 0.000012
255 0.000011
256 0.000010
257 0.000009
258 0.000009
259 0.000008
260 0.000008
261 0.000007
262 0.000007
263 0.000006
264 0.000006
265 0.000005
266 0.000005
267 0.000005
268 0.000004
269 0.000004
270 0.000004
271 0.000004
272 0.000003
273 0.000003
274 0.000003
275 0.000003
276 0.000003
277 0.000002
278 0.000002
279 0.000002
280 0.000002
281 0.000002
282 0.000002
283 0.000002
284 0.000002
285 0.000002
286 0.000001
287 0.000001
288 0.000001
289 0.000001
290 0.000001
291 0.000001
292 0.000001
293 0.000001
294 0.000001
295 0.000001
296 0.000001
297 0.000001
298 0.000001
299 0.000001
300 0.000001
301 0.000001
302 0.000001
303 0.000001
304 0.000001
305 0.000001
306 0.000000
307 0.000000
308 0.000000
309 0.000000
310 0.000000
311 0.000000
312 0.000000
313 0.000000
314 0.000000
315 0.000000
316 0.000000
317 0.000000
318 0.000000
319 0.000000
320 0.000000
321 0.000000
322 0.000000
323 0.000000
324 0.000000
325 0.000000
326 0.000000
327 0.000000
328 0.000000
329 0.000000
330 0.000000
331 0.000000
332 0.000000
333 0.000000
334 0.000000
335 0.000000
336 0.000000
337 0.000000
338 0.000000
339 0.000000
340 0.000000
341 0.000000
342 0.000000
343 0.000000
344 0.000000
345 0.000000
346 0.000000
347 0.000000
348 0.000000
349 0.000000
350 0.000000
351 0.000000
352 0.000000
353 0.000000
354 0.000000
355 0.000000
356 0.000000
357 0.000000
358 0.000000
359 0.000000
360 0.000000
361 0.000000
362 0.000000
363 0.000000
364 0.000000
365 0.000000
366 0.000000
367 0.000000
368 0.000000
369 0.000000
370 0.000000
371 0.000000
372 0.000000
373 0.000000
374 0.000000
375 0.000000
376 0.000000
377 0.000000
378 0.000000
379 0.000000
380 0.000000
381 0.000000
382 0.000000
383 0.000000
384 0.000000
385 0.000000
386 0.000000
387 0.000000
388 0.000000
389 0.000000
390 0.000000
391 0.000000
392 0.000000
393 0.000000
394 0.000000
395 0.000000
396 0.000000
397 0.000000
398 0.000000
399 0.000000
400 0.000000
401 0.000000
402 0.000000
403 0.000000
404 0.000000
405 0.000000
406 0.000000
407 0.000000
408 0.000000
409 0.000000
410 0.000000
411 0.000000
412 0.000000
413 0.000000
414 0.000000
415 0.000000
416 0.000000
417 0.000000
418 0.000000
419 0.000000
420 0.000000
421 0.000000
422 0.000000
423 0.000000
424 0.000000
425 0.000000
426 0.000000
427 0.000000
428 0.000000
429 0.000000
430 0.000000
431 0.000000
432 0.000000
433 0.000000
434 0.000000
435 0.000000
436 0.000000
437 0.000000
438 0.000000
439 0.000000
440 0.000000
441 0.000000
442 0.000000
443 0.000000
444 0.000000
445 0.000000
446 0.000000
447 0.000000
448 0.000000
449 0.000000
450 0.000000
451 0.000000
452 0.000000
453 0.000000
454 0.000000
455 0.000000
456 0.000000
457 0.000000
458 0.000000
459 0.000000
460 0.000000
461 0.000000
462 0.000000
463 0.000000
464 0.000000
465 0.000000
466 0.000000
467 0.000000
468 0.000000
469 0.000000
470 0.000000
471 0.000000
472 0.000000
473 0.000000
474 0.000000
475 0.000000
476 0.000000
477 0.000000
478 0.000000
479 0.000000
480 0.000000
481 0.000000
482 0.000000
483 0.000000
484 0.000000
485 0.000000
486 0.000000
487 0.000000
488 0.000000
489 0.000000
490 0.000000
491 0.000000
492 0.000000
493 0.000000
494 0.000000
495 0.000000
496 0.000000
497 0.000000
498 0.000000
499 0.000000
500 0.000000
