1 1519894.915538
2 1766406.203734
3 2128591.366667
4 1986942.686977
5 2155167.381104
6 1800228.999426
7 1862593.999866
8 1786464.670687
9 1925358.883210
10 1613099.658515
11 1540443.663677
12 1093720.584432
13 1341261.886846
14 860062.877978
15 1354076.419615
16 1592400.648997
17 1636634.162424
18 1944746.037654
19 2559266.619991
20 1732900.864800
21 1525568.184054
22 1334213.449564
23 1027546.842539
24 1209376.297909
25 1382802.247326
26 1284189.945675
27 1146898.098085
28 1337034.820325
29 935347.777444
30 1082780.915208
31 1018565.848737
32 1190256.058510
33 1364052.029214
34 1325263.122439
35 1103512.732154
36 667413.892414
37 563738.656757
38 238651.816090
39 191457.611829
40 279716.496518
41 209176.247018
42 192392.348703
43 205136.475762
44 174168.325178
45 159275.295179
46 109536.079902
47 113435.108962
48 106037.243662
49 85594.065836
50 84173.138174
51 59549.477585
52 56917.920114
53 53494.405955
54 42322.336459
55 38099.305268
56 24445.092936
57 21332.304343
58 15358.745526
59 10567.457755
60 8785.352578
61 4304.427337
62 3731.622230
63 3592.662144
64 3122.313838
65 2651.374317
66 1652.746806
67 1755.255521
68 1631.420495
69 1363.203110
70 1055.334944
71 804.464226
72 928.289349
73 483.391837
74 410.277404
75 386.301275
76 320.155540
77 186.621577
78 139.860877
79 109.581371
80 106.071254
81 69.775687
82 44.080072
83 43.763004
84 29.969347
85 22.875629
86 16.633342
87 11.844796
88 10.986034
89 8.996193
90 8.129805
91 5.128508
92 4.467907
93 3.306621
94 1.554800
95 1.445784
96 0.992785
97 0.691470
98 0.511944
99 0.465402
100 0.359626
101 0.222775
102 0.110381
103 0.085033
104 0.088720
105 0.081705
106 0.074306
107 0.065267
108 0.060120
109 0.055046
110 0.050891
111 0.045008
112 0.037338
113 0.030917
114 0.026925
115 0.020195
116 0.014256
117 0.011016
118 0.011320
119 0.008569
120 0.008045
121 0.006902
122 0.004544
123 0.003573
124 0.003029
125 0.002535
126 0.001718
127 0.001215
128 0.000933
129 0.000766
130 0.000701
131 0.000527
132 0.000416
133 0.000343
134 0.000291
135 0.000221
136 0.000115
137 0.000095
138 0.000072
139 0.000060
140 0.000036
141 0.000022
142 0.000018
143 0.000014
144 0.000011
145 0.000006
146 0.000005
147 0.000004
148 0.000003
149 0.000002
150 0.000001
151 0.000001
152 0.000001
153 0.000001
154 0.000000
155 0.000000
156 0.000000
157 0.000000
158 0.000000
159 0.000000
160 0.000000
161 0.000000
162 0.000000
163 0.000000
164 0.000000
165 0.000000
166 0.000000
167 0.000000
168 0.000000
169 0.000000
170 0.000000
171 0.000000
172 0.000000
173 0.000000
174 0.000000
175 0.000000
176 0.000000
177 0.000000
178 0.000000
179 0.000000
180 0.000000
181 0.000000
182 0.000000
183 0.000000
184 0.000000
185 0.000000
186 0.000000
187 0.000000
188 0.000000
189 0.000000
190 0.000000
191 0.000000
192 0.000000
193 0.000000
194 0.000000
195 0.000000
196 0.000000
197 0.000000
198 0.000000
199 0.000000
200 0.000000
201 0.000000
202 0.000000
203 0.000000
204 0.000000
205 0.000000
206 0.000000
207 0.000000
208 0.000000
209 0.000000
210 0.000000
211 0.000000
212 0.000000
213 0.000000
214 0.000000
215 0.000000
216 0.000000
217 0.000000
218 0.000000
219 0.000000
220 0.000000
221 0.000000
222 0.000000
223 0.000000
224 0.000000
225 0.000000
226 0.000000
227 0.000000
228 0.000000
229 0.000000
230 0.000000
231 0.000000
232 0.000000
233 0.000000
234 0.000000
235 0.000000
236 0.000000
237 0.000000
238 0.000000
239 0.000000
240 0.000000
241 0.000000
242 0.000000
243 0.000000
244 0.000000
245 0.000000
246 0.000000
247 0.000000
248 0.000000
249 0.000000
250 0.000000
251 0.000000
252 0.000000
253 0.000000
254 0.000000
255 0.000000
256 0.000000
257 0.000000
258 0.000000
259 0.000000
260 0.000000
261 0.000000
262 0.000000
263 0.000000
264 0.000000
265 0.000000
266 0.000000
267 0.000000
268 0.000000
269 0.000000
270 0.000000
271 0.000000
272 0.000000
273 0.000000
274 0.000000
275 0.000000
276 0.000000
277 0.000000
278 0.000000
279 0.000000
280 0.000000
281 0.000000
282 0.000000
283 0.000000
284 0.000000
285 0.000000
286 0.000000
287 0.000000
288 0.000000
289 0.000000
290 0.000000
291 0.000000
292 0.000000
293 0.000000
294 0.000000
295 0.000000
296 0.000000
297 0.000000
298 0.000000
299 0.000000
300 0.000000
301 0.000000
302 0.000000
303 0.000000
304 0.000000
305 0.000000
306 0.000000
307 0.000000
308 0.000000
309 0.000000
310 0.000000
311 0.000000
312 0.000000
313 0.000000
314 0.000000
315 0.000000
316 0.000000
317 0.000000
318 0.000000
319 0.000000
320 0.000000
321 0.000000
322 0.000000
323 0.000000
324 0.000000
325 0.000000
326 0.000000
327 0.000000
328 0.000000
329 0.000000
330 0.000000
331 0.000000
332 0.000000
333 0.000000
334 0.000000
335 0.000000
336 0.000000
337 0.000000
338 0.000000
339 0.000000
340 0.000000
341 0.000000
342 0.000000
343 0.000000
344 0.000000
345 0.000000
346 0.000000
347 0.000000
348 0.000000
349 0.000000
350 0.000000
351 0.000000
352 0.000000
353 0.000000
354 0.000000
355 0.000000
356 0.000000
357 0.000000
358 0.000000
359 0.000000
360 0.000000
361 0.000000
362 0.000000
363 0.000000
364 0.000000
365 0.000000
366 0.000000
367 0.000000
368 0.000000
369 0.000000
370 0.000000
371 0.000000
372 0.000000
373 0.000000
374 0.000000
375 0.000000
376 0.000000
377 0.000000
378 0.000000
379 0.000000
380 0.000000
381 0.000000
382 0.000000
383 0.000000
384 0.000000
385 0.000000
386 0.000000
387 0.000000
388 0.000000
389 0.000000
390 0.000000
391 0.000000
392 0.000000
393 0.000000
394 0.000000
395 0.000000
396 0.000000
397 0.000000
398 0.000000
399 0.000000
400 0.000000
401 0.000000
402 0.000000
403 0.000000
404 0.000000
405 0.000000
406 0.000000
407 0.000000
408 0.000000
409 0.000000
410 0.000000
411 0.000000
412 0.000000
413 0.000000
414 0.000000
415 0.000000
416 0.000000
417 0.000000
418 0.000000
419 0.000000
420 0.000000
421 0.000000
422 0.000000
423 0.000000
424 0.000000
425 0.000000
426 0.000000
427 0.000000
428 0.000000
429 0.000000
430 0.000000
431 0.000000
432 0.000000
433 0.000000
434 0.000000
435 0.000000
436 0.000000
437 0.000000
438 0.000000
439 0.000000
440 0.000000
441 0.000000
442 0.000000
443 0.000000
444 0.000000
445 0.000000
446 0.000000
447 0.000000
448 0.000000
449 0.000000
450 0.000000
451 0.000000
452 0.000000
453 0.000000
454 0.000000
455 0.000000
456 0.000000
457 0.000000
458 0.000000
459 0.000000
460 0.000000
461 0.000000
462 0.000000
463 0.000000
464 0.000000
465 0.000000
466 0.000000
467 0.000000
468 0.000000
469 0.000000
470 0.000000
471 0.000000
472 0.000000
473 0.000000
474 0.000000
475 0.000000
476 0.000000
477 0.000000
478 0.000000
479 0.000000
480 0.000000
481 0.000000
482 0.000000
483 0.000000
484 0.000000
485 0.000000
486 0.000000
487 0.000000
488 0.000000
489 0.000000
490 0.000000
491 0.000000
492 0.000000
493 0.000000
494 0.000000
495 0.000000
496 0.000000
497 0.000000
498 0.000000
499 0.000000
500 0.000000
