1 4789166.410227
2 7915649.304327
3 6748616.123763
4 7775776.534529
5 7804860.454014
6 7825462.007235
7 8518007.824992
8 11414702.585813
9 9388743.194739
10 10966715.803581
11 14456401.530848
12 19820482.005890
13 18125579.161103
14 13637354.687308
15 17809405.632351
16 15614363.118350
17 16680916.167068
18 21594354.227510
19 18656430.016593
20 25136031.429884
21 24185740.285890
22 30846336.747353
23 33209705.089288
24 31418699.467141
25 28517949.452048
26 38802141.935484
27 25465448.756834
28 33570271.543571
29 41386899.955794
30 29429654.646531
31 29521753.772320
32 39673151.385541
33 42698392.509013
34 52461670.163382
35 43580718.953110
36 37829472.932734
37 48470606.098776
38 44768806.438342
39 51185172.057734
40 49541934.302034
41 53614823.550494
42 54531077.952370
43 45044288.123008
44 41420125.314832
45 38381612.133857
46 40189178.138815
47 45465777.057389
48 46183323.755163
49 46585522.689973
50 49390224.951841
51 30510504.999363
52 44715916.876701
53 41245877.562639
54 48634511.334933
55 44215880.668062
56 44575621.202572
57 34127593.457610
58 34617959.617556
59 30238334.189483
60 40485393.677873
61 41599540.449052
62 35772738.022548
63 40337251.304582
64 39988151.967661
65 31686600.660988
66 36437466.236937
67 42382548.026788
68 36434315.084850
69 36912832.267677
70 32088280.221026
71 34734713.229885
72 32080662.611846
73 29075790.900238
74 29207782.325067
75 26570888.683436
76 19544030.484748
77 26655827.545100
78 22300802.351733
79 20459231.434862
80 14746364.415852
81 13886717.600423
82 17804882.284326
83 16115863.901219
84 15672753.472944
85 18183600.568861
86 17175006.740658
87 15751581.595326
88 12000832.844098
89 15166118.939474
90 14776702.418268
91 13570713.281424
92 13720719.113370
93 12166762.119616
94 11715819.831333
95 11733624.799102
96 12015945.426075
97 11786217.490082
98 11304678.065393
99 10561146.130159
100 10682929.315357
101 10969190.774652
102 8364128.410258
103 8832174.786661
104 7291235.579414
105 7123521.500789
106 7559155.073556
107 6889192.599841
108 6714561.872870
109 5852759.142938
110 5633422.204326
111 4977163.125199
112 4193275.820593
113 4237796.912968
114 3177773.532858
115 2799558.301070
116 2312493.954681
117 3021606.915897
118 2817809.771859
119 2749967.625181
120 2323687.087730
121 2260289.745409
122 2037837.632798
123 1907598.526803
124 1836242.464500
125 1629791.460567
126 1531344.964087
127 1159336.611121
128 1259594.309854
129 1191738.038166
130 1220277.209307
131 1247195.698197
132 1107371.219578
133 653238.077260
134 826735.819350
135 827856.315140
136 684482.476630
137 753332.421660
138 734328.502122
139 803525.575178
140 756209.503057
141 731277.194377
142 623948.318573
143 613398.613971
144 573665.766254
145 646820.087155
146 640122.796683
147 548937.375493
148 443606.539524
149 498662.088344
150 336606.293841
151 338776.941364
152 311531.403448
153 262459.541726
154 244107.617521
155 272279.669210
156 260333.939536
157 225636.759455
158 222719.937130
159 179664.350995
160 164709.806520
161 148781.243058
162 143635.785773
163 135460.024984
164 122630.710648
165 121391.770636
166 146188.449227
167 121615.386076
168 136594.157559
169 120479.231138
170 143967.370115
171 148617.251125
172 134774.415280
173 120725.472297
174 96933.359252
175 86129.535559
176 66791.341612
177 64618.627305
178 64820.354400
179 56504.926685
180 58512.590053
181 48375.029932
182 48343.420343
183 49424.921080
184 44383.261295
185 40725.836249
186 42495.113597
187 33499.034991
188 34969.961054
189 29280.946993
190 28438.435244
191 27754.083127
192 28144.175807
193 20760.734416
194 23201.647905
195 22252.023637
196 19974.662915
197 22185.264421
198 20506.482401
199 20755.584054
200 18396.537432
201 15907.588116
202 16055.848515
203 14205.917663
204 14591.389588
205 13480.037243
206 12753.826037
207 13107.699165
208 11463.027749
209 10616.566504
210 10720.703911
211 10446.947478
212 8421.395337
213 8181.113893
214 7870.615556
215 9606.591010
216 8774.646904
217 7517.670369
218 8424.367123
219 7542.178742
220 7411.815388
221 6934.763356
222 6914.687382
223 5917.130393
224 5179.535127
225 6313.606151
226 5321.470698
227 4900.913484
228 5348.030157
229 5059.307668
230 4668.487775
231 4269.717310
232 3812.006250
233 3801.057182
234 3513.999654
235 3167.802698
236 3383.581189
237 3152.067081
238 2948.591853
239 2833.969256
240 2778.937272
241 2352.800646
242 1925.343317
243 1912.150233
244 2015.182594
245 1884.287020
246 1979.641692
247 1850.609062
248 1780.333041
249 1481.532630
250 1435.956035
251 1429.957763
252 1572.695301
253 1485.674929
254 1285.744537
255 1390.905681
256 1289.581343
257 1344.449911
258 1110.198940
259 1093.735356
260 1058.560426
261 902.042015
262 917.287289
263 868.427412
264 984.972542
265 900.992680
266 914.817405
267 878.329584
268 779.211413
269 809.162515
270 806.585365
271 870.138532
272 686.143843
273 726.572508
274 707.531945
275 664.401471
276 661.900058
277 645.817801
278 599.710487
279 603.992580
280 571.395099
281 588.384055
282 554.728914
283 552.545331
284 522.528367
285 456.927408
286 507.739121
287 486.938793
288 424.872251
289 421.767693
290 423.758688
291 388.820657
292 383.550348
293 423.408713
294 404.058807
295 421.052367
296 411.524029
297 392.119662
298 380.145356
299 356.128729
300 329.205095
301 322.028083
302 284.822514
303 278.298077
304 267.344583
305 281.207655
306 251.570907
307 263.525977
308 250.072921
309 217.381231
310 222.685697
311 214.337568
312 210.617328
313 203.616353
314 185.497034
315 173.612632
316 177.229121
317 171.028529
318 179.205787
319 181.218435
320 187.762483
321 173.960181
322 166.884448
323 167.337248
324 166.642698
325 155.978250
326 153.222099
327 146.349961
328 143.000988
329 145.035122
330 138.859321
331 135.796403
332 141.385133
333 123.968343
334 124.816147
335 118.530290
336 118.921438
337 109.926460
338 112.193051
339 108.710591
340 108.321769
341 108.983066
342 104.060820
343 102.976901
344 100.177561
345 98.597527
346 96.751438
347 93.448283
348 90.880044
349 91.657733
350 86.760524
351 81.038321
352 79.193467
353 74.399381
354 72.841733
355 70.934282
356 69.702912
357 66.976737
358 65.103100
359 64.569929
360 65.892361
361 64.982653
362 63.910063
363 62.874812
364 62.515285
365 61.711774
366 56.045635
367 57.406041
368 55.599206
369 52.402428
370 54.802898
371 54.125278
372 52.952753
373 50.344682
374 48.749103
375 47.493039
376 47.099087
377 47.072073
378 45.735299
379 45.035130
380 45.063642
381 42.370354
382 41.895425
383 41.766384
384 40.362627
385 39.489667
386 39.112516
387 39.108762
388 37.369661
389 37.130665
390 37.109281
391 35.738213
392 36.046258
393 33.575143
394 33.493183
395 32.977368
396 32.142003
397 32.932394
398 32.791625
399 31.981672
400 31.454512
401 31.357319
402 30.562302
403 29.154037
404 28.663114
405 27.910280
406 27.765131
407 27.391398
408 27.289656
409 27.100225
410 26.564176
411 26.110041
412 25.561114
413 24.456551
414 24.217903
415 24.039378
416 23.917591
417 23.668582
418 23.365354
419 22.529072
420 22.318368
421 21.968319
422 21.539256
423 21.333000
424 21.352183
425 20.928756
426 20.837756
427 20.571491
428 20.310825
429 19.640817
430 19.495239
431 19.115211
432 19.075679
433 18.543945
434 18.312681
435 18.121526
436 17.685533
437 17.317977
438 17.294869
439 17.078679
440 16.956987
441 16.611113
442 16.458166
443 16.113665
444 16.052605
445 15.891612
446 15.795206
447 15.798993
448 15.456936
449 15.249833
450 15.212787
451 14.937082
452 14.837639
453 14.730621
454 14.612065
455 14.487585
456 14.341159
457 14.167245
458 14.008431
459 13.901193
460 13.760459
461 13.505018
462 13.463770
463 13.400108
464 13.090049
465 13.041491
466 12.899177
467 12.721503
468 12.683407
469 12.594876
470 12.504756
471 12.377583
472 12.309231
473 12.178710
474 12.113874
475 12.034483
476 11.929418
477 11.839823
478 11.697944
479 11.687917
480 11.610185
481 11.564913
482 11.475089
483 11.416280
484 11.373259
485 11.313251
486 11.252038
487 11.215883
488 11.158745
489 11.095313
490 11.053452
491 11.026304
492 10.973311
493 10.951464
494 10.903755
495 10.888696
496 10.863617
497 10.849345
498 10.833326
499 10.821703
500 10.817466
