162 0.043605
163 0.037325
164 0.032779
165 0.028814
166 0.025064
167 0.022595
168 0.019466
169 0.017319
170 0.014916
171 0.013408
172 0.012141
173 0.011073
174 0.009538
175 0.008358
176 0.007427
177 0.006721
178 0.005929
179 0.005392
180 0.004785
181 0.004369
182 0.003988
183 0.003612
184 0.002985
185 0.002916
186 0.002493
187 0.002245
188 0.002074
189 0.001830
190 0.001654
191 0.001453
192 0.001369
193 0.001216
194 0.001120
195 0.001000
196 0.000920
197 0.000814
198 0.000743
199 0.000674
200 0.000580
201 0.000536
202 0.000489
203 0.000444
204 0.000400
205 0.000361
206 0.000337
207 0.000313
208 0.000286
209 0.000258
210 0.000237
211 0.000219
212 0.000203
213 0.000187
214 0.000171
215 0.000155
216 0.000141
217 0.000132
218 0.000123
219 0.000116
220 0.000105
221 0.000099
222 0.000093
223 0.000086
224 0.000078
225 0.000073
226 0.000067
227 0.000062
228 0.000056
229 0.000052
230 0.000047
231 0.000043
232 0.000040
233 0.000037
234 0.000034
235 0.000031
236 0.000029
237 0.000027
238 0.000025
239 0.000023
240 0.000022
241 0.000020
242 0.000019
243 0.000018
244 0.000016
245 0.000015
246 0.000014
247 0.000013
248 0.000012
249 0.000011
250 0.000010
251 0.000010
252 0.000009
253 0.000008
254 0.000008
255 0.000007
256 0.000007
257 0.000006
258 0.000006
259 0.000006
260 0.000005
261 0.000005
262 0.000005
263 0.000004
264 0.000004
265 0.000004
266 0.000004
267 0.000003
268 0.000003
269 0.000003
270 0.000003
271 0.000003
272 0.000003
273 0.000002
274 0.000002
275 0.000002
276 0.000002
277 0.000002
278 0.000002
279 0.000002
280 0.000002
281 0.000001
282 0.000001
283 0.000001
284 0.000001
285 0.000001
286 0.000001
287 0.000001
288 0.000001
289 0.000001
290 0.000001
291 0.000001
292 0.000001
293 0.000001
294 0.000001
295 0.000001
296 0.000001
297 0.000001
298 0.000001
299 0.000001
300 0.000001
301 0.000001
302 0.000000
303 0.000000
304 0.000000
305 0.000000
306 0.000000
307 0.000000
308 0.000000
309 0.000000
310 0.000000
311 0.000000
312 0.000000
313 0.000000
314 0.000000
315 0.000000
316 0.000000
317 0.000000
318 0.000000
319 0.000000
320 0.000000
321 0.000000
322 0.000000
323 0.000000
324 0.000000
325 0.000000
326 0.000000
327 0.000000
328 0.000000
329 0.000000
330 0.000000
331 0.000000
332 0.000000
333 0.000000
334 0.000000
335 0.000000
336 0.000000
337 0.000000
338 0.000000
339 0.000000
340 0.000000
341 0.000000
342 0.000000
343 0.000000
344 0.000000
345 0.000000
346 0.000000
347 0.000000
348 0.000000
349 0.000000
350 0.000000
351 0.000000
352 0.000000
353 0.000000
354 0.000000
355 0.000000
356 0.000000
357 0.000000
358 0.000000
359 0.000000
360 0.000000
361 0.000000
362 0.000000
363 0.000000
364 0.000000
365 0.000000
366 0.000000
367 0.000000
368 0.000000
369 0.000000
370 0.000000
371 0.000000
372 0.000000
373 0.000000
374 0.000000
375 0.000000
376 0.000000
377 0.000000
378 0.000000
379 0.000000
380 0.000000
381 0.000000
382 0.000000
383 0.000000
384 0.000000
385 0.000000
386 0.000000
387 0.000000
388 0.000000
389 0.000000
390 0.000000
391 0.000000
392 0.000000
393 0.000000
394 0.000000
395 0.000000
396 0.000000
397 0.000000
398 0.000000
399 0.000000
400 0.000000
401 0.000000
402 0.000000
403 0.000000
404 0.000000
405 0.000000
406 0.000000
407 0.000000
408 0.000000
409 0.000000
410 0.000000
411 0.000000
412 0.000000
413 0.000000
414 0.000000
415 0.000000
416 0.000000
417 0.000000
418 0.000000
419 0.000000
420 0.000000
421 0.000000
422 0.000000
423 0.000000
424 0.000000
425 0.000000
426 0.000000
427 0.000000
428 0.000000
429 0.000000
430 0.000000
431 0.000000
432 0.000000
433 0.000000
434 0.000000
435 0.000000
436 0.000000
437 0.000000
438 0.000000
439 0.000000
440 0.000000
441 0.000000
442 0.000000
443 0.000000
444 0.000000
445 0.000000
446 0.000000
447 0.000000
448 0.000000
449 0.000000
450 0.000000
451 0.000000
452 0.000000
453 0.000000
454 0.000000
455 0.000000
456 0.000000
457 0.000000
458 0.000000
459 0.000000
460 0.000000
461 0.000000
462 0.000000
463 0.000000
464 0.000000
465 0.000000
466 0.000000
467 0.000000
468 0.000000
469 0.000000
470 0.000000
471 0.000000
472 0.000000
473 0.000000
474 0.000000
475 0.000000
476 0.000000
477 0.000000
478 0.000000
479 0.000000
480 0.000000
481 0.000000
482 0.000000
483 0.000000
484 0.000000
485 0.000000
486 0.000000
487 0.000000
488 0.000000
489 0.000000
490 0.000000
491 0.000000
492 0.000000
493 0.000000
494 0.000000
495 0.000000
496 0.000000
497 0.000000
498 0.000000
499 0.000000
500 0.000000
