1 5521620.014988
2 5046908.990367
3 7721193.178883
4 8788676.394752
5 8401721.223395
6 12091589.303955
7 11905232.922543
8 14412106.974527
9 12976865.958054
10 11477517.323371
11 15306604.354532
12 16394671.761244
13 10641913.391833
14 17934669.039243
15 15080709.848364
16 19594901.334370
17 19666905.212544
18 17281867.965291
19 20826117.691561
20 19612629.151953
21 28669619.316758
22 26246495.304999
23 30066361.370419
24 32618363.988693
25 33156412.615489
26 34239223.169847
27 32200663.248000
28 33347107.501610
29 38645808.526640
30 37293440.917637
31 41239603.458553
32 27020482.177000
33 29996280.450909
34 42401955.041840
35 42658857.448043
36 43873191.071011
37 43798801.027550
38 56973205.865766
39 48264206.499601
40 43088132.307854
41 37393203.721180
42 40952279.723000
43 40047104.129657
44 35862426.037900
45 52294825.096421
46 35726474.847957
47 30425602.233721
48 38300054.994495
49 52433394.135589
50 35852864.946544
51 32823822.726848
52 42859233.744796
53 29031872.907472
54 34323212.553001
55 33959215.322811
56 33250700.067572
57 40891682.663241
58 38392828.532571
59 35599591.911071
60 28825122.319368
61 31333287.960102
62 26149824.167862
63 28124245.956830
64 35099976.063678
65 24662885.776074
66 28554717.341114
67 23946857.293794
68 23926864.255619
69 25029135.689614
70 20365614.812975
71 22671929.087966
72 19858963.800276
73 22273342.874250
74 15646696.889005
75 16727393.142247
76 13238069.219489
77 14757944.210117
78 10936950.778058
79 8434001.686843
80 7347922.931393
81 13005768.527786
82 10868194.410289
83 15941129.642368
84 15997917.980745
85 13064136.133965
86 13041698.311671
87 13516202.859697
88 11216473.215921
89 9054708.689851
90 10306922.169545
91 9922074.419323
92 10924996.097413
93 5760164.072812
94 5347931.344530
95 7494918.477827
96 7539452.726073
97 7440699.719266
98 7348477.869525
99 6464309.983247
100 6545955.991657
101 5886484.945320
102 5778765.748733
103 5746724.891445
104 4135017.979170
105 4834222.193499
106 4568442.150568
107 4567883.781362
108 3493189.707575
109 3850308.569274
110 3572817.871077
111 3589087.971770
112 3274190.910023
113 3477320.820909
114 3220250.363717
115 2751660.775202
116 2718834.571218
117 2152595.312235
118 2118693.727924
119 1555481.396155
120 1484744.702109
121 1465652.986346
122 1167036.399259
123 1135853.189411
124 1034014.397315
125 733616.821951
126 928684.649583
127 694513.555851
128 841857.666329
129 843602.727916
130 773793.471642
131 811973.243984
132 726854.542692
133 733405.332364
134 645688.196776
135 632604.802601
136 564697.918477
137 375618.410521
138 430217.448610
139 417952.721022
140 364039.334779
141 374293.811015
142 321385.179000
143 363755.473055
144 280906.281597
145 325592.782407
146 217851.900781
147 231762.962329
148 202577.670726
149 189408.917845
150 201300.888240
151 153073.852090
152 157342.959790
153 169914.332654
154 147398.803476
155 148483.485759
156 125099.616148
157 85462.893500
158 110640.045688
159 116692.837199
160 86967.590986
161 94796.196288
162 98425.089889
163 90794.379871
164 86936.445334
165 82545.308672
166 81143.156937
167 79369.071364
168 65241.298266
169 66684.100973
170 61707.231605
171 60556.605305
172 64036.406518
173 59947.828951
174 49642.839008
175 47670.992769
176 44175.210648
177 39871.044973
178 42150.329686
179 35791.577122
180 34773.926771
181 31762.001765
182 28994.451002
183 29255.259681
184 28093.090662
185 28584.553349
186 24974.839681
187 20953.667683
188 19709.268625
189 16433.136483
190 15712.640616
191 16200.307571
192 14164.375375
193 14079.055867
194 12802.060893
195 11352.844027
196 10370.028162
197 11650.589634
198 12698.774151
199 11842.692266
200 11267.458466
201 10026.771299
202 9959.542522
203 9026.468306
204 7506.861846
205 7820.941421
206 7355.393290
207 7237.754210
208 7519.643481
209 8292.656895
210 6981.727378
211 7687.928219
212 6658.107040
213 6841.825977
214 6045.271008
215 5218.567013
216 5663.110255
217 5174.909766
218 5139.071495
219 4142.386756
220 4453.574530
221 4547.696442
222 4100.200028
223 3601.191990
224 3768.366075
225 3146.560740
226 3123.186911
227 2751.164625
228 2723.571418
229 2538.187558
230 2240.944333
231 2361.846728
232 2469.004058
233 2189.712315
234 2365.506413
235 2237.336443
236 1912.943995
237 2105.309070
238 1755.887787
239 1875.421096
240 1766.272178
241 1622.991126
242 1694.856443
243 1638.211294
244 1585.275642
245 1518.122485
246 1418.442408
247 1218.695719
248 1273.599967
249 1179.889296
250 1187.552258
251 1081.434658
252 920.039570
253 909.657223
254 920.199432
255 978.821388
256 884.413054
257 852.483234
258 784.511454
259 903.500378
260 860.189738
261 730.802625
262 747.996896
263 708.028211
264 666.175726
265 652.354172
266 621.556143
267 620.045230
268 610.548827
269 625.089054
270 564.395917
271 490.038053
272 549.925203
273 515.156461
274 544.111738
275 504.001230
276 464.418241
277 475.620084
278 439.512575
279 418.110211
280 384.390585
281 379.884784
282 388.996460
283 417.394987
284 385.868829
285 353.599625
286 353.163707
287 349.934379
288 347.371480
289 362.972120
290 339.661678
291 285.125698
292 295.773908
293 267.031909
294 275.115863
295 271.869348
296 220.490157
297 227.844083
298 222.803808
299 220.723667
300 210.492106
301 200.022284
302 198.539108
303 203.052828
304 193.633453
305 189.642256
306 166.746120
307 173.638999
308 169.081808
309 161.795053
310 162.960462
311 172.389281
312 156.964029
313 150.619906
314 141.169446
315 134.584844
316 129.344402
317 127.009398
318 129.726039
319 132.112790
320 131.794814
321 122.203060
322 114.422393
323 107.372814
324 109.333502
325 100.712949
326 93.124728
327 97.469513
328 84.397592
329 87.158607
330 87.035179
331 90.077770
332 83.514935
333 79.750040
334 80.453205
335 80.029072
336 77.967990
337 75.867662
338 76.284837
339 71.234115
340 68.795245
341 70.709426
342 69.813781
343 71.587131
344 70.732784
345 68.909977
346 67.030232
347 63.562103
348 62.991317
349 61.724145
350 59.951744
351 60.021134
352 55.791438
353 56.539964
354 56.139063
355 53.048487
356 49.801501
357 51.321333
358 49.626144
359 49.211595
360 48.983176
361 45.132830
362 45.179115
363 45.309706
364 44.528520
365 44.468899
366 43.402886
367 42.926883
368 40.499854
369 36.785561
370 36.442424
371 37.627194
372 36.456771
373 35.034796
374 34.076695
375 34.976105
376 33.025827
377 31.420367
378 30.323238
379 30.722869
380 30.488073
381 29.129749
382 30.319581
383 29.505998
384 29.561401
385 28.393403
386 29.606051
387 27.563573
388 27.384574
389 27.573121
390 26.968002
391 25.751041
392 25.821232
393 25.283393
394 24.939349
395 24.104295
396 23.454867
397 22.693435
398 22.248493
399 22.317821
400 21.045677
401 20.509694
402 20.401461
403 20.252194
404 19.811895
405 19.864871
406 19.665905
407 19.155421
408 18.698239
409 18.071192
410 18.057272
411 17.678099
412 17.706333
413 17.352797
414 16.708521
415 16.558000
416 16.075727
417 15.767070
418 15.575523
419 15.310711
420 15.265771
421 14.557642
422 14.179374
423 14.085701
424 14.006795
425 13.827661
426 13.723824
427 13.545763
428 13.183326
429 12.989934
430 12.552418
431 12.458667
432 12.191055
433 11.905783
434 11.889445
435 11.756172
436 11.532028
437 11.421361
438 11.202282
439 11.112505
440 11.021087
441 10.838522
442 10.823833
443 10.648479
444 10.553941
445 10.366903
446 10.199603
447 10.057927
448 9.922348
449 9.903126
450 9.760594
451 9.646177
452 9.526464
453 9.415755
454 9.200561
455 9.116703
456 9.006174
457 8.963954
458 8.772923
459 8.715392
460 8.655090
461 8.610294
462 8.541663
463 8.458987
464 8.355660
465 8.251069
466 8.185162
467 8.085705
468 8.000226
469 7.996830
470 7.953283
471 7.831968
472 7.789269
473 7.702988
474 7.639909
475 7.587680
476 7.513690
477 7.456605
478 7.424275
479 7.374123
480 7.368883
481 7.312275
482 7.262053
483 7.237736
484 7.190620
485 7.165223
486 7.112518
487 7.080498
488 7.050644
489 7.019028
490 6.985798
491 6.961391
492 6.941632
493 6.915726
494 6.897603
495 6.878021
496 6.868979
497 6.856466
498 6.849042
499 6.842112
500 6.838853
