1 4608821.265267
2 12408714.052375
3 22752873.158265
4 25050166.725370
5 33463849.192590
6 112982960.987443
7 149872596.253816
8 156651317.033233
9 137789592.599594
10 65484207.658107
11 107912921.179672
12 209694860.855112
13 325926451.633426
14 359257233.572461
15 605060586.672343
16 742875777.525233
17 1315019404.291013
18 1757068841.472739
19 2614652544.104075
20 3012116284.115160
21 3025475286.168470
22 2960577142.735709
23 4861011957.589141
24 5006854137.092182
25 6529228735.489551
26 6814383384.379762
27 9843408646.254950
28 5855822813.548288
29 14685071649.160046
30 13204062056.505222
31 16771305958.381104
32 28866522840.204224
33 24165992646.599655
34 39213387623.023415
35 55690015152.866867
36 67980797039.187103
37 98496371357.724579
38 144763911465.231934
39 165272286122.248871
40 248801426401.091339
41 237356771828.723755
42 435644785133.244568
43 392500198530.984497
44 353719799246.564453
45 890313189846.642212
46 724975967266.049194
47 936978019715.867065
48 1074912641069.796631
49 1194661435180.160645
50 1872398224568.483154
51 2392931780270.107422
52 2048503672248.870605
53 1345625449123.874268
54 1796526611706.645752
55 3077510055905.393066
56 2901587117652.422363
57 5712717785704.981445
58 7169118411136.707031
59 6717861800528.335938
60 6957385046789.442383
61 7339687605430.562500
62 9888993193533.777344
63 8466000827871.796875
64 9869593565541.685547
65 15864742094980.082031
66 19633823185334.062500
67 18049205828464.253906
68 17391763532075.968750
69 40373438097685.562500
70 57355764577440.976562
71 63552759724628.921875
72 58521836483188.929688
73 51612818946154.117188
74 46286514074258.398438
75 80217697557947.468750
76 60279956174643.187500
77 72209652651138.125000
78 105517456564329.656250
79 109263015215917.046875
80 110907065612591.687500
81 83961108942298.937500
82 109895655804096.515625
83 135319740729124.828125
84 132744649330749.968750
85 112981654619074.921875
86 119795112099063.171875
87 146057448673178.187500
88 136195162253574.468750
89 120951875258863.000000
90 148832677715103.093750
91 108811706560445.750000
92 116403016437894.250000
93 206555774440915.312500
94 118328674630112.015625
95 143632039239022.843750
96 110165618798603.781250
97 82119599673303.500000
98 114519252017107.125000
99 176923682673339.906250
100 178885948767792.031250
101 144302910299968.406250
102 94102437478021.750000
103 123164938135618.031250
104 163540062176186.843750
105 144698316355904.750000
106 158621519867329.718750
107 84072475900148.859375
108 106695280508843.671875
109 90269897120928.031250
110 131485643094209.359375
111 122203403240442.875000
112 97163618004738.437500
113 78842917439052.593750
114 91015280293797.078125
115 80698361595578.203125
116 93755867482868.984375
117 75852109810296.750000
118 82517738197040.828125
119 63627920914877.453125
120 81487162181459.484375
121 51178493403420.960938
122 34760673253243.257812
123 55929504848236.859375
124 54903361247018.250000
125 37505111915389.507812
126 39696160756605.265625
127 38359807461281.039062
128 32663452976704.089844
129 20641265826302.476562
130 31089664626213.273438
131 21250726913892.617188
132 16509191960406.658203
133 17601971917808.078125
134 10700506091593.673828
135 9763644410573.126953
136 12514953081688.529297
137 10467468451853.332031
138 7449834490845.276367
139 4253499115475.749512
140 3105882518530.004883
141 3044848850975.952148
142 3524874590533.439941
143 3115183536672.293457
144 1986668450695.217529
145 855978606883.491089
146 705313125259.288696
147 664578989205.961670
148 817756671830.756104
149 510707139956.296936
150 332195538271.879089
151 291631060438.864929
152 354816652525.005615
153 239730879503.621826
154 187152693408.585358
155 227916514467.434357
156 125922180794.532059
157 100448071362.556519
158 65498298807.446915
159 40899898749.463028
160 34394644271.446930
161 26067706579.509632
162 29379208629.019367
163 19573210755.913078
164 17837188336.840652
165 11089593675.723717
166 12628406397.525394
167 9304566629.546715
168 7752041312.784594
169 5945338375.313427
170 3898214828.742391
171 3078552434.420001
172 2089131962.446788
173 2400145753.972024
174 2055614967.333581
175 1304766333.744937
176 1189396572.465588
177 795050563.702534
178 654415779.696268
179 365590024.316785
180 350826845.738850
181 214443076.033624
182 144371003.857026
183 105891455.730927
184 74570855.247840
185 69783891.277156
186 37154076.327033
187 33978583.310080
188 21871900.673029
189 15178892.707939
190 12220000.785760
191 7666878.170220
192 4863268.657911
193 3820591.715754
194 3651967.005029
195 2026226.524517
196 1491753.344810
197 1590348.545892
198 948401.510986
199 630543.363755
200 367554.271550
201 353447.013283
202 375176.604106
203 238431.010181
204 213845.391238
205 111167.197998
206 85630.041335
207 50498.025169
208 40665.421255
209 27547.860521
210 19370.363046
211 11879.857032
212 12782.485406
213 11935.438443
214 6028.409268
215 5533.837141
216 3258.558742
217 2277.855220
218 1456.027460
219 1345.902415
220 942.280464
221 590.478480
222 264.516640
223 261.588631
224 137.682675
225 122.924545
226 82.859239
227 54.284015
228 34.166665
229 18.736293
230 14.010398
231 9.485935
232 5.165789
233 2.756665
234 2.144477
235 1.350983
236 0.730827
237 0.330536
238 0.290739
239 0.172523
240 0.091396
241 0.055357
242 0.036377
243 0.027156
244 0.016748
245 0.011245
246 0.008696
247 0.004015
248 0.002151
249 0.001686
250 0.001066
251 0.000737
252 0.000509
253 0.000269
254 0.000167
255 0.000115
256 0.000071
257 0.000042
258 0.000027
259 0.000012
260 0.000010
261 0.000005
262 0.000004
263 0.000003
264 0.000001
265 0.000001
266 0.000001
267 0.000000
268 0.000000
269 0.000000
270 0.000000
271 0.000000
272 0.000000
273 0.000000
274 0.000000
275 0.000000
276 0.000000
277 0.000000
278 0.000000
279 0.000000
280 0.000000
281 0.000000
282 0.000000
283 0.000000
284 0.000000
285 0.000000
286 0.000000
287 0.000000
288 0.000000
289 0.000000
290 0.000000
291 0.000000
292 0.000000
293 0.000000
294 0.000000
295 0.000000
296 0.000000
297 0.000000
298 0.000000
299 0.000000
300 0.000000
301 0.000000
302 0.000000
303 0.000000
304 0.000000
305 0.000000
306 0.000000
307 0.000000
308 0.000000
309 0.000000
310 0.000000
311 0.000000
312 0.000000
313 0.000000
314 0.000000
315 0.000000
316 0.000000
317 0.000000
318 0.000000
319 0.000000
320 0.000000
321 0.000000
322 0.000000
323 0.000000
324 0.000000
325 0.000000
326 0.000000
327 0.000000
328 0.000000
329 0.000000
330 0.000000
331 0.000000
332 0.000000
333 0.000000
334 0.000000
335 0.000000
336 0.000000
337 0.000000
338 0.000000
339 0.000000
340 0.000000
341 0.000000
342 0.000000
343 0.000000
344 0.000000
345 0.000000
346 0.000000
347 0.000000
348 0.000000
349 0.000000
350 0.000000
351 0.000000
352 0.000000
353 0.000000
354 0.000000
355 0.000000
356 0.000000
357 0.000000
358 0.000000
359 0.000000
360 0.000000
361 0.000000
362 0.000000
363 0.000000
364 0.000000
365 0.000000
366 0.000000
367 0.000000
368 0.000000
369 0.000000
370 0.000000
371 0.000000
372 0.000000
373 0.000000
374 0.000000
375 0.000000
376 0.000000
377 0.000000
378 0.000000
379 0.000000
380 0.000000
381 0.000000
382 0.000000
383 0.000000
384 0.000000
385 0.000000
386 0.000000
387 0.000000
388 0.000000
389 0.000000
390 0.000000
391 0.000000
392 0.000000
393 0.000000
394 0.000000
395 0.000000
396 0.000000
397 0.000000
398 0.000000
399 0.000000
400 0.000000
401 0.000000
402 0.000000
403 0.000000
404 0.000000
405 0.000000
406 0.000000
407 0.000000
408 0.000000
409 0.000000
410 0.000000
411 0.000000
412 0.000000
413 0.000000
414 0.000000
415 0.000000
416 0.000000
417 0.000000
418 0.000000
419 0.000000
420 0.000000
421 0.000000
422 0.000000
423 0.000000
424 0.000000
425 0.000000
426 0.000000
427 0.000000
428 0.000000
429 0.000000
430 0.000000
431 0.000000
432 0.000000
433 0.000000
434 0.000000
435 0.000000
436 0.000000
437 0.000000
438 0.000000
439 0.000000
440 0.000000
441 0.000000
442 0.000000
443 0.000000
444 0.000000
445 0.000000
446 0.000000
447 0.000000
448 0.000000
449 0.000000
450 0.000000
451 0.000000
452 0.000000
453 0.000000
454 0.000000
455 0.000000
456 0.000000
457 0.000000
458 0.000000
459 0.000000
460 0.000000
461 0.000000
462 0.000000
463 0.000000
464 0.000000
465 0.000000
466 0.000000
467 0.000000
468 0.000000
469 0.000000
470 0.000000
471 0.000000
472 0.000000
473 0.000000
474 0.000000
475 0.000000
476 0.000000
477 0.000000
478 0.000000
479 0.000000
480 0.000000
481 0.000000
482 0.000000
483 0.000000
484 0.000000
485 0.000000
486 0.000000
487 0.000000
488 0.000000
489 0.000000
490 0.000000
491 0.000000
492 0.000000
493 0.000000
494 0.000000
495 0.000000
496 0.000000
497 0.000000
498 0.000000
499 0.000000
500 0.000000
