1 3911190.262529
2 8376457.112253
3 24766669.682743
4 35833634.795606
5 53911548.362922
6 72456711.864060
7 107632486.927324
8 272794633.604040
9 337926067.217012
10 438120282.383555
11 901207034.099345
12 1106749952.865813
13 1591817427.339296
14 2226406454.183483
15 1608460028.344671
16 2608858194.273513
17 2920039323.270542
18 5277342926.426864
19 2767296856.713655
20 6807578167.164257
21 5199365653.888425
22 7731812586.240798
23 11712530727.386765
24 10025869100.807638
25 11387773179.274864
26 22261673513.278919
27 20999587123.330936
28 29464188341.280201
29 29612872060.396626
30 21656308992.117565
31 41123373742.491600
32 67076163738.392967
33 60710024492.388069
34 103045397555.856720
35 101123411522.490952
36 125682125319.354263
37 73596982045.052109
38 46774174930.902367
39 109960721312.766785
40 172218573310.309845
41 280719058027.210144
42 208024180634.710327
43 224637715152.491638
44 375530100944.585938
45 417894322381.352661
46 744153717164.498169
47 703301400522.472290
48 980592735081.066284
49 654785942865.153320
50 884542232879.088257
51 1040858839327.621338
52 1495648623290.749023
53 1785287632409.728271
54 2326545066644.109863
55 2548957801027.312988
56 3433481202509.111328
57 2555490328149.893555
58 2731880808465.443848
59 5923726447625.316406
60 6136586122085.485352
61 6531087913268.540039
62 4118133028654.972656
63 6469318597989.743164
64 7591709137181.293945
65 9812703403821.818359
66 15955157581431.501953
67 15537171423034.869141
68 18782826779805.015625
69 18367194192420.609375
70 24614168314883.828125
71 30446149494321.792969
72 24169864441957.722656
73 31524382349114.507812
74 27838359149219.941406
75 32373770615615.226562
76 24504318465362.632812
77 33100088395244.648438
78 22770959770740.921875
79 26134378143399.121094
80 25305820756363.933594
81 36345372999988.890625
82 22033857548883.281250
83 25986933079996.128906
84 31670422630790.488281
85 48608797386146.937500
86 44010523343052.460938
87 28460238493158.414062
88 37100174170597.023438
89 31918852151284.816406
90 50831949575696.960938
91 39112862779681.656250
92 42655728526498.484375
93 69791623267616.484375
94 60141848742667.601562
95 43600279526221.648438
96 50367892342270.882812
97 50062317659531.171875
98 53792098078099.703125
99 56978259472676.859375
100 66848948077603.546875
101 98708200482876.828125
102 116501330627619.453125
103 127824158980154.046875
104 101671746114365.078125
105 87586955555817.812500
106 76350152110169.390625
107 82748473254172.140625
108 50247158374103.125000
109 78711421435586.406250
110 64648585619434.531250
111 54028019851168.468750
112 51187189406204.296875
113 31388799633329.750000
114 26963131520178.863281
115 25246339381484.875000
116 32044549764168.347656
117 28587099760003.261719
118 35028404054050.562500
119 37794822170635.421875
120 34227030595187.257812
121 33591946471281.128906
122 41211278193966.023438
123 24032736391788.625000
124 23048814431023.824219
125 25139757445374.480469
126 17828835425595.796875
127 12765320309798.320312
128 10644578811830.621094
129 9820049498432.656250
130 10443625374081.005859
131 10245956007385.052734
132 9598268800606.980469
133 6565887342270.215820
134 5611634318427.477539
135 5323676260800.408203
136 6563786784339.465820
137 4032453342552.568359
138 4410996514647.871094
139 4184838246594.244629
140 4654297575623.403320
141 3684397849649.249023
142 3485802375987.110352
143 2629529683748.248047
144 2121481471506.074219
145 1710156151275.840820
146 916139875437.373169
147 1250163471079.073486
148 1096113099278.174683
149 737370343278.891846
150 732372164723.069824
151 603131065151.078857
152 555088656452.783813
153 551368804615.661987
154 535728731983.544800
155 307769403856.648804
156 346424575219.135925
157 274399379450.632782
158 138610068939.582123
159 74877695900.034546
160 70179560315.902557
161 53151036282.304466
162 45140821781.986511
163 45397297927.778397
164 23336842436.055580
165 19752399273.456108
166 16862196667.794765
167 15692445583.013201
168 8743563960.791475
169 7141231631.777352
170 5292267746.484651
171 4461059788.350318
172 3257554788.382614
173 2248353155.001148
174 1983999029.075218
175 1675639170.362790
176 1384527702.499481
177 1049269037.674871
178 816538798.091064
179 627043229.735037
180 543380682.667903
181 376845169.160771
182 275072699.658917
183 128845924.199200
184 201854773.107147
185 156760408.403641
186 129699107.869639
187 95951148.385181
188 87449558.165607
189 65238862.935409
190 36208164.351071
191 26735695.615990
192 21761506.813970
193 15553953.383578
194 6831912.110010
195 7551568.003554
196 4250192.059899
197 3429974.852492
198 2786923.153776
199 1678686.028572
200 1443549.471977
201 976041.253933
202 530702.495261
203 505119.644504
204 351052.806858
205 269432.746607
206 139476.239694
207 76920.850009
208 63638.315117
209 37981.927578
210 24822.518732
211 19187.725328
212 12397.322139
213 13605.541975
214 8044.986595
215 3584.692736
216 2660.184010
217 2211.807362
218 2009.953391
219 1504.220729
220 1041.710300
221 646.964452
222 401.937755
223 259.210362
224 198.847260
225 133.330857
226 85.430386
227 41.597031
228 42.562586
229 32.289290
230 18.036913
231 12.505631
232 9.696838
233 6.762134
234 4.128275
235 2.663957
236 1.455992
237 0.858396
238 0.563405
239 0.387609
240 0.312777
241 0.120835
242 0.137055
243 0.086706
244 0.044211
245 0.023118
246 0.016763
247 0.009334
248 0.005776
249 0.003241
250 0.002072
251 0.001047
252 0.000674
253 0.000481
254 0.000349
255 0.000213
256 0.000118
257 0.000068
258 0.000046
259 0.000026
260 0.000020
261 0.000014
262 0.000009
263 0.000005
264 0.000003
265 0.000002
266 0.000001
267 0.000001
268 0.000000
269 0.000000
270 0.000000
271 0.000000
272 0.000000
273 0.000000
274 0.000000
275 0.000000
276 0.000000
277 0.000000
278 0.000000
279 0.000000
280 0.000000
281 0.000000
282 0.000000
283 0.000000
284 0.000000
285 0.000000
286 0.000000
287 0.000000
288 0.000000
289 0.000000
290 0.000000
291 0.000000
292 0.000000
293 0.000000
294 0.000000
295 0.000000
296 0.000000
297 0.000000
298 0.000000
299 0.000000
300 0.000000
301 0.000000
302 0.000000
303 0.000000
304 0.000000
305 0.000000
306 0.000000
307 0.000000
308 0.000000
309 0.000000
310 0.000000
311 0.000000
312 0.000000
313 0.000000
314 0.000000
315 0.000000
316 0.000000
317 0.000000
318 0.000000
319 0.000000
320 0.000000
321 0.000000
322 0.000000
323 0.000000
324 0.000000
325 0.000000
326 0.000000
327 0.000000
328 0.000000
329 0.000000
330 0.000000
331 0.000000
332 0.000000
333 0.000000
334 0.000000
335 0.000000
336 0.000000
337 0.000000
338 0.000000
339 0.000000
340 0.000000
341 0.000000
342 0.000000
343 0.000000
344 0.000000
345 0.000000
346 0.000000
347 0.000000
348 0.000000
349 0.000000
350 0.000000
351 0.000000
352 0.000000
353 0.000000
354 0.000000
355 0.000000
356 0.000000
357 0.000000
358 0.000000
359 0.000000
360 0.000000
361 0.000000
362 0.000000
363 0.000000
364 0.000000
365 0.000000
366 0.000000
367 0.000000
368 0.000000
369 0.000000
370 0.000000
371 0.000000
372 0.000000
373 0.000000
374 0.000000
375 0.000000
376 0.000000
377 0.000000
378 0.000000
379 0.000000
380 0.000000
381 0.000000
382 0.000000
383 0.000000
384 0.000000
385 0.000000
386 0.000000
387 0.000000
388 0.000000
389 0.000000
390 0.000000
391 0.000000
392 0.000000
393 0.000000
394 0.000000
395 0.000000
396 0.000000
397 0.000000
398 0.000000
399 0.000000
400 0.000000
401 0.000000
402 0.000000
403 0.000000
404 0.000000
405 0.000000
406 0.000000
407 0.000000
408 0.000000
409 0.000000
410 0.000000
411 0.000000
412 0.000000
413 0.000000
414 0.000000
415 0.000000
416 0.000000
417 0.000000
418 0.000000
419 0.000000
420 0.000000
421 0.000000
422 0.000000
423 0.000000
424 0.000000
425 0.000000
426 0.000000
427 0.000000
428 0.000000
429 0.000000
430 0.000000
431 0.000000
432 0.000000
433 0.000000
434 0.000000
435 0.000000
436 0.000000
437 0.000000
438 0.000000
439 0.000000
440 0.000000
441 0.000000
442 0.000000
443 0.000000
444 0.000000
445 0.000000
446 0.000000
447 0.000000
448 0.000000
449 0.000000
450 0.000000
451 0.000000
452 0.000000
453 0.000000
454 0.000000
455 0.000000
456 0.000000
457 0.000000
458 0.000000
459 0.000000
460 0.000000
461 0.000000
462 0.000000
463 0.000000
464 0.000000
465 0.000000
466 0.000000
467 0.000000
468 0.000000
469 0.000000
470 0.000000
471 0.000000
472 0.000000
473 0.000000
474 0.000000
475 0.000000
476 0.000000
477 0.000000
478 0.000000
479 0.000000
480 0.000000
481 0.000000
482 0.000000
483 0.000000
484 0.000000
485 0.000000
486 0.000000
487 0.000000
488 0.000000
489 0.000000
490 0.000000
491 0.000000
492 0.000000
493 0.000000
494 0.000000
495 0.000000
496 0.000000
497 0.000000
498 0.000000
499 0.000000
500 0.000000
