1 714556.233887
2 624618.460493
3 650275.370543
4 689673.008713
5 641313.946954
6 685805.395641
7 632075.844916
8 572189.166669
9 548503.701322
10 539796.448369
11 463173.858154
12 455385.940250
13 391962.689996
14 362855.332865
15 306229.339393
16 298176.373960
17 263974.657054
18 263185.737816
19 241416.796177
20 223573.155558
21 196243.045618
22 166665.101869
23 157138.287043
24 130927.287327
25 121413.387917
26 109660.949992
27 99278.954889
28 79527.539010
29 71223.102729
30 67970.355891
31 56567.754671
32 49588.719441
33 41216.068392
34 35829.703713
35 30848.140275
36 26448.593689
37 23030.037472
38 20274.374832
39 16619.344714
40 14369.817988
41 13514.374033
42 11158.087222
43 10271.854973
44 10176.146098
45 8254.214712
46 8042.382177
47 7311.450301
48 6061.576817
49 5120.219390
50 4985.302683
51 4047.312802
52 3335.149424
53 2910.730313
54 2427.868841
55 1999.260003
56 1682.707325
57 1453.700191
58 1259.649744
59 1043.697213
60 935.149942
61 795.353407
62 610.382684
63 516.750358
64 424.163387
65 345.182155
66 297.284501
67 248.101453
68 210.008244
69 179.666378
70 153.715280
71 132.766714
72 105.365891
73 86.108326
74 70.232898
75 57.677699
76 48.615727
77 42.172721
78 35.455367
79 29.284929
80 26.109418
81 22.668736
82 19.270583
83 16.491096
84 13.680436
85 11.183701
86 10.197487
87 9.071136
88 7.970604
89 6.627180
90 5.562266
91 4.594996
92 3.946893
93 3.243864
94 2.641761
95 2.274150
96 1.808653
97 1.395474
98 1.327361
99 1.071381
100 0.857590
101 0.685584
102 0.546540
103 0.494343
104 0.390466
105 0.338822
106 0.291930
107 0.239916
108 0.219143
109 0.166047
110 0.134011
111 0.121949
112 0.096931
113 0.084870
114 0.071033
115 0.060772
116 0.049940
117 0.041174
118 0.034606
119 0.028316
120 0.023735
121 0.019860
122 0.016212
123 0.014156
124 0.012084
125 0.009616
126 0.008287
127 0.006165
128 0.005254
129 0.004510
130 0.003812
131 0.003433
132 0.002879
133 0.002507
134 0.001992
135 0.001786
136 0.001535
137 0.001270
138 0.001038
139 0.000836
140 0.000720
141 0.000600
142 0.000501
143 0.000422
144 0.000366
145 0.000310
146 0.000260
147 0.000218
148 0.000186
149 0.000160
150 0.000132
151 0.000113
152 0.000099
153 0.000080
154 0.000071
155 0.000059
156 0.000048
157 0.000039
158 0.000035
159 0.000028
160 0.000024
161 0.000019
162 0.000017
163 0.000014
164 0.000012
165 0.000010
166 0.000008
167 0.000007
168 0.000007
169 0.000006
170 0.000005
171 0.000004
172 0.000004
173 0.000003
174 0.000003
175 0.000002
176 0.000002
177 0.000002
178 0.000001
179 0.000001
180 0.000001
181 0.000001
182 0.000001
183 0.000001
184 0.000001
185 0.000001
186 0.000000
187 0.000000
188 0.000000
189 0.000000
190 0.000000
191 0.000000
192 0.000000
193 0.000000
194 0.000000
195 0.000000
196 0.000000
197 0.000000
198 0.000000
199 0.000000
200 0.000000
201 0.000000
202 0.000000
203 0.000000
204 0.000000
205 0.000000
206 0.000000
207 0.000000
208 0.000000
209 0.000000
210 0.000000
211 0.000000
212 0.000000
213 0.000000
214 0.000000
215 0.000000
216 0.000000
217 0.000000
218 0.000000
219 0.000000
220 0.000000
221 0.000000
222 0.000000
223 0.000000
224 0.000000
225 0.000000
226 0.000000
227 0.000000
228 0.000000
229 0.000000
230 0.000000
231 0.000000
232 0.000000
233 0.000000
234 0.000000
235 0.000000
236 0.000000
237 0.000000
238 0.000000
239 0.000000
240 0.000000
241 0.000000
242 0.000000
243 0.000000
244 0.000000
245 0.000000
246 0.000000
247 0.000000
248 0.000000
249 0.000000
250 0.000000
251 0.000000
252 0.000000
253 0.000000
254 0.000000
255 0.000000
256 0.000000
257 0.000000
258 0.000000
259 0.000000
260 0.000000
261 0.000000
262 0.000000
263 0.000000
264 0.000000
265 0.000000
266 0.000000
267 0.000000
268 0.000000
269 0.000000
270 0.000000
271 0.000000
272 0.000000
273 0.000000
274 0.000000
275 0.000000
276 0.000000
277 0.000000
278 0.000000
279 0.000000
280 0.000000
281 0.000000
282 0.000000
283 0.000000
284 0.000000
285 0.000000
286 0.000000
287 0.000000
288 0.000000
289 0.000000
290 0.000000
291 0.000000
292 0.000000
293 0.000000
294 0.000000
295 0.000000
296 0.000000
297 0.000000
298 0.000000
299 0.000000
300 0.000000
301 0.000000
302 0.000000
303 0.000000
304 0.000000
305 0.000000
306 0.000000
307 0.000000
308 0.000000
309 0.000000
310 0.000000
311 0.000000
312 0.000000
313 0.000000
314 0.000000
315 0.000000
316 0.000000
317 0.000000
318 0.000000
319 0.000000
320 0.000000
321 0.000000
322 0.000000
323 0.000000
324 0.000000
325 0.000000
326 0.000000
327 0.000000
328 0.000000
329 0.000000
330 0.000000
331 0.000000
332 0.000000
333 0.000000
334 0.000000
335 0.000000
336 0.000000
337 0.000000
338 0.000000
339 0.000000
340 0.000000
341 0.000000
342 0.000000
343 0.000000
344 0.000000
345 0.000000
346 0.000000
347 0.000000
348 0.000000
349 0.000000
350 0.000000
351 0.000000
352 0.000000
353 0.000000
354 0.000000
355 0.000000
356 0.000000
357 0.000000
358 0.000000
359 0.000000
360 0.000000
361 0.000000
362 0.000000
363 0.000000
364 0.000000
365 0.000000
366 0.000000
367 0.000000
368 0.000000
369 0.000000
370 0.000000
371 0.000000
372 0.000000
373 0.000000
374 0.000000
375 0.000000
376 0.000000
377 0.000000
378 0.000000
379 0.000000
380 0.000000
381 0.000000
382 0.000000
383 0.000000
384 0.000000
385 0.000000
386 0.000000
387 0.000000
388 0.000000
389 0.000000
390 0.000000
391 0.000000
392 0.000000
393 0.000000
394 0.000000
395 0.000000
396 0.000000
397 0.000000
398 0.000000
399 0.000000
400 0.000000
401 0.000000
402 0.000000
403 0.000000
404 0.000000
405 0.000000
406 0.000000
407 0.000000
408 0.000000
409 0.000000
410 0.000000
411 0.000000
412 0.000000
413 0.000000
414 0.000000
415 0.000000
416 0.000000
417 0.000000
418 0.000000
419 0.000000
420 0.000000
421 0.000000
422 0.000000
423 0.000000
424 0.000000
425 0.000000
426 0.000000
427 0.000000
428 0.000000
429 0.000000
430 0.000000
431 0.000000
432 0.000000
433 0.000000
434 0.000000
435 0.000000
436 0.000000
437 0.000000
438 0.000000
439 0.000000
440 0.000000
441 0.000000
442 0.000000
443 0.000000
444 0.000000
445 0.000000
446 0.000000
447 0.000000
448 0.000000
449 0.000000
450 0.000000
451 0.000000
452 0.000000
453 0.000000
454 0.000000
455 0.000000
456 0.000000
457 0.000000
458 0.000000
459 0.000000
460 0.000000
461 0.000000
462 0.000000
463 0.000000
464 0.000000
465 0.000000
466 0.000000
467 0.000000
468 0.000000
469 0.000000
470 0.000000
471 0.000000
472 0.000000
473 0.000000
474 0.000000
475 0.000000
476 0.000000
477 0.000000
478 0.000000
479 0.000000
480 0.000000
481 0.000000
482 0.000000
483 0.000000
484 0.000000
485 0.000000
486 0.000000
487 0.000000
488 0.000000
489 0.000000
490 0.000000
491 0.000000
492 0.000000
493 0.000000
494 0.000000
495 0.000000
496 0.000000
497 0.000000
498 0.000000
499 0.000000
500 0.000000
1 708250.709076
2 738269.233639
3 793821.496843
4 789718.514981
5 738207.072498
6 695106.927376
7 663634.145556
8 643952.930759
9 574839.732128
10 545342.632301
11 484018.615578
12 419731.482791
13 381663.791771
14 335831.799311
15 311556.574820
16 291663.452078
17 288067.686156
18 241505.198102
19 225825.093093
20 181781.298110
21 170108.269099
22 148448.024580
23 152343.316536
24 149379.999125
25 137126.475669
26 108743.805937
27 103168.176766
28 92533.577046
29 80121.893048
30 69604.536433
31 62135.284015
32 53708.465787
33 48492.625997
34 43855.518220
35 36013.597071
36 32157.466686
37 28494.239155
38 23603.474444
39 21420.186558
40 16966.239518
41 15939.075980
42 13671.719821
43 11590.070005
44 9490.685862
45 9282.307950
46 7836.956375
47 7217.524574
48 5921.572775
49 5302.126663
50 4667.025323
51 3758.020188
52 3397.289146
53 2842.620696
54 2246.360953
55 1976.737389
56 1722.239614
57 1540.551619
58 1376.176347
59 1082.790046
60 883.519484
61 813.728835
62 682.114891
63 555.328783
64 477.804931
65 404.344922
66 338.049728
67 309.386067
68 246.319384
69 213.803373
70 181.547517
71 157.728424
72 140.061116
73 119.506940
74 90.890264
75 82.340850
76 66.553719
77 56.104931
78 47.347689
79 41.925259
80 33.924753
81 26.735705
82 23.149328
83 19.347322
84 17.145615
85 13.854205
86 11.105103
87 9.706827
88 7.992378
89 6.479797
90 5.251766
91 4.280135
92 3.468729
93 2.927883
94 2.290635
95 2.085822
96 1.742439
97 1.494645
98 1.226797
99 1.047021
100 0.865451
101 0.710610
102 0.560245
103 0.442448
104 0.358362
105 0.296257
106 0.228103
107 0.182248
108 0.170608
109 0.148303
110 0.125023
111 0.105790
112 0.087943
113 0.079308
114 0.068125
115 0.060680
116 0.050975
117 0.043509
118 0.036843
119 0.031731
120 0.025202
121 0.023558
122 0.019166
123 0.015957
124 0.013493
125 0.010490
126 0.010150
127 0.007135
128 0.006302
129 0.005683
130 0.004513
131 0.003871
132 0.003279
133 0.002723
134 0.002396
135 0.002124
136 0.001811
137 0.001468
138 0.001275
139 0.001042
140 0.000838
141 0.000687
142 0.000587
143 0.000557
144 0.000449
145 0.000394
146 0.000323
147 0.000285
148 0.000232
149 0.000197
150 0.000159
151 0.000139
152 0.000124
153 0.000111
154 0.000092
155 0.000077
156 0.000064
157 0.000058
158 0.000050
159 0.000042
160 0.000035
161 0.000029
162 0.000024
163 0.000021
164 0.000018
165 0.000015
166 0.000013
167 0.000012
168 0.000010
169 0.000008
170 0.000007
171 0.000006
172 0.000005
173 0.000004
174 0.000003
175 0.000003
176 0.000003
177 0.000002
178 0.000002
179 0.000002
180 0.000001
181 0.000001
182 0.000001
183 0.000001
184 0.000001
185 0.000001
186 0.000001
187 0.000001
188 0.000000
189 0.000000
190 0.000000
191 0.000000
192 0.000000
193 0.000000
194 0.000000
195 0.000000
196 0.000000
197 0.000000
198 0.000000
199 0.000000
200 0.000000
201 0.000000
202 0.000000
203 0.000000
204 0.000000
205 0.000000
206 0.000000
207 0.000000
208 0.000000
209 0.000000
210 0.000000
211 0.000000
212 0.000000
213 0.000000
214 0.000000
215 0.000000
216 0.000000
217 0.000000
218 0.000000
219 0.000000
220 0.000000
221 0.000000
222 0.000000
223 0.000000
224 0.000000
225 0.000000
226 0.000000
227 0.000000
228 0.000000
229 0.000000
230 0.000000
231 0.000000
232 0.000000
233 0.000000
234 0.000000
235 0.000000
236 0.000000
237 0.000000
238 0.000000
239 0.000000
240 0.000000
241 0.000000
242 0.000000
243 0.000000
244 0.000000
245 0.000000
246 0.000000
247 0.000000
248 0.000000
249 0.000000
250 0.000000
251 0.000000
252 0.000000
253 0.000000
254 0.000000
255 0.000000
256 0.000000
257 0.000000
258 0.000000
259 0.000000
260 0.000000
261 0.000000
262 0.000000
263 0.000000
264 0.000000
265 0.000000
266 0.000000
267 0.000000
268 0.000000
269 0.000000
270 0.000000
271 0.000000
272 0.000000
273 0.000000
274 0.000000
275 0.000000
276 0.000000
277 0.000000
278 0.000000
279 0.000000
280 0.000000
281 0.000000
282 0.000000
283 0.000000
284 0.000000
285 0.000000
286 0.000000
287 0.000000
288 0.000000
289 0.000000
290 0.000000
291 0.000000
292 0.000000
293 0.000000
294 0.000000
295 0.000000
296 0.000000
297 0.000000
298 0.000000
299 0.000000
300 0.000000
301 0.000000
302 0.000000
303 0.000000
304 0.000000
305 0.000000
306 0.000000
307 0.000000
308 0.000000
309 0.000000
310 0.000000
311 0.000000
312 0.000000
313 0.000000
314 0.000000
315 0.000000
316 0.000000
317 0.000000
318 0.000000
319 0.000000
320 0.000000
321 0.000000
322 0.000000
323 0.000000
324 0.000000
325 0.000000
326 0.000000
327 0.000000
328 0.000000
329 0.000000
330 0.000000
331 0.000000
332 0.000000
333 0.000000
334 0.000000
335 0.000000
336 0.000000
337 0.000000
338 0.000000
339 0.000000
340 0.000000
341 0.000000
342 0.000000
343 0.000000
344 0.000000
345 0.000000
346 0.000000
347 0.000000
348 0.000000
349 0.000000
350 0.000000
351 0.000000
352 0.000000
353 0.000000
354 0.000000
355 0.000000
356 0.000000
357 0.000000
358 0.000000
359 0.000000
360 0.000000
361 0.000000
362 0.000000
363 0.000000
364 0.000000
365 0.000000
366 0.000000
367 0.000000
368 0.000000
369 0.000000
370 0.000000
371 0.000000
372 0.000000
373 0.000000
374 0.000000
375 0.000000
376 0.000000
377 0.000000
378 0.000000
379 0.000000
380 0.000000
381 0.000000
382 0.000000
383 0.000000
384 0.000000
385 0.000000
386 0.000000
387 0.000000
388 0.000000
389 0.000000
390 0.000000
391 0.000000
392 0.000000
393 0.000000
394 0.000000
395 0.000000
396 0.000000
397 0.000000
398 0.000000
399 0.000000
400 0.000000
401 0.000000
402 0.000000
403 0.000000
404 0.000000
405 0.000000
406 0.000000
407 0.000000
408 0.000000
409 0.000000
410 0.000000
411 0.000000
412 0.000000
413 0.000000
414 0.000000
415 0.000000
416 0.000000
417 0.000000
418 0.000000
419 0.000000
420 0.000000
421 0.000000
422 0.000000
423 0.000000
424 0.000000
425 0.000000
426 0.000000
427 0.000000
428 0.000000
429 0.000000
430 0.000000
431 0.000000
432 0.000000
433 0.000000
434 0.000000
435 0.000000
436 0.000000
437 0.000000
438 0.000000
439 0.000000
440 0.000000
441 0.000000
442 0.000000
443 0.000000
444 0.000000
445 0.000000
446 0.000000
447 0.000000
448 0.000000
449 0.000000
450 0.000000
451 0.000000
452 0.000000
453 0.000000
454 0.000000
455 0.000000
456 0.000000
457 0.000000
458 0.000000
459 0.000000
460 0.000000
461 0.000000
462 0.000000
463 0.000000
464 0.000000
465 0.000000
466 0.000000
467 0.000000
468 0.000000
469 0.000000
470 0.000000
471 0.000000
472 0.000000
473 0.000000
474 0.000000
475 0.000000
476 0.000000
477 0.000000
478 0.000000
479 0.000000
480 0.000000
481 0.000000
482 0.000000
483 0.000000
484 0.000000
485 0.000000
486 0.000000
487 0.000000
488 0.000000
489 0.000000
490 0.000000
491 0.000000
492 0.000000
493 0.000000
494 0.000000
495 0.000000
496 0.000000
497 0.000000
498 0.000000
499 0.000000
500 0.000000
