1 4698308.868118
2 5703102.247865
3 5292466.757977
4 7603301.802373
5 5606325.261541
6 8626049.586985
7 6299879.651361
8 7331798.394264
9 10767977.071435
10 11826917.341273
11 10243096.539415
12 8808632.724219
13 15158776.697244
14 15737744.256043
15 19406224.566528
16 15602408.875376
17 17857093.145017
18 20021904.567645
19 16926067.498742
20 22137442.032248
21 18935536.973692
22 26015919.069269
23 21073047.713080
24 27699310.369035
25 27765548.226983
26 38011659.367647
27 26187823.938911
28 30732096.328009
29 37228735.910160
30 37488997.122624
31 39907719.248988
32 37789903.000915
33 51642859.433368
34 41573730.632520
35 33220364.571501
36 44941718.405295
37 44738934.951481
38 62126352.151140
39 42659472.352480
40 54400793.761372
41 53603501.870859
42 52900776.896153
43 58380227.069695
44 67009552.709951
45 62539466.629168
46 57319169.628907
47 56064066.708200
48 72871090.358350
49 73217287.638889
50 80277620.420374
51 59203834.408670
52 77618464.911982
53 53392182.400351
54 60052029.155618
55 57439891.775591
56 60862397.720666
57 60867546.719278
58 50702542.416561
59 37989401.860331
60 48397074.700089
61 35239645.739080
62 32133474.807318
63 31362498.428965
64 35901584.594753
65 18625122.274039
66 24082119.008749
67 18259693.609722
68 19846588.516311
69 25707347.003374
70 20565849.076664
71 14954315.098631
72 14703214.675368
73 13786469.135530
74 17394396.659273
75 21028263.929613
76 18825275.299711
77 16330306.921868
78 18170549.036771
79 17180324.909272
80 19929112.567755
81 18162186.352022
82 12814233.863392
83 15200844.262227
84 13466441.388707
85 15510204.609180
86 17153336.995231
87 12102128.648900
88 16366965.415229
89 13595826.076673
90 11925493.294186
91 12567669.789318
92 10526136.699981
93 10162332.708549
94 6775624.764458
95 6411900.936905
96 7909679.955421
97 6590426.893815
98 5815198.532838
99 6307594.466357
100 6831404.002052
101 5743053.587587
102 6759014.611222
103 7308507.707108
104 7236167.998443
105 7153056.991949
106 5609708.699345
107 5795311.726972
108 4931720.704270
109 4986971.486168
110 4436318.231779
111 3329870.562599
112 3698228.947190
113 4420253.607652
114 3579048.651882
115 3440285.560763
116 3146176.575635
117 3244974.364140
118 3475153.726058
119 2541211.201441
120 2779595.806590
121 2573982.136282
122 2622295.856940
123 2612568.763007
124 1914377.443465
125 1751328.291779
126 1556593.763666
127 1860198.409868
128 1570622.724244
129 1457665.249104
130 1809348.157496
131 1514896.333315
132 1540152.616342
133 1536425.901189
134 1264564.516266
135 1122542.149986
136 1259591.691401
137 986284.816209
138 947685.634961
139 1020186.145910
140 878417.859717
141 831890.543574
142 824599.582499
143 869843.381193
144 860224.597035
145 823222.978290
146 772517.560388
147 592267.232441
148 533845.958526
149 563935.929443
150 525512.905338
151 466114.224213
152 448597.718270
153 442223.331868
154 428815.222833
155 483247.592748
156 442092.131206
157 375185.361333
158 380591.203347
159 344677.868022
160 280031.685347
161 290874.985557
162 270774.836343
163 230437.507243
164 202734.629646
165 188065.687779
166 191658.450754
167 181229.523046
168 162227.445398
169 159019.595808
170 153364.273614
171 139889.401078
172 116825.526686
173 122663.200919
174 118415.240001
175 126260.992595
176 109305.180131
177 75171.427715
178 102090.008113
179 100929.430510
180 80631.456701
181 96165.734995
182 95901.642066
183 80119.183724
184 72437.302865
185 85052.891167
186 81632.502059
187 89833.593668
188 73871.553345
189 94774.782011
190 77106.945281
191 62750.669095
192 71456.300145
193 67400.646004
194 67820.658616
195 56030.945999
196 63675.599706
197 54694.028781
198 48812.955513
199 47744.537352
200 47671.446432
201 27880.609304
202 28780.137484
203 37269.740216
204 33332.505964
205 26670.127934
206 28497.679807
207 27629.529448
208 23626.418054
209 27119.263817
210 26480.067069
211 23109.785450
212 23648.516689
213 22759.951109
214 20571.085335
215 15455.409181
216 19801.235187
217 18511.765095
218 18368.674171
219 16694.932233
220 19009.849575
221 18117.085603
222 11904.926692
223 15309.911797
224 14267.406538
225 13869.781588
226 14301.082033
227 13224.894482
228 10989.844099
229 12170.901448
230 12577.281436
231 11836.310791
232 9934.912834
233 10042.031681
234 10271.389472
235 10128.559754
236 10814.662401
237 10169.302562
238 8089.490429
239 8486.620060
240 7423.701079
241 6378.977530
242 7848.556285
243 7225.362606
244 7694.806625
245 6648.586313
246 6137.449585
247 5675.968860
248 4827.963659
249 5350.597377
250 5228.481318
251 5009.693438
252 4455.844279
253 4399.662707
254 4194.166326
255 4261.564004
256 4147.169168
257 3603.937136
258 3560.733379
259 3416.524975
260 3562.674822
261 3259.846059
262 3255.168510
263 3026.098385
264 2873.330293
265 2901.841855
266 2716.003171
267 2709.458591
268 3011.673044
269 2680.042514
270 2929.576820
271 2674.772406
272 2653.762120
273 2609.552257
274 2541.142039
275 2222.719703
276 1973.709455
277 1805.844851
278 1716.216260
279 1766.728360
280 1685.665156
281 1691.529653
282 1763.217816
283 1820.626947
284 1791.277702
285 1737.058169
286 1618.208922
287 1646.499556
288 1591.745053
289 1632.804537
290 1508.635650
291 1553.016986
292 1447.302805
293 1374.539342
294 1482.959931
295 1389.132093
296 1268.243279
297 1244.036211
298 1217.717845
299 1147.807114
300 1210.554198
301 1077.266902
302 1074.020898
303 959.522926
304 1047.304102
305 976.862523
306 933.658182
307 930.334984
308 893.226586
309 833.312702
310 850.952691
311 833.802568
312 817.068560
313 753.669392
314 786.089896
315 678.924683
316 737.529097
317 722.984013
318 612.826289
319 638.001938
320 678.749030
321 681.516362
322 617.337527
323 644.747730
324 616.626855
325 608.193121
326 601.279118
327 589.204194
328 560.479930
329 560.856775
330 569.232422
331 558.679732
332 538.001029
333 535.795228
334 498.851786
335 468.856811
336 438.700270
337 445.222448
338 428.416912
339 428.329214
340 413.743307
341 393.622749
342 404.574592
343 405.574420
344 410.495910
345 374.066949
346 376.684423
347 374.686740
348 359.141763
349 342.864404
350 365.344152
351 368.174287
352 345.706063
353 344.376982
354 328.046864
355 299.566322
356 294.714104
357 273.609829
358 288.745365
359 285.800981
360 294.834446
361 265.425277
362 274.466541
363 269.067684
364 267.069342
365 245.101808
366 241.731328
367 239.085172
368 231.647167
369 225.285800
370 223.461257
371 212.051983
372 220.936048
373 216.300031
374 215.887857
375 205.814079
376 207.154828
377 198.252548
378 197.798846
379 191.641849
380 184.867856
381 184.419369
382 185.412290
383 177.732327
384 169.351938
385 169.767309
386 172.245081
387 169.619562
388 153.888899
389 157.614608
390 150.695135
391 150.952296
392 142.760688
393 144.775935
394 145.112330
395 141.655456
396 140.398478
397 143.171439
398 139.454018
399 132.864649
400 131.659494
401 126.719769
402 128.412752
403 125.809227
404 117.352708
405 118.263705
406 117.443809
407 115.228651
408 113.578755
409 111.854485
410 108.138266
411 107.011295
412 107.223187
413 105.429825
414 104.688083
415 103.435138
416 101.773328
417 96.579194
418 97.393073
419 93.897402
420 90.293303
421 92.636448
422 91.408892
423 90.192140
424 89.190030
425 88.172631
426 87.907214
427 85.417549
428 85.226511
429 84.447345
430 82.024387
431 80.448341
432 79.889154
433 79.156126
434 77.122145
435 76.916776
436 75.216106
437 73.733836
438 73.593620
439 72.413128
440 70.757032
441 70.889979
442 69.128679
443 68.743308
444 68.184529
445 67.971541
446 66.487519
447 64.905263
448 64.609632
449 64.323923
450 63.755551
451 62.888007
452 62.273570
453 61.850509
454 60.903269
455 60.759646
456 60.268501
457 59.260128
458 58.319024
459 57.735644
460 57.043661
461 56.751834
462 56.216171
463 55.431813
464 55.003230
465 54.519590
466 54.028767
467 53.783696
468 53.490673
469 53.066747
470 52.664487
471 52.376687
472 51.900609
473 51.819514
474 51.351094
475 50.920716
476 50.693044
477 50.249480
478 50.066492
479 49.579187
480 49.522834
481 49.154477
482 48.933302
483 48.541285
484 48.314123
485 48.032758
486 47.850161
487 47.503064
488 47.362518
489 47.202066
490 46.991642
491 46.825031
492 46.691168
493 46.572090
494 46.382990
495 46.308005
496 46.226057
497 46.158398
498 46.101975
499 46.064206
500 46.040217
