1 20855536.692124
2 47154385.483767
3 74340197.394900
4 154520444.697150
5 366881137.827162
6 305250222.657513
7 465787966.777329
8 959513569.213050
9 1974474119.148093
10 1919214974.787417
11 3151500589.876070
12 3689704667.575894
13 9974787296.128073
14 14190457023.094524
15 26020606253.402924
16 36224040334.789703
17 79812363432.512527
18 137909540352.068939
19 286510016718.859985
20 331014739736.791016
21 662271127646.960449
22 474212043758.891296
23 627561422008.135254
24 1032316820126.066895
25 1865872431941.803223
26 2006857795178.563477
27 2305974724770.808105
28 4477653163841.846680
29 7688843255290.509766
30 11935032773835.078125
31 7917480186923.730469
32 14992829067639.173828
33 12504562022880.880859
34 27395852058749.777344
35 41434320051228.187500
36 41232543236062.906250
37 49287639051817.234375
38 59949008879101.531250
39 49275983073608.203125
40 83505938215945.593750
41 61304229298456.273438
42 146305215709641.531250
43 210082964752260.750000
44 104476425183962.718750
45 193641706983701.375000
46 315458649507147.687500
47 378577414520740.125000
48 574801050199812.500000
49 653648276076263.750000
50 834235964527427.125000
51 1016171909949117.250000
52 1663523132700869.750000
53 1739554426416370.750000
54 2387030044222890.500000
55 2636859036952825.500000
56 3740202497589985.000000
57 4281937801229210.000000
58 5073854001717412.000000
59 6064174876297189.000000
60 9836708704150798.000000
61 9799473626511810.000000
62 12196299965031270.000000
63 10975272350678904.000000
64 12259354990967866.000000
65 18965478715317628.000000
66 31852566668087544.000000
67 25426687944879024.000000
68 28029972410900584.000000
69 32754431813084112.000000
70 40245444609412032.000000
71 54263536213203024.000000
72 59352664882125128.000000
73 85618795272975600.000000
74 80989658399138208.000000
75 53380729773884096.000000
76 39200525223789000.000000
77 60068749379153680.000000
78 74523681971632016.000000
79 51998570836641720.000000
80 66291925464020880.000000
81 101623807508963024.000000
82 85282024574077888.000000
83 52238874198436584.000000
84 59677549556825920.000000
85 57355189822909936.000000
86 77266228022636512.000000
87 66441301413341520.000000
88 70582389154217248.000000
89 69738245505566648.000000
90 67265294538595624.000000
91 118029175883066032.000000
92 76800748578635040.000000
93 83207349645622608.000000
94 77077987572287440.000000
95 72713268034741984.000000
96 66362156037409816.000000
97 72766570222267392.000000
98 87536660434637888.000000
99 71807007419402784.000000
100 77158632964698688.000000
101 122645628690449872.000000
102 78215571372330288.000000
103 86106868865537104.000000
104 99063071448833552.000000
105 88313712270542752.000000
106 90493764587650624.000000
107 125321535634563792.000000
108 118040215208523072.000000
109 151322975630600992.000000
110 112769054606030976.000000
111 89051260822137584.000000
112 99621644915621536.000000
113 83215560149898288.000000
114 89817483267351984.000000
115 87122461077682400.000000
116 75475549185036944.000000
117 101022095821786352.000000
118 97067953948286176.000000
119 84720630676547104.000000
120 70463432220556648.000000
121 75309402841031632.000000
122 64245357327363144.000000
123 76359464605785136.000000
124 74594432885624384.000000
125 69393253386067928.000000
126 48744208089201504.000000
127 48776014354903912.000000
128 37621840017054416.000000
129 14083329192935578.000000
130 21962703809601312.000000
131 21050829521532320.000000
132 23266435090040888.000000
133 17392422038973574.000000
134 18667888832771528.000000
135 18287132921184092.000000
136 16711798720152048.000000
137 15690013615095850.000000
138 11461584134075004.000000
139 10071935311359644.000000
140 5561922282012467.000000
141 5391190103188326.000000
142 6838325879316398.000000
143 5286203029379650.000000
144 5370346206712272.000000
145 4650669118116003.000000
146 3598499778768411.000000
147 2763670354787284.500000
148 2967085871488500.000000
149 2769233580831048.500000
150 2036630819739185.500000
151 2031969218521145.500000
152 1667008539141024.000000
153 1163316109277658.000000
154 819105004401085.625000
155 490265937095873.875000
156 489774704753076.625000
157 404711182892720.375000
158 384355475407728.312500
159 320905263487868.875000
160 363722048223470.375000
161 160082600552513.406250
162 180051977239185.562500
163 135687049325464.437500
164 90342451488174.437500
165 71717758360923.093750
166 61211961133362.289062
167 41479702797744.734375
168 28911642410302.156250
169 28090836984489.402344
170 18476968887175.058594
171 15007390292835.744141
172 11288918730442.777344
173 4592407053847.215820
174 6147264742254.739258
175 5411119339619.005859
176 4110511674036.545410
177 3539830920480.707520
178 2904754887457.026367
179 1883123275112.805664
180 1873651768961.883789
181 817810137848.733398
182 548806391201.367554
183 487491224894.291809
184 421068097384.186401
185 248786992720.342163
186 221106567095.899689
187 145773380024.974670
188 129045662059.206024
189 129355898112.944336
190 72854690239.935379
191 57690132002.933235
192 41091865860.039566
193 32411151441.041126
194 24232707332.002857
195 20124904861.553299
196 12948551925.880732
197 7883474713.427364
198 6062617275.733449
199 4181388656.585566
200 3102195482.729831
201 2397428000.721496
202 1274077681.696564
203 1121335710.223334
204 838492697.155008
205 530490379.572000
206 406594815.959924
207 320815419.922386
208 196102599.646741
209 123949762.979059
210 98259761.557192
211 61735416.097855
212 46024995.653066
213 25739425.647522
214 17543058.837479
215 20548853.737106
216 11957652.422542
217 9395474.719629
218 6541776.756314
219 3658379.119284
220 3534180.796450
221 2860517.763971
222 2293235.332061
223 1570591.036317
224 1326538.134639
225 608261.899828
226 410004.075547
227 297419.034604
228 209390.683357
229 161064.605426
230 138896.851461
231 109318.781847
232 72793.122034
233 34256.420635
234 28451.343743
235 18386.358129
236 8783.257663
237 6050.731413
238 3442.851750
239 2194.220486
240 1752.638888
241 1343.978958
242 1130.788526
243 617.033055
244 583.365318
245 425.294205
246 237.043804
247 153.314601
248 92.997173
249 62.661049
250 20.847914
251 13.971239
252 10.235972
253 6.773898
254 4.340943
255 2.803376
256 1.244389
257 0.800181
258 0.559202
259 0.318032
260 0.168174
261 0.132652
262 0.073372
263 0.042755
264 0.027622
265 0.015507
266 0.010889
267 0.006525
268 0.003855
269 0.002448
270 0.001119
271 0.000715
272 0.000352
273 0.000287
274 0.000186
275 0.000098
276 0.000061
277 0.000034
278 0.000021
279 0.000014
280 0.000008
281 0.000005
282 0.000003
283 0.000002
284 0.000001
285 0.000001
286 0.000001
287 0.000000
288 0.000000
289 0.000000
290 0.000000
291 0.000000
292 0.000000
293 0.000000
294 0.000000
295 0.000000
296 0.000000
297 0.000000
298 0.000000
299 0.000000
300 0.000000
301 0.000000
302 0.000000
303 0.000000
304 0.000000
305 0.000000
306 0.000000
307 0.000000
308 0.000000
309 0.000000
310 0.000000
311 0.000000
312 0.000000
313 0.000000
314 0.000000
315 0.000000
316 0.000000
317 0.000000
318 0.000000
319 0.000000
320 0.000000
321 0.000000
322 0.000000
323 0.000000
324 0.000000
325 0.000000
326 0.000000
327 0.000000
328 0.000000
329 0.000000
330 0.000000
331 0.000000
332 0.000000
333 0.000000
334 0.000000
335 0.000000
336 0.000000
337 0.000000
338 0.000000
339 0.000000
340 0.000000
341 0.000000
342 0.000000
343 0.000000
344 0.000000
345 0.000000
346 0.000000
347 0.000000
348 0.000000
349 0.000000
350 0.000000
351 0.000000
352 0.000000
353 0.000000
354 0.000000
355 0.000000
356 0.000000
357 0.000000
358 0.000000
359 0.000000
360 0.000000
361 0.000000
362 0.000000
363 0.000000
364 0.000000
365 0.000000
366 0.000000
367 0.000000
368 0.000000
369 0.000000
370 0.000000
371 0.000000
372 0.000000
373 0.000000
374 0.000000
375 0.000000
376 0.000000
377 0.000000
378 0.000000
379 0.000000
380 0.000000
381 0.000000
382 0.000000
383 0.000000
384 0.000000
385 0.000000
386 0.000000
387 0.000000
388 0.000000
389 0.000000
390 0.000000
391 0.000000
392 0.000000
393 0.000000
394 0.000000
395 0.000000
396 0.000000
397 0.000000
398 0.000000
399 0.000000
400 0.000000
401 0.000000
402 0.000000
403 0.000000
404 0.000000
405 0.000000
406 0.000000
407 0.000000
408 0.000000
409 0.000000
410 0.000000
411 0.000000
412 0.000000
413 0.000000
414 0.000000
415 0.000000
416 0.000000
417 0.000000
418 0.000000
419 0.000000
420 0.000000
421 0.000000
422 0.000000
423 0.000000
424 0.000000
425 0.000000
426 0.000000
427 0.000000
428 0.000000
429 0.000000
430 0.000000
431 0.000000
432 0.000000
433 0.000000
434 0.000000
435 0.000000
436 0.000000
437 0.000000
438 0.000000
439 0.000000
440 0.000000
441 0.000000
442 0.000000
443 0.000000
444 0.000000
445 0.000000
446 0.000000
447 0.000000
448 0.000000
449 0.000000
450 0.000000
451 0.000000
452 0.000000
453 0.000000
454 0.000000
455 0.000000
456 0.000000
457 0.000000
458 0.000000
459 0.000000
460 0.000000
461 0.000000
462 0.000000
463 0.000000
464 0.000000
465 0.000000
466 0.000000
467 0.000000
468 0.000000
469 0.000000
470 0.000000
471 0.000000
472 0.000000
473 0.000000
474 0.000000
475 0.000000
476 0.000000
477 0.000000
478 0.000000
479 0.000000
480 0.000000
481 0.000000
482 0.000000
483 0.000000
484 0.000000
485 0.000000
486 0.000000
487 0.000000
488 0.000000
489 0.000000
490 0.000000
491 0.000000
492 0.000000
493 0.000000
494 0.000000
495 0.000000
496 0.000000
497 0.000000
498 0.000000
499 0.000000
500 0.000000
