1 1000000000000000019884624838656.000000
2 1000000000000000019884624838656.000000
3 1000000000000000019884624838656.000000
4 1000000000000000019884624838656.000000
5 644.098570
6 644.098570
7 644.098570
8 644.098570
9 644.098570
10 704.236148
11 704.236148
12 704.236148
13 704.236148
14 704.236148
15 581.748146
16 581.748146
17 581.748146
18 581.748146
19 581.748146
20 523.118192
21 523.118192
22 523.118192
23 523.118192
24 523.118192
25 449.033285
26 449.033285
27 449.033285
28 449.033285
29 449.033285
30 380.094023
31 380.094023
32 380.094023
33 380.094023
34 380.094023
35 326.350584
36 326.350584
37 326.350584
38 326.350584
39 326.350584
40 277.427706
41 277.427706
42 277.427706
43 277.427706
44 277.427706
45 252.087516
46 252.087516
47 252.087516
48 252.087516
49 252.087516
50 220.707208
51 220.707208
52 220.707208
53 220.707208
54 220.707208
55 193.596739
56 193.596739
57 193.596739
58 193.596739
59 193.596739
60 164.427918
61 164.427918
62 164.427918
63 164.427918
64 164.427918
65 140.513536
66 140.513536
67 140.513536
68 140.513536
69 140.513536
70 121.521185
71 121.521185
72 121.521185
73 121.521185
74 121.521185
75 105.026839
76 105.026839
77 105.026839
78 105.026839
79 105.026839
80 89.524178
81 89.524178
82 89.524178
83 89.524178
84 89.524178
85 77.099453
86 77.099453
87 77.099453
88 77.099453
89 77.099453
90 69.664558
91 69.664558
92 69.664558
93 69.664558
94 69.664558
95 60.309568
96 60.309568
97 60.309568
98 60.309568
99 60.309568
100 53.108005
101 53.108005
102 53.108005
103 53.108005
104 53.108005
105 46.321747
106 46.321747
107 46.321747
108 46.321747
109 46.321747
110 41.787739
111 41.787739
112 41.787739
113 41.787739
114 41.787739
115 37.581342
116 37.581342
117 37.581342
118 37.581342
119 37.581342
120 33.896289
121 33.896289
122 33.896289
123 33.896289
124 33.896289
125 30.093883
126 30.093883
127 30.093883
128 30.093883
129 30.093883
130 26.619583
131 26.619583
132 26.619583
133 26.619583
134 26.619583
135 24.140600
136 24.140600
137 24.140600
138 24.140600
139 24.140600
140 21.925562
141 21.925562
142 21.925562
143 21.925562
144 21.925562
145 19.943556
146 19.943556
147 19.943556
148 19.943556
149 19.943556
150 18.279983
151 18.279983
152 18.279983
153 18.279983
154 18.279983
155 16.825355
156 16.825355
157 16.825355
158 16.825355
159 16.825355
160 15.230439
161 15.230439
162 15.230439
163 15.230439
164 15.230439
165 14.028228
166 14.028228
167 14.028228
168 14.028228
169 14.028228
170 12.524075
171 12.524075
172 12.524075
173 12.524075
174 12.524075
175 11.612723
176 11.612723
177 11.612723
178 11.612723
179 11.612723
180 10.593841
181 10.593841
182 10.593841
183 10.593841
184 10.593841
185 9.914211
186 9.914211
187 9.914211
188 9.914211
189 9.914211
190 9.195513
191 9.195513
192 9.195513
193 9.195513
194 9.195513
195 8.375553
196 8.375553
197 8.375553
198 8.375553
199 8.375553
200 7.770659
201 7.770659
202 7.770659
203 7.770659
204 7.770659
205 7.313486
206 7.313486
207 7.313486
208 7.313486
209 7.313486
210 6.827684
211 6.827684
212 6.827684
213 6.827684
214 6.827684
215 6.412777
216 6.412777
217 6.412777
218 6.412777
219 6.412777
220 6.033029
221 6.033029
222 6.033029
223 6.033029
224 6.033029
225 5.647049
226 5.647049
227 5.647049
228 5.647049
229 5.647049
230 5.312555
231 5.312555
232 5.312555
233 5.312555
234 5.312555
235 4.982565
236 4.982565
237 4.982565
238 4.982565
239 4.982565
240 4.688377
241 4.688377
242 4.688377
243 4.688377
244 4.688377
245 4.481056
246 4.481056
247 4.481056
248 4.481056
249 4.481056
250 4.257035
251 4.257035
252 4.257035
253 4.257035
254 4.257035
255 4.062018
256 4.062018
257 4.062018
258 4.062018
259 4.062018
260 3.855801
261 3.855801
262 3.855801
263 3.855801
264 3.855801
265 3.722261
266 3.722261
267 3.722261
268 3.722261
269 3.722261
270 3.531860
271 3.531860
272 3.531860
273 3.531860
274 3.531860
275 3.391199
276 3.391199
277 3.391199
278 3.391199
279 3.391199
280 3.259616
281 3.259616
282 3.259616
283 3.259616
284 3.259616
285 3.140267
286 3.140267
287 3.140267
288 3.140267
289 3.140267
290 2.994703
291 2.994703
292 2.994703
293 2.994703
294 2.994703
295 2.898193
296 2.898193
297 2.898193
298 2.898193
299 2.898193
300 2.815159
301 2.815159
302 2.815159
303 2.815159
304 2.815159
305 2.692723
306 2.692723
307 2.692723
308 2.692723
309 2.692723
310 2.608032
311 2.608032
312 2.608032
313 2.608032
314 2.608032
315 2.529391
316 2.529391
317 2.529391
318 2.529391
319 2.529391
320 2.442873
321 2.442873
322 2.442873
323 2.442873
324 2.442873
325 2.379709
326 2.379709
327 2.379709
328 2.379709
329 2.379709
330 2.312032
331 2.312032
332 2.312032
333 2.312032
334 2.312032
335 2.248829
336 2.248829
337 2.248829
338 2.248829
339 2.248829
340 2.183574
341 2.183574
342 2.183574
343 2.183574
344 2.183574
345 2.131235
346 2.131235
347 2.131235
348 2.131235
349 2.131235
350 2.073283
351 2.073283
352 2.073283
353 2.073283
354 2.073283
355 2.019421
356 2.019421
357 2.019421
358 2.019421
359 2.019421
360 1.967988
361 1.967988
362 1.967988
363 1.967988
364 1.967988
365 1.923911
366 1.923911
367 1.923911
368 1.923911
369 1.923911
370 1.877898
371 1.877898
372 1.877898
373 1.877898
374 1.877898
375 1.839582
376 1.839582
377 1.839582
378 1.839582
379 1.839582
380 1.796860
381 1.796860
382 1.796860
383 1.796860
384 1.796860
385 1.773871
386 1.773871
387 1.773871
388 1.773871
389 1.773871
390 1.733629
391 1.733629
392 1.733629
393 1.733629
394 1.733629
395 1.700760
396 1.700760
397 1.700760
398 1.700760
399 1.700760
400 1.674020
401 1.674020
402 1.674020
403 1.674020
404 1.674020
405 1.634328
406 1.634328
407 1.634328
408 1.634328
409 1.634328
410 1.619150
411 1.619150
412 1.619150
413 1.619150
414 1.619150
415 1.590507
416 1.590507
417 1.590507
418 1.590507
419 1.590507
420 1.574845
421 1.574845
422 1.574845
423 1.574845
424 1.574845
425 1.553708
426 1.553708
427 1.553708
428 1.553708
429 1.553708
430 1.533338
431 1.533338
432 1.533338
433 1.533338
434 1.533338
435 1.518967
436 1.518967
437 1.518967
438 1.518967
439 1.518967
440 1.503130
441 1.503130
442 1.503130
443 1.503130
444 1.503130
445 1.488483
446 1.488483
447 1.488483
448 1.488483
449 1.488483
450 1.474078
451 1.474078
452 1.474078
453 1.474078
454 1.474078
455 1.464055
456 1.464055
457 1.464055
458 1.464055
459 1.464055
460 1.455529
461 1.455529
462 1.455529
463 1.455529
464 1.455529
465 1.445858
466 1.445858
467 1.445858
468 1.445858
469 1.445858
470 1.439217
471 1.439217
472 1.439217
473 1.439217
474 1.439217
475 1.433489
476 1.433489
477 1.433489
478 1.433489
479 1.433489
480 1.428862
481 1.428862
482 1.428862
483 1.428862
484 1.428862
485 1.425760
486 1.425760
487 1.425760
488 1.425760
489 1.425760
490 1.422829
491 1.422829
492 1.422829
493 1.422829
494 1.422829
495 1.421754
496 1.421754
497 1.421754
498 1.421754
499 1.421754
500 1.421552
