1 1000000000000000019884624838656.000000
2 1000000000000000019884624838656.000000
3 1000000000000000019884624838656.000000
4 1000000000000000019884624838656.000000
5 24880498184244521373134327834417043554492147724189042406282581068451068136397910087056643153105873389089217961052214394880.000000
6 24880498184244521373134327834417043554492147724189042406282581068451068136397910087056643153105873389089217961052214394880.000000
7 24880498184244521373134327834417043554492147724189042406282581068451068136397910087056643153105873389089217961052214394880.000000
8 24880498184244521373134327834417043554492147724189042406282581068451068136397910087056643153105873389089217961052214394880.000000
9 24880498184244521373134327834417043554492147724189042406282581068451068136397910087056643153105873389089217961052214394880.000000
10 596553884642985339491667471736901470242317770380495510719341338445815258457116065418779497237778206201741312.000000
11 596553884642985339491667471736901470242317770380495510719341338445815258457116065418779497237778206201741312.000000
12 596553884642985339491667471736901470242317770380495510719341338445815258457116065418779497237778206201741312.000000
13 596553884642985339491667471736901470242317770380495510719341338445815258457116065418779497237778206201741312.000000
14 596553884642985339491667471736901470242317770380495510719341338445815258457116065418779497237778206201741312.000000
15 26604217855380506381293436141502324432716213346829457423924054912741052403154944.000000
16 26604217855380506381293436141502324432716213346829457423924054912741052403154944.000000
17 26604217855380506381293436141502324432716213346829457423924054912741052403154944.000000
18 26604217855380506381293436141502324432716213346829457423924054912741052403154944.000000
19 26604217855380506381293436141502324432716213346829457423924054912741052403154944.000000
20 31631382646354521794510740360987939950330642432.000000
21 31631382646354521794510740360987939950330642432.000000
22 31631382646354521794510740360987939950330642432.000000
23 31631382646354521794510740360987939950330642432.000000
24 31631382646354521794510740360987939950330642432.000000
25 224296647420926.343750
26 224296647420926.343750
27 224296647420926.343750
28 224296647420926.343750
29 224296647420926.343750
30 2547.507671
31 2547.507671
32 2547.507671
33 2547.507671
34 2547.507671
35 1826.249750
36 1826.249750
37 1826.249750
38 1826.249750
39 1826.249750
40 1357.532155
41 1357.532155
42 1357.532155
43 1357.532155
44 1357.532155
45 888.719640
46 888.719640
47 888.719640
48 888.719640
49 888.719640
50 743.468309
51 743.468309
52 743.468309
53 743.468309
54 743.468309
55 520.437081
56 520.437081
57 520.437081
58 520.437081
59 520.437081
60 367.651284
61 367.651284
62 367.651284
63 367.651284
64 367.651284
65 274.243102
66 274.243102
67 274.243102
68 274.243102
69 274.243102
70 216.222513
71 216.222513
72 216.222513
73 216.222513
74 216.222513
75 161.755098
76 161.755098
77 161.755098
78 161.755098
79 161.755098
80 125.477711
81 125.477711
82 125.477711
83 125.477711
84 125.477711
85 92.842327
86 92.842327
87 92.842327
88 92.842327
89 92.842327
90 59.656043
91 59.656043
92 59.656043
93 59.656043
94 59.656043
95 43.628898
96 43.628898
97 43.628898
98 43.628898
99 43.628898
100 31.092181
101 31.092181
102 31.092181
103 31.092181
104 31.092181
105 21.281965
106 21.281965
107 21.281965
108 21.281965
109 21.281965
110 15.547871
111 15.547871
112 15.547871
113 15.547871
114 15.547871
115 11.533558
116 11.533558
117 11.533558
118 11.533558
119 11.533558
120 8.561752
121 8.561752
122 8.561752
123 8.561752
124 8.561752
125 6.194323
126 6.194323
127 6.194323
128 6.194323
129 6.194323
130 4.433603
131 4.433603
132 4.433603
133 4.433603
134 4.433603
135 3.040488
136 3.040488
137 3.040488
138 3.040488
139 3.040488
140 1.984294
141 1.984294
142 1.984294
143 1.984294
144 1.984294
145 1.292529
146 1.292529
147 1.292529
148 1.292529
149 1.292529
150 0.816125
151 0.816125
152 0.816125
153 0.816125
154 0.816125
155 0.564016
156 0.564016
157 0.564016
158 0.564016
159 0.564016
160 0.397341
161 0.397341
162 0.397341
163 0.397341
164 0.397341
165 0.285745
166 0.285745
167 0.285745
168 0.285745
169 0.285745
170 0.179770
171 0.179770
172 0.179770
173 0.179770
174 0.179770
175 0.116765
176 0.116765
177 0.116765
178 0.116765
179 0.116765
180 0.078398
181 0.078398
182 0.078398
183 0.078398
184 0.078398
185 0.054886
186 0.054886
187 0.054886
188 0.054886
189 0.054886
190 0.035654
191 0.035654
192 0.035654
193 0.035654
194 0.035654
195 0.024332
196 0.024332
197 0.024332
198 0.024332
199 0.024332
200 0.017772
201 0.017772
202 0.017772
203 0.017772
204 0.017772
205 0.011006
206 0.011006
207 0.011006
208 0.011006
209 0.011006
210 0.007154
211 0.007154
212 0.007154
213 0.007154
214 0.007154
215 0.004982
216 0.004982
217 0.004982
218 0.004982
219 0.004982
220 0.003285
221 0.003285
222 0.003285
223 0.003285
224 0.003285
225 0.002263
226 0.002263
227 0.002263
228 0.002263
229 0.002263
230 0.001598
231 0.001598
232 0.001598
233 0.001598
234 0.001598
235 0.001111
236 0.001111
237 0.001111
238 0.001111
239 0.001111
240 0.000775
241 0.000775
242 0.000775
243 0.000775
244 0.000775
245 0.000535
246 0.000535
247 0.000535
248 0.000535
249 0.000535
250 0.000360
251 0.000360
252 0.000360
253 0.000360
254 0.000360
255 0.000253
256 0.000253
257 0.000253
258 0.000253
259 0.000253
260 0.000181
261 0.000181
262 0.000181
263 0.000181
264 0.000181
265 0.000127
266 0.000127
267 0.000127
268 0.000127
269 0.000127
270 0.000093
271 0.000093
272 0.000093
273 0.000093
274 0.000093
275 0.000063
276 0.000063
277 0.000063
278 0.000063
279 0.000063
280 0.000046
281 0.000046
282 0.000046
283 0.000046
284 0.000046
285 0.000033
286 0.000033
287 0.000033
288 0.000033
289 0.000033
290 0.000023
291 0.000023
292 0.000023
293 0.000023
294 0.000023
295 0.000017
296 0.000017
297 0.000017
298 0.000017
299 0.000017
300 0.000012
301 0.000012
302 0.000012
303 0.000012
304 0.000012
305 0.000009
306 0.000009
307 0.000009
308 0.000009
309 0.000009
310 0.000007
311 0.000007
312 0.000007
313 0.000007
314 0.000007
315 0.000005
316 0.000005
317 0.000005
318 0.000005
319 0.000005
320 0.000004
321 0.000004
322 0.000004
323 0.000004
324 0.000004
325 0.000003
326 0.000003
327 0.000003
328 0.000003
329 0.000003
330 0.000002
331 0.000002
332 0.000002
333 0.000002
334 0.000002
335 0.000002
336 0.000002
337 0.000002
338 0.000002
339 0.000002
340 0.000001
341 0.000001
342 0.000001
343 0.000001
344 0.000001
345 0.000001
346 0.000001
347 0.000001
348 0.000001
349 0.000001
350 0.000001
351 0.000001
352 0.000001
353 0.000001
354 0.000001
355 0.000000
356 0.000000
357 0.000000
358 0.000000
359 0.000000
360 0.000000
361 0.000000
362 0.000000
363 0.000000
364 0.000000
365 0.000000
366 0.000000
367 0.000000
368 0.000000
369 0.000000
370 0.000000
371 0.000000
372 0.000000
373 0.000000
374 0.000000
375 0.000000
376 0.000000
377 0.000000
378 0.000000
379 0.000000
380 0.000000
381 0.000000
382 0.000000
383 0.000000
384 0.000000
385 0.000000
386 0.000000
387 0.000000
388 0.000000
389 0.000000
390 0.000000
391 0.000000
392 0.000000
393 0.000000
394 0.000000
395 0.000000
396 0.000000
397 0.000000
398 0.000000
399 0.000000
400 0.000000
401 0.000000
402 0.000000
403 0.000000
404 0.000000
405 0.000000
406 0.000000
407 0.000000
408 0.000000
409 0.000000
410 0.000000
411 0.000000
412 0.000000
413 0.000000
414 0.000000
415 0.000000
416 0.000000
417 0.000000
418 0.000000
419 0.000000
420 0.000000
421 0.000000
422 0.000000
423 0.000000
424 0.000000
425 0.000000
426 0.000000
427 0.000000
428 0.000000
429 0.000000
430 0.000000
431 0.000000
432 0.000000
433 0.000000
434 0.000000
435 0.000000
436 0.000000
437 0.000000
438 0.000000
439 0.000000
440 0.000000
441 0.000000
442 0.000000
443 0.000000
444 0.000000
445 0.000000
446 0.000000
447 0.000000
448 0.000000
449 0.000000
450 0.000000
451 0.000000
452 0.000000
453 0.000000
454 0.000000
455 0.000000
456 0.000000
457 0.000000
458 0.000000
459 0.000000
460 0.000000
461 0.000000
462 0.000000
463 0.000000
464 0.000000
465 0.000000
466 0.000000
467 0.000000
468 0.000000
469 0.000000
470 0.000000
471 0.000000
472 0.000000
473 0.000000
474 0.000000
475 0.000000
476 0.000000
477 0.000000
478 0.000000
479 0.000000
480 0.000000
481 0.000000
482 0.000000
483 0.000000
484 0.000000
485 0.000000
486 0.000000
487 0.000000
488 0.000000
489 0.000000
490 0.000000
491 0.000000
492 0.000000
493 0.000000
494 0.000000
495 0.000000
496 0.000000
497 0.000000
498 0.000000
499 0.000000
500 0.000000
