1 19874000.981200
2 42226094.370725
3 50946841.785013
4 137744678.754589
5 253904813.378812
6 676358545.562187
7 963737652.407329
8 1956081487.320884
9 2108375806.450747
10 5707808822.354931
11 8267696522.543216
12 17094924126.525541
13 29564500956.408535
14 46168360859.475082
15 62887214598.368553
16 49567208527.849350
17 140213150565.180481
18 239450825708.515564
19 477269160808.569092
20 703795311781.173828
21 790840415942.225220
22 1880628536333.826416
23 1891626109802.595215
24 1826259284304.775146
25 3573615203870.313477
26 5482161778686.822266
27 5269858183971.962891
28 12268721870120.791016
29 19792430673101.292969
30 30352851209779.593750
31 34398122625139.652344
32 60854393163919.820312
33 61974173517514.390625
34 122921169808483.046875
35 180307159209426.281250
36 202719657829266.406250
37 296955428502815.125000
38 203187280241558.062500
39 336521353133263.250000
40 404953558010543.000000
41 919413647337262.875000
42 632215470520871.500000
43 1007847328800503.625000
44 1094126726439199.000000
45 1967418369414229.750000
46 2704937611906094.500000
47 3060489095206483.000000
48 5335404920812670.000000
49 8147570038360603.000000
50 7164558275406775.000000
51 8442067633766037.000000
52 13344615049428512.000000
53 19596714137747700.000000
54 20542349350411976.000000
55 22109032211699684.000000
56 24500953596678840.000000
57 40613850592899624.000000
58 50843916789736760.000000
59 60480178784128080.000000
60 64987729543765408.000000
61 78598955030157424.000000
62 79394675015642560.000000
63 96675404391990064.000000
64 115469257816559232.000000
65 231487383866522400.000000
66 257800421543907488.000000
67 228801152116952768.000000
68 329000227794313600.000000
69 457417910850567488.000000
70 500946518693952000.000000
71 524255333770083712.000000
72 608765374718701056.000000
73 483439333647078784.000000
74 716499040599853696.000000
75 495981086288562816.000000
76 724957152784161792.000000
77 999830778163494400.000000
78 917648594950553728.000000
79 1609431010421646848.000000
80 1035338760653685888.000000
81 947791184714543616.000000
82 1446905907552370432.000000
83 1542265152833253120.000000
84 1596744307477927424.000000
85 1119915048569513344.000000
86 1120259302407862400.000000
87 2373123028600465408.000000
88 1830090705825220864.000000
89 3118280982499751936.000000
90 3329639053910617088.000000
91 2730025148383362048.000000
92 1537223591644843776.000000
93 2401848675827363840.000000
94 2589863173146295296.000000
95 2613585066441320960.000000
96 3524828967267907072.000000
97 3611526193267235840.000000
98 3666083611081417216.000000
99 4948559121656467456.000000
100 5665635626330658816.000000
101 5895714341593952256.000000
102 5965625123857784832.000000
103 8053458080269103104.000000
104 9566965218466105344.000000
105 9553328779496546304.000000
106 13720801854397474816.000000
107 12083389416104902656.000000
108 7656328312856462336.000000
109 6266972603627324416.000000
110 8478152602838489088.000000
111 7089883394622121984.000000
112 6039358777384555520.000000
113 4182227595520092160.000000
114 6055004192207273984.000000
115 6394622695905185792.000000
116 10456129250850199552.000000
117 8052872348011996160.000000
118 7554809052509461504.000000
119 7854341894897178624.000000
120 8007281160530417664.000000
121 4230901607860909056.000000
122 3971875658238115328.000000
123 5400949652734194688.000000
124 3901542092608541696.000000
125 3235539238789512192.000000
126 3407402932186028032.000000
127 3514932356545141248.000000
128 1726345785653286912.000000
129 3212358252025457664.000000
130 2968127065372748288.000000
131 3169404128101531648.000000
132 3073545724023687680.000000
133 2877012659782387712.000000
134 2626890273202986496.000000
135 2471830822321717248.000000
136 2900087757530079232.000000
137 2451445508596197376.000000
138 1591433786772062976.000000
139 1589370742000029440.000000
140 1726088736160012544.000000
141 1420771378555944960.000000
142 2086483315715506432.000000
143 1962579793470514944.000000
144 1506467151559643904.000000
145 1214682649686416384.000000
146 977564136908650880.000000
147 626639348220265984.000000
148 657879380948951040.000000
149 635407907287392000.000000
150 466406631735023488.000000
151 515121364216477120.000000
152 284244880309746464.000000
153 466734213288573440.000000
154 378971542139686976.000000
155 269161094448326208.000000
156 191696038180590848.000000
157 148018414640965696.000000
158 146027936245734464.000000
159 154130220056751872.000000
160 102358683498435248.000000
161 95414832527896064.000000
162 77033413704483408.000000
163 57164361252521080.000000
164 50230668333143568.000000
165 53871211157256208.000000
166 25885057148684700.000000
167 26787819782230868.000000
168 22893548606447416.000000
169 13056449225842134.000000
170 9304730019320964.000000
171 6341660778024166.000000
172 4361049176707349.500000
173 3605274462497643.000000
174 2713772067971550.500000
175 2040102343756364.000000
176 1251206661661177.250000
177 1357952311486525.000000
178 1371680419409348.000000
179 1287763071797603.000000
180 1386646516199579.750000
181 1157940654756220.500000
182 301327813269015.562500
183 391337188888942.375000
184 332669683540744.937500
185 250666771191431.656250
186 174598409878854.250000
187 120574078037290.546875
188 130577105741068.812500
189 125481876742353.203125
190 96782793750864.718750
191 90569416962915.437500
192 76030922955563.062500
193 53861006626805.578125
194 40870652262529.234375
195 30335600620808.988281
196 20222398879004.039062
197 11153059850097.171875
198 8634715755185.115234
199 6263680946097.729492
200 5085505962601.469727
201 4728006820430.731445
202 3989228116637.262695
203 3158006964741.946777
204 2343053807964.832031
205 1995168080811.048340
206 1563391768279.069580
207 776124636189.130493
208 518027876190.790955
209 381235695337.980652
210 239166184535.713043
211 137750862056.706818
212 99898889911.029434
213 73607289974.090881
214 43749180593.966293
215 32372564312.209709
216 16954345056.345270
217 12253000096.949907
218 11691161285.505928
219 8523378517.105262
220 6111695849.850840
221 3310039616.153745
222 2260947733.777538
223 1448403312.366211
224 682827235.086552
225 569863226.494572
226 436811762.569815
227 355631950.287069
228 173228534.721254
229 130006694.743659
230 108032895.950391
231 68849715.492139
232 53117253.494522
233 35653096.019615
234 25888098.281028
235 17929911.932272
236 12953281.611791
237 9323249.694993
238 7314001.426933
239 5062496.215058
240 3651542.676864
241 1996263.172184
242 1344199.458756
243 1059582.147787
244 508537.713533
245 497531.326245
246 275768.978813
247 230261.993123
248 152536.821325
249 85709.709205
250 68562.886320
251 60319.359371
252 36343.328622
253 24718.291239
254 13577.027257
255 11472.584582
256 5959.139344
257 3784.905323
258 2961.079999
259 1794.283010
260 1288.880916
261 678.186341
262 548.269350
263 282.785766
264 225.738047
265 110.425261
266 84.082627
267 43.036326
268 29.239816
269 18.717997
270 11.086576
271 8.527440
272 5.619372
273 3.733657
274 2.553874
275 1.940793
276 1.089111
277 0.687931
278 0.459892
279 0.276866
280 0.138176
281 0.083504
282 0.038954
283 0.024857
284 0.014983
285 0.010039
286 0.007276
287 0.004429
288 0.002917
289 0.001561
290 0.001020
291 0.000551
292 0.000384
293 0.000240
294 0.000130
295 0.000091
296 0.000065
297 0.000041
298 0.000024
299 0.000017
300 0.000008
301 0.000004
302 0.000003
303 0.000001
304 0.000001
305 0.000000
306 0.000000
307 0.000000
308 0.000000
309 0.000000
310 0.000000
311 0.000000
312 0.000000
313 0.000000
314 0.000000
315 0.000000
316 0.000000
317 0.000000
318 0.000000
319 0.000000
320 0.000000
321 0.000000
322 0.000000
323 0.000000
324 0.000000
325 0.000000
326 0.000000
327 0.000000
328 0.000000
329 0.000000
330 0.000000
331 0.000000
332 0.000000
333 0.000000
334 0.000000
335 0.000000
336 0.000000
337 0.000000
338 0.000000
339 0.000000
340 0.000000
341 0.000000
342 0.000000
343 0.000000
344 0.000000
345 0.000000
346 0.000000
347 0.000000
348 0.000000
349 0.000000
350 0.000000
351 0.000000
352 0.000000
353 0.000000
354 0.000000
355 0.000000
356 0.000000
357 0.000000
358 0.000000
359 0.000000
360 0.000000
361 0.000000
362 0.000000
363 0.000000
364 0.000000
365 0.000000
366 0.000000
367 0.000000
368 0.000000
369 0.000000
370 0.000000
371 0.000000
372 0.000000
373 0.000000
374 0.000000
375 0.000000
376 0.000000
377 0.000000
378 0.000000
379 0.000000
380 0.000000
381 0.000000
382 0.000000
383 0.000000
384 0.000000
385 0.000000
386 0.000000
387 0.000000
388 0.000000
389 0.000000
390 0.000000
391 0.000000
392 0.000000
393 0.000000
394 0.000000
395 0.000000
396 0.000000
397 0.000000
398 0.000000
399 0.000000
400 0.000000
401 0.000000
402 0.000000
403 0.000000
404 0.000000
405 0.000000
406 0.000000
407 0.000000
408 0.000000
409 0.000000
410 0.000000
411 0.000000
412 0.000000
413 0.000000
414 0.000000
415 0.000000
416 0.000000
417 0.000000
418 0.000000
419 0.000000
420 0.000000
421 0.000000
422 0.000000
423 0.000000
424 0.000000
425 0.000000
426 0.000000
427 0.000000
428 0.000000
429 0.000000
430 0.000000
431 0.000000
432 0.000000
433 0.000000
434 0.000000
435 0.000000
436 0.000000
437 0.000000
438 0.000000
439 0.000000
440 0.000000
441 0.000000
442 0.000000
443 0.000000
444 0.000000
445 0.000000
446 0.000000
447 0.000000
448 0.000000
449 0.000000
450 0.000000
451 0.000000
452 0.000000
453 0.000000
454 0.000000
455 0.000000
456 0.000000
457 0.000000
458 0.000000
459 0.000000
460 0.000000
461 0.000000
462 0.000000
463 0.000000
464 0.000000
465 0.000000
466 0.000000
467 0.000000
468 0.000000
469 0.000000
470 0.000000
471 0.000000
472 0.000000
473 0.000000
474 0.000000
475 0.000000
476 0.000000
477 0.000000
478 0.000000
479 0.000000
480 0.000000
481 0.000000
482 0.000000
483 0.000000
484 0.000000
485 0.000000
486 0.000000
487 0.000000
488 0.000000
489 0.000000
490 0.000000
491 0.000000
492 0.000000
493 0.000000
494 0.000000
495 0.000000
496 0.000000
497 0.000000
498 0.000000
499 0.000000
500 0.000000
