1 16331448.334147
2 19055549.174624
3 16362117.776941
4 27803749.936129
5 31706695.237052
6 30908603.332317
7 38899520.638035
8 50712833.275238
9 63104672.472449
10 58725784.478638
11 59861511.605787
12 71848789.057075
13 90091973.698865
14 114059390.408313
15 98332402.104887
16 114262151.257769
17 125335959.935336
18 151029342.130200
19 147059928.788809
20 104850856.967644
21 181604358.464179
22 175316951.584973
23 137737992.112640
24 204915532.778632
25 229816283.391950
26 281061510.063046
27 201947116.433455
28 251387002.533095
29 326331552.338547
30 341633643.086060
31 249837436.097005
32 274408041.296215
33 321122226.584053
34 416584722.926894
35 344227847.022155
36 306163759.285660
37 386272969.596296
38 467875801.415698
39 357277797.911933
40 455079397.493160
41 314430323.647273
42 397494310.041781
43 395984560.805465
44 460725707.142208
45 577311973.113421
46 420139706.332689
47 434315586.261016
48 544863159.310817
49 566146859.368505
50 404096743.760786
51 384208939.857154
52 364057566.193228
53 408586445.111084
54 442061179.004848
55 404175340.502547
56 392657854.741608
57 504949305.727780
58 428450499.622272
59 365441176.304800
60 524300044.548273
61 394987535.676055
62 428847793.645327
63 388967956.762253
64 476911660.554213
65 425708932.840543
66 338386512.713564
67 351870208.802999
68 336793842.240535
69 336053865.881543
70 366141068.179330
71 242153369.113210
72 315343723.515186
73 314332647.991820
74 281336141.642981
75 318396948.892176
76 246489893.719654
77 349609268.762386
78 354377925.998494
79 334694002.324755
80 328811584.484077
81 332570969.410243
82 353716512.673084
83 260529479.720440
84 242816173.212512
85 243176723.973179
86 206150048.180519
87 177165452.095328
88 202549914.257942
89 162415482.675327
90 203658030.304557
91 214068080.188087
92 246490877.474350
93 225769103.903517
94 201485614.199507
95 186200509.347136
96 258832803.806853
97 270809451.949177
98 233582374.670173
99 223263020.273959
100 216216968.627519
101 182100394.746439
102 182989152.629863
103 198938876.875476
104 218945397.583425
105 220163932.846715
106 205478456.830270
107 217930741.117508
108 161909907.987596
109 167904717.889829
110 152948295.371207
111 187218714.312806
112 196672934.813522
113 157354002.576236
114 182219908.933269
115 158315471.394493
116 149130166.302759
117 140476919.067161
118 138808355.325446
119 116767858.793705
120 154889848.721970
121 117267896.154601
122 86260080.072644
123 123975595.245350
124 133872484.479186
125 104486920.868736
126 105692413.938464
127 121366716.135697
128 131253191.875091
129 114660436.039219
130 98954277.118176
131 98916118.007575
132 129939125.878492
133 118658312.263954
134 100347399.475903
135 106840392.971917
136 86279199.789668
137 113603598.379013
138 86254784.462850
139 95730994.362015
140 75035506.125435
141 104280145.473361
142 90496308.644830
143 79979551.223393
144 87828220.042290
145 67814905.126271
146 57393360.563017
147 52847533.050891
148 70797874.931196
149 66240939.145154
150 55355997.698191
151 58078575.726908
152 46632790.702827
153 44302172.556196
154 52272643.692813
155 45240222.516164
156 31844121.360130
157 44536862.751290
158 36076236.597612
159 35081977.328779
160 44851454.490399
161 52770320.598593
162 40264142.908019
163 38143667.841083
164 39179911.985054
165 25936721.017821
166 36865494.508593
167 36044308.236215
168 28357068.528900
169 24397231.911622
170 26455979.502586
171 20517893.797039
172 18736651.584769
173 19807862.389579
174 20436799.626180
175 23213122.044372
176 19230968.517370
177 18906607.985900
178 20101417.181339
179 21892643.534033
180 19705735.317278
181 20080815.284306
182 18288035.398222
183 12965467.394808
184 12708787.343853
185 14188459.181002
186 14973191.082667
187 15333446.806653
188 15120851.885476
189 12372414.750850
190 15411348.593198
191 11312121.487989
192 11655573.747167
193 10615567.100550
194 11303852.139567
195 8744102.633110
196 9334373.171807
197 9544303.621307
198 8585508.542178
199 8380903.691227
200 8076442.629812
201 7906442.705264
202 6796964.227348
203 7181910.688225
204 5986250.785054
205 6589689.464561
206 6808678.985602
207 5873645.066380
208 6195861.721996
209 6433443.762923
210 4957000.316390
211 4872822.185302
212 4854620.513794
213 4741646.795129
214 4327245.490019
215 3959963.997086
216 4240780.087196
217 4289675.941141
218 3836766.486500
219 3394463.789492
220 3735272.806685
221 3422072.099226
222 2799024.728819
223 2393440.358553
224 2449648.195336
225 2573342.884905
226 2709278.965781
227 2484576.305373
228 2677775.717760
229 2302790.885060
230 2151833.477711
231 2443488.542727
232 2586221.217411
233 2102819.515735
234 2213242.081464
235 1946871.120447
236 1679784.359866
237 1638807.022281
238 1393649.731893
239 1830065.189549
240 1748879.454517
241 1266799.603822
242 1272684.158366
243 1490431.238453
244 1522587.383909
245 1300102.567252
246 1290919.190454
247 1272285.256371
248 1059124.972506
249 1212182.747235
250 1094088.469285
251 902616.880557
252 895329.090710
253 845644.613302
254 932886.308813
255 852795.433180
256 852593.027929
257 780496.599032
258 730077.363133
259 686781.595997
260 657130.781883
261 711690.921881
262 669946.148992
263 596538.553528
264 618786.643462
265 588179.315202
266 539937.854486
267 517554.248971
268 507564.112791
269 478234.123037
270 494527.851241
271 444376.882819
272 399240.081855
273 429616.271132
274 396713.981803
275 344719.209763
276 387100.326763
277 374646.104152
278 349598.273145
279 334598.596235
280 291410.548452
281 304768.411018
282 296883.634437
283 300402.323189
284 279266.207471
285 261455.308081
286 298319.368491
287 250319.124117
288 244055.695062
289 247526.046636
290 229122.533095
291 252129.066433
292 254404.191014
293 241816.417721
294 239838.931919
295 212055.684510
296 210049.826979
297 196981.382323
298 206702.822842
299 197754.306013
300 179074.912031
301 192481.789000
302 180798.167395
303 167161.602090
304 168019.432248
305 151357.526249
306 157009.739088
307 154364.941592
308 147875.185082
309 146383.511527
310 134609.489860
311 135348.992779
312 129376.966136
313 122076.716857
314 113894.377436
315 114316.287208
316 97969.636701
317 99311.505648
318 88837.687212
319 85227.777021
320 86491.360315
321 80214.183032
322 85492.900924
323 77410.377245
324 77395.022362
325 78965.840159
326 73072.823016
327 67139.132311
328 63671.617863
329 64086.714815
330 64624.478384
331 58756.418333
332 62168.852248
333 57039.542207
334 57453.925391
335 53661.801959
336 50793.890566
337 54542.044609
338 57221.350138
339 51501.389904
340 51953.341197
341 51515.143205
342 51365.348155
343 48485.700726
344 46361.932113
345 47835.103452
346 51295.676410
347 46675.289932
348 48709.754741
349 44935.923468
350 45331.012535
351 44639.838286
352 42834.204538
353 40893.457558
354 42097.353710
355 42255.313918
356 42052.437558
357 40662.365914
358 42096.779684
359 41085.938770
360 41255.928988
361 39783.065773
362 38979.801955
363 37314.303236
364 37072.577277
365 35653.687889
366 33053.185361
367 32848.993463
368 32143.485662
369 30477.978630
370 30437.643952
371 28901.988467
372 29264.712555
373 29377.780276
374 28527.478006
375 26707.476014
376 26140.343772
377 26001.117499
378 26009.803830
379 25980.814698
380 24799.856147
381 23507.292285
382 24045.064844
383 24087.354780
384 22883.398578
385 22540.983214
386 22077.651760
387 22357.715581
388 21768.603761
389 22759.340832
390 23152.012727
391 21552.469840
392 21885.158618
393 20088.313720
394 20790.858260
395 20403.388646
396 19600.741344
397 19497.132713
398 18746.955429
399 18973.491952
400 19259.838036
401 19240.970893
402 19092.972741
403 18547.894541
404 18757.531111
405 18772.333734
406 18141.807048
407 17891.205097
408 17578.609148
409 17092.229196
410 16623.707735
411 16636.759819
412 15649.175368
413 15802.656648
414 15547.773866
415 15129.642852
416 15181.919069
417 15254.495585
418 14678.260989
419 14558.440907
420 14416.274153
421 13922.931151
422 13813.594284
423 13806.587804
424 13373.314181
425 13393.380347
426 12671.411176
427 12747.608518
428 12906.275885
429 12515.340497
430 12377.895211
431 12461.915041
432 12202.033140
433 11934.626960
434 11825.159401
435 11549.692797
436 11544.792400
437 11484.532549
438 11238.217679
439 11181.540678
440 10998.104735
441 10782.813316
442 10818.974271
443 10556.960461
444 10261.134035
445 10433.766484
446 10303.620235
447 10221.831612
448 10041.237094
449 10008.617423
450 9914.619337
451 9765.506459
452 9721.560158
453 9533.974197
454 9426.816041
455 9261.330000
456 9260.533402
457 9128.404162
458 9046.416208
459 8985.671272
460 8849.065403
461 8745.706420
462 8665.616388
463 8611.227165
464 8584.122040
465 8436.051725
466 8411.965053
467 8351.988288
468 8310.268602
469 8250.209032
470 8169.928073
471 8098.169602
472 8037.511949
473 7952.731741
474 7895.706193
475 7842.829464
476 7794.279224
477 7758.728190
478 7698.848136
479 7649.783737
480 7595.690153
481 7538.003305
482 7480.290293
483 7446.302858
484 7403.418275
485 7367.616052
486 7309.997459
487 7288.011322
488 7254.798177
489 7220.550151
490 7185.712530
491 7156.587055
492 7136.720175
493 7115.202596
494 7095.141612
495 7083.819150
496 7071.101398
497 7059.848014
498 7050.833145
499 7043.884025
500 7040.979646
