1 1503270.324054
2 1518335.257343
3 1767154.072609
4 1765868.291227
5 1846659.903806
6 1927710.517134
7 1943902.464677
8 1813884.727149
9 1360260.014405
10 1417142.550276
11 1752131.037793
12 1402154.226419
13 1106748.239039
14 942324.532602
15 745816.561061
16 546801.609603
17 479184.340309
18 414069.986574
19 418771.294900
20 394966.163094
21 435040.627184
22 433668.359148
23 379371.165376
24 423967.598821
25 450617.836066
26 479896.218648
27 476359.756093
28 562990.855202
29 572890.412144
30 573594.173802
31 498498.037686
32 561978.822924
33 611238.103572
34 719540.221277
35 730194.511790
36 590018.107861
37 679243.650827
38 651289.270640
39 709176.932169
40 773226.817855
41 645196.336398
42 796138.127133
43 641225.868300
44 559378.577409
45 489794.518155
46 489014.769702
47 444882.573990
48 479859.394703
49 403448.311449
50 505588.009650
51 511024.649819
52 488834.295563
53 484122.629086
54 469167.200112
55 343866.871528
56 427238.662827
57 364407.686411
58 289883.743336
59 245963.982879
60 259063.412060
61 211774.969903
62 219326.629688
63 207770.208809
64 179546.357473
65 156988.247010
66 161932.841370
67 144423.832191
68 113863.474685
69 97852.909337
70 117977.011067
71 115071.117420
72 123840.061992
73 144804.092793
74 145538.359629
75 116091.572823
76 103328.785236
77 76906.943681
78 68000.219747
79 66931.772683
80 75701.967426
81 75497.551822
82 62156.846833
83 59237.712560
84 47765.072367
85 44381.984737
86 35836.329424
87 38507.129007
88 40003.877678
89 37471.776843
90 34939.419503
91 23558.742727
92 21165.399451
93 19427.766757
94 18397.158778
95 19311.590391
96 14620.234230
97 14551.163112
98 10982.262573
99 9762.627568
100 7771.904490
101 6369.242257
102 5685.677355
103 5162.897750
104 5136.240597
105 5093.307924
106 4669.243044
107 4085.263223
108 3498.656674
109 3268.240554
110 2791.327397
111 2630.797425
112 2467.973204
113 2226.684054
114 1940.562890
115 1840.224955
116 1603.026323
117 1276.120627
118 1079.335369
119 938.673746
120 924.680501
121 965.077625
122 814.349259
123 617.235164
124 551.359500
125 367.267051
126 324.712726
127 300.640408
128 275.819542
129 223.565268
130 198.802069
131 181.403414
132 166.234862
133 140.092147
134 104.417798
135 89.177868
136 69.398744
137 56.769321
138 54.166179
139 49.601275
140 41.346549
141 33.913796
142 28.792615
143 24.693718
144 18.922448
145 15.237959
146 13.400377
147 10.575208
148 8.684795
149 7.410828
150 6.723290
151 5.347864
152 5.042202
153 4.117263
154 3.437192
155 3.003824
156 2.856881
157 2.402042
158 1.898722
159 1.595123
160 1.287145
161 1.153398
162 0.988777
163 0.789992
164 0.654211
165 0.511619
166 0.416189
167 0.306429
168 0.287926
169 0.220638
170 0.174571
171 0.132628
172 0.113988
173 0.089612
174 0.079111
175 0.058112
176 0.046423
177 0.039322
178 0.031222
179 0.024292
180 0.019867
181 0.015864
182 0.013088
183 0.010956
184 0.008196
185 0.006405
186 0.005188
187 0.004297
188 0.003277
189 0.002529
190 0.002158
191 0.001695
192 0.001266
193 0.001028
194 0.000780
195 0.000624
196 0.000484
197 0.000377
198 0.000284
199 0.000225
200 0.000183
201 0.000145
202 0.000104
203 0.000086
204 0.000072
205 0.000057
206 0.000042
207 0.000034
208 0.000025
209 0.000021
210 0.000016
211 0.000012
212 0.000009
213 0.000008
214 0.000006
215 0.000005
216 0.000004
217 0.000003
218 0.000002
219 0.000002
220 0.000001
221 0.000001
222 0.000001
223 0.000001
224 0.000000
225 0.000000
226 0.000000
227 0.000000
228 0.000000
229 0.000000
230 0.000000
231 0.000000
232 0.000000
233 0.000000
234 0.000000
235 0.000000
236 0.000000
237 0.000000
238 0.000000
239 0.000000
240 0.000000
241 0.000000
242 0.000000
243 0.000000
244 0.000000
245 0.000000
246 0.000000
247 0.000000
248 0.000000
249 0.000000
250 0.000000
251 0.000000
252 0.000000
253 0.000000
254 0.000000
255 0.000000
256 0.000000
257 0.000000
258 0.000000
259 0.000000
260 0.000000
261 0.000000
262 0.000000
263 0.000000
264 0.000000
265 0.000000
266 0.000000
267 0.000000
268 0.000000
269 0.000000
270 0.000000
271 0.000000
272 0.000000
273 0.000000
274 0.000000
275 0.000000
276 0.000000
277 0.000000
278 0.000000
279 0.000000
280 0.000000
281 0.000000
282 0.000000
283 0.000000
284 0.000000
285 0.000000
286 0.000000
287 0.000000
288 0.000000
289 0.000000
290 0.000000
291 0.000000
292 0.000000
293 0.000000
294 0.000000
295 0.000000
296 0.000000
297 0.000000
298 0.000000
299 0.000000
300 0.000000
301 0.000000
302 0.000000
303 0.000000
304 0.000000
305 0.000000
306 0.000000
307 0.000000
308 0.000000
309 0.000000
310 0.000000
311 0.000000
312 0.000000
313 0.000000
314 0.000000
315 0.000000
316 0.000000
317 0.000000
318 0.000000
319 0.000000
320 0.000000
321 0.000000
322 0.000000
323 0.000000
324 0.000000
325 0.000000
326 0.000000
327 0.000000
328 0.000000
329 0.000000
330 0.000000
331 0.000000
332 0.000000
333 0.000000
334 0.000000
335 0.000000
336 0.000000
337 0.000000
338 0.000000
339 0.000000
340 0.000000
341 0.000000
342 0.000000
343 0.000000
344 0.000000
345 0.000000
346 0.000000
347 0.000000
348 0.000000
349 0.000000
350 0.000000
351 0.000000
352 0.000000
353 0.000000
354 0.000000
355 0.000000
356 0.000000
357 0.000000
358 0.000000
359 0.000000
360 0.000000
361 0.000000
362 0.000000
363 0.000000
364 0.000000
365 0.000000
366 0.000000
367 0.000000
368 0.000000
369 0.000000
370 0.000000
371 0.000000
372 0.000000
373 0.000000
374 0.000000
375 0.000000
376 0.000000
377 0.000000
378 0.000000
379 0.000000
380 0.000000
381 0.000000
382 0.000000
383 0.000000
384 0.000000
385 0.000000
386 0.000000
387 0.000000
388 0.000000
389 0.000000
390 0.000000
391 0.000000
392 0.000000
393 0.000000
394 0.000000
395 0.000000
396 0.000000
397 0.000000
398 0.000000
399 0.000000
400 0.000000
401 0.000000
402 0.000000
403 0.000000
404 0.000000
405 0.000000
406 0.000000
407 0.000000
408 0.000000
409 0.000000
410 0.000000
411 0.000000
412 0.000000
413 0.000000
414 0.000000
415 0.000000
416 0.000000
417 0.000000
418 0.000000
419 0.000000
420 0.000000
421 0.000000
422 0.000000
423 0.000000
424 0.000000
425 0.000000
426 0.000000
427 0.000000
428 0.000000
429 0.000000
430 0.000000
431 0.000000
432 0.000000
433 0.000000
434 0.000000
435 0.000000
436 0.000000
437 0.000000
438 0.000000
439 0.000000
440 0.000000
441 0.000000
442 0.000000
443 0.000000
444 0.000000
445 0.000000
446 0.000000
447 0.000000
448 0.000000
449 0.000000
450 0.000000
451 0.000000
452 0.000000
453 0.000000
454 0.000000
455 0.000000
456 0.000000
457 0.000000
458 0.000000
459 0.000000
460 0.000000
461 0.000000
462 0.000000
463 0.000000
464 0.000000
465 0.000000
466 0.000000
467 0.000000
468 0.000000
469 0.000000
470 0.000000
471 0.000000
472 0.000000
473 0.000000
474 0.000000
475 0.000000
476 0.000000
477 0.000000
478 0.000000
479 0.000000
480 0.000000
481 0.000000
482 0.000000
483 0.000000
484 0.000000
485 0.000000
486 0.000000
487 0.000000
488 0.000000
489 0.000000
490 0.000000
491 0.000000
492 0.000000
493 0.000000
494 0.000000
495 0.000000
496 0.000000
497 0.000000
498 0.000000
499 0.000000
500 0.000000
