1 inf
2 inf
3 inf
4 inf
5 inf
6 inf
7 inf
8 inf
9 inf
10 inf
11 inf
12 inf
13 inf
14 inf
15 inf
16 inf
17 inf
18 inf
19 inf
20 inf
21 inf
22 inf
23 inf
24 inf
25 inf
26 inf
27 inf
28 inf
29 inf
30 inf
31 inf
32 inf
33 inf
34 inf
35 inf
36 inf
37 inf
38 inf
39 inf
40 inf
41 inf
42 inf
43 inf
44 inf
45 inf
46 inf
47 inf
48 inf
49 inf
50 inf
51 inf
52 inf
53 inf
54 inf
55 inf
56 inf
57 inf
58 inf
59 inf
60 inf
61 inf
62 inf
63 inf
64 inf
65 inf
66 45800136332933223844247217104255773072494244171582030888261138658800218330336533406756782835887230722539859287408239849919858934551875513030590451078326872177723609714874245843200547912348948921561958012754053290161526580360026251798847909530434512953019404113577899842643943381967424092024797659136.000000
67 8026885634682186761970240442790025186059436941029751427035140596176197859502085080418872916157811972078601495085222659201182156908995690472882079828122684871069807343981307880058044071555905157015868921764285786341838036366768260303170997379962107578023936.000000
68 294642639931877785116824819986586401033686502323674899552332763118429375054879004515628883673054811300493517834509339841337296426953459991950990041588488637109767801173956690695523082329017301861526564473964936218821001216.000000
69 164533606355934728157184432215292814987166981736273742389405317032301267903925446339617348636369292201437600868775457858219900471748101681975811783087691123367868290447505472239055531539431424.000000
70 4761607982003746360229779713831331960611463318640943183390394264065240751771802212263760669752444869427994793716588306191879969965031766596448448034578121978650663321600.000000
71 13607070356197398550166729649331438622860637116663199358617391413228350312404117518251388292535104590111223371879465992157757903470592.000000
72 736835730787853541209451574973083692205785080107249612202287840026664520978995923130562680239161344.000000
73 569245839590963734174004012320434381245108004795250050344199444867579904.000000
74 6361327830998571156704140365956378525696.000000
75 8179896246.328236
76 37661.035925
77 32293.469222
78 27576.060875
79 25043.510669
80 22231.816113
81 20018.680681
82 18166.569872
83 15832.743121
84 14384.849043
85 12909.556529
86 11798.439011
87 10590.144844
88 9357.405738
89 8543.121306
90 7499.397051
91 6880.656251
92 6071.815105
93 5666.883862
94 5192.737980
95 4785.489650
96 4432.635637
97 4109.028715
98 3715.452139
99 3448.036645
100 3188.296662
101 2978.359394
102 2753.129623
103 2511.811667
104 2315.180368
105 2147.299418
106 1986.071632
107 1796.348120
108 1702.760210
109 1570.005868
110 1484.039705
111 1381.403312
112 1273.534925
113 1182.533325
114 1114.483530
115 1025.070155
116 949.710549
117 881.208355
118 824.216286
119 767.691298
120 715.881689
121 655.273703
122 603.924097
123 567.266611
124 526.764835
125 486.939703
126 458.640728
127 419.610377
128 389.661752
129 360.357904
130 330.724391
131 311.813204
132 289.103327
133 269.716597
134 250.732681
135 232.137538
136 218.976974
137 204.852822
138 191.330050
139 179.889008
140 166.169396
141 155.086881
142 144.816666
143 135.745578
144 127.667815
145 118.376140
146 112.447453
147 104.201419
148 98.799728
149 93.077556
150 87.571452
151 80.119872
152 75.283533
153 71.301076
154 67.038027
155 63.453572
156 58.843128
157 56.210075
158 52.908449
159 50.240004
160 46.820451
161 44.575919
162 42.174120
163 39.197760
164 36.344737
165 34.811643
166 32.924981
167 31.222863
168 29.407914
169 27.548595
170 26.227596
171 24.606312
172 23.020187
173 21.796662
174 20.499199
175 19.739345
176 18.479574
177 17.681175
178 16.623414
179 15.759996
180 14.850258
181 14.127182
182 13.402320
183 12.776381
184 12.008362
185 11.383888
186 10.779842
187 10.307603
188 9.812214
189 9.377085
190 8.876210
191 8.489065
192 8.089556
193 7.678780
194 7.304883
195 7.021229
196 6.698923
197 6.406330
198 6.133782
199 5.903701
200 5.608908
201 5.377050
202 5.140333
203 4.899881
204 4.718078
205 4.502643
206 4.337181
207 4.150517
208 3.960353
209 3.801232
210 3.670005
211 3.506493
212 3.364313
213 3.227688
214 3.122321
215 2.970464
216 2.865319
217 2.761755
218 2.620172
219 2.560281
220 2.432088
221 2.353922
222 2.264107
223 2.171938
224 2.099377
225 2.010975
226 1.941158
227 1.870165
228 1.801832
229 1.747627
230 1.688161
231 1.627065
232 1.572877
233 1.517654
234 1.464752
235 1.419267
236 1.371836
237 1.320212
238 1.277802
239 1.248398
240 1.207928
241 1.169214
242 1.131563
243 1.097481
244 1.064321
245 1.011850
246 0.988835
247 0.958191
248 0.925610
249 0.895196
250 0.865823
251 0.846254
252 0.818716
253 0.802606
254 0.778500
255 0.752921
256 0.732431
257 0.713168
258 0.694751
259 0.678015
260 0.652233
261 0.636015
262 0.617932
263 0.597998
264 0.582353
265 0.566470
266 0.550771
267 0.535689
268 0.524279
269 0.508556
270 0.496024
271 0.483356
272 0.469381
273 0.460335
274 0.446410
275 0.436505
276 0.425254
277 0.414227
278 0.405133
279 0.394592
280 0.384966
281 0.375794
282 0.366557
283 0.357848
284 0.348800
285 0.340566
286 0.333104
287 0.324229
288 0.316662
289 0.308756
290 0.302932
291 0.295076
292 0.287311
293 0.282306
294 0.276441
295 0.269717
296 0.264097
297 0.256257
298 0.252329
299 0.246150
300 0.240702
301 0.236238
302 0.231012
303 0.227164
304 0.222516
305 0.218100
306 0.213889
307 0.209784
308 0.204719
309 0.200420
310 0.196004
311 0.192726
312 0.189252
313 0.185980
314 0.182337
315 0.179557
316 0.175003
317 0.172714
318 0.169309
319 0.166241
320 0.163493
321 0.160249
322 0.158050
323 0.155444
324 0.152737
325 0.150343
326 0.147492
327 0.145288
328 0.142391
329 0.139839
330 0.137225
331 0.135197
332 0.132614
333 0.130648
334 0.128364
335 0.126215
336 0.123989
337 0.122427
338 0.120481
339 0.118461
340 0.116452
341 0.114654
342 0.112380
343 0.111072
344 0.109505
345 0.107972
346 0.106081
347 0.104667
348 0.103415
349 0.101770
350 0.100319
351 0.098906
352 0.097453
353 0.096352
354 0.094688
355 0.093343
356 0.092137
357 0.090826
358 0.089673
359 0.088406
360 0.087080
361 0.086162
362 0.084957
363 0.083620
364 0.082595
365 0.081653
366 0.080429
367 0.079452
368 0.078469
369 0.077599
370 0.076584
371 0.075606
372 0.074484
373 0.073744
374 0.073026
375 0.072091
376 0.071305
377 0.070372
378 0.069437
379 0.068666
380 0.067835
381 0.067241
382 0.066471
383 0.065909
384 0.065243
385 0.064583
386 0.063952
387 0.063334
388 0.062593
389 0.061875
390 0.061291
391 0.060728
392 0.060187
393 0.059617
394 0.059040
395 0.058558
396 0.057901
397 0.057347
398 0.056955
399 0.056427
400 0.056019
401 0.055539
402 0.055073
403 0.054628
404 0.054161
405 0.053663
406 0.053149
407 0.052794
408 0.052357
409 0.051934
410 0.051498
411 0.051155
412 0.050723
413 0.050309
414 0.049926
415 0.049623
416 0.049294
417 0.048891
418 0.048559
419 0.048171
420 0.047812
421 0.047582
422 0.047279
423 0.046880
424 0.046616
425 0.046278
426 0.046064
427 0.045786
428 0.045522
429 0.045201
430 0.044976
431 0.044683
432 0.044420
433 0.044166
434 0.043897
435 0.043632
436 0.043411
437 0.043193
438 0.042964
439 0.042755
440 0.042563
441 0.042360
442 0.042151
443 0.041946
444 0.041764
445 0.041594
446 0.041368
447 0.041168
448 0.040995
449 0.040805
450 0.040632
451 0.040437
452 0.040273
453 0.040103
454 0.039975
455 0.039829
456 0.039681
457 0.039533
458 0.039387
459 0.039228
460 0.039095
461 0.038966
462 0.038847
463 0.038734
464 0.038620
465 0.038525
466 0.038426
467 0.038330
468 0.038208
469 0.038126
470 0.038013
471 0.037936
472 0.037799
473 0.037753
474 0.037672
475 0.037588
476 0.037516
477 0.037439
478 0.037366
479 0.037292
480 0.037223
481 0.037163
482 0.037110
483 0.037054
484 0.037005
485 0.036940
486 0.036901
487 0.036860
488 0.036816
489 0.036782
490 0.036747
491 0.036720
492 0.036694
493 0.036672
494 0.036652
495 0.036633
496 0.036618
497 0.036608
498 0.036600
499 0.036595
500 0.036592
