1 1493684.389638
2 1579915.663230
3 1807639.873988
4 1909773.526913
5 1787085.642963
6 1843710.026315
7 1896893.643127
8 1949789.053284
9 1912051.854019
10 1853705.321289
11 1693258.468555
12 1679503.494316
13 1677414.613172
14 1738847.636845
15 1560374.778524
16 1535513.971588
17 1489304.583483
18 1431962.685144
19 1334529.700380
20 1293629.045542
21 1289477.251115
22 1221466.135370
23 1138590.500173
24 1065045.860091
25 1048212.913972
26 1024180.181352
27 863797.372318
28 855680.642507
29 843402.231911
30 756162.938317
31 706811.101769
32 645353.720838
33 644156.105355
34 617031.925470
35 547014.767221
36 531710.093653
37 493283.671260
38 447544.927290
39 426890.146397
40 397491.149812
41 367129.771843
42 351106.823176
43 319312.407856
44 300050.801668
45 259128.193768
46 245560.347624
47 228351.231255
48 213254.826012
49 185938.085471
50 169034.243258
51 156209.463613
52 139421.947600
53 131960.643817
54 118326.726840
55 108299.825736
56 97346.421469
57 89726.378276
58 77166.292873
59 69268.111711
60 63189.320771
61 57886.351545
62 49523.358643
63 42629.985708
64 36653.888295
65 35305.633699
66 30531.756660
67 28945.953168
68 26707.195303
69 22860.994095
70 19597.779285
71 17410.276492
72 15886.571297
73 13805.031898
74 12553.621554
75 10247.598546
76 9336.897601
77 8267.051916
78 7099.955181
79 6271.871417
80 5160.803498
81 4457.888781
82 4027.258355
83 3680.071416
84 3357.350986
85 2871.194871
86 2403.702348
87 2170.841159
88 1790.804915
89 1569.745870
90 1236.921787
91 1074.733452
92 938.591050
93 844.957767
94 670.547349
95 591.204175
96 505.240340
97 446.150633
98 383.003745
99 345.284697
100 299.732298
101 262.034437
102 228.984801
103 194.333872
104 171.283888
105 153.586630
106 130.589640
107 122.828547
108 105.006985
109 89.938066
110 81.854110
111 71.471899
112 62.210423
113 52.632015
114 47.866885
115 41.895948
116 36.296853
117 30.874773
118 26.654317
119 24.540004
120 20.887569
121 18.272495
122 15.749094
123 13.440366
124 11.891482
125 10.425407
126 9.197869
127 7.962973
128 6.854966
129 6.293625
130 5.386648
131 4.826778
132 4.087684
133 3.712306
134 3.213540
135 2.823888
136 2.492225
137 2.188898
138 1.992417
139 1.689202
140 1.472530
141 1.291011
142 1.122448
143 1.002078
144 0.916494
145 0.777519
146 0.693786
147 0.618621
148 0.539832
149 0.475451
150 0.422198
151 0.355612
152 0.311390
153 0.285100
154 0.250940
155 0.217577
156 0.194627
157 0.174059
158 0.151672
159 0.135869
160 0.120163
161 0.108526
162 0.096968
163 0.089731
164 0.078461
165 0.069158
166 0.061225
167 0.054453
168 0.049481
169 0.043451
170 0.039521
171 0.036138
172 0.031129
173 0.027269
174 0.024519
175 0.022195
176 0.019483
177 0.017067
178 0.015026
179 0.013771
180 0.011900
181 0.010785
182 0.009181
183 0.008428
184 0.007514
185 0.006789
186 0.006107
187 0.005462
188 0.004909
189 0.004393
190 0.003812
191 0.003512
192 0.003123
193 0.002819
194 0.002644
195 0.002322
196 0.002082
197 0.001853
198 0.001695
199 0.001544
200 0.001429
201 0.001309
202 0.001181
203 0.001070
204 0.000962
205 0.000864
206 0.000793
207 0.000701
208 0.000642
209 0.000595
210 0.000538
211 0.000487
212 0.000436
213 0.000400
214 0.000360
215 0.000333
216 0.000301
217 0.000276
218 0.000254
219 0.000230
220 0.000216
221 0.000199
222 0.000182
223 0.000168
224 0.000153
225 0.000140
226 0.000131
227 0.000117
228 0.000109
229 0.000099
230 0.000091
231 0.000084
232 0.000077
233 0.000071
234 0.000060
235 0.000058
236 0.000054
237 0.000051
238 0.000046
239 0.000043
240 0.000039
241 0.000036
242 0.000034
243 0.000032
244 0.000029
245 0.000028
246 0.000025
247 0.000024
248 0.000022
249 0.000020
250 0.000019
251 0.000018
252 0.000016
253 0.000015
254 0.000014
255 0.000014
256 0.000013
257 0.000012
258 0.000011
259 0.000010
260 0.000009
261 0.000009
262 0.000008
263 0.000008
264 0.000007
265 0.000007
266 0.000006
267 0.000006
268 0.000006
269 0.000005
270 0.000005
271 0.000005
272 0.000005
273 0.000004
274 0.000004
275 0.000004
276 0.000004
277 0.000003
278 0.000003
279 0.000003
280 0.000003
281 0.000003
282 0.000002
283 0.000002
284 0.000002
285 0.000002
286 0.000002
287 0.000002
288 0.000002
289 0.000002
290 0.000002
291 0.000002
292 0.000001
293 0.000001
294 0.000001
295 0.000001
296 0.000001
297 0.000001
298 0.000001
299 0.000001
300 0.000001
301 0.000001
302 0.000001
303 0.000001
304 0.000001
305 0.000001
306 0.000001
307 0.000001
308 0.000001
309 0.000001
310 0.000001
311 0.000001
312 0.000001
313 0.000001
314 0.000000
315 0.000000
316 0.000000
317 0.000000
318 0.000000
319 0.000000
320 0.000000
321 0.000000
322 0.000000
323 0.000000
324 0.000000
325 0.000000
326 0.000000
327 0.000000
328 0.000000
329 0.000000
330 0.000000
331 0.000000
332 0.000000
333 0.000000
334 0.000000
335 0.000000
336 0.000000
337 0.000000
338 0.000000
339 0.000000
340 0.000000
341 0.000000
342 0.000000
343 0.000000
344 0.000000
345 0.000000
346 0.000000
347 0.000000
348 0.000000
349 0.000000
350 0.000000
351 0.000000
352 0.000000
353 0.000000
354 0.000000
355 0.000000
356 0.000000
357 0.000000
358 0.000000
359 0.000000
360 0.000000
361 0.000000
362 0.000000
363 0.000000
364 0.000000
365 0.000000
366 0.000000
367 0.000000
368 0.000000
369 0.000000
370 0.000000
371 0.000000
372 0.000000
373 0.000000
374 0.000000
375 0.000000
376 0.000000
377 0.000000
378 0.000000
379 0.000000
380 0.000000
381 0.000000
382 0.000000
383 0.000000
384 0.000000
385 0.000000
386 0.000000
387 0.000000
388 0.000000
389 0.000000
390 0.000000
391 0.000000
392 0.000000
393 0.000000
394 0.000000
395 0.000000
396 0.000000
397 0.000000
398 0.000000
399 0.000000
400 0.000000
401 0.000000
402 0.000000
403 0.000000
404 0.000000
405 0.000000
406 0.000000
407 0.000000
408 0.000000
409 0.000000
410 0.000000
411 0.000000
412 0.000000
413 0.000000
414 0.000000
415 0.000000
416 0.000000
417 0.000000
418 0.000000
419 0.000000
420 0.000000
421 0.000000
422 0.000000
423 0.000000
424 0.000000
425 0.000000
426 0.000000
427 0.000000
428 0.000000
429 0.000000
430 0.000000
431 0.000000
432 0.000000
433 0.000000
434 0.000000
435 0.000000
436 0.000000
437 0.000000
438 0.000000
439 0.000000
440 0.000000
441 0.000000
442 0.000000
443 0.000000
444 0.000000
445 0.000000
446 0.000000
447 0.000000
448 0.000000
449 0.000000
450 0.000000
451 0.000000
452 0.000000
453 0.000000
454 0.000000
455 0.000000
456 0.000000
457 0.000000
458 0.000000
459 0.000000
460 0.000000
461 0.000000
462 0.000000
463 0.000000
464 0.000000
465 0.000000
466 0.000000
467 0.000000
468 0.000000
469 0.000000
470 0.000000
471 0.000000
472 0.000000
473 0.000000
474 0.000000
475 0.000000
476 0.000000
477 0.000000
478 0.000000
479 0.000000
480 0.000000
481 0.000000
482 0.000000
483 0.000000
484 0.000000
485 0.000000
486 0.000000
487 0.000000
488 0.000000
489 0.000000
490 0.000000
491 0.000000
492 0.000000
493 0.000000
494 0.000000
495 0.000000
496 0.000000
497 0.000000
498 0.000000
499 0.000000
500 0.000000
