1 3816832.275715
2 6006620.222069
3 4650116.951494
4 6795976.357673
5 7909739.230399
6 8726821.315155
7 8778556.835988
8 10483227.424317
9 10757010.793824
10 8917177.345283
11 11182080.848912
12 10277439.771846
13 14525579.635023
14 14304915.141634
15 14160535.560041
16 16637052.010986
17 18271369.258016
18 13076783.187581
19 13409877.285682
20 16705573.831209
21 16206485.846123
22 15957113.891795
23 15149242.023042
24 15261496.196260
25 23090982.854714
26 18642062.648561
27 19847409.189350
28 18346105.663161
29 21967458.162575
30 23749957.132444
31 22186674.905402
32 21437458.360240
33 16548695.828715
34 22106703.146071
35 17436428.335526
36 22342817.320377
37 25747322.100442
38 21805718.132466
39 22221537.135673
40 15759206.085377
41 18275375.455507
42 21817963.413060
43 14568271.276373
44 22247661.746912
45 17284249.663993
46 24725989.005097
47 19134569.266578
48 21363144.474667
49 20828634.839788
50 20020843.246586
51 22207585.769079
52 15449136.047549
53 17352302.213666
54 17647261.364649
55 17314792.692150
56 13275385.705422
57 17171215.144850
58 15079739.088638
59 19948426.213974
60 17524016.941911
61 18576175.914795
62 19469604.910902
63 16706652.948902
64 12466405.138009
65 15940080.060836
66 13118666.202940
67 13924836.286522
68 13109935.093279
69 10643842.740334
70 14363650.156742
71 10368968.395106
72 11747916.400972
73 7122326.933663
74 7226649.624458
75 8117192.560972
76 6062264.486697
77 7209788.050713
78 5342302.217312
79 8193176.354068
80 7539723.638218
81 8901125.682987
82 6406174.920563
83 6977574.304648
84 6259140.471118
85 7289737.063734
86 5468525.750436
87 4898953.951944
88 6456069.857370
89 6846234.401961
90 6710831.297717
91 5301971.917952
92 3229305.857288
93 4075663.478464
94 2741009.120485
95 4118270.127661
96 2641779.862387
97 3287107.496697
98 4162844.251244
99 4028604.877805
100 3789000.426320
101 2959629.133434
102 3076878.704211
103 3658499.475761
104 3217345.404316
105 2779638.874839
106 2811067.573229
107 2254789.956608
108 1985138.466184
109 2196821.914431
110 2047786.268563
111 1702865.952942
112 1712966.088535
113 1449662.602765
114 1173919.632981
115 1310100.629961
116 1388410.586353
117 1294517.567840
118 1294517.110878
119 1009658.890281
120 1085219.545240
121 1021908.588179
122 848170.898447
123 854838.235622
124 633834.245040
125 854687.144132
126 748825.464485
127 670218.188880
128 501309.082642
129 683523.720691
130 588284.685330
131 463516.597987
132 572283.302012
133 534688.666761
134 458643.174620
135 414544.457743
136 331849.127182
137 394497.671296
138 357389.667109
139 321695.721447
140 276099.748262
141 292335.683395
142 297036.436934
143 231772.067706
144 248644.583814
145 244739.228163
146 208429.453566
147 211472.778397
148 245177.512008
149 204574.016663
150 216038.068431
151 209873.469761
152 191457.740900
153 199782.087741
154 148338.659686
155 187481.108466
156 225023.848049
157 137254.680293
158 164440.377336
159 164091.897778
160 121088.804579
161 130030.440231
162 126306.972583
163 124083.371484
164 87793.887500
165 90871.410752
166 68868.901100
167 73590.205771
168 73028.320668
169 72305.407393
170 61360.652162
171 64829.692322
172 80757.120526
173 80204.622173
174 69336.900325
175 81078.746977
176 58897.270731
177 63800.747516
178 67115.339699
179 70094.649452
180 57637.123052
181 61126.511611
182 51810.578976
183 54894.974209
184 52604.230031
185 59034.615508
186 43391.350940
187 42655.353793
188 42853.703705
189 31034.600941
190 28432.171616
191 27181.321481
192 26311.426723
193 23896.657718
194 26009.617904
195 23496.457055
196 21472.041216
197 25114.855488
198 20365.285214
199 19141.761926
200 20869.636151
201 21277.035553
202 22224.574344
203 17620.495434
204 17269.104198
205 15425.195387
206 15599.468580
207 16087.385039
208 13388.410589
209 12451.589495
210 12508.106610
211 13715.501310
212 9849.166295
213 10835.339330
214 11515.302619
215 10635.486049
216 11026.815057
217 10205.661601
218 9720.993134
219 10109.276109
220 8049.595730
221 8086.474826
222 8081.881963
223 7236.621686
224 8680.483441
225 8358.814799
226 7766.180294
227 7476.853176
228 7151.341053
229 7158.805750
230 6686.928830
231 6763.367269
232 6948.397120
233 5696.978435
234 6049.535082
235 4543.113763
236 4977.057833
237 4834.279882
238 3725.955475
239 4462.253599
240 4177.016464
241 4075.342118
242 3345.431794
243 3241.411609
244 3354.500371
245 3182.635134
246 3075.611047
247 3125.212707
248 2898.074064
249 2657.991155
250 2837.626730
251 2756.299572
252 2434.242060
253 2466.745222
254 2506.294855
255 2356.904656
256 2209.368814
257 2264.650920
258 2192.567912
259 2050.262561
260 2194.119583
261 2153.352895
262 1869.224898
263 1904.075495
264 1671.038004
265 1650.843449
266 1550.772102
267 1461.884300
268 1346.160778
269 1325.319644
270 1290.226995
271 1196.842951
272 1284.201948
273 1335.316292
274 1256.337716
275 1344.505470
276 1171.952153
277 1279.204109
278 1193.363785
279 1034.883768
280 1060.749272
281 947.847274
282 953.294676
283 949.562590
284 875.325950
285 949.022484
286 885.453775
287 897.944845
288 770.616842
289 752.215096
290 659.583008
291 600.961859
292 674.933262
293 635.776994
294 592.250197
295 628.609752
296 600.721081
297 627.884813
298 597.380223
299 559.880827
300 546.061224
301 522.125889
302 534.586946
303 503.279684
304 537.864964
305 458.971051
306 452.617002
307 461.728367
308 475.874646
309 432.775050
310 417.389977
311 429.337048
312 407.180470
313 395.184753
314 390.132685
315 391.186567
316 335.591469
317 329.282574
318 325.364850
319 336.587891
320 336.270801
321 298.261266
322 299.297994
323 307.540278
324 298.218715
325 282.803363
326 276.366727
327 268.011457
328 241.407587
329 238.045857
330 225.246777
331 230.294066
332 207.469347
333 201.725404
334 196.378671
335 186.642223
336 185.258771
337 179.594597
338 187.821742
339 171.268865
340 171.134127
341 177.784402
342 173.294363
343 163.324421
344 171.543375
345 163.660844
346 159.037396
347 164.895000
348 150.591577
349 137.941189
350 143.890878
351 137.957003
352 134.721694
353 131.666753
354 133.729385
355 133.944547
356 134.455876
357 129.440682
358 125.355941
359 118.056945
360 115.224473
361 102.295068
362 105.745418
363 106.805360
364 95.334097
365 95.579832
366 97.950825
367 90.070826
368 86.640899
369 86.994450
370 84.946889
371 79.278161
372 79.278211
373 79.665003
374 80.566625
375 73.022706
376 71.064794
377 67.881607
378 64.893707
379 62.731498
380 58.972633
381 60.636875
382 58.343499
383 56.303941
384 55.461898
385 53.475123
386 54.797527
387 52.577889
388 52.313242
389 53.315496
390 51.366750
391 50.229279
392 49.105959
393 49.052598
394 48.640315
395 48.444611
396 47.182069
397 46.145597
398 44.208067
399 44.457677
400 42.354220
401 41.025317
402 41.389837
403 40.087492
404 40.330763
405 38.900012
406 39.091639
407 39.257279
408 38.100695
409 37.164588
410 36.603872
411 36.010771
412 35.077093
413 34.954204
414 33.391934
415 33.794719
416 32.531129
417 32.574703
418 31.892899
419 31.079365
420 31.169675
421 30.426290
422 29.372864
423 29.012252
424 29.396122
425 28.694742
426 28.291848
427 27.508986
428 27.369315
429 26.954888
430 26.886863
431 26.476335
432 26.210812
433 25.606638
434 25.357939
435 25.352835
436 24.616032
437 24.619699
438 24.168832
439 24.073930
440 23.918194
441 23.629837
442 23.152117
443 22.819042
444 22.440058
445 22.132181
446 22.025096
447 21.700712
448 21.526902
449 21.195990
450 20.943289
451 20.615711
452 20.666735
453 20.426366
454 20.075085
455 19.977456
456 19.696000
457 19.361690
458 19.197204
459 18.971151
460 18.754710
461 18.520875
462 18.300346
463 18.153940
464 17.808439
465 17.633382
466 17.471778
467 17.150169
468 16.941349
469 16.873295
470 16.712196
471 16.446144
472 16.434753
473 16.247613
474 16.174405
475 16.059927
476 15.862182
477 15.776850
478 15.688311
479 15.593473
480 15.480551
481 15.371222
482 15.280809
483 15.137172
484 15.034393
485 14.958691
486 14.888727
487 14.815007
488 14.757876
489 14.706888
490 14.633239
491 14.574052
492 14.520743
493 14.468587
494 14.416347
495 14.386032
496 14.344759
497 14.315978
498 14.300012
499 14.286387
500 14.279964
