1 inf
2 inf
3 inf
4 28756125724705294309609267690676470886149443949984398352131144440786923673210576213864012566624304468413642256115011965373636135512967345107147909012308237598620713709802397987695067890183142770721802274911150345328393163734480736987843116369538611533549555982593781223828281046650680928299153977507840.000000
5 6149986644379728048630865782841564080581508626949459338613036437978873045399063853506612841279332052396070409094152306155207691974703166706498542588100347038916103811106566278997035339445276361938575083878447687065000858268679708510174683435182568014177901296909058633629394010112.000000
6 82647906450424365660452377508579803593125559288313797365887815699603585147426261466739471606957898009682300123034407528549035700785507192240442717721710494595081109906706733210463609704612067458508036752792097348381119822145081733700328762768246544321674362224640.000000
7 9269206954272071848389338745436176071907916753275502601967754288113713030483335911304042778537860158880944668447150227812308112326310228213119097959578941644073226782728370195599578574189591047777213360877233733292654921752769940959526912.000000
8 140683073399062535163548659229064674595206037424102314012878238968139503224292481435246094001249135921741896303520078335702620357106941229310613744719025593686825197949030517319234389466675739125949401818908634388627456.000000
9 803392212856243774305124665123604853228542518367778906871564757928613190011464924027392118377507052497464977039601049630390138713960980296144496025051624267040979223589584848332524437695473601478656.000000
10 240623267199863772717986262670239157487369916100973177800941429630579187495838526058830207894798018353762283962680566190127563046666942309375463781868009509240583803973402624.000000
11 3159195650830497794666621089019454075756221004597388039334810146910496449351030693447261307217153517300460606373687996436164670918090246309123334783325175808.000000
12 11309082636897028010859689228936527140277601590236459886865413121236189470358455499630532351719120952815897547462908400982651530379264.000000
13 26222767159754950479618369334301906153040502510063334744316436189501871772116774893106178875052817234157109248.000000
14 412720410153705940837062755866828051528225857247604144556188093330731056696500483438673920.000000
15 65451310720120393282734371019319770430545321299032837946417663180800.000000
16 12353085982805958606585704427940454162497536.000000
17 6669906254230688280608768.000000
18 936.304143
19 735.901146
20 559.510041
21 453.059582
22 352.865904
23 287.489617
24 234.679236
25 192.453612
26 160.357079
27 125.962620
28 102.851376
29 81.782606
30 65.938430
31 51.863477
32 44.203993
33 33.456324
34 28.478207
35 22.624556
36 18.570283
37 15.281733
38 12.326650
39 10.251313
40 8.240439
41 6.745282
42 5.571458
43 4.561541
44 3.743023
45 3.039627
46 2.560094
47 2.047525
48 1.660483
49 1.340300
50 1.053640
51 0.888469
52 0.725728
53 0.581337
54 0.496385
55 0.403833
56 0.326232
57 0.276585
58 0.229456
59 0.187133
60 0.151377
61 0.128230
62 0.105451
63 0.084802
64 0.069025
65 0.056469
66 0.046126
67 0.036967
68 0.029896
69 0.024269
70 0.020152
71 0.015885
72 0.012966
73 0.010932
74 0.009000
75 0.007392
76 0.005823
77 0.004806
78 0.003953
79 0.003201
80 0.002666
81 0.002194
82 0.001804
83 0.001489
84 0.001214
85 0.000999
86 0.000832
87 0.000682
88 0.000557
89 0.000455
90 0.000375
91 0.000308
92 0.000257
93 0.000210
94 0.000173
95 0.000144
96 0.000119
97 0.000099
98 0.000082
99 0.000066
100 0.000055
101 0.000046
102 0.000037
103 0.000030
104 0.000026
105 0.000021
106 0.000017
107 0.000014
108 0.000012
109 0.000010
110 0.000008
111 0.000007
112 0.000006
113 0.000005
114 0.000004
115 0.000003
116 0.000003
117 0.000002
118 0.000002
119 0.000002
120 0.000001
121 0.000001
122 0.000001
123 0.000001
124 0.000001
125 0.000001
126 0.000000
127 0.000000
128 0.000000
129 0.000000
130 0.000000
131 0.000000
132 0.000000
133 0.000000
134 0.000000
135 0.000000
136 0.000000
137 0.000000
138 0.000000
139 0.000000
140 0.000000
141 0.000000
142 0.000000
143 0.000000
144 0.000000
145 0.000000
146 0.000000
147 0.000000
148 0.000000
149 0.000000
150 0.000000
151 0.000000
152 0.000000
153 0.000000
154 0.000000
155 0.000000
156 0.000000
157 0.000000
158 0.000000
159 0.000000
160 0.000000
161 0.000000
162 0.000000
163 0.000000
164 0.000000
165 0.000000
166 0.000000
167 0.000000
168 0.000000
169 0.000000
170 0.000000
171 0.000000
172 0.000000
173 0.000000
174 0.000000
175 0.000000
176 0.000000
177 0.000000
178 0.000000
179 0.000000
180 0.000000
181 0.000000
182 0.000000
183 0.000000
184 0.000000
185 0.000000
186 0.000000
187 0.000000
188 0.000000
189 0.000000
190 0.000000
191 0.000000
192 0.000000
193 0.000000
194 0.000000
195 0.000000
196 0.000000
197 0.000000
198 0.000000
199 0.000000
200 0.000000
201 0.000000
202 0.000000
203 0.000000
204 0.000000
205 0.000000
206 0.000000
207 0.000000
208 0.000000
209 0.000000
210 0.000000
211 0.000000
212 0.000000
213 0.000000
214 0.000000
215 0.000000
216 0.000000
217 0.000000
218 0.000000
219 0.000000
220 0.000000
221 0.000000
222 0.000000
223 0.000000
224 0.000000
225 0.000000
226 0.000000
227 0.000000
228 0.000000
229 0.000000
230 0.000000
231 0.000000
232 0.000000
233 0.000000
234 0.000000
235 0.000000
236 0.000000
237 0.000000
238 0.000000
239 0.000000
240 0.000000
241 0.000000
242 0.000000
243 0.000000
244 0.000000
245 0.000000
246 0.000000
247 0.000000
248 0.000000
249 0.000000
250 0.000000
251 0.000000
252 0.000000
253 0.000000
254 0.000000
255 0.000000
256 0.000000
257 0.000000
258 0.000000
259 0.000000
260 0.000000
261 0.000000
262 0.000000
263 0.000000
264 0.000000
265 0.000000
266 0.000000
267 0.000000
268 0.000000
269 0.000000
270 0.000000
271 0.000000
272 0.000000
273 0.000000
274 0.000000
275 0.000000
276 0.000000
277 0.000000
278 0.000000
279 0.000000
280 0.000000
281 0.000000
282 0.000000
283 0.000000
284 0.000000
285 0.000000
286 0.000000
287 0.000000
288 0.000000
289 0.000000
290 0.000000
291 0.000000
292 0.000000
293 0.000000
294 0.000000
295 0.000000
296 0.000000
297 0.000000
298 0.000000
299 0.000000
300 0.000000
301 0.000000
302 0.000000
303 0.000000
304 0.000000
305 0.000000
306 0.000000
307 0.000000
308 0.000000
309 0.000000
310 0.000000
311 0.000000
312 0.000000
313 0.000000
314 0.000000
315 0.000000
316 0.000000
317 0.000000
318 0.000000
319 0.000000
320 0.000000
321 0.000000
322 0.000000
323 0.000000
324 0.000000
325 0.000000
326 0.000000
327 0.000000
328 0.000000
329 0.000000
330 0.000000
331 0.000000
332 0.000000
333 0.000000
334 0.000000
335 0.000000
336 0.000000
337 0.000000
338 0.000000
339 0.000000
340 0.000000
341 0.000000
342 0.000000
343 0.000000
344 0.000000
345 0.000000
346 0.000000
347 0.000000
348 0.000000
349 0.000000
350 0.000000
351 0.000000
352 0.000000
353 0.000000
354 0.000000
355 0.000000
356 0.000000
357 0.000000
358 0.000000
359 0.000000
360 0.000000
361 0.000000
362 0.000000
363 0.000000
364 0.000000
365 0.000000
366 0.000000
367 0.000000
368 0.000000
369 0.000000
370 0.000000
371 0.000000
372 0.000000
373 0.000000
374 0.000000
375 0.000000
376 0.000000
377 0.000000
378 0.000000
379 0.000000
380 0.000000
381 0.000000
382 0.000000
383 0.000000
384 0.000000
385 0.000000
386 0.000000
387 0.000000
388 0.000000
389 0.000000
390 0.000000
391 0.000000
392 0.000000
393 0.000000
394 0.000000
395 0.000000
396 0.000000
397 0.000000
398 0.000000
399 0.000000
400 0.000000
401 0.000000
402 0.000000
403 0.000000
404 0.000000
405 0.000000
406 0.000000
407 0.000000
408 0.000000
409 0.000000
410 0.000000
411 0.000000
412 0.000000
413 0.000000
414 0.000000
415 0.000000
416 0.000000
417 0.000000
418 0.000000
419 0.000000
420 0.000000
421 0.000000
422 0.000000
423 0.000000
424 0.000000
425 0.000000
426 0.000000
427 0.000000
428 0.000000
429 0.000000
430 0.000000
431 0.000000
432 0.000000
433 0.000000
434 0.000000
435 0.000000
436 0.000000
437 0.000000
438 0.000000
439 0.000000
440 0.000000
441 0.000000
442 0.000000
443 0.000000
444 0.000000
445 0.000000
446 0.000000
447 0.000000
448 0.000000
449 0.000000
450 0.000000
451 0.000000
452 0.000000
453 0.000000
454 0.000000
455 0.000000
456 0.000000
457 0.000000
458 0.000000
459 0.000000
460 0.000000
461 0.000000
462 0.000000
463 0.000000
464 0.000000
465 0.000000
466 0.000000
467 0.000000
468 0.000000
469 0.000000
470 0.000000
471 0.000000
472 0.000000
473 0.000000
474 0.000000
475 0.000000
476 0.000000
477 0.000000
478 0.000000
479 0.000000
480 0.000000
481 0.000000
482 0.000000
483 0.000000
484 0.000000
485 0.000000
486 0.000000
487 0.000000
488 0.000000
489 0.000000
490 0.000000
491 0.000000
492 0.000000
493 0.000000
494 0.000000
495 0.000000
496 0.000000
497 0.000000
498 0.000000
499 0.000000
500 0.000000
