1 17967055.718426
2 20320314.139245
3 24338683.160655
4 29208696.912622
5 33850846.013948
6 40450526.160684
7 37882778.657472
8 49825087.332107
9 54156333.245546
10 63875433.628822
11 89975307.841918
12 109880927.452383
13 100990071.581566
14 129447963.620293
15 123389760.470334
16 164630905.068044
17 172629915.864994
18 192901142.761194
19 196996332.768237
20 266855780.778374
21 307354061.646228
22 345710227.041780
23 266928064.659978
24 336070896.991151
25 409735919.806096
26 354584520.878794
27 426568198.964513
28 406852352.753478
29 452827832.251677
30 427806767.326387
31 497837593.095482
32 417052120.364225
33 433279324.002656
34 408036583.737787
35 507443019.519302
36 512684889.979782
37 390227480.285617
38 519355875.707235
39 627617251.750400
40 557214844.058623
41 653286865.587632
42 658846781.278895
43 569299226.965168
44 603110713.111028
45 519547990.939574
46 561019754.255072
47 586826366.858148
48 423651108.896287
49 528008321.968982
50 615085548.393126
51 604924892.402322
52 540023163.937660
53 601963367.739299
54 366676080.779818
55 673768575.684023
56 547057807.366672
57 624132649.880954
58 701067904.650767
59 601825680.903795
60 802272240.861039
61 866438150.184775
62 674315601.263352
63 795046308.536364
64 834344684.442049
65 865159726.767146
66 861082411.380655
67 1036236262.493680
68 872537183.723672
69 841254628.010869
70 737308480.150468
71 651641259.289289
72 725419777.755501
73 719240146.243127
74 613703464.225354
75 582028356.700141
76 468402104.930037
77 347056207.707610
78 340774966.446920
79 411145525.231551
80 358348413.980355
81 289836076.685526
82 305941219.485325
83 298703750.502328
84 208269587.080225
85 380832769.431427
86 258167840.006292
87 267735839.878513
88 292602651.532404
89 206506522.381058
90 300620023.110819
91 289239707.084887
92 320188165.101854
93 307397698.532169
94 271734634.997658
95 303839676.389458
96 316998181.997340
97 331384139.594348
98 254088809.697661
99 206506735.807669
100 214456877.871966
101 255506323.002516
102 176200656.123756
103 189108219.586516
104 138487137.059864
105 164591800.354551
106 135340853.190551
107 153593820.482858
108 120074692.201024
109 145193694.021392
110 148671935.472182
111 156334294.185707
112 144104384.600949
113 117028797.917406
114 140379036.540486
115 97355376.953975
116 96995619.160428
117 97699955.485449
118 89045800.737511
119 80946441.939901
120 84432859.442410
121 85344157.444508
122 91300311.590442
123 70405662.079013
124 88148734.305236
125 75809893.949416
126 73154874.205373
127 88756936.529578
128 75829018.542280
129 72238471.241625
130 84096635.969837
131 68369093.049931
132 63738003.206015
133 54531359.357304
134 50577304.665672
135 64531946.109390
136 58521815.955528
137 49965428.774427
138 55231283.219963
139 51221796.014542
140 48435544.875837
141 46322725.701338
142 54194052.007747
143 42144412.718428
144 48188450.057950
145 55148778.188014
146 52192284.624091
147 48124413.453764
148 50074784.795488
149 49508011.530491
150 46345297.156288
151 44811540.891469
152 34008884.429191
153 31736943.895714
154 32013741.619328
155 33568435.867284
156 27217570.796083
157 22185451.418623
158 25006987.366350
159 27734217.164215
160 21843439.688573
161 20517866.255084
162 20964946.531932
163 17683909.285760
164 15732006.966768
165 16772546.274487
166 15658247.025518
167 13820596.321888
168 14580382.578929
169 16346043.054171
170 14866764.408290
171 15731490.388211
172 14639157.541468
173 11849126.608169
174 11976890.685949
175 11409812.043814
176 9680910.478849
177 9529405.297544
178 7328209.408237
179 7502021.471151
180 6861307.009703
181 6455967.065564
182 5393409.339007
183 6045804.746089
184 5039568.568465
185 4636227.596440
186 4761629.602507
187 4634429.591365
188 4247803.821116
189 4170759.638335
190 4478516.048261
191 4122804.071924
192 3066425.274330
193 3431645.418184
194 3717299.717340
195 2943966.973019
196 3642913.724507
197 3090838.466876
198 3076545.098681
199 3015062.523915
200 2315353.377360
201 2833959.196715
202 2789724.504121
203 2626066.996903
204 2312524.188416
205 2207698.974539
206 1850866.302679
207 1982991.212341
208 1370656.583883
209 1519806.209680
210 1767365.546918
211 1541440.176782
212 1359694.157384
213 1621336.186216
214 1653313.953337
215 1276469.676165
216 1360420.825272
217 1136558.969348
218 1089813.350166
219 963314.305463
220 931799.415931
221 896980.466322
222 1011453.471230
223 991947.271179
224 1002810.677107
225 841113.605720
226 917521.420777
227 948793.659972
228 944110.060799
229 830375.322751
230 897029.185849
231 796896.337548
232 762470.868337
233 802412.302104
234 777122.589063
235 725847.252999
236 593131.726219
237 615830.667192
238 489229.960807
239 553785.930098
240 525827.880799
241 540959.938264
242 640600.173143
243 537330.102916
244 503000.861369
245 546920.973096
246 458964.237347
247 415217.133527
248 385437.495362
249 416329.230323
250 354159.172780
251 349878.996423
252 422835.824825
253 352030.065507
254 430160.263375
255 403769.506675
256 378726.676302
257 427312.107023
258 396671.343662
259 383803.332622
260 420269.279937
261 368267.938562
262 329975.082056
263 356956.728455
264 331994.881892
265 378568.266058
266 349212.714003
267 324665.054896
268 323759.171354
269 261211.324751
270 274963.898291
271 305837.804165
272 323634.781567
273 285217.694659
274 277796.587292
275 287122.030792
276 257525.614626
277 243532.242958
278 254907.201901
279 229353.374300
280 260563.438319
281 245468.546927
282 230249.194617
283 242120.551560
284 232332.045575
285 224575.071374
286 205686.378472
287 216689.827165
288 209891.869853
289 200709.616278
290 187932.595455
291 173452.175496
292 172922.318812
293 169029.456680
294 173817.914831
295 167847.768640
296 161633.399671
297 160979.837229
298 154846.297086
299 154480.861463
300 144798.850089
301 143090.900366
302 139579.352013
303 142077.320054
304 142478.006113
305 128447.509112
306 132821.277093
307 130195.613528
308 121244.321883
309 122731.757721
310 117564.903132
311 123524.912393
312 119132.434846
313 114395.680778
314 103163.006110
315 107470.147309
316 104252.891216
317 103779.562244
318 95614.711618
319 101068.758642
320 99194.218462
321 95135.988315
322 105447.274759
323 93407.344041
324 88919.376617
325 87698.485254
326 93427.432833
327 88582.048377
328 93246.987497
329 89982.467767
330 88554.878815
331 85921.488188
332 77799.259197
333 81656.554030
334 77147.623770
335 77649.508074
336 82241.252031
337 73836.040716
338 69880.402658
339 64110.128768
340 65925.568524
341 64538.849750
342 60941.086871
343 62951.365504
344 64360.498376
345 58002.923626
346 59379.678779
347 58063.676025
348 56080.013923
349 57104.673880
350 54532.035701
351 54243.707245
352 52027.755031
353 50830.523362
354 48409.632548
355 49775.436280
356 46528.644567
357 45142.304925
358 44611.465760
359 44794.594887
360 41863.035405
361 40477.783394
362 41466.391168
363 38982.450253
364 40357.624770
365 39082.407274
366 38292.281139
367 37308.459232
368 35555.929826
369 35537.297440
370 36428.750753
371 33898.114791
372 35085.612917
373 35269.542019
374 33773.150667
375 34267.642622
376 33960.978465
377 33252.928667
378 33690.167085
379 31762.108057
380 31168.942305
381 31194.088154
382 29720.859843
383 30016.214621
384 29175.292271
385 29409.958940
386 28628.132307
387 28052.729028
388 28323.570228
389 26672.624511
390 26679.129167
391 26141.433216
392 26859.008283
393 26335.153460
394 25501.385899
395 25081.051000
396 24078.429046
397 23989.208449
398 23792.811325
399 23446.319639
400 22812.641954
401 22432.927299
402 22620.708992
403 22146.347906
404 21071.039621
405 21405.708991
406 21148.044136
407 20793.824538
408 20741.194099
409 20909.482787
410 20641.786415
411 20124.112521
412 19675.321410
413 19543.027163
414 19351.080361
415 19467.054464
416 19226.396458
417 19111.681025
418 18420.133035
419 18412.773803
420 18428.076496
421 17697.028874
422 17630.590051
423 17460.879116
424 17270.825565
425 17152.030535
426 16504.084611
427 16669.459999
428 16175.771620
429 16164.138002
430 15792.597643
431 15626.487472
432 15130.612787
433 15238.331988
434 15124.776537
435 14842.695420
436 14549.854970
437 14359.114281
438 14251.381226
439 14109.726932
440 14095.520549
441 13776.956886
442 13439.031050
443 13334.916224
444 13127.953190
445 13007.591717
446 12680.368202
447 12539.211206
448 12398.956427
449 12225.334676
450 12147.798179
451 12055.273511
452 11840.503995
453 11727.567984
454 11577.122269
455 11543.717829
456 11358.567331
457 11248.244963
458 11180.629019
459 11105.991393
460 10933.641520
461 10804.488198
462 10673.324718
463 10701.934252
464 10529.590255
465 10439.520103
466 10365.432961
467 10278.345856
468 10191.511691
469 10072.485615
470 10007.985963
471 9962.153591
472 9811.491972
473 9748.658190
474 9677.739572
475 9605.798703
476 9520.846408
477 9472.589413
478 9385.256368
479 9339.617802
480 9275.715036
481 9188.348949
482 9161.740370
483 9094.098780
484 9042.812371
485 8986.098618
486 8948.529698
487 8899.811046
488 8870.274958
489 8823.554858
490 8800.792808
491 8766.577810
492 8731.580076
493 8713.919327
494 8693.195032
495 8675.892425
496 8659.076743
497 8646.532173
498 8636.968840
499 8629.252033
500 8625.409771
