1 inf
2 inf
3 inf
4 inf
5 inf
6 inf
7 inf
8 inf
9 inf
10 inf
11 inf
12 inf
13 inf
14 inf
15 inf
16 inf
17 inf
18 inf
19 inf
20 inf
21 inf
22 inf
23 inf
24 inf
25 inf
26 inf
27 inf
28 inf
29 inf
30 inf
31 inf
32 inf
33 inf
34 inf
35 inf
36 inf
37 inf
38 inf
39 inf
40 inf
41 inf
42 inf
43 inf
44 inf
45 inf
46 inf
47 inf
48 inf
49 inf
50 inf
51 12376657139216993333880073897100190248653622322082918166770440235778390714210694012465141156152478869009698086747364753902652119567697506917886381910936823334294581233654594665594680933371386230280152227170225348485656661818571070141131832590010446438966540712822119054137236633850274396578986921339912192.000000
52 10011258821841285793891436910445883674893975239830472978903860101797252207436789024690190585937719643383650377733018147748288105443373595009335108912730221633218073162625147305930741302696655554946740099038530918759342588272235341695040461057165850990305067184231081938596405710493319168.000000
53 46856219805428774107109238202543561050024299925721871391914768382794371298541123050901696154781080907670311445773237988890236950492627960212245722795715980704760433665247840300692872368833704530225496204838830053784466101386857214408332107419860261593030529881473024.000000
54 6568923863473639442950810659000358293782657241872309172216754540427397322768130935131727311615078937409827533124430208871589741250783356789638394339572249401164279692198284595382395806701961825851703373142165610385237098374930962947204051357401088.000000
55 1879907348439477106804740790207103401901865343849409608836918905590563551069949141530381936866249408204421728151260198601033634470486469512089033089266467037701421873934097036200385048330455688724744988817658558199889920.000000
56 17965652165541624915675955864997120898556161925368171079022724926694880051069883149613515134513214005028263943633453795404602170897020035404916454086838333252149783339527444333194189567100070481914923530611343753216.000000
57 314452352399201594033622075735454859577585230029656644027625140586145904261502295578510724068488111382762884767734586540778923450803515960428537717352834300419804027487527441220996230545408.000000
58 8459352262293011662464265649247507522502212128028030570075779558960145036523604967841564796304717574541823766447093356535912142365448229845498867893608957426669049990009061376.000000
59 13130912720149307019015916012921463864429644420058867745333692953188007520371948794290992953853822188883141978545199689943061605492385121339845476865802240.000000
60 4928916636192883874230132065477865120799598718717175366739575912933269566068080089698523992032012585439475773707794994103454462661183406080.000000
61 2961346410526600588819469638440727146101632705462226711849291680944079307336053310311105992865580082234062852452681515008.000000
62 64582265667805358163334316919274893699285355180677789915833387726217303907337988201202681894316468600832.000000
63 3132698728360011259840792660660873993590747221747599403361998404285620940303619640524800.000000
64 880179595234564396967064670320319388151968310605170009478120817575757611008.000000
65 801330841226111430913887033034948030504045949858349056.000000
66 80382037877152938506460794783544681431040.000000
67 22022772650126478409728.000000
68 17761.672103
69 17225.189732
70 13216.265936
71 11699.750464
72 9144.059619
73 8085.856656
74 6932.606759
75 6165.967592
76 5207.667374
77 4439.127798
78 3884.871976
79 3350.094045
80 2904.736632
81 2559.093549
82 2273.010147
83 2016.686202
84 1826.177069
85 1659.951925
86 1507.045697
87 1312.049974
88 1208.280220
89 1113.356049
90 995.207805
91 899.596330
92 821.201145
93 746.774583
94 693.425432
95 627.916316
96 568.749329
97 521.413516
98 485.831306
99 436.938301
100 393.766964
101 362.478775
102 327.576553
103 293.209338
104 266.088381
105 248.471191
106 228.548401
107 209.223544
108 187.913819
109 172.735696
110 160.205848
111 147.061702
112 133.426569
113 116.395640
114 105.696688
115 95.716568
116 88.228145
117 80.629577
118 74.354985
119 65.552067
120 60.159750
121 54.473271
122 49.164586
123 45.361177
124 41.155539
125 37.501465
126 33.220407
127 30.361012
128 27.839368
129 25.313774
130 22.767254
131 20.938464
132 19.224910
133 18.001532
134 16.349946
135 15.072934
136 14.108355
137 12.749646
138 11.681723
139 10.630366
140 9.859174
141 9.184509
142 8.473836
143 7.833041
144 7.094313
145 6.613086
146 6.081522
147 5.661640
148 5.160963
149 4.811114
150 4.438635
151 4.059621
152 3.808505
153 3.518964
154 3.303583
155 3.062689
156 2.873835
157 2.690695
158 2.497792
159 2.261146
160 2.143488
161 1.999350
162 1.868712
163 1.741448
164 1.583078
165 1.470627
166 1.393483
167 1.300249
168 1.215953
169 1.138826
170 1.066180
171 0.997764
172 0.926150
173 0.860697
174 0.807404
175 0.758187
176 0.714607
177 0.664849
178 0.623045
179 0.585488
180 0.546564
181 0.518883
182 0.485753
183 0.455274
184 0.427024
185 0.401788
186 0.379519
187 0.354950
188 0.333039
189 0.315922
190 0.290262
191 0.274747
192 0.258747
193 0.244125
194 0.229083
195 0.217505
196 0.204800
197 0.193273
198 0.182369
199 0.172343
200 0.161649
201 0.152321
202 0.143519
203 0.135403
204 0.128319
205 0.121380
206 0.114940
207 0.108130
208 0.103315
209 0.097376
210 0.093396
211 0.088517
212 0.084718
213 0.080198
214 0.076783
215 0.072731
216 0.069385
217 0.066158
218 0.062389
219 0.059837
220 0.057169
221 0.054744
222 0.051841
223 0.049122
224 0.046515
225 0.044213
226 0.042498
227 0.040697
228 0.038593
229 0.037157
230 0.034996
231 0.033476
232 0.032153
233 0.031022
234 0.029780
235 0.028132
236 0.027141
237 0.026168
238 0.025021
239 0.023934
240 0.023151
241 0.022077
242 0.021424
243 0.020631
244 0.019808
245 0.019063
246 0.018336
247 0.017537
248 0.016761
249 0.016092
250 0.015404
251 0.014853
252 0.014146
253 0.013759
254 0.013310
255 0.012707
256 0.012306
257 0.011808
258 0.011365
259 0.010908
260 0.010586
261 0.010221
262 0.009813
263 0.009512
264 0.009230
265 0.008912
266 0.008573
267 0.008262
268 0.007921
269 0.007674
270 0.007450
271 0.007164
272 0.006947
273 0.006755
274 0.006539
275 0.006331
276 0.006151
277 0.005875
278 0.005708
279 0.005527
280 0.005364
281 0.005181
282 0.005027
283 0.004899
284 0.004716
285 0.004582
286 0.004482
287 0.004334
288 0.004212
289 0.004079
290 0.003984
291 0.003855
292 0.003740
293 0.003645
294 0.003534
295 0.003436
296 0.003334
297 0.003252
298 0.003151
299 0.003070
300 0.002984
301 0.002914
302 0.002820
303 0.002751
304 0.002683
305 0.002614
306 0.002543
307 0.002472
308 0.002406
309 0.002352
310 0.002303
311 0.002234
312 0.002176
313 0.002130
314 0.002077
315 0.002020
316 0.001984
317 0.001934
318 0.001879
319 0.001847
320 0.001808
321 0.001771
322 0.001724
323 0.001682
324 0.001645
325 0.001610
326 0.001577
327 0.001540
328 0.001498
329 0.001470
330 0.001439
331 0.001409
332 0.001381
333 0.001354
334 0.001319
335 0.001295
336 0.001264
337 0.001239
338 0.001215
339 0.001193
340 0.001165
341 0.001144
342 0.001121
343 0.001100
344 0.001079
345 0.001056
346 0.001038
347 0.001020
348 0.000999
349 0.000981
350 0.000967
351 0.000947
352 0.000930
353 0.000916
354 0.000901
355 0.000883
356 0.000866
357 0.000852
358 0.000839
359 0.000823
360 0.000806
361 0.000790
362 0.000782
363 0.000766
364 0.000756
365 0.000745
366 0.000732
367 0.000719
368 0.000709
369 0.000699
370 0.000687
371 0.000676
372 0.000664
373 0.000654
374 0.000641
375 0.000634
376 0.000624
377 0.000616
378 0.000606
379 0.000596
380 0.000590
381 0.000580
382 0.000573
383 0.000565
384 0.000554
385 0.000548
386 0.000540
387 0.000534
388 0.000528
389 0.000522
390 0.000514
391 0.000508
392 0.000502
393 0.000497
394 0.000491
395 0.000485
396 0.000478
397 0.000473
398 0.000467
399 0.000462
400 0.000457
401 0.000451
402 0.000447
403 0.000442
404 0.000438
405 0.000434
406 0.000430
407 0.000426
408 0.000421
409 0.000418
410 0.000413
411 0.000408
412 0.000404
413 0.000400
414 0.000397
415 0.000393
416 0.000390
417 0.000385
418 0.000381
419 0.000378
420 0.000375
421 0.000370
422 0.000367
423 0.000364
424 0.000361
425 0.000359
426 0.000356
427 0.000352
428 0.000349
429 0.000347
430 0.000344
431 0.000341
432 0.000338
433 0.000336
434 0.000334
435 0.000331
436 0.000329
437 0.000327
438 0.000324
439 0.000322
440 0.000319
441 0.000317
442 0.000316
443 0.000313
444 0.000312
445 0.000310
446 0.000308
447 0.000306
448 0.000304
449 0.000302
450 0.000300
451 0.000299
452 0.000297
453 0.000296
454 0.000294
455 0.000292
456 0.000291
457 0.000289
458 0.000288
459 0.000287
460 0.000286
461 0.000284
462 0.000283
463 0.000282
464 0.000281
465 0.000280
466 0.000279
467 0.000278
468 0.000276
469 0.000276
470 0.000274
471 0.000274
472 0.000273
473 0.000272
474 0.000271
475 0.000270
476 0.000269
477 0.000269
478 0.000268
479 0.000267
480 0.000267
481 0.000266
482 0.000266
483 0.000265
484 0.000265
485 0.000264
486 0.000264
487 0.000263
488 0.000263
489 0.000263
490 0.000262
491 0.000262
492 0.000262
493 0.000262
494 0.000261
495 0.000261
496 0.000261
497 0.000261
498 0.000261
499 0.000261
500 0.000261
