1 inf
2 inf
3 inf
4 inf
5 inf
6 inf
7 inf
8 inf
9 inf
10 inf
11 38331380524925211888019979704602383460840180887699655497893569223120430526635593988856765108161999985637446251165301779994884545745545366736974868006198747017894903887739725277553852031024380416487313572740202662926510409557115802469036006719377008991177989343612309998663857137964176359103380853501500325888.000000
12 99642540196154404654333348383514719857925482034602605306163949620861569364242903784519125833444386442967968087824688345490412228499564547536393182300368680534789100573863371228105865379168160714589099626899778948994394495164381100765579672495365673020400591163614218587972823886756400885703756145504550912.000000
13 700033707030562506003025085567972056827127504496818820081321715730748523323708343495260349416948174964973913902046473786231478895195513831387863879953001792736601266945011664228911857748256763982113750895646737730989796846150088391584009840222162137926686453265843173614287989872501030791086604288.000000
14 19999011570035892285605859926911910011168356683121463837766622340478099720813228234096816756484638816347819924468039608642720139432741545931120789505542671620092049515928994280285798612979874561154166930144588294002551018830820740887735794398254334646786565134325248577657366840562133004976128.000000
15 20337979582177041061957392457438256563124129175621442429514909504484104954405143404906650710180336572246502343529855859545472928049750597863026947775149757907224211362162936506528003189922621377355818876001591815478070565816251311320498625251549965609185927995280729036883073433600.000000
16 13104768872606090407740841041868533159087097331452142165151707192811930931391328892285524958898066828468236687083198597765209351878560973735406596463647669125366100583373122155868272177523678095433913024148874546320610752098509161593099705976494263297315949785302617586401280.000000
17 449909769384462991978921700452058099785629563239130127804153006157212010177670350640137359673943870076775787992799344444139454358475695460903958817686297389543215288005959204726319410948308241098123447237769782992795169668850671745992499847865439064599241439391514624.000000
18 172370125731423017814753587970360618592555468322601474064765758312593536209868404565070308594758083690248423521532484559353774522948203918816842318244448024353517122554469325823992442992434362255995182265195031165888441812377389370513581797296024236064768.000000
19 26547786540729589966070374826594361272279525917553942805116215586421076668227427301782724449753612721885183336258340328045199572811735001462094210994956614931562883488354698366802379890226887905177551864829617392264034411811249791407439900311552.000000
20 41432793859464368949546901168242225117926554354390035349491848375106160400910005398450535300996244653581529971661351872430285463207149994284029842569835649640410112558844155606426163554747896634533511695806717761605554282956382432936329216.000000
21 8459612573461035356469175617889387239303408140343911003054108570674094734273122344002287841531250079272075365873278700459285072682684164975562493079818791696558054233469062430725748493184155372982770651839343774866020822417408.000000
22 62008140798327731668866250816629572007156547904293451877009615425323168730966968934950906576970307904476913070442725215671099877992465318312876142126915782251100688253534975856520391536812239845091128022823912117108736.000000
23 7815328484796355565284114241898497233837965431915146483669823617861698556781419849199304253844845040265305826460415657489755985492931878357932440268207803780003363246305711466737355377619728238373530340588913269145600.000000
24 874952374937321243450763493090511256476197883470553934470684120358123441215000990073353021120259068711100655758195551382983865123240665745651582912149408481284184655825519258422814546108052672786094863941632.000000
25 1710691143634046187340879263157123996263464221351527665497061883070323574853436959250227591034689437255252683469908022908009923392304157973277616719263580166675686110310724178392348015204055948013338624.000000
26 17506205816755044284892714014375449686478792498054537627692734571948996017267625025496921735382369904161054575612143119076325017320950073124861343324672492945981804644265600561940729255734280192.000000
27 58347346965109711306529982409719027785557554863100180979657625490797306591421955186280581454071555655217906320409087557007013623118030220467284769058382650526164120738171548161074528256.000000
28 10162686793955975770617172764377882719067796058864193253807813371662796998330232778944406850061772058685322597385205434664013058359645767161443278143723363327754255161745119117312.000000
29 67918943652482772241365683919193351878212602983060245702302318657333975140162527901040983497543561686528504561177946635590337585249887876432843150140139009147928408227840.000000
30 11684733147917117075954012081010228614707697100404410555886716668199714987111522976347587952585257840993547830635282652989332482285907702508580117676164284992716800.000000
31 93838695862402592708859265436650420811653469743255128786392568984551205097453738407303943204280159596286720511574965287658365405054836127659994169663715016704.000000
32 87876270222659409176466192035905317687386909876110023055319299116752279040422646788983575298277263783675409421109511819864175287972355112960.000000
33 4699052763353341578853471183736635374794646784687117689501780493936280390760938374790693156691677182551510502610894180978475140598726656.000000
34 14846796533087681203598962490177872998478762460040684848988345791912118562129901943444157515383608264119955966336285278208.000000
35 14410042245300771810070680828538840947859876190696289516523488372287413723993083300814470077361038806817809570212085760.000000
36 444495668121626395203324157830708493944814624313700295437901328736566719816485192969592951508390308216832.000000
37 8659728764426506451078909369281687003925317491760159315214868258018843269622152078011986004332773376.000000
38 65344145931579964765845265750074219191805970990247490036072888572461339741355769352683520.000000
39 2115999990920544357323752460116977814669955235210731483698887056372369410729443328.000000
40 9721576943103046110171693093246479121128859989871936047971470949602033664.000000
41 6668931338494333821262793527388810514253692028206226133850521600.000000
42 6972407404481928552719788520218202557300591385565462528.000000
43 123723077579914899161356083000246272.000000
44 9256896205827178956887169171456.000000
45 38545411596931497984.000000
46 10388280006.636009
47 212718.295475
48 4792.713498
49 3393.921153
50 2783.206452
51 2165.907592
52 1967.024643
53 1651.036887
54 1382.766973
55 1186.522265
56 1052.658522
57 899.864670
58 798.578646
59 698.816330
60 554.171022
61 492.781922
62 425.638054
63 367.074272
64 323.770639
65 278.662046
66 247.789140
67 221.415421
68 191.967845
69 175.299821
70 157.379872
71 140.426874
72 123.765859
73 107.176952
74 94.562846
75 89.295628
76 78.761574
77 69.180024
78 62.414899
79 55.239655
80 50.184860
81 43.069445
82 38.719408
83 33.635799
84 28.493994
85 26.185111
86 22.447792
87 20.260316
88 17.969346
89 15.853626
90 14.682159
91 12.873062
92 11.236211
93 10.025487
94 9.042045
95 7.561009
96 6.927954
97 6.296537
98 5.752568
99 4.977003
100 4.442454
101 3.991272
102 3.462797
103 3.129517
104 2.797674
105 2.541504
106 2.252611
107 1.987932
108 1.781716
109 1.597590
110 1.417904
111 1.253847
112 1.107805
113 0.998929
114 0.879769
115 0.810206
116 0.738627
117 0.660528
118 0.584102
119 0.505568
120 0.441492
121 0.407286
122 0.356874
123 0.319947
124 0.286869
125 0.253764
126 0.229529
127 0.204340
128 0.182482
129 0.164496
130 0.145043
131 0.130268
132 0.114445
133 0.100976
134 0.091399
135 0.081246
136 0.072877
137 0.063591
138 0.057224
139 0.051393
140 0.045717
141 0.042043
142 0.037790
143 0.034561
144 0.031280
145 0.028702
146 0.026348
147 0.023702
148 0.021849
149 0.019308
150 0.016564
151 0.015852
152 0.014220
153 0.012893
154 0.011728
155 0.010672
156 0.009902
157 0.008926
158 0.008271
159 0.007328
160 0.006852
161 0.006231
162 0.005751
163 0.005296
164 0.004822
165 0.004442
166 0.004014
167 0.003561
168 0.003303
169 0.003011
170 0.002763
171 0.002529
172 0.002311
173 0.002145
174 0.001962
175 0.001778
176 0.001638
177 0.001518
178 0.001407
179 0.001287
180 0.001171
181 0.001083
182 0.001005
183 0.000932
184 0.000853
185 0.000783
186 0.000716
187 0.000665
188 0.000616
189 0.000568
190 0.000527
191 0.000491
192 0.000452
193 0.000418
194 0.000386
195 0.000361
196 0.000338
197 0.000313
198 0.000290
199 0.000269
200 0.000251
201 0.000231
202 0.000214
203 0.000199
204 0.000186
205 0.000171
206 0.000162
207 0.000151
208 0.000138
209 0.000130
210 0.000121
211 0.000113
212 0.000105
213 0.000097
214 0.000092
215 0.000084
216 0.000079
217 0.000073
218 0.000069
219 0.000065
220 0.000061
221 0.000057
222 0.000053
223 0.000050
224 0.000047
225 0.000044
226 0.000042
227 0.000039
228 0.000037
229 0.000035
230 0.000033
231 0.000031
232 0.000029
233 0.000028
234 0.000026
235 0.000025
236 0.000023
237 0.000022
238 0.000021
239 0.000020
240 0.000019
241 0.000018
242 0.000017
243 0.000016
244 0.000015
245 0.000014
246 0.000013
247 0.000013
248 0.000012
249 0.000011
250 0.000011
251 0.000010
252 0.000010
253 0.000009
254 0.000009
255 0.000008
256 0.000008
257 0.000007
258 0.000007
259 0.000007
260 0.000006
261 0.000006
262 0.000006
263 0.000006
264 0.000005
265 0.000005
266 0.000005
267 0.000005
268 0.000004
269 0.000004
270 0.000004
271 0.000004
272 0.000004
273 0.000004
274 0.000003
275 0.000003
276 0.000003
277 0.000003
278 0.000003
279 0.000003
280 0.000003
281 0.000003
282 0.000002
283 0.000002
284 0.000002
285 0.000002
286 0.000002
287 0.000002
288 0.000002
289 0.000002
290 0.000002
291 0.000002
292 0.000002
293 0.000002
294 0.000002
295 0.000001
296 0.000001
297 0.000001
298 0.000001
299 0.000001
300 0.000001
301 0.000001
302 0.000001
303 0.000001
304 0.000001
305 0.000001
306 0.000001
307 0.000001
308 0.000001
309 0.000001
310 0.000001
311 0.000001
312 0.000001
313 0.000001
314 0.000001
315 0.000001
316 0.000001
317 0.000001
318 0.000001
319 0.000001
320 0.000001
321 0.000001
322 0.000001
323 0.000001
324 0.000001
325 0.000001
326 0.000001
327 0.000001
328 0.000000
329 0.000000
330 0.000000
331 0.000000
332 0.000000
333 0.000000
334 0.000000
335 0.000000
336 0.000000
337 0.000000
338 0.000000
339 0.000000
340 0.000000
341 0.000000
342 0.000000
343 0.000000
344 0.000000
345 0.000000
346 0.000000
347 0.000000
348 0.000000
349 0.000000
350 0.000000
351 0.000000
352 0.000000
353 0.000000
354 0.000000
355 0.000000
356 0.000000
357 0.000000
358 0.000000
359 0.000000
360 0.000000
361 0.000000
362 0.000000
363 0.000000
364 0.000000
365 0.000000
366 0.000000
367 0.000000
368 0.000000
369 0.000000
370 0.000000
371 0.000000
372 0.000000
373 0.000000
374 0.000000
375 0.000000
376 0.000000
377 0.000000
378 0.000000
379 0.000000
380 0.000000
381 0.000000
382 0.000000
383 0.000000
384 0.000000
385 0.000000
386 0.000000
387 0.000000
388 0.000000
389 0.000000
390 0.000000
391 0.000000
392 0.000000
393 0.000000
394 0.000000
395 0.000000
396 0.000000
397 0.000000
398 0.000000
399 0.000000
400 0.000000
401 0.000000
402 0.000000
403 0.000000
404 0.000000
405 0.000000
406 0.000000
407 0.000000
408 0.000000
409 0.000000
410 0.000000
411 0.000000
412 0.000000
413 0.000000
414 0.000000
415 0.000000
416 0.000000
417 0.000000
418 0.000000
419 0.000000
420 0.000000
421 0.000000
422 0.000000
423 0.000000
424 0.000000
425 0.000000
426 0.000000
427 0.000000
428 0.000000
429 0.000000
430 0.000000
431 0.000000
432 0.000000
433 0.000000
434 0.000000
435 0.000000
436 0.000000
437 0.000000
438 0.000000
439 0.000000
440 0.000000
441 0.000000
442 0.000000
443 0.000000
444 0.000000
445 0.000000
446 0.000000
447 0.000000
448 0.000000
449 0.000000
450 0.000000
451 0.000000
452 0.000000
453 0.000000
454 0.000000
455 0.000000
456 0.000000
457 0.000000
458 0.000000
459 0.000000
460 0.000000
461 0.000000
462 0.000000
463 0.000000
464 0.000000
465 0.000000
466 0.000000
467 0.000000
468 0.000000
469 0.000000
470 0.000000
471 0.000000
472 0.000000
473 0.000000
474 0.000000
475 0.000000
476 0.000000
477 0.000000
478 0.000000
479 0.000000
480 0.000000
481 0.000000
482 0.000000
483 0.000000
484 0.000000
485 0.000000
486 0.000000
487 0.000000
488 0.000000
489 0.000000
490 0.000000
491 0.000000
492 0.000000
493 0.000000
494 0.000000
495 0.000000
496 0.000000
497 0.000000
498 0.000000
499 0.000000
500 0.000000
