1 inf
2 inf
3 inf
4 inf
5 96293863808675699298237554597964846738525043364069391011663573127571557068411399866134387892271892683248075198123854017851368540591195725935885067007647737154000076211471293390443701225482429582291391330527592814977204393296725451342938164485075004247427307523145696072466461712449536.000000
6 149919091789391792014636762625642608860302398481292453249277048631181549812779327464339544568779632399945065827525524839041062650228461551727370645310392272551348806076274184464069077195989161182055199833218985698606341089469888784784290101456068707449294917701732401152.000000
7 5506819807768284834418070361526167303018256170527340678327317700672133556694329534526917696927275599103066448693692546425317152975247784649056819883699187022620337707488689269128066477955302528037529686242561376774235688602582132453479022592.000000
8 5039863289143967096998234981962186594706687995706888335265158518929323864145091513596126558557890934512299884348114513860909758015998783956352614064995190801455760843706852470255141386250771920584704.000000
9 256181247568988275380522613464155484175356772693733452255399209872982364190616546379876237435839801437975376987490659277618773564344734353274329194746508191417451447058432.000000
10 2744903251764108217238299526711470948080612313991288979533441933769431525715562859698998510402568683743505194390513578082828288.000000
11 208090745038951834205589272112587767983330306333646113113034098442876130335301770556675805426142574465253376.000000
12 786945051473284579395340339959970450736845375671874009205441121988972118016.000000
13 26874245741555802281817188180018461671424.000000
14 51501343939293786144768.000000
15 3287.842050
16 2871.280325
17 3134.188712
18 3290.556982
19 2607.764787
20 2370.951030
21 2682.201319
22 2727.622275
23 1429.986700
24 1176.299507
25 950.176032
26 1046.692136
27 933.154408
28 748.490842
29 399.682882
30 402.128944
31 452.940661
32 499.931132
33 421.723144
34 385.820830
35 317.660239
36 276.743023
37 192.944410
38 195.771765
39 163.783934
40 142.148371
41 132.944807
42 135.357589
43 154.030999
44 125.553435
45 100.578030
46 91.252406
47 93.975127
48 92.660382
49 96.411341
50 88.607010
51 79.136256
52 73.799359
53 70.716032
54 58.560914
55 58.279158
56 38.425698
57 38.971488
58 37.110250
59 32.290830
60 31.902941
61 29.586849
62 26.653885
63 24.467207
64 22.834116
65 21.717450
66 20.376684
67 16.115259
68 13.909666
69 12.485815
70 9.845467
71 8.565627
72 8.745640
73 7.748187
74 7.021191
75 6.549648
76 6.237470
77 5.046542
78 4.500689
79 3.671630
80 3.614192
81 3.296983
82 2.958315
83 2.752419
84 2.366798
85 1.887236
86 1.711838
87 1.652047
88 1.345618
89 1.305066
90 1.180534
91 1.045511
92 0.854337
93 0.740454
94 0.634181
95 0.560429
96 0.455752
97 0.430158
98 0.384999
99 0.345561
100 0.288981
101 0.242543
102 0.202043
103 0.178126
104 0.144352
105 0.139152
106 0.128056
107 0.104682
108 0.088974
109 0.078169
110 0.075685
111 0.068919
112 0.064019
113 0.054243
114 0.046895
115 0.043135
116 0.039753
117 0.036051
118 0.031363
119 0.027508
120 0.024174
121 0.021234
122 0.017376
123 0.015839
124 0.012995
125 0.010774
126 0.009353
127 0.009021
128 0.008184
129 0.007180
130 0.006403
131 0.005790
132 0.005142
133 0.004569
134 0.003927
135 0.003574
136 0.003238
137 0.002879
138 0.002360
139 0.002151
140 0.001962
141 0.001571
142 0.001354
143 0.001130
144 0.001007
145 0.000886
146 0.000780
147 0.000687
148 0.000613
149 0.000528
150 0.000447
151 0.000397
152 0.000368
153 0.000323
154 0.000270
155 0.000245
156 0.000226
157 0.000192
158 0.000170
159 0.000148
160 0.000123
161 0.000099
162 0.000084
163 0.000071
164 0.000059
165 0.000051
166 0.000043
167 0.000037
168 0.000033
169 0.000027
170 0.000022
171 0.000019
172 0.000016
173 0.000013
174 0.000010
175 0.000009
176 0.000008
177 0.000007
178 0.000006
179 0.000005
180 0.000004
181 0.000004
182 0.000003
183 0.000003
184 0.000002
185 0.000002
186 0.000002
187 0.000001
188 0.000001
189 0.000001
190 0.000001
191 0.000001
192 0.000001
193 0.000001
194 0.000000
195 0.000000
196 0.000000
197 0.000000
198 0.000000
199 0.000000
200 0.000000
201 0.000000
202 0.000000
203 0.000000
204 0.000000
205 0.000000
206 0.000000
207 0.000000
208 0.000000
209 0.000000
210 0.000000
211 0.000000
212 0.000000
213 0.000000
214 0.000000
215 0.000000
216 0.000000
217 0.000000
218 0.000000
219 0.000000
220 0.000000
221 0.000000
222 0.000000
223 0.000000
224 0.000000
225 0.000000
226 0.000000
227 0.000000
228 0.000000
229 0.000000
230 0.000000
231 0.000000
232 0.000000
233 0.000000
234 0.000000
235 0.000000
236 0.000000
237 0.000000
238 0.000000
239 0.000000
240 0.000000
241 0.000000
242 0.000000
243 0.000000
244 0.000000
245 0.000000
246 0.000000
247 0.000000
248 0.000000
249 0.000000
250 0.000000
251 0.000000
252 0.000000
253 0.000000
254 0.000000
255 0.000000
256 0.000000
257 0.000000
258 0.000000
259 0.000000
260 0.000000
261 0.000000
262 0.000000
263 0.000000
264 0.000000
265 0.000000
266 0.000000
267 0.000000
268 0.000000
269 0.000000
270 0.000000
271 0.000000
272 0.000000
273 0.000000
274 0.000000
275 0.000000
276 0.000000
277 0.000000
278 0.000000
279 0.000000
280 0.000000
281 0.000000
282 0.000000
283 0.000000
284 0.000000
285 0.000000
286 0.000000
287 0.000000
288 0.000000
289 0.000000
290 0.000000
291 0.000000
292 0.000000
293 0.000000
294 0.000000
295 0.000000
296 0.000000
297 0.000000
298 0.000000
299 0.000000
300 0.000000
301 0.000000
302 0.000000
303 0.000000
304 0.000000
305 0.000000
306 0.000000
307 0.000000
308 0.000000
309 0.000000
310 0.000000
311 0.000000
312 0.000000
313 0.000000
314 0.000000
315 0.000000
316 0.000000
317 0.000000
318 0.000000
319 0.000000
320 0.000000
321 0.000000
322 0.000000
323 0.000000
324 0.000000
325 0.000000
326 0.000000
327 0.000000
328 0.000000
329 0.000000
330 0.000000
331 0.000000
332 0.000000
333 0.000000
334 0.000000
335 0.000000
336 0.000000
337 0.000000
338 0.000000
339 0.000000
340 0.000000
341 0.000000
342 0.000000
343 0.000000
344 0.000000
345 0.000000
346 0.000000
347 0.000000
348 0.000000
349 0.000000
350 0.000000
351 0.000000
352 0.000000
353 0.000000
354 0.000000
355 0.000000
356 0.000000
357 0.000000
358 0.000000
359 0.000000
360 0.000000
361 0.000000
362 0.000000
363 0.000000
364 0.000000
365 0.000000
366 0.000000
367 0.000000
368 0.000000
369 0.000000
370 0.000000
371 0.000000
372 0.000000
373 0.000000
374 0.000000
375 0.000000
376 0.000000
377 0.000000
378 0.000000
379 0.000000
380 0.000000
381 0.000000
382 0.000000
383 0.000000
384 0.000000
385 0.000000
386 0.000000
387 0.000000
388 0.000000
389 0.000000
390 0.000000
391 0.000000
392 0.000000
393 0.000000
394 0.000000
395 0.000000
396 0.000000
397 0.000000
398 0.000000
399 0.000000
400 0.000000
401 0.000000
402 0.000000
403 0.000000
404 0.000000
405 0.000000
406 0.000000
407 0.000000
408 0.000000
409 0.000000
410 0.000000
411 0.000000
412 0.000000
413 0.000000
414 0.000000
415 0.000000
416 0.000000
417 0.000000
418 0.000000
419 0.000000
420 0.000000
421 0.000000
422 0.000000
423 0.000000
424 0.000000
425 0.000000
426 0.000000
427 0.000000
428 0.000000
429 0.000000
430 0.000000
431 0.000000
432 0.000000
433 0.000000
434 0.000000
435 0.000000
436 0.000000
437 0.000000
438 0.000000
439 0.000000
440 0.000000
441 0.000000
442 0.000000
443 0.000000
444 0.000000
445 0.000000
446 0.000000
447 0.000000
448 0.000000
449 0.000000
450 0.000000
451 0.000000
452 0.000000
453 0.000000
454 0.000000
455 0.000000
456 0.000000
457 0.000000
458 0.000000
459 0.000000
460 0.000000
461 0.000000
462 0.000000
463 0.000000
464 0.000000
465 0.000000
466 0.000000
467 0.000000
468 0.000000
469 0.000000
470 0.000000
471 0.000000
472 0.000000
473 0.000000
474 0.000000
475 0.000000
476 0.000000
477 0.000000
478 0.000000
479 0.000000
480 0.000000
481 0.000000
482 0.000000
483 0.000000
484 0.000000
485 0.000000
486 0.000000
487 0.000000
488 0.000000
489 0.000000
490 0.000000
491 0.000000
492 0.000000
493 0.000000
494 0.000000
495 0.000000
496 0.000000
497 0.000000
498 0.000000
499 0.000000
500 0.000000
