1 12673817.865971
2 24638936.021087
3 22160911.553025
4 34597190.213080
5 27383114.249319
6 36184429.279097
7 45102891.874948
8 40345813.713072
9 46272840.789006
10 63639477.431500
11 59381228.145856
12 75362275.747879
13 71699663.717184
14 107068665.184504
15 120094625.258946
16 123647307.231608
17 159498218.401864
18 176682005.717886
19 198926627.927145
20 226977679.142092
21 196084013.932779
22 241258723.844306
23 223990768.243935
24 258629913.837282
25 313336163.560061
26 272161478.077905
27 277559374.450824
28 326212122.735300
29 273248761.511359
30 374690258.185334
31 326723724.292325
32 352916144.147598
33 464794541.001159
34 328639267.577962
35 350562076.398147
36 435360594.132551
37 447342791.923805
38 392914990.333782
39 434659870.542374
40 485478614.236137
41 639297004.281071
42 613879266.160294
43 520485305.709425
44 516427938.425206
45 502462439.809904
46 574071894.599693
47 562428748.027365
48 681791278.914061
49 662663379.472635
50 642853647.080261
51 503582757.412253
52 469025130.487274
53 618339134.578116
54 479225299.457173
55 531142262.695828
56 567474866.246612
57 830034085.559455
58 717895677.744595
59 673763616.455036
60 734973227.881083
61 700154696.869938
62 496148009.268470
63 636348826.062386
64 594996064.450965
65 572754951.887730
66 332027920.125550
67 448421803.360688
68 590009934.238197
69 449933758.358134
70 516934276.118193
71 548600695.663126
72 483115052.382705
73 473273637.841705
74 491142462.770497
75 430188969.107184
76 425501567.253496
77 377860093.585393
78 351197876.885623
79 346133159.240825
80 349740093.405523
81 276307788.023090
82 328235006.466411
83 414404037.205540
84 455656490.626107
85 463725795.900172
86 272319093.945324
87 326125725.924428
88 378634572.409786
89 383002775.719079
90 409558474.110279
91 342715408.370333
92 246987017.333058
93 304427015.820660
94 266506784.737141
95 286898766.832633
96 279606981.064089
97 263041058.273821
98 247562883.003281
99 249913471.195434
100 290316927.139978
101 285046498.315724
102 329582705.665417
103 289818101.110955
104 237221797.559926
105 277936451.507280
106 258571818.389756
107 244612335.709192
108 222146231.910676
109 224509483.344224
110 207848977.798409
111 162052043.679805
112 224815963.971957
113 262234516.022151
114 233322153.481323
115 253752781.101617
116 227618179.183080
117 206664772.426881
118 220324969.174331
119 287126665.025014
120 283163099.891799
121 231919985.332903
122 209672574.186842
123 206133765.840275
124 152811636.317314
125 151873181.698356
126 127763336.986413
127 127002023.411086
128 131440048.709457
129 131326009.656809
130 72844811.380007
131 91855415.273049
132 97688486.196476
133 74156400.091249
134 95110017.066665
135 72143957.214912
136 93084510.516070
137 88848930.942331
138 74839744.959322
139 87223977.347470
140 79084900.447608
141 85353158.509093
142 77257340.019621
143 77741992.557269
144 63758209.900970
145 74703614.247827
146 66054187.002340
147 52541346.505829
148 60744165.754244
149 55035254.820012
150 41555469.873110
151 48149804.897834
152 45969791.670653
153 45178149.744806
154 40963851.671786
155 38564023.451570
156 40279203.660473
157 45118677.039557
158 37144953.072544
159 33914844.731396
160 32499423.376329
161 37682322.488025
162 33494094.679376
163 34658191.621890
164 30363838.212031
165 28386214.770227
166 25022154.719932
167 24849145.468402
168 22010640.408957
169 30417233.048775
170 26513570.251409
171 28063518.372057
172 28595538.926624
173 21950096.051263
174 18987217.353275
175 20520769.173151
176 21457021.814178
177 18564212.729827
178 17792764.234943
179 18225038.079379
180 13753647.854314
181 14627343.883063
182 16567524.279250
183 13080086.471347
184 18310036.260891
185 10849654.378133
186 14882324.049025
187 13414804.887552
188 14160400.340198
189 11777519.486821
190 12686133.879737
191 10162703.521958
192 10941287.491176
193 12947730.205521
194 13611326.462964
195 11344025.048209
196 11055461.019004
197 11177749.057343
198 9748615.598561
199 11272669.003298
200 10377545.951337
201 12592553.450391
202 9783832.426771
203 11464385.906196
204 10863855.523212
205 10096339.978857
206 9807240.271947
207 10284634.171596
208 10720943.091740
209 10792181.701228
210 8584778.120205
211 9666248.284314
212 8576877.118653
213 7145096.051925
214 7349480.654211
215 5311432.714126
216 6393305.457914
217 6772137.754856
218 6706264.493363
219 5498836.330802
220 6264376.135026
221 5679052.418005
222 5056181.725649
223 5461329.816321
224 5233767.963515
225 5360681.759400
226 5406562.558422
227 4725634.926134
228 4274167.555805
229 3986638.706104
230 4427959.398960
231 4309280.753220
232 3958064.926703
233 3673547.411882
234 3766871.840005
235 3774047.258994
236 3585197.580727
237 3386240.672897
238 3119599.626233
239 2880604.903985
240 2504874.360365
241 2781003.444137
242 2479868.835831
243 2277539.150653
244 2132146.885918
245 2118812.875452
246 1944187.832811
247 2074255.700288
248 2087167.460862
249 1890538.423035
250 2018193.933154
251 1639311.534175
252 1727228.095853
253 1884038.452416
254 1623735.053462
255 1445775.455071
256 1453799.715568
257 1167581.911097
258 1244392.745234
259 1201770.245980
260 1270997.658462
261 1164719.338727
262 1311121.409005
263 1342856.944834
264 1453082.520076
265 1189067.199459
266 1214653.976811
267 1146884.794200
268 1129811.134179
269 1215180.644743
270 1137702.200345
271 1214294.711620
272 1286406.393836
273 1304841.179261
274 1075626.141436
275 1094760.309672
276 911816.042078
277 974851.136324
278 1008443.088963
279 906841.806299
280 928355.220686
281 973914.724100
282 990209.315339
283 856311.784521
284 810340.566170
285 784504.600631
286 872098.246929
287 868349.340181
288 791540.417583
289 722645.506104
290 733017.354173
291 725896.961553
292 689126.996491
293 585434.344822
294 593895.606206
295 611229.622281
296 624687.862160
297 645799.040039
298 624655.976523
299 634003.548388
300 591759.134656
301 551769.809057
302 531218.416717
303 473703.698507
304 473020.481950
305 426227.531056
306 443429.152344
307 396360.848633
308 419400.542248
309 423458.770245
310 412151.718886
311 404804.942722
312 390734.007515
313 361228.227104
314 369113.080933
315 366277.398008
316 383373.735413
317 356447.859980
318 363798.247521
319 363090.118508
320 357672.639186
321 343699.745256
322 315248.100620
323 333571.881270
324 296606.893941
325 268198.998637
326 286697.473993
327 293753.727319
328 282110.727027
329 299863.937793
330 284167.306983
331 282218.911910
332 270740.130852
333 265856.998111
334 259314.461618
335 260580.143872
336 245835.013259
337 235768.498211
338 236248.580713
339 205482.245209
340 225090.387083
341 232890.276145
342 210559.284571
343 212144.842415
344 204619.219726
345 209700.160293
346 206204.389788
347 203888.998560
348 203627.958304
349 191315.485169
350 186752.053398
351 185174.559469
352 179939.691777
353 180595.290271
354 175584.583395
355 163913.529948
356 149753.758826
357 143949.984355
358 143219.806005
359 137054.012525
360 140384.849581
361 136980.460327
362 130508.847768
363 131811.087105
364 130298.739700
365 129590.764694
366 123169.712607
367 119332.792213
368 116548.535916
369 120328.483381
370 121983.742568
371 118252.650395
372 112205.089312
373 111570.323474
374 115618.953830
375 114035.375761
376 111361.614386
377 106228.260065
378 103553.598567
379 105018.919762
380 96670.016537
381 96311.908903
382 96470.046356
383 94657.972304
384 93677.417711
385 86991.451742
386 87234.176282
387 85929.841153
388 84142.079747
389 81411.718285
390 81290.414501
391 77045.176026
392 75163.658107
393 77080.606652
394 74722.760885
395 77043.049854
396 72660.096585
397 71013.730388
398 69854.037469
399 69514.145518
400 68697.392857
401 68218.846243
402 67490.138050
403 67000.612235
404 64115.653380
405 62607.780293
406 63446.959613
407 60797.095108
408 61227.939170
409 58775.509536
410 58879.462617
411 57792.369798
412 55591.021276
413 55521.911536
414 54173.840357
415 53577.409233
416 53253.729888
417 52905.522732
418 49694.611635
419 51651.354692
420 49909.969359
421 49846.742847
422 48829.700107
423 48772.774491
424 48088.183610
425 46774.787326
426 47287.557159
427 46303.457853
428 45542.374189
429 44703.578114
430 44305.957455
431 43486.592646
432 43605.450512
433 43547.975959
434 42610.308144
435 41853.967843
436 41364.754011
437 41434.941756
438 40199.458991
439 40512.145448
440 39772.646365
441 39221.844379
442 39270.028601
443 38309.086286
444 37885.314702
445 37815.185813
446 37515.633379
447 37394.019627
448 36398.169034
449 35669.630140
450 35680.784469
451 35150.830998
452 34407.394239
453 34563.349395
454 33899.306081
455 33572.183075
456 33560.805692
457 33163.719692
458 32949.711057
459 32924.168327
460 32351.971756
461 32351.443647
462 31945.333079
463 31146.768397
464 31286.190479
465 30912.165816
466 30577.657993
467 30435.599807
468 30335.711798
469 30106.383500
470 29723.843334
471 29441.737044
472 29312.168914
473 29173.919766
474 28753.279128
475 28784.457961
476 28396.267902
477 28253.734121
478 27894.231059
479 27793.267424
480 27524.512413
481 27360.437180
482 27150.981332
483 26964.416324
484 26895.704680
485 26792.708803
486 26664.852120
487 26570.195485
488 26449.549631
489 26301.494907
490 26156.087271
491 26065.660094
492 25999.393308
493 25889.879393
494 25850.223105
495 25788.688238
496 25730.326497
497 25697.164103
498 25659.003580
499 25637.257031
500 25620.551818
