1 13357728.958438
2 45338648.502322
3 77508572.266710
4 152367822.695312
5 237822276.540000
6 490071674.671308
7 807419848.714333
8 1897313933.440426
9 1917937060.561446
10 4751135682.996741
11 6349947505.239909
12 10995971597.528376
13 20812199628.046169
14 28720299991.003922
15 38089450162.188416
16 36302747844.755363
17 71518881026.773666
18 106482589254.766312
19 127889601004.366486
20 226507692983.194702
21 258960164841.813934
22 303623616727.922485
23 320922455575.489502
24 533511405567.796631
25 546889661248.724121
26 657770210574.507324
27 990736251606.742310
28 599111068168.231445
29 2115762740093.945801
30 1700128735622.822754
31 2535613529712.302246
32 3162452647093.771973
33 5761278798466.697266
34 9993797054992.048828
35 11267388745795.841797
36 8685093476702.113281
37 23667028887446.269531
38 46117733173606.492188
39 61122743820456.250000
40 64478881534567.531250
41 59453941888021.781250
42 62172595459391.070312
43 74212034841104.000000
44 116117994056323.109375
45 192387102784428.687500
46 201411392536389.562500
47 283085870779785.437500
48 297655340445854.375000
49 497141436511567.125000
50 265046025003245.218750
51 219624076499154.875000
52 295256433138311.187500
53 372644133199098.875000
54 417984018137764.437500
55 435900287487544.687500
56 824044753606395.250000
57 1075205186091042.250000
58 1375534102650228.250000
59 1457744114749751.250000
60 1810490633833360.250000
61 1826879758223783.750000
62 1395640301464635.250000
63 1843827428703936.250000
64 2430617820622891.000000
65 3863506915839846.000000
66 5963379018933257.000000
67 4559232963661015.000000
68 8546958165079788.000000
69 12604794204761976.000000
70 10354423589305616.000000
71 8942769983117160.000000
72 11689378098393626.000000
73 9441229980288920.000000
74 9419676675220416.000000
75 16088118057698124.000000
76 16846481390209580.000000
77 23802688490327964.000000
78 19892825250080288.000000
79 21771413639810880.000000
80 29599640805125332.000000
81 28578576493288528.000000
82 28456493787933364.000000
83 20312675028109752.000000
84 32103431080140256.000000
85 24196141212411948.000000
86 45106069220146112.000000
87 37550345960843168.000000
88 49319066803446720.000000
89 74561488188946976.000000
90 88247206180152640.000000
91 92164257134565456.000000
92 82965416973781920.000000
93 80534673503278688.000000
94 69445507855389824.000000
95 78191190372735696.000000
96 71573611695967368.000000
97 72794478039431136.000000
98 69150919668000496.000000
99 123226797907838448.000000
100 86783301460406032.000000
101 63608774404860776.000000
102 83674896604107344.000000
103 39651892172462632.000000
104 65028182464780272.000000
105 71438929837876760.000000
106 64964135444487048.000000
107 47344268258929768.000000
108 36933045126792112.000000
109 28164511197750928.000000
110 27701105896671588.000000
111 35043043985580460.000000
112 46015653611832472.000000
113 43070453796959320.000000
114 53341661603347288.000000
115 54723661983755120.000000
116 44259258633939312.000000
117 36803516423146840.000000
118 27092188022488524.000000
119 42857102920343920.000000
120 35576376663822156.000000
121 34164767887963108.000000
122 29037378479989356.000000
123 34000708231345080.000000
124 32115097860530476.000000
125 32884913239838400.000000
126 35514049734429520.000000
127 37462854864154096.000000
128 34639291238161580.000000
129 26065884631305004.000000
130 27323522813537572.000000
131 28420392826311180.000000
132 21321374875717060.000000
133 15992157658919440.000000
134 13645677696389004.000000
135 13575193536966534.000000
136 14922222458082736.000000
137 14497950723221402.000000
138 9198291589701384.000000
139 10431475733971788.000000
140 8941868931075569.000000
141 5935582909640050.000000
142 4108586221636546.000000
143 3533530797734496.500000
144 3671028044259101.500000
145 3638817625599060.000000
146 3546885230233417.500000
147 2677667735861574.000000
148 3048134868622189.000000
149 3050167401165868.500000
150 1964693117121595.750000
151 1956606829350776.000000
152 1234305608583908.250000
153 908075480904507.625000
154 547760183421826.437500
155 556228236036073.687500
156 460330480183428.187500
157 426864885789071.937500
158 190893117295963.593750
159 221333209173899.593750
160 197131905150958.812500
161 203691729261294.312500
162 167403902219408.156250
163 116561876865309.281250
164 91565218164977.000000
165 98552547606319.687500
166 64136454421472.132812
167 67226318761862.656250
168 46945937339863.062500
169 38231903732875.234375
170 33121400998013.406250
171 16980454763289.220703
172 17284931387157.794922
173 14230740880096.919922
174 8769970607151.280273
175 7495569294756.765625
176 8007116241266.509766
177 5341868457173.946289
178 4481539075685.414062
179 4282312923667.608887
180 3037759635688.767090
181 2057460567079.611084
182 1906550658211.451172
183 2025010272520.288818
184 1011877537157.717041
185 736560295474.889282
186 346066087033.385010
187 303656889087.153381
188 212816277058.979492
189 146702273952.295135
190 111884432104.132355
191 88883979684.276672
192 61871371247.194511
193 47629209643.175972
194 38032215784.359932
195 29349915678.628853
196 26081026088.298485
197 15948087202.821514
198 11008612495.861130
199 5583424315.176172
200 4938245380.532676
201 2962140822.167403
202 2065166334.883919
203 2197833145.251638
204 1570327272.092892
205 974678806.616436
206 787321055.760770
207 518968135.164523
208 409879296.771201
209 377747996.598127
210 238450816.642857
211 162949785.538418
212 122494981.726963
213 60211043.033291
214 39697918.483476
215 28800644.843917
216 27051008.747265
217 13409842.033569
218 12775960.537409
219 9760563.912460
220 6398317.209580
221 5145414.607046
222 4246149.725149
223 2909655.730596
224 2880743.680976
225 1252391.142047
226 996404.099626
227 889963.038888
228 777116.816097
229 608463.288151
230 404045.483414
231 274489.846691
232 212038.567857
233 158830.458135
234 109367.049228
235 77672.653192
236 41208.741524
237 24657.216708
238 13155.013571
239 8595.837889
240 3760.753429
241 3947.764133
242 3020.675146
243 1719.100967
244 1126.828809
245 820.286462
246 480.924760
247 332.659212
248 209.285675
249 167.453145
250 97.559117
251 69.013666
252 40.358323
253 37.112329
254 27.074737
255 17.570721
256 11.655768
257 6.057839
258 3.391517
259 1.747250
260 1.329171
261 1.055432
262 0.673089
263 0.394512
264 0.355577
265 0.260985
266 0.125253
267 0.080248
268 0.047937
269 0.035151
270 0.016265
271 0.013190
272 0.006823
273 0.004518
274 0.002521
275 0.001543
276 0.000802
277 0.000447
278 0.000331
279 0.000171
280 0.000105
281 0.000065
282 0.000037
283 0.000024
284 0.000016
285 0.000009
286 0.000005
287 0.000004
288 0.000003
289 0.000002
290 0.000002
291 0.000001
292 0.000001
293 0.000000
294 0.000000
295 0.000000
296 0.000000
297 0.000000
298 0.000000
299 0.000000
300 0.000000
301 0.000000
302 0.000000
303 0.000000
304 0.000000
305 0.000000
306 0.000000
307 0.000000
308 0.000000
309 0.000000
310 0.000000
311 0.000000
312 0.000000
313 0.000000
314 0.000000
315 0.000000
316 0.000000
317 0.000000
318 0.000000
319 0.000000
320 0.000000
321 0.000000
322 0.000000
323 0.000000
324 0.000000
325 0.000000
326 0.000000
327 0.000000
328 0.000000
329 0.000000
330 0.000000
331 0.000000
332 0.000000
333 0.000000
334 0.000000
335 0.000000
336 0.000000
337 0.000000
338 0.000000
339 0.000000
340 0.000000
341 0.000000
342 0.000000
343 0.000000
344 0.000000
345 0.000000
346 0.000000
347 0.000000
348 0.000000
349 0.000000
350 0.000000
351 0.000000
352 0.000000
353 0.000000
354 0.000000
355 0.000000
356 0.000000
357 0.000000
358 0.000000
359 0.000000
360 0.000000
361 0.000000
362 0.000000
363 0.000000
364 0.000000
365 0.000000
366 0.000000
367 0.000000
368 0.000000
369 0.000000
370 0.000000
371 0.000000
372 0.000000
373 0.000000
374 0.000000
375 0.000000
376 0.000000
377 0.000000
378 0.000000
379 0.000000
380 0.000000
381 0.000000
382 0.000000
383 0.000000
384 0.000000
385 0.000000
386 0.000000
387 0.000000
388 0.000000
389 0.000000
390 0.000000
391 0.000000
392 0.000000
393 0.000000
394 0.000000
395 0.000000
396 0.000000
397 0.000000
398 0.000000
399 0.000000
400 0.000000
401 0.000000
402 0.000000
403 0.000000
404 0.000000
405 0.000000
406 0.000000
407 0.000000
408 0.000000
409 0.000000
410 0.000000
411 0.000000
412 0.000000
413 0.000000
414 0.000000
415 0.000000
416 0.000000
417 0.000000
418 0.000000
419 0.000000
420 0.000000
421 0.000000
422 0.000000
423 0.000000
424 0.000000
425 0.000000
426 0.000000
427 0.000000
428 0.000000
429 0.000000
430 0.000000
431 0.000000
432 0.000000
433 0.000000
434 0.000000
435 0.000000
436 0.000000
437 0.000000
438 0.000000
439 0.000000
440 0.000000
441 0.000000
442 0.000000
443 0.000000
444 0.000000
445 0.000000
446 0.000000
447 0.000000
448 0.000000
449 0.000000
450 0.000000
451 0.000000
452 0.000000
453 0.000000
454 0.000000
455 0.000000
456 0.000000
457 0.000000
458 0.000000
459 0.000000
460 0.000000
461 0.000000
462 0.000000
463 0.000000
464 0.000000
465 0.000000
466 0.000000
467 0.000000
468 0.000000
469 0.000000
470 0.000000
471 0.000000
472 0.000000
473 0.000000
474 0.000000
475 0.000000
476 0.000000
477 0.000000
478 0.000000
479 0.000000
480 0.000000
481 0.000000
482 0.000000
483 0.000000
484 0.000000
485 0.000000
486 0.000000
487 0.000000
488 0.000000
489 0.000000
490 0.000000
491 0.000000
492 0.000000
493 0.000000
494 0.000000
495 0.000000
496 0.000000
497 0.000000
498 0.000000
499 0.000000
500 0.000000
