1 1000000000000000019884624838656.000000
2 1000000000000000019884624838656.000000
3 1000000000000000019884624838656.000000
4 1000000000000000019884624838656.000000
5 inf
6 inf
7 inf
8 inf
9 inf
10 inf
11 inf
12 inf
13 inf
14 inf
15 inf
16 inf
17 inf
18 inf
19 inf
20 inf
21 inf
22 inf
23 inf
24 inf
25 inf
26 inf
27 inf
28 inf
29 inf
30 inf
31 inf
32 inf
33 inf
34 inf
35 inf
36 inf
37 inf
38 inf
39 inf
40 inf
41 inf
42 inf
43 inf
44 inf
45 inf
46 inf
47 inf
48 inf
49 inf
50 inf
51 inf
52 inf
53 inf
54 inf
55 inf
56 inf
57 inf
58 inf
59 inf
60 53559650241045289785325113611125252404044881559143016822222295518722847117430096773484389690582004331966696758438467550351038137179341968139485452294750973614451715104041087624409175951857740533169009472327002650389556993781625444125669024578798862895080254996480.000000
61 53559650241045289785325113611125252404044881559143016822222295518722847117430096773484389690582004331966696758438467550351038137179341968139485452294750973614451715104041087624409175951857740533169009472327002650389556993781625444125669024578798862895080254996480.000000
62 53559650241045289785325113611125252404044881559143016822222295518722847117430096773484389690582004331966696758438467550351038137179341968139485452294750973614451715104041087624409175951857740533169009472327002650389556993781625444125669024578798862895080254996480.000000
63 53559650241045289785325113611125252404044881559143016822222295518722847117430096773484389690582004331966696758438467550351038137179341968139485452294750973614451715104041087624409175951857740533169009472327002650389556993781625444125669024578798862895080254996480.000000
64 53559650241045289785325113611125252404044881559143016822222295518722847117430096773484389690582004331966696758438467550351038137179341968139485452294750973614451715104041087624409175951857740533169009472327002650389556993781625444125669024578798862895080254996480.000000
65 407496761286323358819586142953883539863245168202174032308902011275130035158243006614629854374939896583949641344066697754868936933042973876421696737841348365672481689949438947245877382195278675705856.000000
66 407496761286323358819586142953883539863245168202174032308902011275130035158243006614629854374939896583949641344066697754868936933042973876421696737841348365672481689949438947245877382195278675705856.000000
67 407496761286323358819586142953883539863245168202174032308902011275130035158243006614629854374939896583949641344066697754868936933042973876421696737841348365672481689949438947245877382195278675705856.000000
68 407496761286323358819586142953883539863245168202174032308902011275130035158243006614629854374939896583949641344066697754868936933042973876421696737841348365672481689949438947245877382195278675705856.000000
69 407496761286323358819586142953883539863245168202174032308902011275130035158243006614629854374939896583949641344066697754868936933042973876421696737841348365672481689949438947245877382195278675705856.000000
70 3394781295094642499093854117755851452335056430003481106524848456664904575950790767032221880190771548151911759766205591285654060207571382452273283072.000000
71 3394781295094642499093854117755851452335056430003481106524848456664904575950790767032221880190771548151911759766205591285654060207571382452273283072.000000
72 3394781295094642499093854117755851452335056430003481106524848456664904575950790767032221880190771548151911759766205591285654060207571382452273283072.000000
73 3394781295094642499093854117755851452335056430003481106524848456664904575950790767032221880190771548151911759766205591285654060207571382452273283072.000000
74 3394781295094642499093854117755851452335056430003481106524848456664904575950790767032221880190771548151911759766205591285654060207571382452273283072.000000
75 1228435859315863984994884631082638574371559405452976382411893582347957392432744233959424.000000
76 1228435859315863984994884631082638574371559405452976382411893582347957392432744233959424.000000
77 1228435859315863984994884631082638574371559405452976382411893582347957392432744233959424.000000
78 1228435859315863984994884631082638574371559405452976382411893582347957392432744233959424.000000
79 1228435859315863984994884631082638574371559405452976382411893582347957392432744233959424.000000
80 26703214389231054525367844864.000000
81 26703214389231054525367844864.000000
82 26703214389231054525367844864.000000
83 26703214389231054525367844864.000000
84 26703214389231054525367844864.000000
85 20746.123456
86 20746.123456
87 20746.123456
88 20746.123456
89 20746.123456
90 14577.438858
91 14577.438858
92 14577.438858
93 14577.438858
94 14577.438858
95 11094.368887
96 11094.368887
97 11094.368887
98 11094.368887
99 11094.368887
100 8481.361281
101 8481.361281
102 8481.361281
103 8481.361281
104 8481.361281
105 6583.635576
106 6583.635576
107 6583.635576
108 6583.635576
109 6583.635576
110 5495.227187
111 5495.227187
112 5495.227187
113 5495.227187
114 5495.227187
115 4483.808914
116 4483.808914
117 4483.808914
118 4483.808914
119 4483.808914
120 3423.917990
121 3423.917990
122 3423.917990
123 3423.917990
124 3423.917990
125 2750.302579
126 2750.302579
127 2750.302579
128 2750.302579
129 2750.302579
130 2270.271247
131 2270.271247
132 2270.271247
133 2270.271247
134 2270.271247
135 1820.866092
136 1820.866092
137 1820.866092
138 1820.866092
139 1820.866092
140 1495.414826
141 1495.414826
142 1495.414826
143 1495.414826
144 1495.414826
145 1197.335755
146 1197.335755
147 1197.335755
148 1197.335755
149 1197.335755
150 889.571785
151 889.571785
152 889.571785
153 889.571785
154 889.571785
155 734.017688
156 734.017688
157 734.017688
158 734.017688
159 734.017688
160 579.940570
161 579.940570
162 579.940570
163 579.940570
164 579.940570
165 478.988548
166 478.988548
167 478.988548
168 478.988548
169 478.988548
170 374.973406
171 374.973406
172 374.973406
173 374.973406
174 374.973406
175 289.201061
176 289.201061
177 289.201061
178 289.201061
179 289.201061
180 241.859187
181 241.859187
182 241.859187
183 241.859187
184 241.859187
185 192.635903
186 192.635903
187 192.635903
188 192.635903
189 192.635903
190 158.071540
191 158.071540
192 158.071540
193 158.071540
194 158.071540
195 123.889953
196 123.889953
197 123.889953
198 123.889953
199 123.889953
200 102.266919
201 102.266919
202 102.266919
203 102.266919
204 102.266919
205 86.141033
206 86.141033
207 86.141033
208 86.141033
209 86.141033
210 72.795588
211 72.795588
212 72.795588
213 72.795588
214 72.795588
215 59.600174
216 59.600174
217 59.600174
218 59.600174
219 59.600174
220 45.726105
221 45.726105
222 45.726105
223 45.726105
224 45.726105
225 36.978390
226 36.978390
227 36.978390
228 36.978390
229 36.978390
230 29.107253
231 29.107253
232 29.107253
233 29.107253
234 29.107253
235 23.940379
236 23.940379
237 23.940379
238 23.940379
239 23.940379
240 19.278436
241 19.278436
242 19.278436
243 19.278436
244 19.278436
245 15.596564
246 15.596564
247 15.596564
248 15.596564
249 15.596564
250 13.087714
251 13.087714
252 13.087714
253 13.087714
254 13.087714
255 10.788692
256 10.788692
257 10.788692
258 10.788692
259 10.788692
260 9.064780
261 9.064780
262 9.064780
263 9.064780
264 9.064780
265 7.145327
266 7.145327
267 7.145327
268 7.145327
269 7.145327
270 5.887102
271 5.887102
272 5.887102
273 5.887102
274 5.887102
275 4.827982
276 4.827982
277 4.827982
278 4.827982
279 4.827982
280 3.997333
281 3.997333
282 3.997333
283 3.997333
284 3.997333
285 3.401315
286 3.401315
287 3.401315
288 3.401315
289 3.401315
290 2.931476
291 2.931476
292 2.931476
293 2.931476
294 2.931476
295 2.471603
296 2.471603
297 2.471603
298 2.471603
299 2.471603
300 2.050518
301 2.050518
302 2.050518
303 2.050518
304 2.050518
305 1.748932
306 1.748932
307 1.748932
308 1.748932
309 1.748932
310 1.478462
311 1.478462
312 1.478462
313 1.478462
314 1.478462
315 1.229906
316 1.229906
317 1.229906
318 1.229906
319 1.229906
320 1.026670
321 1.026670
322 1.026670
323 1.026670
324 1.026670
325 0.885512
326 0.885512
327 0.885512
328 0.885512
329 0.885512
330 0.750093
331 0.750093
332 0.750093
333 0.750093
334 0.750093
335 0.645677
336 0.645677
337 0.645677
338 0.645677
339 0.645677
340 0.553350
341 0.553350
342 0.553350
343 0.553350
344 0.553350
345 0.476222
346 0.476222
347 0.476222
348 0.476222
349 0.476222
350 0.407189
351 0.407189
352 0.407189
353 0.407189
354 0.407189
355 0.344987
356 0.344987
357 0.344987
358 0.344987
359 0.344987
360 0.300233
361 0.300233
362 0.300233
363 0.300233
364 0.300233
365 0.258535
366 0.258535
367 0.258535
368 0.258535
369 0.258535
370 0.226409
371 0.226409
372 0.226409
373 0.226409
374 0.226409
375 0.199313
376 0.199313
377 0.199313
378 0.199313
379 0.199313
380 0.171985
381 0.171985
382 0.171985
383 0.171985
384 0.171985
385 0.151226
386 0.151226
387 0.151226
388 0.151226
389 0.151226
390 0.131162
391 0.131162
392 0.131162
393 0.131162
394 0.131162
395 0.115141
396 0.115141
397 0.115141
398 0.115141
399 0.115141
400 0.100164
401 0.100164
402 0.100164
403 0.100164
404 0.100164
405 0.087903
406 0.087903
407 0.087903
408 0.087903
409 0.087903
410 0.076467
411 0.076467
412 0.076467
413 0.076467
414 0.076467
415 0.067367
416 0.067367
417 0.067367
418 0.067367
419 0.067367
420 0.059444
421 0.059444
422 0.059444
423 0.059444
424 0.059444
425 0.052811
426 0.052811
427 0.052811
428 0.052811
429 0.052811
430 0.046767
431 0.046767
432 0.046767
433 0.046767
434 0.046767
435 0.041407
436 0.041407
437 0.041407
438 0.041407
439 0.041407
440 0.036820
441 0.036820
442 0.036820
443 0.036820
444 0.036820
445 0.032551
446 0.032551
447 0.032551
448 0.032551
449 0.032551
450 0.029011
451 0.029011
452 0.029011
453 0.029011
454 0.029011
455 0.025888
456 0.025888
457 0.025888
458 0.025888
459 0.025888
460 0.023058
461 0.023058
462 0.023058
463 0.023058
464 0.023058
465 0.020541
466 0.020541
467 0.020541
468 0.020541
469 0.020541
470 0.018279
471 0.018279
472 0.018279
473 0.018279
474 0.018279
475 0.016357
476 0.016357
477 0.016357
478 0.016357
479 0.016357
480 0.014637
481 0.014637
482 0.014637
483 0.014637
484 0.014637
485 0.013090
486 0.013090
487 0.013090
488 0.013090
489 0.013090
490 0.011750
491 0.011750
492 0.011750
493 0.011750
494 0.011750
495 0.010552
496 0.010552
497 0.010552
498 0.010552
499 0.010552
500 0.009495
