1 3131560.459588
2 3380468.413385
3 3740704.774069
4 4152069.376313
5 4460874.454225
6 4491274.870832
7 5062533.973527
8 5255120.473287
9 5213748.683349
10 5262776.030614
11 5635490.040547
12 5883961.569180
13 6176398.253844
14 5970060.101045
15 5872795.347557
16 5899652.462950
17 5840451.527044
18 6230064.874794
19 6044235.429973
20 5833935.696854
21 5854843.114880
22 5677854.051992
23 5381824.886465
24 5357392.044413
25 5224730.154277
26 5177621.413379
27 4848666.921489
28 4778355.977582
29 4754914.851087
30 4591528.018177
31 4439047.724731
32 4295459.099929
33 4038940.027346
34 4007043.456344
35 3980552.023654
36 3727207.466921
37 3575102.041471
38 3387484.903533
39 3194369.831663
40 2955643.776856
41 2855749.986302
42 2742159.706655
43 2585313.434653
44 2428763.205832
45 2273468.714331
46 2244543.606202
47 2170684.780483
48 2004842.867829
49 1929678.636609
50 1834335.103758
51 1675721.980583
52 1545635.063730
53 1391722.842228
54 1320075.461681
55 1259188.123677
56 1170452.199764
57 1074308.615991
58 1044481.212168
59 1004619.135099
60 943488.885890
61 892242.445626
62 830342.866949
63 795795.385457
64 738431.811032
65 612486.193193
66 595774.690552
67 540582.205758
68 519868.521165
69 470053.901688
70 439598.300417
71 406376.186344
72 364108.131426
73 335557.511782
74 305381.874677
75 275459.172353
76 257562.358705
77 224291.217073
78 208051.058215
79 191285.556894
80 169704.316344
81 160142.793595
82 148116.435541
83 138472.489630
84 122839.323153
85 111925.951292
86 105710.619352
87 92899.457564
88 82571.066648
89 73685.433154
90 68110.246009
91 58719.027571
92 52546.761890
93 47443.053955
94 42243.077170
95 38517.435482
96 32035.988892
97 30153.631808
98 27514.906863
99 23639.098537
100 21921.553382
101 19676.882177
102 17900.355016
103 16099.511580
104 14558.367129
105 13073.622285
106 11566.113811
107 10740.348899
108 9289.619929
109 8582.871223
110 7650.271927
111 7243.379462
112 6351.157976
113 5681.043631
114 4969.483260
115 4486.333709
116 4052.992333
117 3536.904519
118 3122.536366
119 2806.170133
120 2595.576832
121 2270.950273
122 2052.751210
123 1867.485297
124 1699.218190
125 1529.930385
126 1358.106657
127 1205.345088
128 1085.821119
129 1000.909316
130 901.731954
131 818.098038
132 703.683934
133 638.668150
134 567.068928
135 506.214765
136 460.101386
137 401.989232
138 354.786488
139 315.907239
140 281.246666
141 249.420143
142 234.356268
143 209.595291
144 189.695766
145 168.778256
146 156.696022
147 139.153401
148 125.802344
149 114.970177
150 101.666950
151 93.457407
152 84.139739
153 77.892190
154 71.847774
155 63.805237
156 58.624642
157 53.854549
158 49.452722
159 44.767086
160 40.929111
161 37.348897
162 34.299735
163 29.726450
164 27.653437
165 25.056052
166 21.859141
167 20.296486
168 18.137477
169 16.854125
170 15.464298
171 13.922749
172 12.704280
173 11.443631
174 10.309787
175 9.589527
176 8.741221
177 7.941532
178 7.298760
179 6.624543
180 6.001542
181 5.503038
182 5.017602
183 4.611878
184 4.237728
185 3.929639
186 3.590336
187 3.254980
188 2.926081
189 2.684275
190 2.449690
191 2.305838
192 2.165240
193 1.955527
194 1.791202
195 1.607162
196 1.460013
197 1.327033
198 1.214730
199 1.140968
200 1.056116
201 0.989879
202 0.908404
203 0.844078
204 0.780286
205 0.734436
206 0.678642
207 0.616439
208 0.585172
209 0.542996
210 0.506592
211 0.480310
212 0.441224
213 0.409919
214 0.379083
215 0.359870
216 0.337799
217 0.312414
218 0.291061
219 0.274275
220 0.256501
221 0.240865
222 0.226947
223 0.213101
224 0.200052
225 0.188412
226 0.176550
227 0.165817
228 0.155868
229 0.146277
230 0.138057
231 0.128866
232 0.121305
233 0.113426
234 0.106581
235 0.099083
236 0.095189
237 0.087672
238 0.083528
239 0.078467
240 0.074355
241 0.069928
242 0.064555
243 0.060391
244 0.055507
245 0.053202
246 0.050553
247 0.047233
248 0.044418
249 0.042369
250 0.040154
251 0.038120
252 0.035675
253 0.033950
254 0.032035
255 0.030063
256 0.028885
257 0.027198
258 0.025911
259 0.024431
260 0.023021
261 0.022080
262 0.020862
263 0.019942
264 0.018618
265 0.018108
266 0.016942
267 0.016166
268 0.015601
269 0.014772
270 0.013998
271 0.013309
272 0.012876
273 0.012213
274 0.011599
275 0.011083
276 0.010537
277 0.010047
278 0.009686
279 0.009216
280 0.008764
281 0.008478
282 0.008065
283 0.007758
284 0.007430
285 0.007146
286 0.006868
287 0.006559
288 0.006364
289 0.006034
290 0.005802
291 0.005477
292 0.005315
293 0.005109
294 0.004766
295 0.004675
296 0.004490
297 0.004314
298 0.004163
299 0.004025
300 0.003848
301 0.003699
302 0.003564
303 0.003421
304 0.003309
305 0.003206
306 0.003093
307 0.002962
308 0.002856
309 0.002741
310 0.002655
311 0.002571
312 0.002486
313 0.002412
314 0.002294
315 0.002240
316 0.002165
317 0.002079
318 0.002017
319 0.001958
320 0.001842
321 0.001796
322 0.001760
323 0.001707
324 0.001637
325 0.001580
326 0.001534
327 0.001483
328 0.001444
329 0.001389
330 0.001348
331 0.001314
332 0.001275
333 0.001230
334 0.001202
335 0.001168
336 0.001133
337 0.001101
338 0.001065
339 0.001024
340 0.000992
341 0.000961
342 0.000928
343 0.000900
344 0.000877
345 0.000846
346 0.000832
347 0.000802
348 0.000776
349 0.000761
350 0.000737
351 0.000718
352 0.000700
353 0.000677
354 0.000663
355 0.000647
356 0.000630
357 0.000613
358 0.000599
359 0.000582
360 0.000570
361 0.000555
362 0.000545
363 0.000531
364 0.000518
365 0.000506
366 0.000492
367 0.000483
368 0.000473
369 0.000462
370 0.000451
371 0.000438
372 0.000431
373 0.000423
374 0.000413
375 0.000405
376 0.000397
377 0.000387
378 0.000381
379 0.000373
380 0.000366
381 0.000358
382 0.000353
383 0.000346
384 0.000339
385 0.000332
386 0.000326
387 0.000321
388 0.000313
389 0.000308
390 0.000303
391 0.000298
392 0.000293
393 0.000288
394 0.000281
395 0.000277
396 0.000273
397 0.000268
398 0.000263
399 0.000259
400 0.000254
401 0.000250
402 0.000246
403 0.000241
404 0.000238
405 0.000234
406 0.000231
407 0.000227
408 0.000223
409 0.000220
410 0.000217
411 0.000213
412 0.000209
413 0.000206
414 0.000203
415 0.000201
416 0.000198
417 0.000195
418 0.000192
419 0.000189
420 0.000187
421 0.000184
422 0.000182
423 0.000180
424 0.000176
425 0.000175
426 0.000173
427 0.000171
428 0.000169
429 0.000167
430 0.000164
431 0.000163
432 0.000161
433 0.000159
434 0.000157
435 0.000156
436 0.000154
437 0.000152
438 0.000150
439 0.000149
440 0.000147
441 0.000146
442 0.000144
443 0.000143
444 0.000141
445 0.000140
446 0.000139
447 0.000138
448 0.000136
449 0.000135
450 0.000134
451 0.000133
452 0.000132
453 0.000131
454 0.000129
455 0.000128
456 0.000128
457 0.000127
458 0.000126
459 0.000125
460 0.000124
461 0.000123
462 0.000122
463 0.000122
464 0.000121
465 0.000120
466 0.000119
467 0.000119
468 0.000118
469 0.000117
470 0.000117
471 0.000116
472 0.000116
473 0.000115
474 0.000115
475 0.000114
476 0.000114
477 0.000113
478 0.000113
479 0.000112
480 0.000112
481 0.000112
482 0.000111
483 0.000111
484 0.000111
485 0.000110
486 0.000110
487 0.000110
488 0.000110
489 0.000109
490 0.000109
491 0.000109
492 0.000109
493 0.000109
494 0.000108
495 0.000108
496 0.000108
497 0.000108
498 0.000108
499 0.000108
500 0.000108
