1 75167701.542512
2 131974038.872345
3 327535723.416193
4 858654374.948374
5 1718222228.925253
6 1518823743.304452
7 3288508678.807964
8 5330844322.526479
9 8056963063.504777
10 14987335046.833752
11 18264009834.791080
12 40578390467.557663
13 68023579377.525337
14 103148324464.099609
15 137897422277.128998
16 327344120751.157410
17 450119323701.834473
18 572706136880.837280
19 991348962313.433594
20 1581536606598.574951
21 3403910292532.022461
22 3753258200819.094238
23 3663376970028.945312
24 9822560387437.472656
25 15426497836253.935547
26 33450554920971.468750
27 57002591328338.664062
28 68701934483607.070312
29 128087032420101.812500
30 172332927441069.562500
31 260243763081531.375000
32 305142358551947.125000
33 480066036349002.750000
34 849352536619348.625000
35 1219763580132485.250000
36 1791418434947536.250000
37 2036810015085411.500000
38 2704789487101997.000000
39 3241806612777205.500000
40 8261053034598221.000000
41 9811041195424808.000000
42 8174310973090397.000000
43 13128901760384868.000000
44 14004634550892680.000000
45 17838159429518654.000000
46 32957747145856112.000000
47 33886058344501524.000000
48 61111446892676248.000000
49 82124738084548768.000000
50 130853398108456240.000000
51 121733757633784720.000000
52 117104163318960288.000000
53 244687946138753440.000000
54 289783062266797568.000000
55 423722028196492672.000000
56 477966357457079168.000000
57 848941968463659264.000000
58 1184837589360377088.000000
59 2125305674454602240.000000
60 2056877158547084032.000000
61 4173124218023483392.000000
62 4372627079942054912.000000
63 4669584238929550336.000000
64 3942329932301940736.000000
65 4899259690732039168.000000
66 6446140648538890240.000000
67 6974507175688298496.000000
68 11856774383112792064.000000
69 10015828630138677248.000000
70 10650535784320153600.000000
71 10612296983202895872.000000
72 10371370351774523392.000000
73 22979217146352992256.000000
74 39202485037691756544.000000
75 27340632485022740480.000000
76 40322332745305866240.000000
77 40164595955769204736.000000
78 81305223359785287680.000000
79 83110801396258668544.000000
80 66772190530813075456.000000
81 75508752480867565568.000000
82 59490326260182736896.000000
83 90317199537229250560.000000
84 75990328781725728768.000000
85 124002265191846133760.000000
86 78997808982246785024.000000
87 158389593417090793472.000000
88 156604817695687180288.000000
89 219388647877145526272.000000
90 238509507432150761472.000000
91 157190820682474258432.000000
92 171821772344901468160.000000
93 215309895582922604544.000000
94 246501530490602389504.000000
95 271994642514727075840.000000
96 303688615935845466112.000000
97 287030960581357699072.000000
98 551512983270743408640.000000
99 717565185959798898688.000000
100 655074118439592525824.000000
101 785446664999040319488.000000
102 678357204904274296832.000000
103 783271131909649858560.000000
104 706294311472005513216.000000
105 795861884471785816064.000000
106 601491012526919647232.000000
107 842294472024004100096.000000
108 1249737814306840641536.000000
109 1118436747484303720448.000000
110 1703646207251775225856.000000
111 2069894351891914817536.000000
112 2441566259241113616384.000000
113 2569579601634829795328.000000
114 2733407507596641304576.000000
115 3016916312481100988416.000000
116 2977502559577264095232.000000
117 3291352403766693330944.000000
118 3125742143340365217792.000000
119 3716054453648280780800.000000
120 2958970897517695205376.000000
121 2875651153002654859264.000000
122 3644216758100006797312.000000
123 4124394124179939524608.000000
124 2297805917833816440832.000000
125 3063945465978892582912.000000
126 3017117660626310135808.000000
127 2455402444664560680960.000000
128 3010113411171223601152.000000
129 3521822407609836634112.000000
130 2638346653147949170688.000000
131 2458968187142710755328.000000
132 2658480354459434614784.000000
133 2818503441478250397696.000000
134 2415946090497868562432.000000
135 2035501334689738391552.000000
136 2715092793463455350784.000000
137 3001802980622701428736.000000
138 1586298289184735756288.000000
139 1817803404368271900672.000000
140 1673945589521451581440.000000
141 1707936054174016602112.000000
142 1366443870074266714112.000000
143 1428651792112587112448.000000
144 1814450066460259385344.000000
145 1748267647016438333440.000000
146 1545838116500280442880.000000
147 1863596340153929695232.000000
148 2327932526774490234880.000000
149 2075583409600934182912.000000
150 1831731170219457249280.000000
151 1946620260640627359744.000000
152 1799212502838076243968.000000
153 1057597864953546932224.000000
154 1298915707321028444160.000000
155 1172987063787611750400.000000
156 1418100786832931815424.000000
157 1080204877654167257088.000000
158 1047229284119134470144.000000
159 1030736399346920718336.000000
160 891167825230137262080.000000
161 1021557159683352821760.000000
162 1204444138066853232640.000000
163 898767042731089723392.000000
164 851018915333458755584.000000
165 798149867324909944832.000000
166 690923090031143288832.000000
167 590631308706705178624.000000
168 480852794839410737152.000000
169 428711734177605156864.000000
170 327093191257242140672.000000
171 356484828774003245056.000000
172 343203500301313900544.000000
173 287247630990668562432.000000
174 217775281626869432320.000000
175 178486544753594269696.000000
176 191932409729528954880.000000
177 118538836213702983680.000000
178 123238955247521169408.000000
179 114493087907417833472.000000
180 92771080125814112256.000000
181 82271758514499010560.000000
182 80614252871064240128.000000
183 88651458615172169728.000000
184 73820347131573321728.000000
185 55291062803348733952.000000
186 35901736468508901376.000000
187 40033156577576927232.000000
188 29490277473176055808.000000
189 21149548117279211520.000000
190 17190820697435174912.000000
191 17361274484473397248.000000
192 20225038595947356160.000000
193 16952789211842785280.000000
194 13586512624178589696.000000
195 11474287228102543360.000000
196 8607877277235096576.000000
197 5697800293658722304.000000
198 6288689237492429824.000000
199 4283241773080206848.000000
200 3771459760574507008.000000
201 2943811733359049216.000000
202 2865201692685683712.000000
203 2231645458095813632.000000
204 2207095846805884672.000000
205 1735424626731747840.000000
206 1754977100271096576.000000
207 1241395435941918976.000000
208 1381683610518408960.000000
209 997633616259274368.000000
210 840228396991496832.000000
211 614572760001735040.000000
212 656942105413022208.000000
213 645684789922134144.000000
214 524044043749808064.000000
215 422183029904521664.000000
216 388034765544570112.000000
217 367606800112862144.000000
218 323605948135126208.000000
219 238244861554991520.000000
220 175861085741683968.000000
221 123356882892044384.000000
222 123848290702211856.000000
223 98006066169256784.000000
224 73192985364877984.000000
225 57975421273204248.000000
226 47373421736930568.000000
227 40437979741436904.000000
228 42861503685476336.000000
229 33302568855091216.000000
230 29394506083609972.000000
231 20572542534669312.000000
232 15785221223742188.000000
233 12697746877470758.000000
234 9718825069377116.000000
235 7849343843458788.000000
236 5745427033230609.000000
237 3927536988621490.500000
238 3653104765857515.500000
239 3478858905901977.500000
240 2201790519473397.000000
241 2328040412312750.500000
242 1737586025542980.000000
243 1369760428317094.000000
244 1105954613247344.500000
245 807357723806869.125000
246 654248250994427.000000
247 508982952487053.687500
248 327681603122853.500000
249 284023705475013.000000
250 226403355795652.968750
251 172848591436637.375000
252 139801629159817.625000
253 80745553835586.218750
254 73567041482991.234375
255 54039726527485.390625
256 40135522843594.046875
257 33978901115943.601562
258 26756364336202.347656
259 23867198992062.867188
260 18907549564144.687500
261 16722695494043.898438
262 12266065588646.373047
263 8481156528000.119141
264 7704091267156.011719
265 7283010931693.786133
266 5485490139207.537109
267 5446271796547.249023
268 3876095721090.699707
269 3704729935200.128906
270 2971808642689.656250
271 2524855904984.648438
272 2206393633504.458496
273 1661068529645.227295
274 1309094849550.739746
275 1081259294083.524902
276 898140204997.883423
277 542887636699.084778
278 435662565649.158813
279 345385452153.812500
280 234223336691.100006
281 172074560408.655457
282 147012267542.385437
283 112926358052.122528
284 90788094475.963684
285 57485948867.382805
286 47139407535.954407
287 40037248958.987991
288 35639676886.499573
289 23725372832.676979
290 24004277017.290051
291 21452283867.779488
292 17748002281.152332
293 13323706154.549564
294 9810047336.527605
295 7712175310.643176
296 6772389636.989938
297 5724325578.626033
298 4827121877.314233
299 4298934718.534625
300 3229013844.949740
301 2498699314.006573
302 1810877213.177518
303 1163640062.071114
304 892400789.716048
305 619640387.354658
306 508738086.454695
307 382564580.512885
308 292744174.218571
309 226276997.679555
310 186909688.250387
311 139404692.987437
312 87942652.472622
313 66790481.394959
314 61379199.656753
315 49078658.156996
316 37214284.883595
317 30252891.451913
318 26867885.747816
319 18822686.894415
320 16558616.713696
321 12332458.816603
322 10219197.662619
323 7315929.190226
324 5671011.786575
325 5520549.983494
326 4073878.515904
327 3224630.682399
328 2651124.586360
329 1687666.054329
330 1547933.328104
331 1134593.103491
332 1033210.440525
333 830944.747977
334 701293.383808
335 510730.009393
336 366481.698448
337 290018.197368
338 210818.234934
339 162700.201202
340 124280.062769
341 90682.357109
342 70447.064835
343 54228.933688
344 39888.063352
345 31558.110761
346 24820.693700
347 19009.910486
348 16673.190696
349 13106.119043
350 10430.588443
351 9239.235039
352 7963.628969
353 6602.465743
354 4718.802304
355 3785.717836
356 2970.946186
357 2354.358271
358 1889.254833
359 1477.817061
360 1168.218243
361 894.844787
362 679.546122
363 547.113513
364 382.228908
365 301.326581
366 240.887319
367 197.999567
368 163.735441
369 112.732586
370 92.728712
371 72.369040
372 55.344910
373 44.229151
374 33.817258
375 25.736568
376 21.166226
377 17.311895
378 14.289485
379 10.694072
380 8.925026
381 6.603731
382 4.975700
383 3.636612
384 3.128931
385 2.585484
386 1.953644
387 1.579954
388 1.213831
389 0.988708
390 0.775974
391 0.632048
392 0.492721
393 0.390369
394 0.292662
395 0.253437
396 0.199782
397 0.163993
398 0.135045
399 0.107772
400 0.078767
401 0.065121
402 0.052560
403 0.042355
404 0.032953
405 0.027119
406 0.023224
407 0.017886
408 0.014323
409 0.011696
410 0.009183
411 0.006998
412 0.005541
413 0.004619
414 0.003631
415 0.002986
416 0.002440
417 0.001995
418 0.001582
419 0.001311
420 0.001043
421 0.000875
422 0.000719
423 0.000582
424 0.000472
425 0.000379
426 0.000314
427 0.000252
428 0.000204
429 0.000167
430 0.000126
431 0.000104
432 0.000086
433 0.000068
434 0.000056
435 0.000045
436 0.000037
437 0.000031
438 0.000025
439 0.000021
440 0.000017
441 0.000014
442 0.000011
443 0.000009
444 0.000007
445 0.000006
446 0.000005
447 0.000004
448 0.000003
449 0.000002
450 0.000002
451 0.000002
452 0.000001
453 0.000001
454 0.000001
455 0.000001
456 0.000001
457 0.000000
458 0.000000
459 0.000000
460 0.000000
461 0.000000
462 0.000000
463 0.000000
464 0.000000
465 0.000000
466 0.000000
467 0.000000
468 0.000000
469 0.000000
470 0.000000
471 0.000000
472 0.000000
473 0.000000
474 0.000000
475 0.000000
476 0.000000
477 0.000000
478 0.000000
479 0.000000
480 0.000000
481 0.000000
482 0.000000
483 0.000000
484 0.000000
485 0.000000
486 0.000000
487 0.000000
488 0.000000
489 0.000000
490 0.000000
491 0.000000
492 0.000000
493 0.000000
494 0.000000
495 0.000000
496 0.000000
497 0.000000
498 0.000000
499 0.000000
500 0.000000
