1 48884388.382866
2 108194429.296265
3 114684304.222272
4 116509885.776823
5 99216812.791811
6 155293861.572697
7 218797842.531275
8 171786009.906327
9 333446993.453647
10 251350430.652552
11 329123429.671104
12 336943821.535429
13 455677963.072913
14 552679671.275640
15 599575316.099013
16 652747014.275495
17 751403874.396689
18 864147994.423285
19 1087541874.885603
20 1372878228.372906
21 1221376112.620511
22 1319645205.223557
23 1374399259.145058
24 1914942924.787807
25 1455814488.753164
26 1606808134.788956
27 1470585694.744907
28 2396842000.293001
29 2128729062.809422
30 2236690461.639719
31 2615710735.518439
32 2712758371.353772
33 2520263760.219147
34 2189263025.218723
35 2917950737.223800
36 3457437835.245511
37 2980955622.378213
38 3330547087.931217
39 3784113697.100705
40 3478885349.669742
41 4546496265.390111
42 4791945355.786528
43 3726258624.554673
44 4071882662.491351
45 5380935743.203673
46 4982248188.672280
47 4416132149.177488
48 5934272787.212207
49 6433179939.288176
50 6998657415.951174
51 5683541335.801527
52 5613649003.250788
53 5883235598.818332
54 6472683642.197330
55 7190002108.731098
56 6630959517.494515
57 7690677231.898618
58 7514854346.159004
59 6530826473.654989
60 7060277140.267562
61 8183696470.342088
62 8337982294.196265
63 7541034670.525596
64 6968228826.838202
65 7386963722.176621
66 6485172636.963182
67 5713323475.027209
68 6248588400.236319
69 6669187087.308867
70 7356252147.016945
71 7548763603.198382
72 6786902384.744566
73 7043204852.946870
74 6117624709.087550
75 6621799346.595482
76 5877867592.875580
77 4567316212.403975
78 5583006134.703970
79 7066267077.747557
80 5302078551.968590
81 6405985539.365492
82 6117633442.926003
83 4924587281.866416
84 6515372744.488641
85 5637933393.985546
86 4976188396.702562
87 6075492017.207837
88 5950668692.765580
89 5350279956.367308
90 5860290514.003010
91 4977027082.277849
92 4954318524.203710
93 4777581258.702229
94 4463078325.450472
95 5269677435.131838
96 5045692216.677603
97 4624051107.610025
98 4903728367.244059
99 4062050639.342700
100 4471273948.225530
101 5191659714.617650
102 5026571108.758346
103 3392263566.511285
104 4201124757.573236
105 3647421457.344607
106 3359647454.701639
107 3753233884.909061
108 3436075282.683735
109 3382720932.541267
110 4143587661.762002
111 3834245911.261825
112 3999224597.515532
113 3612768788.920084
114 3421400608.197304
115 2762266755.409937
116 2678135897.249371
117 2442897377.648061
118 2915124888.536108
119 2619948826.470875
120 2054752768.246039
121 2156356958.831522
122 2649727405.984613
123 2092044945.553746
124 2125853503.785685
125 1945256560.412586
126 2262654529.942065
127 2003830379.206528
128 1764012333.246970
129 1760863652.692835
130 1781585199.959358
131 1444155392.812420
132 1187446625.393687
133 1402905198.456890
134 1247274689.794199
135 1120470548.095415
136 1014557873.444931
137 1087600462.600187
138 1072902743.891385
139 908477045.183197
140 905591461.969116
141 790744157.380173
142 722322876.212619
143 690271064.810416
144 587383705.059865
145 512396130.123993
146 532020341.299471
147 531918658.089761
148 605412146.938035
149 492729086.978158
150 520440644.373271
151 453269029.261083
152 520718990.779843
153 485942122.041376
154 439323376.730637
155 440236668.838733
156 470784322.611214
157 508773997.997558
158 428264005.758462
159 405100569.049904
160 381835429.733855
161 384226749.358848
162 350539483.886345
163 328104138.455762
164 330477068.059983
165 355156784.132984
166 357277142.690214
167 381129851.441099
168 373315790.360840
169 284902178.599739
170 299091530.976897
171 250284188.865964
172 210795166.738990
173 207593870.748262
174 180698526.941054
175 148358561.885322
176 176659576.270887
177 141991240.676053
178 141383678.074404
179 123438706.662834
180 153047679.623437
181 99848054.572781
182 127705082.733357
183 124173326.715233
184 119557389.206625
185 129731781.618213
186 108820325.538034
187 118892617.171295
188 84144521.278234
189 107287855.298683
190 93784235.590678
191 95688878.666038
192 90641367.327758
193 88108606.422293
194 92101593.764610
195 76666208.212107
196 81086811.336862
197 75448201.287374
198 79476008.063555
199 71889803.857154
200 81799455.896204
201 71498218.325583
202 70834358.261407
203 69107162.408035
204 61705926.805984
205 66287864.971085
206 61901647.962520
207 54028042.811860
208 60711607.534061
209 58538711.884180
210 55104132.601111
211 53560331.867968
212 49365823.178041
213 52911713.006744
214 51900248.751756
215 47642622.832936
216 45171275.657417
217 42794048.087671
218 44956639.659883
219 44570998.008232
220 43042833.538920
221 38062939.643259
222 38913440.409116
223 39323860.344288
224 37772238.155783
225 39686483.179702
226 34507552.832663
227 37501068.788939
228 33121296.049116
229 30497398.797883
230 29197556.792428
231 29242841.700211
232 28793346.359932
233 28656398.078740
234 23607881.924546
235 24221880.555762
236 21733098.616889
237 22019502.154235
238 24083953.803048
239 24273092.717843
240 22644666.940804
241 22734054.240946
242 20290735.836853
243 20262355.457893
244 18698814.753156
245 19622139.807082
246 16811684.916001
247 17511567.712498
248 16467798.716779
249 16568990.024269
250 15511805.076127
251 14866604.071374
252 15316990.888344
253 15108823.914036
254 13566264.008839
255 13519363.217136
256 14610979.451780
257 13189302.834379
258 11479077.656373
259 10644268.476252
260 11215498.890770
261 12442321.782320
262 11896272.093887
263 11128203.141911
264 13520608.010087
265 12162361.617751
266 10371201.521222
267 11722409.881588
268 10930910.755955
269 9878563.119034
270 9862980.396528
271 9710085.888026
272 10239415.604295
273 9903441.709482
274 9253020.209078
275 10293528.708025
276 10202999.585087
277 9383219.668738
278 8582293.735217
279 10148175.973560
280 8958516.920997
281 9721717.911181
282 9315420.831914
283 9659008.742138
284 9438028.777311
285 9115886.118520
286 8482642.469605
287 8793858.919863
288 8216840.020646
289 7550322.790561
290 6999311.423817
291 7756304.615144
292 7761363.755622
293 7351173.309797
294 7423474.466888
295 6970839.669047
296 6991748.587562
297 6356215.395867
298 6991549.715976
299 6541077.038429
300 6391348.919674
301 6362333.003245
302 6256158.581410
303 6464636.054715
304 6147244.182803
305 5943062.475490
306 6282922.932498
307 5633169.330620
308 6059222.655381
309 5370458.480189
310 5581863.642444
311 5569418.717750
312 6044049.344730
313 5368397.078290
314 5842988.352273
315 5559025.360744
316 5132806.362853
317 4800149.940178
318 4458066.322900
319 4716776.739976
320 4633104.373927
321 4562450.437887
322 4764331.085777
323 4300341.700619
324 4279380.323699
325 4400575.275872
326 4233269.770880
327 4229544.061117
328 4227666.431776
329 3807466.409706
330 3932910.279330
331 3598632.244713
332 3437244.419518
333 3363351.368672
334 3542425.560175
335 3190025.952043
336 3511921.910193
337 3378897.390700
338 3278406.327316
339 3200019.214207
340 3001707.808388
341 3129380.078037
342 3132725.963003
343 3119839.232939
344 3144129.632444
345 2787027.251344
346 3118854.864676
347 2925476.662135
348 2881976.622142
349 2804280.441137
350 2667241.241958
351 2705082.086723
352 2606395.201717
353 2535626.684282
354 2564599.529361
355 2444732.529217
356 2441670.483298
357 2449321.503058
358 2492742.717224
359 2274877.056693
360 2327788.147619
361 2275478.362083
362 2326109.458347
363 2256869.301479
364 2192183.061203
365 2147126.240047
366 2142094.153324
367 1925480.483402
368 1994500.939247
369 1986648.834860
370 1967117.643704
371 1995558.769024
372 1934025.383911
373 1952960.240303
374 1891178.241812
375 1963370.527169
376 1891620.444550
377 1857372.285120
378 1818838.030697
379 1724769.975148
380 1787182.688701
381 1733981.320454
382 1729273.500252
383 1591435.508710
384 1590960.166656
385 1592737.378939
386 1572107.307973
387 1538264.366859
388 1626327.820295
389 1588656.593864
390 1609191.769981
391 1590088.120104
392 1655446.218586
393 1595154.380136
394 1506140.103938
395 1483038.423281
396 1473127.832668
397 1497391.478619
398 1409299.797475
399 1458273.921220
400 1439342.993489
401 1391455.117953
402 1352942.365900
403 1335638.805483
404 1311795.437914
405 1306567.531369
406 1287705.958733
407 1287559.738301
408 1238359.796715
409 1226913.549541
410 1188823.076080
411 1157199.915049
412 1156661.806277
413 1142726.985459
414 1121478.961020
415 1123789.425415
416 1113886.778337
417 1074167.816434
418 1073946.060601
419 1064501.434128
420 1053254.797105
421 1046790.984454
422 1017558.823256
423 1031711.890746
424 997601.977037
425 1006799.256922
426 970447.841509
427 951976.569696
428 949520.555790
429 955718.181726
430 940685.071401
431 941069.923581
432 924185.830864
433 905392.910727
434 891148.104855
435 881741.608239
436 850793.726930
437 845731.502332
438 832538.752445
439 832119.500956
440 826405.375338
441 823169.702724
442 812481.803261
443 799457.541328
444 800836.433213
445 784810.976326
446 781017.795789
447 774999.270880
448 765646.490685
449 747960.397079
450 739276.582077
451 739812.550457
452 735809.594034
453 727840.583153
454 722728.377241
455 713035.677547
456 705975.110620
457 698785.577192
458 700337.778148
459 694932.190189
460 690575.041459
461 684831.429606
462 685643.274877
463 675353.600497
464 673842.141346
465 662714.213822
466 664324.562243
467 663930.090651
468 659216.781790
469 656017.202012
470 650928.617479
471 646295.281471
472 643224.867581
473 637523.770928
474 629704.998092
475 627583.916404
476 625887.849493
477 622431.276166
478 614656.150533
479 613381.394208
480 609913.919901
481 607678.624139
482 604199.903098
483 601125.834095
484 599247.226026
485 596172.963107
486 594302.888704
487 589248.126403
488 586810.101482
489 584024.620904
490 582937.671756
491 580264.625913
492 579066.833846
493 577299.518974
494 575388.203348
495 574669.399781
496 573615.032725
497 572243.681136
498 571634.235618
499 570989.797908
500 570831.813892
