1 1000000000000000019884624838656.000000
2 1000000000000000019884624838656.000000
3 1000000000000000019884624838656.000000
4 1000000000000000019884624838656.000000
5 7353.529212
6 7353.529212
7 7353.529212
8 7353.529212
9 7353.529212
10 4416.570736
11 4416.570736
12 4416.570736
13 4416.570736
14 4416.570736
15 3049.531550
16 3049.531550
17 3049.531550
18 3049.531550
19 3049.531550
20 1886.660835
21 1886.660835
22 1886.660835
23 1886.660835
24 1886.660835
25 1462.114188
26 1462.114188
27 1462.114188
28 1462.114188
29 1462.114188
30 1179.470453
31 1179.470453
32 1179.470453
33 1179.470453
34 1179.470453
35 947.309170
36 947.309170
37 947.309170
38 947.309170
39 947.309170
40 784.235775
41 784.235775
42 784.235775
43 784.235775
44 784.235775
45 632.329530
46 632.329530
47 632.329530
48 632.329530
49 632.329530
50 479.830605
51 479.830605
52 479.830605
53 479.830605
54 479.830605
55 373.545276
56 373.545276
57 373.545276
58 373.545276
59 373.545276
60 291.569598
61 291.569598
62 291.569598
63 291.569598
64 291.569598
65 235.613653
66 235.613653
67 235.613653
68 235.613653
69 235.613653
70 187.452596
71 187.452596
72 187.452596
73 187.452596
74 187.452596
75 145.533221
76 145.533221
77 145.533221
78 145.533221
79 145.533221
80 121.307319
81 121.307319
82 121.307319
83 121.307319
84 121.307319
85 101.575782
86 101.575782
87 101.575782
88 101.575782
89 101.575782
90 83.040998
91 83.040998
92 83.040998
93 83.040998
94 83.040998
95 67.203992
96 67.203992
97 67.203992
98 67.203992
99 67.203992
100 49.883300
101 49.883300
102 49.883300
103 49.883300
104 49.883300
105 42.571205
106 42.571205
107 42.571205
108 42.571205
109 42.571205
110 33.900971
111 33.900971
112 33.900971
113 33.900971
114 33.900971
115 26.455967
116 26.455967
117 26.455967
118 26.455967
119 26.455967
120 20.294310
121 20.294310
122 20.294310
123 20.294310
124 20.294310
125 17.422467
126 17.422467
127 17.422467
128 17.422467
129 17.422467
130 14.368907
131 14.368907
132 14.368907
133 14.368907
134 14.368907
135 11.816406
136 11.816406
137 11.816406
138 11.816406
139 11.816406
140 10.348083
141 10.348083
142 10.348083
143 10.348083
144 10.348083
145 8.810444
146 8.810444
147 8.810444
148 8.810444
149 8.810444
150 7.103288
151 7.103288
152 7.103288
153 7.103288
154 7.103288
155 5.783404
156 5.783404
157 5.783404
158 5.783404
159 5.783404
160 4.822180
161 4.822180
162 4.822180
163 4.822180
164 4.822180
165 4.307972
166 4.307972
167 4.307972
168 4.307972
169 4.307972
170 3.721137
171 3.721137
172 3.721137
173 3.721137
174 3.721137
175 3.199245
176 3.199245
177 3.199245
178 3.199245
179 3.199245
180 2.803758
181 2.803758
182 2.803758
183 2.803758
184 2.803758
185 2.435075
186 2.435075
187 2.435075
188 2.435075
189 2.435075
190 2.125213
191 2.125213
192 2.125213
193 2.125213
194 2.125213
195 1.861988
196 1.861988
197 1.861988
198 1.861988
199 1.861988
200 1.607053
201 1.607053
202 1.607053
203 1.607053
204 1.607053
205 1.382259
206 1.382259
207 1.382259
208 1.382259
209 1.382259
210 1.239060
211 1.239060
212 1.239060
213 1.239060
214 1.239060
215 1.078724
216 1.078724
217 1.078724
218 1.078724
219 1.078724
220 0.930701
221 0.930701
222 0.930701
223 0.930701
224 0.930701
225 0.833137
226 0.833137
227 0.833137
228 0.833137
229 0.833137
230 0.754160
231 0.754160
232 0.754160
233 0.754160
234 0.754160
235 0.673842
236 0.673842
237 0.673842
238 0.673842
239 0.673842
240 0.609629
241 0.609629
242 0.609629
243 0.609629
244 0.609629
245 0.563604
246 0.563604
247 0.563604
248 0.563604
249 0.563604
250 0.504838
251 0.504838
252 0.504838
253 0.504838
254 0.504838
255 0.461740
256 0.461740
257 0.461740
258 0.461740
259 0.461740
260 0.409798
261 0.409798
262 0.409798
263 0.409798
264 0.409798
265 0.375444
266 0.375444
267 0.375444
268 0.375444
269 0.375444
270 0.343951
271 0.343951
272 0.343951
273 0.343951
274 0.343951
275 0.320493
276 0.320493
277 0.320493
278 0.320493
279 0.320493
280 0.296647
281 0.296647
282 0.296647
283 0.296647
284 0.296647
285 0.271852
286 0.271852
287 0.271852
288 0.271852
289 0.271852
290 0.251037
291 0.251037
292 0.251037
293 0.251037
294 0.251037
295 0.229862
296 0.229862
297 0.229862
298 0.229862
299 0.229862
300 0.213104
301 0.213104
302 0.213104
303 0.213104
304 0.213104
305 0.197364
306 0.197364
307 0.197364
308 0.197364
309 0.197364
310 0.186760
311 0.186760
312 0.186760
313 0.186760
314 0.186760
315 0.174572
316 0.174572
317 0.174572
318 0.174572
319 0.174572
320 0.161768
321 0.161768
322 0.161768
323 0.161768
324 0.161768
325 0.150508
326 0.150508
327 0.150508
328 0.150508
329 0.150508
330 0.142128
331 0.142128
332 0.142128
333 0.142128
334 0.142128
335 0.132580
336 0.132580
337 0.132580
338 0.132580
339 0.132580
340 0.125764
341 0.125764
342 0.125764
343 0.125764
344 0.125764
345 0.119484
346 0.119484
347 0.119484
348 0.119484
349 0.119484
350 0.111613
351 0.111613
352 0.111613
353 0.111613
354 0.111613
355 0.107252
356 0.107252
357 0.107252
358 0.107252
359 0.107252
360 0.101305
361 0.101305
362 0.101305
363 0.101305
364 0.101305
365 0.095028
366 0.095028
367 0.095028
368 0.095028
369 0.095028
370 0.092425
371 0.092425
372 0.092425
373 0.092425
374 0.092425
375 0.088100
376 0.088100
377 0.088100
378 0.088100
379 0.088100
380 0.084812
381 0.084812
382 0.084812
383 0.084812
384 0.084812
385 0.081649
386 0.081649
387 0.081649
388 0.081649
389 0.081649
390 0.077800
391 0.077800
392 0.077800
393 0.077800
394 0.077800
395 0.075941
396 0.075941
397 0.075941
398 0.075941
399 0.075941
400 0.072790
401 0.072790
402 0.072790
403 0.072790
404 0.072790
405 0.070933
406 0.070933
407 0.070933
408 0.070933
409 0.070933
410 0.068648
411 0.068648
412 0.068648
413 0.068648
414 0.068648
415 0.066961
416 0.066961
417 0.066961
418 0.066961
419 0.066961
420 0.064681
421 0.064681
422 0.064681
423 0.064681
424 0.064681
425 0.063414
426 0.063414
427 0.063414
428 0.063414
429 0.063414
430 0.061950
431 0.061950
432 0.061950
433 0.061950
434 0.061950
435 0.060773
436 0.060773
437 0.060773
438 0.060773
439 0.060773
440 0.059521
441 0.059521
442 0.059521
443 0.059521
444 0.059521
445 0.058378
446 0.058378
447 0.058378
448 0.058378
449 0.058378
450 0.057245
451 0.057245
452 0.057245
453 0.057245
454 0.057245
455 0.056397
456 0.056397
457 0.056397
458 0.056397
459 0.056397
460 0.055671
461 0.055671
462 0.055671
463 0.055671
464 0.055671
465 0.054896
466 0.054896
467 0.054896
468 0.054896
469 0.054896
470 0.054182
471 0.054182
472 0.054182
473 0.054182
474 0.054182
475 0.053840
476 0.053840
477 0.053840
478 0.053840
479 0.053840
480 0.053471
481 0.053471
482 0.053471
483 0.053471
484 0.053471
485 0.053145
486 0.053145
487 0.053145
488 0.053145
489 0.053145
490 0.052885
491 0.052885
492 0.052885
493 0.052885
494 0.052885
495 0.052847
496 0.052847
497 0.052847
498 0.052847
499 0.052847
500 0.052833
