1 1000000000000000019884624838656.000000
2 1000000000000000019884624838656.000000
3 1000000000000000019884624838656.000000
4 1000000000000000019884624838656.000000
5 7423.102141
6 7423.102141
7 7423.102141
8 7423.102141
9 7423.102141
10 6185.375145
11 6185.375145
12 6185.375145
13 6185.375145
14 6185.375145
15 5650.490396
16 5650.490396
17 5650.490396
18 5650.490396
19 5650.490396
20 4835.877199
21 4835.877199
22 4835.877199
23 4835.877199
24 4835.877199
25 4522.922864
26 4522.922864
27 4522.922864
28 4522.922864
29 4522.922864
30 4095.686011
31 4095.686011
32 4095.686011
33 4095.686011
34 4095.686011
35 3072.145472
36 3072.145472
37 3072.145472
38 3072.145472
39 3072.145472
40 2822.604875
41 2822.604875
42 2822.604875
43 2822.604875
44 2822.604875
45 2426.810658
46 2426.810658
47 2426.810658
48 2426.810658
49 2426.810658
50 2115.067944
51 2115.067944
52 2115.067944
53 2115.067944
54 2115.067944
55 1951.591868
56 1951.591868
57 1951.591868
58 1951.591868
59 1951.591868
60 1951.046884
61 1951.046884
62 1951.046884
63 1951.046884
64 1951.046884
65 1493.388093
66 1493.388093
67 1493.388093
68 1493.388093
69 1493.388093
70 1260.745557
71 1260.745557
72 1260.745557
73 1260.745557
74 1260.745557
75 1077.337963
76 1077.337963
77 1077.337963
78 1077.337963
79 1077.337963
80 872.284286
81 872.284286
82 872.284286
83 872.284286
84 872.284286
85 708.973224
86 708.973224
87 708.973224
88 708.973224
89 708.973224
90 569.647286
91 569.647286
92 569.647286
93 569.647286
94 569.647286
95 496.472875
96 496.472875
97 496.472875
98 496.472875
99 496.472875
100 467.332194
101 467.332194
102 467.332194
103 467.332194
104 467.332194
105 352.016504
106 352.016504
107 352.016504
108 352.016504
109 352.016504
110 299.095857
111 299.095857
112 299.095857
113 299.095857
114 299.095857
115 270.605060
116 270.605060
117 270.605060
118 270.605060
119 270.605060
120 245.657242
121 245.657242
122 245.657242
123 245.657242
124 245.657242
125 189.474849
126 189.474849
127 189.474849
128 189.474849
129 189.474849
130 157.587581
131 157.587581
132 157.587581
133 157.587581
134 157.587581
135 132.366209
136 132.366209
137 132.366209
138 132.366209
139 132.366209
140 106.838536
141 106.838536
142 106.838536
143 106.838536
144 106.838536
145 95.854872
146 95.854872
147 95.854872
148 95.854872
149 95.854872
150 79.705777
151 79.705777
152 79.705777
153 79.705777
154 79.705777
155 74.698273
156 74.698273
157 74.698273
158 74.698273
159 74.698273
160 58.455664
161 58.455664
162 58.455664
163 58.455664
164 58.455664
165 59.521238
166 59.521238
167 59.521238
168 59.521238
169 59.521238
170 53.604541
171 53.604541
172 53.604541
173 53.604541
174 53.604541
175 50.866516
176 50.866516
177 50.866516
178 50.866516
179 50.866516
180 45.043164
181 45.043164
182 45.043164
183 45.043164
184 45.043164
185 36.376864
186 36.376864
187 36.376864
188 36.376864
189 36.376864
190 32.097615
191 32.097615
192 32.097615
193 32.097615
194 32.097615
195 28.747962
196 28.747962
197 28.747962
198 28.747962
199 28.747962
200 25.221439
201 25.221439
202 25.221439
203 25.221439
204 25.221439
205 21.871954
206 21.871954
207 21.871954
208 21.871954
209 21.871954
210 20.143517
211 20.143517
212 20.143517
213 20.143517
214 20.143517
215 19.208104
216 19.208104
217 19.208104
218 19.208104
219 19.208104
220 17.549171
221 17.549171
222 17.549171
223 17.549171
224 17.549171
225 15.354429
226 15.354429
227 15.354429
228 15.354429
229 15.354429
230 14.516210
231 14.516210
232 14.516210
233 14.516210
234 14.516210
235 13.832221
236 13.832221
237 13.832221
238 13.832221
239 13.832221
240 12.088229
241 12.088229
242 12.088229
243 12.088229
244 12.088229
245 10.561497
246 10.561497
247 10.561497
248 10.561497
249 10.561497
250 10.092508
251 10.092508
252 10.092508
253 10.092508
254 10.092508
255 9.251384
256 9.251384
257 9.251384
258 9.251384
259 9.251384
260 8.278856
261 8.278856
262 8.278856
263 8.278856
264 8.278856
265 7.508266
266 7.508266
267 7.508266
268 7.508266
269 7.508266
270 7.014627
271 7.014627
272 7.014627
273 7.014627
274 7.014627
275 6.188893
276 6.188893
277 6.188893
278 6.188893
279 6.188893
280 5.866944
281 5.866944
282 5.866944
283 5.866944
284 5.866944
285 5.297633
286 5.297633
287 5.297633
288 5.297633
289 5.297633
290 4.988458
291 4.988458
292 4.988458
293 4.988458
294 4.988458
295 4.552909
296 4.552909
297 4.552909
298 4.552909
299 4.552909
300 4.287564
301 4.287564
302 4.287564
303 4.287564
304 4.287564
305 3.981075
306 3.981075
307 3.981075
308 3.981075
309 3.981075
310 3.828547
311 3.828547
312 3.828547
313 3.828547
314 3.828547
315 3.682907
316 3.682907
317 3.682907
318 3.682907
319 3.682907
320 3.503731
321 3.503731
322 3.503731
323 3.503731
324 3.503731
325 3.327012
326 3.327012
327 3.327012
328 3.327012
329 3.327012
330 3.129246
331 3.129246
332 3.129246
333 3.129246
334 3.129246
335 2.873992
336 2.873992
337 2.873992
338 2.873992
339 2.873992
340 2.685318
341 2.685318
342 2.685318
343 2.685318
344 2.685318
345 2.567205
346 2.567205
347 2.567205
348 2.567205
349 2.567205
350 2.444349
351 2.444349
352 2.444349
353 2.444349
354 2.444349
355 2.282891
356 2.282891
357 2.282891
358 2.282891
359 2.282891
360 2.200067
361 2.200067
362 2.200067
363 2.200067
364 2.200067
365 2.095567
366 2.095567
367 2.095567
368 2.095567
369 2.095567
370 2.060192
371 2.060192
372 2.060192
373 2.060192
374 2.060192
375 1.975422
376 1.975422
377 1.975422
378 1.975422
379 1.975422
380 1.855431
381 1.855431
382 1.855431
383 1.855431
384 1.855431
385 1.772440
386 1.772440
387 1.772440
388 1.772440
389 1.772440
390 1.698569
391 1.698569
392 1.698569
393 1.698569
394 1.698569
395 1.635600
396 1.635600
397 1.635600
398 1.635600
399 1.635600
400 1.581559
401 1.581559
402 1.581559
403 1.581559
404 1.581559
405 1.526201
406 1.526201
407 1.526201
408 1.526201
409 1.526201
410 1.493869
411 1.493869
412 1.493869
413 1.493869
414 1.493869
415 1.454994
416 1.454994
417 1.454994
418 1.454994
419 1.454994
420 1.427054
421 1.427054
422 1.427054
423 1.427054
424 1.427054
425 1.386359
426 1.386359
427 1.386359
428 1.386359
429 1.386359
430 1.354380
431 1.354380
432 1.354380
433 1.354380
434 1.354380
435 1.320311
436 1.320311
437 1.320311
438 1.320311
439 1.320311
440 1.298498
441 1.298498
442 1.298498
443 1.298498
444 1.298498
445 1.270526
446 1.270526
447 1.270526
448 1.270526
449 1.270526
450 1.253020
451 1.253020
452 1.253020
453 1.253020
454 1.253020
455 1.230912
456 1.230912
457 1.230912
458 1.230912
459 1.230912
460 1.206989
461 1.206989
462 1.206989
463 1.206989
464 1.206989
465 1.191124
466 1.191124
467 1.191124
468 1.191124
469 1.191124
470 1.175334
471 1.175334
472 1.175334
473 1.175334
474 1.175334
475 1.162805
476 1.162805
477 1.162805
478 1.162805
479 1.162805
480 1.154800
481 1.154800
482 1.154800
483 1.154800
484 1.154800
485 1.151216
486 1.151216
487 1.151216
488 1.151216
489 1.151216
490 1.148116
491 1.148116
492 1.148116
493 1.148116
494 1.148116
495 1.145778
496 1.145778
497 1.145778
498 1.145778
499 1.145778
500 1.145305
