1 1000000000000000019884624838656.000000
2 1000000000000000019884624838656.000000
3 1000000000000000019884624838656.000000
4 1000000000000000019884624838656.000000
5 139342.555408
6 139342.555408
7 139342.555408
8 139342.555408
9 139342.555408
10 44667.721504
11 44667.721504
12 44667.721504
13 44667.721504
14 44667.721504
15 35273.120969
16 35273.120969
17 35273.120969
18 35273.120969
19 35273.120969
20 27315.931093
21 27315.931093
22 27315.931093
23 27315.931093
24 27315.931093
25 25515.371741
26 25515.371741
27 25515.371741
28 25515.371741
29 25515.371741
30 20664.655822
31 20664.655822
32 20664.655822
33 20664.655822
34 20664.655822
35 20887.862642
36 20887.862642
37 20887.862642
38 20887.862642
39 20887.862642
40 12904.037764
41 12904.037764
42 12904.037764
43 12904.037764
44 12904.037764
45 12143.572551
46 12143.572551
47 12143.572551
48 12143.572551
49 12143.572551
50 13497.318747
51 13497.318747
52 13497.318747
53 13497.318747
54 13497.318747
55 10362.784979
56 10362.784979
57 10362.784979
58 10362.784979
59 10362.784979
60 7003.930349
61 7003.930349
62 7003.930349
63 7003.930349
64 7003.930349
65 9539.710647
66 9539.710647
67 9539.710647
68 9539.710647
69 9539.710647
70 7787.157692
71 7787.157692
72 7787.157692
73 7787.157692
74 7787.157692
75 8883.786410
76 8883.786410
77 8883.786410
78 8883.786410
79 8883.786410
80 7271.265508
81 7271.265508
82 7271.265508
83 7271.265508
84 7271.265508
85 7348.110388
86 7348.110388
87 7348.110388
88 7348.110388
89 7348.110388
90 6241.514287
91 6241.514287
92 6241.514287
93 6241.514287
94 6241.514287
95 6081.200558
96 6081.200558
97 6081.200558
98 6081.200558
99 6081.200558
100 6138.303825
101 6138.303825
102 6138.303825
103 6138.303825
104 6138.303825
105 5266.483889
106 5266.483889
107 5266.483889
108 5266.483889
109 5266.483889
110 4012.180460
111 4012.180460
112 4012.180460
113 4012.180460
114 4012.180460
115 4399.000419
116 4399.000419
117 4399.000419
118 4399.000419
119 4399.000419
120 4008.503633
121 4008.503633
122 4008.503633
123 4008.503633
124 4008.503633
125 4071.712106
126 4071.712106
127 4071.712106
128 4071.712106
129 4071.712106
130 3701.977560
131 3701.977560
132 3701.977560
133 3701.977560
134 3701.977560
135 3016.419247
136 3016.419247
137 3016.419247
138 3016.419247
139 3016.419247
140 2851.870463
141 2851.870463
142 2851.870463
143 2851.870463
144 2851.870463
145 2735.904481
146 2735.904481
147 2735.904481
148 2735.904481
149 2735.904481
150 2538.446001
151 2538.446001
152 2538.446001
153 2538.446001
154 2538.446001
155 2566.419317
156 2566.419317
157 2566.419317
158 2566.419317
159 2566.419317
160 2331.792060
161 2331.792060
162 2331.792060
163 2331.792060
164 2331.792060
165 2097.580200
166 2097.580200
167 2097.580200
168 2097.580200
169 2097.580200
170 1890.875917
171 1890.875917
172 1890.875917
173 1890.875917
174 1890.875917
175 1694.552225
176 1694.552225
177 1694.552225
178 1694.552225
179 1694.552225
180 1868.678828
181 1868.678828
182 1868.678828
183 1868.678828
184 1868.678828
185 1538.545771
186 1538.545771
187 1538.545771
188 1538.545771
189 1538.545771
190 1265.320936
191 1265.320936
192 1265.320936
193 1265.320936
194 1265.320936
195 1432.711313
196 1432.711313
197 1432.711313
198 1432.711313
199 1432.711313
200 1236.252108
201 1236.252108
202 1236.252108
203 1236.252108
204 1236.252108
205 1256.845812
206 1256.845812
207 1256.845812
208 1256.845812
209 1256.845812
210 1160.423878
211 1160.423878
212 1160.423878
213 1160.423878
214 1160.423878
215 1178.135885
216 1178.135885
217 1178.135885
218 1178.135885
219 1178.135885
220 1090.513669
221 1090.513669
222 1090.513669
223 1090.513669
224 1090.513669
225 841.737432
226 841.737432
227 841.737432
228 841.737432
229 841.737432
230 927.297632
231 927.297632
232 927.297632
233 927.297632
234 927.297632
235 895.223005
236 895.223005
237 895.223005
238 895.223005
239 895.223005
240 793.166712
241 793.166712
242 793.166712
243 793.166712
244 793.166712
245 778.680163
246 778.680163
247 778.680163
248 778.680163
249 778.680163
250 681.090956
251 681.090956
252 681.090956
253 681.090956
254 681.090956
255 722.922149
256 722.922149
257 722.922149
258 722.922149
259 722.922149
260 671.635032
261 671.635032
262 671.635032
263 671.635032
264 671.635032
265 668.354771
266 668.354771
267 668.354771
268 668.354771
269 668.354771
270 595.233695
271 595.233695
272 595.233695
273 595.233695
274 595.233695
275 573.142385
276 573.142385
277 573.142385
278 573.142385
279 573.142385
280 503.199021
281 503.199021
282 503.199021
283 503.199021
284 503.199021
285 528.819150
286 528.819150
287 528.819150
288 528.819150
289 528.819150
290 494.696241
291 494.696241
292 494.696241
293 494.696241
294 494.696241
295 474.750718
296 474.750718
297 474.750718
298 474.750718
299 474.750718
300 443.137679
301 443.137679
302 443.137679
303 443.137679
304 443.137679
305 418.346338
306 418.346338
307 418.346338
308 418.346338
309 418.346338
310 385.277309
311 385.277309
312 385.277309
313 385.277309
314 385.277309
315 360.098643
316 360.098643
317 360.098643
318 360.098643
319 360.098643
320 353.175396
321 353.175396
322 353.175396
323 353.175396
324 353.175396
325 361.310063
326 361.310063
327 361.310063
328 361.310063
329 361.310063
330 326.826249
331 326.826249
332 326.826249
333 326.826249
334 326.826249
335 328.636739
336 328.636739
337 328.636739
338 328.636739
339 328.636739
340 303.864795
341 303.864795
342 303.864795
343 303.864795
344 303.864795
345 303.898646
346 303.898646
347 303.898646
348 303.898646
349 303.898646
350 280.589927
351 280.589927
352 280.589927
353 280.589927
354 280.589927
355 274.405682
356 274.405682
357 274.405682
358 274.405682
359 274.405682
360 266.908316
361 266.908316
362 266.908316
363 266.908316
364 266.908316
365 264.911019
366 264.911019
367 264.911019
368 264.911019
369 264.911019
370 247.702064
371 247.702064
372 247.702064
373 247.702064
374 247.702064
375 241.144749
376 241.144749
377 241.144749
378 241.144749
379 241.144749
380 226.863144
381 226.863144
382 226.863144
383 226.863144
384 226.863144
385 211.197620
386 211.197620
387 211.197620
388 211.197620
389 211.197620
390 209.149714
391 209.149714
392 209.149714
393 209.149714
394 209.149714
395 201.607527
396 201.607527
397 201.607527
398 201.607527
399 201.607527
400 196.338965
401 196.338965
402 196.338965
403 196.338965
404 196.338965
405 187.525480
406 187.525480
407 187.525480
408 187.525480
409 187.525480
410 181.946093
411 181.946093
412 181.946093
413 181.946093
414 181.946093
415 176.985557
416 176.985557
417 176.985557
418 176.985557
419 176.985557
420 173.317562
421 173.317562
422 173.317562
423 173.317562
424 173.317562
425 163.471086
426 163.471086
427 163.471086
428 163.471086
429 163.471086
430 160.397539
431 160.397539
432 160.397539
433 160.397539
434 160.397539
435 157.267639
436 157.267639
437 157.267639
438 157.267639
439 157.267639
440 153.069767
441 153.069767
442 153.069767
443 153.069767
444 153.069767
445 147.614840
446 147.614840
447 147.614840
448 147.614840
449 147.614840
450 146.099768
451 146.099768
452 146.099768
453 146.099768
454 146.099768
455 143.772785
456 143.772785
457 143.772785
458 143.772785
459 143.772785
460 141.759758
461 141.759758
462 141.759758
463 141.759758
464 141.759758
465 140.267175
466 140.267175
467 140.267175
468 140.267175
469 140.267175
470 137.695030
471 137.695030
472 137.695030
473 137.695030
474 137.695030
475 136.627258
476 136.627258
477 136.627258
478 136.627258
479 136.627258
480 135.152429
481 135.152429
482 135.152429
483 135.152429
484 135.152429
485 134.141476
486 134.141476
487 134.141476
488 134.141476
489 134.141476
490 133.214658
491 133.214658
492 133.214658
493 133.214658
494 133.214658
495 132.696199
496 132.696199
497 132.696199
498 132.696199
499 132.696199
500 132.569602
