1 1000000000000000019884624838656.000000
2 1000000000000000019884624838656.000000
3 1000000000000000019884624838656.000000
4 1000000000000000019884624838656.000000
5 1599952.232760
6 1599952.232760
7 1599952.232760
8 1599952.232760
9 1599952.232760
10 1174686.504603
11 1174686.504603
12 1174686.504603
13 1174686.504603
14 1174686.504603
15 1811189.930047
16 1811189.930047
17 1811189.930047
18 1811189.930047
19 1811189.930047
20 1842717.037836
21 1842717.037836
22 1842717.037836
23 1842717.037836
24 1842717.037836
25 1322972.658336
26 1322972.658336
27 1322972.658336
28 1322972.658336
29 1322972.658336
30 2028178.390993
31 2028178.390993
32 2028178.390993
33 2028178.390993
34 2028178.390993
35 2081975.487563
36 2081975.487563
37 2081975.487563
38 2081975.487563
39 2081975.487563
40 1256644.349433
41 1256644.349433
42 1256644.349433
43 1256644.349433
44 1256644.349433
45 1307674.269058
46 1307674.269058
47 1307674.269058
48 1307674.269058
49 1307674.269058
50 1434609.565825
51 1434609.565825
52 1434609.565825
53 1434609.565825
54 1434609.565825
55 1030634.445867
56 1030634.445867
57 1030634.445867
58 1030634.445867
59 1030634.445867
60 1301069.700692
61 1301069.700692
62 1301069.700692
63 1301069.700692
64 1301069.700692
65 764962.186678
66 764962.186678
67 764962.186678
68 764962.186678
69 764962.186678
70 355911.520339
71 355911.520339
72 355911.520339
73 355911.520339
74 355911.520339
75 304115.288007
76 304115.288007
77 304115.288007
78 304115.288007
79 304115.288007
80 378364.169607
81 378364.169607
82 378364.169607
83 378364.169607
84 378364.169607
85 147593.985100
86 147593.985100
87 147593.985100
88 147593.985100
89 147593.985100
90 80768.590435
91 80768.590435
92 80768.590435
93 80768.590435
94 80768.590435
95 90163.197415
96 90163.197415
97 90163.197415
98 90163.197415
99 90163.197415
100 72757.035599
101 72757.035599
102 72757.035599
103 72757.035599
104 72757.035599
105 39857.987800
106 39857.987800
107 39857.987800
108 39857.987800
109 39857.987800
110 19977.771716
111 19977.771716
112 19977.771716
113 19977.771716
114 19977.771716
115 9146.359922
116 9146.359922
117 9146.359922
118 9146.359922
119 9146.359922
120 5889.447496
121 5889.447496
122 5889.447496
123 5889.447496
124 5889.447496
125 3361.959517
126 3361.959517
127 3361.959517
128 3361.959517
129 3361.959517
130 2236.313997
131 2236.313997
132 2236.313997
133 2236.313997
134 2236.313997
135 1193.068910
136 1193.068910
137 1193.068910
138 1193.068910
139 1193.068910
140 939.701392
141 939.701392
142 939.701392
143 939.701392
144 939.701392
145 747.362990
146 747.362990
147 747.362990
148 747.362990
149 747.362990
150 492.345335
151 492.345335
152 492.345335
153 492.345335
154 492.345335
155 164.902150
156 164.902150
157 164.902150
158 164.902150
159 164.902150
160 107.010430
161 107.010430
162 107.010430
163 107.010430
164 107.010430
165 48.157326
166 48.157326
167 48.157326
168 48.157326
169 48.157326
170 24.359411
171 24.359411
172 24.359411
173 24.359411
174 24.359411
175 20.738389
176 20.738389
177 20.738389
178 20.738389
179 20.738389
180 6.880551
181 6.880551
182 6.880551
183 6.880551
184 6.880551
185 2.461917
186 2.461917
187 2.461917
188 2.461917
189 2.461917
190 1.264834
191 1.264834
192 1.264834
193 1.264834
194 1.264834
195 0.869970
196 0.869970
197 0.869970
198 0.869970
199 0.869970
200 0.573677
201 0.573677
202 0.573677
203 0.573677
204 0.573677
205 0.355380
206 0.355380
207 0.355380
208 0.355380
209 0.355380
210 0.170365
211 0.170365
212 0.170365
213 0.170365
214 0.170365
215 0.110953
216 0.110953
217 0.110953
218 0.110953
219 0.110953
220 0.037868
221 0.037868
222 0.037868
223 0.037868
224 0.037868
225 0.032956
226 0.032956
227 0.032956
228 0.032956
229 0.032956
230 0.013559
231 0.013559
232 0.013559
233 0.013559
234 0.013559
235 0.007348
236 0.007348
237 0.007348
238 0.007348
239 0.007348
240 0.002990
241 0.002990
242 0.002990
243 0.002990
244 0.002990
245 0.001746
246 0.001746
247 0.001746
248 0.001746
249 0.001746
250 0.001145
251 0.001145
252 0.001145
253 0.001145
254 0.001145
255 0.000573
256 0.000573
257 0.000573
258 0.000573
259 0.000573
260 0.000301
261 0.000301
262 0.000301
263 0.000301
264 0.000301
265 0.000173
266 0.000173
267 0.000173
268 0.000173
269 0.000173
270 0.000115
271 0.000115
272 0.000115
273 0.000115
274 0.000115
275 0.000090
276 0.000090
277 0.000090
278 0.000090
279 0.000090
280 0.000057
281 0.000057
282 0.000057
283 0.000057
284 0.000057
285 0.000031
286 0.000031
287 0.000031
288 0.000031
289 0.000031
290 0.000019
291 0.000019
292 0.000019
293 0.000019
294 0.000019
295 0.000011
296 0.000011
297 0.000011
298 0.000011
299 0.000011
300 0.000008
301 0.000008
302 0.000008
303 0.000008
304 0.000008
305 0.000004
306 0.000004
307 0.000004
308 0.000004
309 0.000004
310 0.000002
311 0.000002
312 0.000002
313 0.000002
314 0.000002
315 0.000001
316 0.000001
317 0.000001
318 0.000001
319 0.000001
320 0.000001
321 0.000001
322 0.000001
323 0.000001
324 0.000001
325 0.000000
326 0.000000
327 0.000000
328 0.000000
329 0.000000
330 0.000000
331 0.000000
332 0.000000
333 0.000000
334 0.000000
335 0.000000
336 0.000000
337 0.000000
338 0.000000
339 0.000000
340 0.000000
341 0.000000
342 0.000000
343 0.000000
344 0.000000
345 0.000000
346 0.000000
347 0.000000
348 0.000000
349 0.000000
350 0.000000
351 0.000000
352 0.000000
353 0.000000
354 0.000000
355 0.000000
356 0.000000
357 0.000000
358 0.000000
359 0.000000
360 0.000000
361 0.000000
362 0.000000
363 0.000000
364 0.000000
365 0.000000
366 0.000000
367 0.000000
368 0.000000
369 0.000000
370 0.000000
371 0.000000
372 0.000000
373 0.000000
374 0.000000
375 0.000000
376 0.000000
377 0.000000
378 0.000000
379 0.000000
380 0.000000
381 0.000000
382 0.000000
383 0.000000
384 0.000000
385 0.000000
386 0.000000
387 0.000000
388 0.000000
389 0.000000
390 0.000000
391 0.000000
392 0.000000
393 0.000000
394 0.000000
395 0.000000
396 0.000000
397 0.000000
398 0.000000
399 0.000000
400 0.000000
401 0.000000
402 0.000000
403 0.000000
404 0.000000
405 0.000000
406 0.000000
407 0.000000
408 0.000000
409 0.000000
410 0.000000
411 0.000000
412 0.000000
413 0.000000
414 0.000000
415 0.000000
416 0.000000
417 0.000000
418 0.000000
419 0.000000
420 0.000000
421 0.000000
422 0.000000
423 0.000000
424 0.000000
425 0.000000
426 0.000000
427 0.000000
428 0.000000
429 0.000000
430 0.000000
431 0.000000
432 0.000000
433 0.000000
434 0.000000
435 0.000000
436 0.000000
437 0.000000
438 0.000000
439 0.000000
440 0.000000
441 0.000000
442 0.000000
443 0.000000
444 0.000000
445 0.000000
446 0.000000
447 0.000000
448 0.000000
449 0.000000
450 0.000000
451 0.000000
452 0.000000
453 0.000000
454 0.000000
455 0.000000
456 0.000000
457 0.000000
458 0.000000
459 0.000000
460 0.000000
461 0.000000
462 0.000000
463 0.000000
464 0.000000
465 0.000000
466 0.000000
467 0.000000
468 0.000000
469 0.000000
470 0.000000
471 0.000000
472 0.000000
473 0.000000
474 0.000000
475 0.000000
476 0.000000
477 0.000000
478 0.000000
479 0.000000
480 0.000000
481 0.000000
482 0.000000
483 0.000000
484 0.000000
485 0.000000
486 0.000000
487 0.000000
488 0.000000
489 0.000000
490 0.000000
491 0.000000
492 0.000000
493 0.000000
494 0.000000
495 0.000000
496 0.000000
497 0.000000
498 0.000000
499 0.000000
500 0.000000
