1 3095466.954858
2 3285629.074786
3 3455319.836909
4 4096075.505006
5 4402496.361550
6 4476594.969119
7 4794291.156782
8 5232212.956903
9 5413468.654663
10 5073335.214491
11 5452617.325666
12 5728478.824551
13 5728094.950109
14 5772304.156086
15 5972415.071600
16 5982340.106692
17 6015850.161075
18 5713526.894881
19 5786541.043741
20 5781158.125694
21 5779741.083426
22 5461315.841987
23 5351853.883838
24 5444837.421513
25 5403412.336761
26 5333314.469957
27 5091084.817396
28 4923173.020227
29 4759163.770020
30 4874065.595257
31 4807071.979764
32 4450325.169200
33 4406154.882233
34 4196409.129997
35 4278403.989533
36 4021647.863812
37 3852427.222865
38 3690935.801741
39 3652783.721331
40 3549073.995865
41 3426422.542908
42 3174517.721446
43 3002588.759601
44 2900639.920627
45 2865222.851192
46 2664747.160183
47 2381401.513617
48 2282844.901118
49 2058820.277293
50 2010571.843136
51 1856230.100888
52 1704235.264748
53 1675375.891386
54 1543597.706276
55 1476760.701952
56 1355255.831990
57 1273019.654286
58 1202065.323338
59 1104550.447076
60 1026636.250473
61 977431.480729
62 894264.347268
63 832592.621233
64 782884.440993
65 709491.985905
66 660902.635096
67 576154.780504
68 540555.588359
69 486670.659220
70 453297.013626
71 419016.807640
72 365583.903750
73 344942.343798
74 314243.260636
75 283582.823528
76 276075.936360
77 250024.483961
78 228291.433055
79 212427.288659
80 178541.238314
81 172456.823529
82 152850.879088
83 136495.369484
84 125596.824587
85 111730.629146
86 101835.425292
87 86827.323323
88 81197.915375
89 71565.585113
90 66521.328706
91 57018.155038
92 51248.295501
93 47521.285267
94 43405.991642
95 38686.707742
96 36061.079604
97 31336.021998
98 27673.965920
99 24889.847148
100 23590.894441
101 21129.555633
102 18603.406970
103 16894.428159
104 15205.717744
105 13648.881702
106 11827.071995
107 10736.045539
108 9839.887100
109 9143.310786
110 8329.552219
111 7493.790049
112 6791.232644
113 6343.551038
114 5526.244762
115 5136.585871
116 4662.515103
117 4355.374911
118 3889.798134
119 3555.304010
120 3225.053336
121 2916.642996
122 2579.390935
123 2455.079770
124 2163.995544
125 1931.314216
126 1738.072289
127 1604.725729
128 1426.846011
129 1210.118963
130 1097.874953
131 980.944708
132 866.635597
133 776.624910
134 694.603838
135 627.679902
136 579.697596
137 534.174706
138 475.705073
139 411.663767
140 379.583225
141 350.213610
142 308.465391
143 276.987924
144 247.783516
145 227.324557
146 205.716067
147 190.724643
148 167.358721
149 152.624875
150 139.101440
151 120.082987
152 111.034885
153 100.807244
154 92.078702
155 81.259762
156 74.332642
157 65.368831
158 60.558230
159 53.980362
160 49.047226
161 45.517567
162 40.897220
163 37.680822
164 34.708328
165 31.416366
166 28.892322
167 26.738335
168 24.624260
169 22.611320
170 21.055862
171 19.432213
172 17.735489
173 16.280552
174 14.984716
175 13.799004
176 12.773050
177 11.457482
178 10.589536
179 9.562370
180 8.797282
181 8.087482
182 7.184791
183 6.690909
184 6.177160
185 5.485871
186 5.188116
187 4.758577
188 4.319469
189 4.003729
190 3.620633
191 3.415711
192 3.153116
193 2.891572
194 2.607677
195 2.444538
196 2.258590
197 2.073981
198 1.895392
199 1.726692
200 1.566939
201 1.440745
202 1.337135
203 1.238933
204 1.137838
205 1.052161
206 0.961054
207 0.891139
208 0.831346
209 0.768620
210 0.708618
211 0.668799
212 0.635446
213 0.585530
214 0.553554
215 0.509441
216 0.478756
217 0.454246
218 0.423170
219 0.398338
220 0.372570
221 0.350272
222 0.325636
223 0.309860
224 0.292180
225 0.273322
226 0.252397
227 0.237576
228 0.225938
229 0.210750
230 0.197857
231 0.180802
232 0.170994
233 0.159426
234 0.147955
235 0.137656
236 0.129198
237 0.122110
238 0.113366
239 0.107083
240 0.098382
241 0.093668
242 0.088344
243 0.083848
244 0.078839
245 0.074823
246 0.069905
247 0.065585
248 0.062164
249 0.059415
250 0.055936
251 0.052973
252 0.049811
253 0.047283
254 0.044515
255 0.042261
256 0.040349
257 0.038310
258 0.036477
259 0.034846
260 0.032951
261 0.031261
262 0.029763
263 0.027989
264 0.026766
265 0.025378
266 0.023976
267 0.023007
268 0.021762
269 0.020573
270 0.019680
271 0.018800
272 0.017902
273 0.017106
274 0.016183
275 0.015491
276 0.014863
277 0.014314
278 0.013575
279 0.012973
280 0.012445
281 0.011866
282 0.011420
283 0.010941
284 0.010321
285 0.009984
286 0.009500
287 0.009181
288 0.008745
289 0.008489
290 0.008091
291 0.007738
292 0.007427
293 0.006998
294 0.006735
295 0.006459
296 0.006193
297 0.005828
298 0.005661
299 0.005449
300 0.005238
301 0.005025
302 0.004827
303 0.004662
304 0.004452
305 0.004285
306 0.004085
307 0.003966
308 0.003789
309 0.003667
310 0.003514
311 0.003383
312 0.003264
313 0.003142
314 0.002990
315 0.002889
316 0.002809
317 0.002713
318 0.002623
319 0.002540
320 0.002433
321 0.002345
322 0.002270
323 0.002187
324 0.002121
325 0.002056
326 0.001963
327 0.001910
328 0.001843
329 0.001783
330 0.001715
331 0.001661
332 0.001612
333 0.001571
334 0.001517
335 0.001475
336 0.001431
337 0.001392
338 0.001344
339 0.001303
340 0.001265
341 0.001226
342 0.001191
343 0.001159
344 0.001125
345 0.001093
346 0.001065
347 0.001033
348 0.001005
349 0.000976
350 0.000946
351 0.000924
352 0.000902
353 0.000874
354 0.000851
355 0.000829
356 0.000810
357 0.000789
358 0.000769
359 0.000753
360 0.000733
361 0.000713
362 0.000695
363 0.000678
364 0.000659
365 0.000644
366 0.000630
367 0.000613
368 0.000602
369 0.000587
370 0.000575
371 0.000560
372 0.000546
373 0.000536
374 0.000525
375 0.000511
376 0.000501
377 0.000492
378 0.000476
379 0.000467
380 0.000460
381 0.000447
382 0.000439
383 0.000429
384 0.000422
385 0.000413
386 0.000405
387 0.000397
388 0.000391
389 0.000383
390 0.000376
391 0.000368
392 0.000360
393 0.000353
394 0.000347
395 0.000341
396 0.000335
397 0.000329
398 0.000325
399 0.000320
400 0.000312
401 0.000308
402 0.000302
403 0.000298
404 0.000294
405 0.000288
406 0.000284
407 0.000278
408 0.000274
409 0.000270
410 0.000266
411 0.000261
412 0.000257
413 0.000253
414 0.000250
415 0.000245
416 0.000241
417 0.000237
418 0.000234
419 0.000231
420 0.000227
421 0.000225
422 0.000222
423 0.000219
424 0.000216
425 0.000214
426 0.000211
427 0.000208
428 0.000206
429 0.000204
430 0.000201
431 0.000199
432 0.000196
433 0.000194
434 0.000192
435 0.000189
436 0.000187
437 0.000185
438 0.000183
439 0.000181
440 0.000179
441 0.000178
442 0.000176
443 0.000174
444 0.000172
445 0.000171
446 0.000169
447 0.000168
448 0.000166
449 0.000165
450 0.000163
451 0.000162
452 0.000161
453 0.000159
454 0.000158
455 0.000157
456 0.000155
457 0.000154
458 0.000153
459 0.000152
460 0.000151
461 0.000150
462 0.000149
463 0.000148
464 0.000146
465 0.000146
466 0.000145
467 0.000144
468 0.000143
469 0.000142
470 0.000141
471 0.000140
472 0.000140
473 0.000139
474 0.000138
475 0.000138
476 0.000137
477 0.000137
478 0.000136
479 0.000136
480 0.000135
481 0.000135
482 0.000134
483 0.000134
484 0.000134
485 0.000133
486 0.000133
487 0.000133
488 0.000132
489 0.000132
490 0.000132
491 0.000132
492 0.000131
493 0.000131
494 0.000131
495 0.000131
496 0.000131
497 0.000131
498 0.000131
499 0.000131
500 0.000131
