1 21091800.298118
2 34902497.925099
3 46831042.668785
4 95174068.982596
5 158301686.344879
6 229075520.167957
7 707271456.604582
8 1018454579.074593
9 1979638788.408971
10 3363177110.852856
11 6705703794.095090
12 8272503309.485193
13 13984924789.404192
14 34724228061.294113
15 30261686141.472298
16 51060746705.365547
17 25264106367.783695
18 45723100638.562965
19 82665241251.860519
20 97612164800.739960
21 94792484475.050385
22 134673742394.960632
23 207569732736.376160
24 402617684536.263306
25 599185108573.504272
26 857028366659.418091
27 868647964908.832397
28 2758168700458.846191
29 2630708584999.665039
30 4284043134933.062012
31 5355759393637.599609
32 6847645299244.765625
33 7464646276198.842773
34 8214377216689.173828
35 11838016850817.306641
36 20860344354492.523438
37 39722345321452.828125
38 37202547071921.726562
39 34270551316648.992188
40 35132341510277.039062
41 52826515178594.492188
42 93031088675476.562500
43 131728271488881.421875
44 120305972366224.453125
45 149454645806479.062500
46 265465986703493.312500
47 311637776514940.812500
48 350341088879121.562500
49 544910633811997.250000
50 761075611504851.000000
51 1014501060332441.875000
52 1594033969466030.000000
53 1544234508602883.500000
54 2862279305613137.000000
55 3090091684512147.000000
56 3566918631180919.500000
57 5005093445021067.000000
58 7218510240633392.000000
59 7381399350719821.000000
60 10538066291652470.000000
61 9233239472346190.000000
62 14371639538283138.000000
63 14377416641118980.000000
64 17345349457381950.000000
65 16238019624210780.000000
66 20976302307326436.000000
67 33964275033549448.000000
68 24729370590686144.000000
69 35091655153639572.000000
70 69464899104417712.000000
71 72269112264767584.000000
72 118500537274136320.000000
73 71803831181457304.000000
74 155684217726942752.000000
75 98555068158688960.000000
76 143392690894425392.000000
77 150107721056223520.000000
78 119650804523267936.000000
79 118054068645842096.000000
80 82118975997475920.000000
81 169829874327815584.000000
82 189668695832844832.000000
83 178918629124408960.000000
84 202650082741698176.000000
85 223045912404812544.000000
86 285786103753664480.000000
87 297026992309355712.000000
88 422042413623672384.000000
89 491513826476646976.000000
90 689629453027198592.000000
91 693932294333273472.000000
92 592512168521147520.000000
93 703803974840967808.000000
94 749819294545924096.000000
95 608032738348648576.000000
96 813696995027853696.000000
97 1092175976403233280.000000
98 840672421959710848.000000
99 1193443808244146688.000000
100 1318059253508563968.000000
101 1394066357170393856.000000
102 1047528854631930240.000000
103 1433816420255863808.000000
104 1410178876701493504.000000
105 1481164731744387584.000000
106 1574390250838459392.000000
107 1531576440501630464.000000
108 1979947417699663616.000000
109 1660725220820320768.000000
110 2299469213413395200.000000
111 2227835619705863936.000000
112 1870954917959023360.000000
113 2734195194107034112.000000
114 3152543416370722304.000000
115 2134908613177875712.000000
116 1982494756400359168.000000
117 2638343158228142592.000000
118 2096937722606817536.000000
119 3791897909178740224.000000
120 3632903650111378432.000000
121 3225776363970062336.000000
122 4187073173318669312.000000
123 4952223427365824512.000000
124 3514336961053761536.000000
125 4772579056182667264.000000
126 4044928178638621184.000000
127 4327567882222775808.000000
128 4829377350011689984.000000
129 4615055746208074752.000000
130 4022634005447475200.000000
131 4687184141954508800.000000
132 5010318666027864064.000000
133 5007893225038778368.000000
134 5445548839781397504.000000
135 5469648575872191488.000000
136 4159967127851909632.000000
137 6082298676862407680.000000
138 3053990260723642368.000000
139 2313468955264565760.000000
140 2686926212066531840.000000
141 3206896825628124672.000000
142 3761027151097811968.000000
143 2922136589927370752.000000
144 2881393438077190656.000000
145 3602031161843988992.000000
146 3533829888054619648.000000
147 1872405419968991744.000000
148 2388182844212817408.000000
149 2497939491656887808.000000
150 2903379298228252160.000000
151 2041848080306709248.000000
152 1724295237329821184.000000
153 2083929461910998528.000000
154 1656592315754729472.000000
155 1414086633443888640.000000
156 1507284118445527552.000000
157 1470542244154154496.000000
158 1198175325893432832.000000
159 1054008811625952768.000000
160 1298377594080627968.000000
161 1033803392888238336.000000
162 1003562462777542912.000000
163 1018877313712147200.000000
164 707705202140871168.000000
165 734410266205385728.000000
166 668949574100323840.000000
167 601694065827377024.000000
168 520313183784619392.000000
169 417653848957761088.000000
170 456392660386379456.000000
171 469055313196167104.000000
172 324280739989351168.000000
173 254393705332609056.000000
174 256998769691057664.000000
175 218977632113260096.000000
176 140876022180049376.000000
177 147137594616573920.000000
178 133909270544803408.000000
179 105322206328932992.000000
180 112755001267645328.000000
181 108046635317969872.000000
182 61393215073133000.000000
183 48915411183314280.000000
184 45632214303932248.000000
185 32410337977675656.000000
186 29991874737548160.000000
187 28607726851582456.000000
188 21172570425676064.000000
189 15988147545122802.000000
190 16138098572349290.000000
191 12857470696506454.000000
192 11227692637719394.000000
193 8235868139171446.000000
194 7599455275601033.000000
195 7689482464881667.000000
196 7153366604284342.000000
197 6374103850355138.000000
198 5398949960625294.000000
199 4089462167679471.500000
200 3615583116006697.000000
201 3488596317563202.500000
202 2453056408366502.000000
203 1785619519378487.000000
204 1570437533455266.000000
205 1109286977473735.375000
206 818675777974927.125000
207 800885840386317.875000
208 477471174651661.250000
209 375972111359744.500000
210 309884669197981.000000
211 179678194292506.937500
212 175610693697229.187500
213 155199620769377.406250
214 95733778326772.671875
215 84436862626361.031250
216 92792045104283.500000
217 88989498960356.312500
218 77609683763254.468750
219 51373135195849.195312
220 44584680538308.125000
221 38542606533615.695312
222 25717127404113.296875
223 18308560708315.007812
224 11926610683278.849609
225 9348611874459.988281
226 8726720927316.150391
227 5393963122979.023438
228 3825890213090.253906
229 2990878000845.017578
230 3149114698962.787598
231 1735233718184.868164
232 1359543991084.459961
233 1174599989793.081299
234 790094097804.743164
235 735419565521.980469
236 535380517835.326904
237 371399286546.109192
238 315286063587.368225
239 239773925987.923584
240 196798892232.936737
241 128288779756.296555
242 117135902928.744781
243 73341324115.833572
244 60650320839.745628
245 54909486351.368416
246 44411073117.926262
247 34509748034.262184
248 20352622849.778442
249 12615491489.711817
250 10143605583.899706
251 9449960399.713446
252 8734609917.833292
253 5947101194.514031
254 4455112435.752017
255 2011974959.562965
256 1951891982.911352
257 1199932747.550596
258 970049485.640527
259 825744954.792037
260 480131771.262550
261 461925322.271740
262 291295769.221499
263 247670895.792732
264 149057097.138929
265 156017299.268642
266 136804720.084186
267 106396411.071348
268 79522910.830510
269 64005547.931356
270 54817092.462716
271 39191033.938797
272 28602801.153339
273 25791523.637031
274 20250477.628423
275 16000232.564604
276 10923489.218486
277 9058938.341631
278 6284224.382991
279 6199406.447978
280 4058597.445380
281 3511238.813323
282 2809029.326894
283 2116616.688517
284 1877104.362027
285 1580211.372707
286 1234715.399851
287 869930.775722
288 663892.433963
289 516463.698163
290 402603.408132
291 316587.945264
292 256262.268768
293 204328.733461
294 149304.129544
295 107245.596644
296 67197.522723
297 53557.264785
298 39488.506662
299 26014.112690
300 23544.691075
301 20108.443802
302 16241.625224
303 10183.139538
304 7859.322785
305 5883.663691
306 4195.688655
307 3134.876127
308 2602.084811
309 2103.883695
310 1449.724958
311 1292.463048
312 892.912724
313 650.540383
314 538.233982
315 439.536510
316 377.580449
317 314.072549
318 238.759641
319 201.762766
320 145.323084
321 100.187606
322 81.379185
323 69.011400
324 50.190233
325 43.021136
326 31.883977
327 24.461294
328 19.389396
329 13.954290
330 12.204100
331 8.523370
332 6.786996
333 4.634852
334 4.050785
335 3.040351
336 2.421902
337 1.869589
338 1.499876
339 1.314536
340 0.932602
341 0.729149
342 0.549174
343 0.473311
344 0.306148
345 0.266135
346 0.204005
347 0.164081
348 0.143102
349 0.120020
350 0.095984
351 0.082256
352 0.062408
353 0.044964
354 0.038757
355 0.030252
356 0.026882
357 0.018678
358 0.015199
359 0.011841
360 0.008503
361 0.006891
362 0.005128
363 0.003436
364 0.002691
365 0.002173
366 0.001803
367 0.001398
368 0.001155
369 0.000837
370 0.000641
371 0.000545
372 0.000444
373 0.000371
374 0.000293
375 0.000238
376 0.000187
377 0.000148
378 0.000124
379 0.000101
380 0.000076
381 0.000060
382 0.000047
383 0.000039
384 0.000032
385 0.000026
386 0.000021
387 0.000015
388 0.000013
389 0.000010
390 0.000008
391 0.000006
392 0.000005
393 0.000004
394 0.000003
395 0.000003
396 0.000002
397 0.000002
398 0.000001
399 0.000001
400 0.000001
401 0.000001
402 0.000000
403 0.000000
404 0.000000
405 0.000000
406 0.000000
407 0.000000
408 0.000000
409 0.000000
410 0.000000
411 0.000000
412 0.000000
413 0.000000
414 0.000000
415 0.000000
416 0.000000
417 0.000000
418 0.000000
419 0.000000
420 0.000000
421 0.000000
422 0.000000
423 0.000000
424 0.000000
425 0.000000
426 0.000000
427 0.000000
428 0.000000
429 0.000000
430 0.000000
431 0.000000
432 0.000000
433 0.000000
434 0.000000
435 0.000000
436 0.000000
437 0.000000
438 0.000000
439 0.000000
440 0.000000
441 0.000000
442 0.000000
443 0.000000
444 0.000000
445 0.000000
446 0.000000
447 0.000000
448 0.000000
449 0.000000
450 0.000000
451 0.000000
452 0.000000
453 0.000000
454 0.000000
455 0.000000
456 0.000000
457 0.000000
458 0.000000
459 0.000000
460 0.000000
461 0.000000
462 0.000000
463 0.000000
464 0.000000
465 0.000000
466 0.000000
467 0.000000
468 0.000000
469 0.000000
470 0.000000
471 0.000000
472 0.000000
473 0.000000
474 0.000000
475 0.000000
476 0.000000
477 0.000000
478 0.000000
479 0.000000
480 0.000000
481 0.000000
482 0.000000
483 0.000000
484 0.000000
485 0.000000
486 0.000000
487 0.000000
488 0.000000
489 0.000000
490 0.000000
491 0.000000
492 0.000000
493 0.000000
494 0.000000
495 0.000000
496 0.000000
497 0.000000
498 0.000000
499 0.000000
500 0.000000
