1 721680.959634
2 726315.190546
3 678101.232725
4 694229.053676
5 684315.788918
6 694420.973305
7 609833.096682
8 539121.052167
9 497878.486266
10 464613.531582
11 417684.335881
12 387874.875420
13 365745.955273
14 319946.209807
15 274051.367506
16 273737.323357
17 250294.889697
18 223456.848236
19 204891.230158
20 195080.191126
21 178037.466729
22 162104.259711
23 148863.186059
24 120023.394223
25 111172.344550
26 102966.895295
27 89536.870206
28 82576.429489
29 69675.864746
30 64512.249216
31 56267.127973
32 50513.412766
33 44601.702820
34 38713.650114
35 33291.746074
36 30287.554782
37 26143.503348
38 23790.285646
39 20924.407876
40 17856.788743
41 14769.597787
42 13606.217163
43 12450.297336
44 10608.556618
45 9285.237570
46 8369.636088
47 6758.904598
48 6204.077733
49 5399.218573
50 4771.878168
51 4184.345688
52 3445.151163
53 3019.415665
54 2559.264119
55 2131.483740
56 1678.020481
57 1467.881296
58 1225.031897
59 1007.689531
60 900.177092
61 746.428260
62 610.112383
63 474.341523
64 405.076980
65 349.930817
66 301.363604
67 240.034933
68 204.215561
69 173.405235
70 150.504123
71 118.888356
72 96.700419
73 79.978946
74 67.211947
75 54.420794
76 45.961407
77 39.318755
78 33.609603
79 28.394312
80 23.603176
81 20.884262
82 16.985590
83 14.708448
84 12.221167
85 9.190865
86 7.672951
87 6.242709
88 5.402763
89 4.321921
90 3.717580
91 3.183047
92 2.561789
93 2.230735
94 1.881863
95 1.515544
96 1.310326
97 1.058865
98 0.908972
99 0.752021
100 0.592773
101 0.471613
102 0.390017
103 0.321313
104 0.262272
105 0.219595
106 0.167326
107 0.144542
108 0.121406
109 0.099289
110 0.085707
111 0.068229
112 0.056645
113 0.046006
114 0.037554
115 0.032243
116 0.026373
117 0.021686
118 0.018810
119 0.014830
120 0.013149
121 0.010518
122 0.009405
123 0.007935
124 0.006534
125 0.005648
126 0.004595
127 0.003654
128 0.002885
129 0.002512
130 0.002039
131 0.001711
132 0.001398
133 0.001180
134 0.000993
135 0.000837
136 0.000713
137 0.000588
138 0.000473
139 0.000407
140 0.000337
141 0.000273
142 0.000224
143 0.000193
144 0.000166
145 0.000145
146 0.000120
147 0.000094
148 0.000083
149 0.000069
150 0.000059
151 0.000052
152 0.000046
153 0.000038
154 0.000032
155 0.000026
156 0.000022
157 0.000018
158 0.000015
159 0.000013
160 0.000011
161 0.000010
162 0.000008
163 0.000007
164 0.000006
165 0.000005
166 0.000004
167 0.000004
168 0.000003
169 0.000003
170 0.000002
171 0.000002
172 0.000002
173 0.000001
174 0.000001
175 0.000001
176 0.000001
177 0.000001
178 0.000001
179 0.000001
180 0.000000
181 0.000000
182 0.000000
183 0.000000
184 0.000000
185 0.000000
186 0.000000
187 0.000000
188 0.000000
189 0.000000
190 0.000000
191 0.000000
192 0.000000
193 0.000000
194 0.000000
195 0.000000
196 0.000000
197 0.000000
198 0.000000
199 0.000000
200 0.000000
201 0.000000
202 0.000000
203 0.000000
204 0.000000
205 0.000000
206 0.000000
207 0.000000
208 0.000000
209 0.000000
210 0.000000
211 0.000000
212 0.000000
213 0.000000
214 0.000000
215 0.000000
216 0.000000
217 0.000000
218 0.000000
219 0.000000
220 0.000000
221 0.000000
222 0.000000
223 0.000000
224 0.000000
225 0.000000
226 0.000000
227 0.000000
228 0.000000
229 0.000000
230 0.000000
231 0.000000
232 0.000000
233 0.000000
234 0.000000
235 0.000000
236 0.000000
237 0.000000
238 0.000000
239 0.000000
240 0.000000
241 0.000000
242 0.000000
243 0.000000
244 0.000000
245 0.000000
246 0.000000
247 0.000000
248 0.000000
249 0.000000
250 0.000000
251 0.000000
252 0.000000
253 0.000000
254 0.000000
255 0.000000
256 0.000000
257 0.000000
258 0.000000
259 0.000000
260 0.000000
261 0.000000
262 0.000000
263 0.000000
264 0.000000
265 0.000000
266 0.000000
267 0.000000
268 0.000000
269 0.000000
270 0.000000
271 0.000000
272 0.000000
273 0.000000
274 0.000000
275 0.000000
276 0.000000
277 0.000000
278 0.000000
279 0.000000
280 0.000000
281 0.000000
282 0.000000
283 0.000000
284 0.000000
285 0.000000
286 0.000000
287 0.000000
288 0.000000
289 0.000000
290 0.000000
291 0.000000
292 0.000000
293 0.000000
294 0.000000
295 0.000000
296 0.000000
297 0.000000
298 0.000000
299 0.000000
300 0.000000
301 0.000000
302 0.000000
303 0.000000
304 0.000000
305 0.000000
306 0.000000
307 0.000000
308 0.000000
309 0.000000
310 0.000000
311 0.000000
312 0.000000
313 0.000000
314 0.000000
315 0.000000
316 0.000000
317 0.000000
318 0.000000
319 0.000000
320 0.000000
321 0.000000
322 0.000000
323 0.000000
324 0.000000
325 0.000000
326 0.000000
327 0.000000
328 0.000000
329 0.000000
330 0.000000
331 0.000000
332 0.000000
333 0.000000
334 0.000000
335 0.000000
336 0.000000
337 0.000000
338 0.000000
339 0.000000
340 0.000000
341 0.000000
342 0.000000
343 0.000000
344 0.000000
345 0.000000
346 0.000000
347 0.000000
348 0.000000
349 0.000000
350 0.000000
351 0.000000
352 0.000000
353 0.000000
354 0.000000
355 0.000000
356 0.000000
357 0.000000
358 0.000000
359 0.000000
360 0.000000
361 0.000000
362 0.000000
363 0.000000
364 0.000000
365 0.000000
366 0.000000
367 0.000000
368 0.000000
369 0.000000
370 0.000000
371 0.000000
372 0.000000
373 0.000000
374 0.000000
375 0.000000
376 0.000000
377 0.000000
378 0.000000
379 0.000000
380 0.000000
381 0.000000
382 0.000000
383 0.000000
384 0.000000
385 0.000000
386 0.000000
387 0.000000
388 0.000000
389 0.000000
390 0.000000
391 0.000000
392 0.000000
393 0.000000
394 0.000000
395 0.000000
396 0.000000
397 0.000000
398 0.000000
399 0.000000
400 0.000000
401 0.000000
402 0.000000
403 0.000000
404 0.000000
405 0.000000
406 0.000000
407 0.000000
408 0.000000
409 0.000000
410 0.000000
411 0.000000
412 0.000000
413 0.000000
414 0.000000
415 0.000000
416 0.000000
417 0.000000
418 0.000000
419 0.000000
420 0.000000
421 0.000000
422 0.000000
423 0.000000
424 0.000000
425 0.000000
426 0.000000
427 0.000000
428 0.000000
429 0.000000
430 0.000000
431 0.000000
432 0.000000
433 0.000000
434 0.000000
435 0.000000
436 0.000000
437 0.000000
438 0.000000
439 0.000000
440 0.000000
441 0.000000
442 0.000000
443 0.000000
444 0.000000
445 0.000000
446 0.000000
447 0.000000
448 0.000000
449 0.000000
450 0.000000
451 0.000000
452 0.000000
453 0.000000
454 0.000000
455 0.000000
456 0.000000
457 0.000000
458 0.000000
459 0.000000
460 0.000000
461 0.000000
462 0.000000
463 0.000000
464 0.000000
465 0.000000
466 0.000000
467 0.000000
468 0.000000
469 0.000000
470 0.000000
471 0.000000
472 0.000000
473 0.000000
474 0.000000
475 0.000000
476 0.000000
477 0.000000
478 0.000000
479 0.000000
480 0.000000
481 0.000000
482 0.000000
483 0.000000
484 0.000000
485 0.000000
486 0.000000
487 0.000000
488 0.000000
489 0.000000
490 0.000000
491 0.000000
492 0.000000
493 0.000000
494 0.000000
495 0.000000
496 0.000000
497 0.000000
498 0.000000
499 0.000000
500 0.000000
