1 3609559.137130
2 6243844.369438
3 4901050.275409
4 5854455.445167
5 6769503.127453
6 4871216.898370
7 9395710.903075
8 9046996.395237
9 10418414.508006
10 12611879.830453
11 12847569.893047
12 10835358.893259
13 17105623.088861
14 14691361.552808
15 20432855.388791
16 19643053.346624
17 25969959.859478
18 23974309.850219
19 17399558.413870
20 26639307.495651
21 22843837.374847
22 29442898.309416
23 27301072.631656
24 31648710.833224
25 42360032.041568
26 26132379.029799
27 39891221.373724
28 27052687.491330
29 39429358.904964
30 47312764.768838
31 47188393.178523
32 31914206.934033
33 43106892.215671
34 39376688.457752
35 42483014.093169
36 48652252.652775
37 43692469.447411
38 45968300.006491
39 35386434.297939
40 36382400.522208
41 46448569.592396
42 51870927.859127
43 40935828.145045
44 44618000.460549
45 52303797.571523
46 38362076.766287
47 46035534.805226
48 46544762.974216
49 32557890.105863
50 40527182.989972
51 34792350.449347
52 45688153.809607
53 55346014.015356
54 49477480.061688
55 53959263.836655
56 65659884.482359
57 69229918.174851
58 62699408.462711
59 48156645.352689
60 62514849.998328
61 61185701.620767
62 59356938.372976
63 53150626.972094
64 56905074.208821
65 65958668.306453
66 61512396.810553
67 44417685.706564
68 54987370.543833
69 57725631.444846
70 48311419.581561
71 45562165.371576
72 44143332.023940
73 36222475.284270
74 36377323.930878
75 38110088.858162
76 30438987.695803
77 40213195.060928
78 23878920.004278
79 30754393.511121
80 29363653.988075
81 35754214.156709
82 22125088.946906
83 26285448.963808
84 24817227.034284
85 23563857.699452
86 12365768.530186
87 13833023.417997
88 19238166.396130
89 15630559.779027
90 15232266.853358
91 16474073.262218
92 13987669.139558
93 12691482.714066
94 14206945.238944
95 13530715.717850
96 12084746.675583
97 11276446.801978
98 9739325.103514
99 10741684.867557
100 9908725.813819
101 8180406.746581
102 8546850.757547
103 9120204.929839
104 8502732.459756
105 8310613.921351
106 6910197.323077
107 6536862.042413
108 5422405.927140
109 5107097.406813
110 4448294.778541
111 4757813.481820
112 4287719.499044
113 4505155.111381
114 3275386.135983
115 3558766.576156
116 4565986.174164
117 3077735.449015
118 4265666.882567
119 3510096.125031
120 3491907.629580
121 3333146.911136
122 3530311.196211
123 3981722.114264
124 3531094.105980
125 3579890.477372
126 3875337.126361
127 3736639.737410
128 3078178.271395
129 2652634.024181
130 2579813.609958
131 2377405.003744
132 1649860.332720
133 1768804.077006
134 1490405.426195
135 1387803.393400
136 1079718.431408
137 1249152.628128
138 1065269.928936
139 943861.897538
140 914616.798852
141 838150.633257
142 809701.278946
143 631866.788193
144 515456.708904
145 491588.345015
146 452248.512437
147 485677.084846
148 470821.405629
149 459105.604217
150 423240.244633
151 330866.370453
152 290233.320216
153 242084.121560
154 294495.833561
155 299081.972975
156 313369.553349
157 275955.325268
158 265242.718116
159 241979.445893
160 199908.400212
161 186337.716008
162 156311.916918
163 163595.982137
164 161842.401777
165 138708.052409
166 142910.423150
167 137080.188137
168 135317.126093
169 129292.336538
170 115554.334087
171 105840.727941
172 91302.218399
173 97616.387734
174 88799.138302
175 75720.228349
176 71574.601542
177 69316.072622
178 62691.328022
179 58971.527543
180 54900.520822
181 42807.547508
182 41832.220312
183 39871.950853
184 35899.688058
185 35208.430422
186 39764.551039
187 40327.610472
188 32117.011272
189 35978.484415
190 32641.009600
191 27319.576675
192 26371.878644
193 24348.481922
194 25296.165170
195 21280.000393
196 17575.015620
197 20475.056576
198 17268.354399
199 16916.381839
200 15310.951964
201 14776.851811
202 11998.994151
203 12133.191301
204 11425.053307
205 9016.978821
206 9498.994968
207 9279.882253
208 9194.495020
209 9523.133534
210 7728.494320
211 7451.400386
212 7351.128121
213 7471.939757
214 6529.629659
215 5667.780986
216 5504.753269
217 5466.270534
218 5370.265278
219 5444.535488
220 5130.051763
221 4118.802635
222 4235.510723
223 4591.582754
224 3964.708055
225 4060.826899
226 4162.851258
227 3128.843728
228 3569.527951
229 3511.316258
230 3128.768813
231 2884.956078
232 3023.544289
233 3203.708523
234 2916.593876
235 2770.550287
236 2709.512532
237 2328.127970
238 2123.055741
239 2257.095995
240 2124.237198
241 2414.564117
242 2244.648479
243 2031.747332
244 1975.166000
245 1865.006598
246 1839.203712
247 1830.940068
248 1690.468482
249 1697.556999
250 1560.305616
251 1440.440610
252 1569.975302
253 1319.420219
254 1186.643383
255 1215.180788
256 1076.271660
257 1064.490002
258 1013.719816
259 1007.507739
260 959.000436
261 945.068698
262 940.711967
263 897.464628
264 957.110520
265 904.254314
266 850.190362
267 856.792663
268 777.459489
269 788.510943
270 757.718197
271 662.360042
272 657.568644
273 692.801657
274 686.589199
275 681.900789
276 663.070277
277 584.501031
278 611.223047
279 549.691677
280 585.404167
281 530.037273
282 498.698119
283 515.968927
284 518.281130
285 506.786384
286 468.130010
287 487.797487
288 457.142932
289 470.930394
290 441.671709
291 425.986531
292 438.161377
293 439.416745
294 402.573247
295 407.973006
296 369.733029
297 355.165908
298 350.296700
299 338.140690
300 299.670781
301 304.755364
302 299.309226
303 308.851392
304 271.495396
305 253.826829
306 259.785598
307 260.195743
308 250.244318
309 249.392316
310 268.968767
311 240.107468
312 234.563262
313 217.658390
314 213.426628
315 209.232433
316 202.733992
317 196.060404
318 190.040895
319 180.523370
320 184.884517
321 175.020951
322 167.601242
323 156.642401
324 154.953716
325 142.731547
326 151.024282
327 147.064419
328 135.884615
329 134.496428
330 128.231261
331 127.286097
332 131.885805
333 124.917281
334 124.510579
335 115.568067
336 114.418958
337 107.364472
338 111.491985
339 101.013640
340 104.823293
341 104.130091
342 103.175357
343 97.679187
344 99.355991
345 99.016025
346 97.686890
347 94.036471
348 91.860190
349 91.801730
350 91.106831
351 87.392468
352 86.852066
353 86.088508
354 83.477749
355 77.874538
356 77.600048
357 75.559362
358 72.754718
359 68.392930
360 66.573735
361 69.214120
362 66.613866
363 67.656188
364 65.409396
365 63.724142
366 61.385183
367 60.208115
368 58.088482
369 59.487463
370 55.897717
371 55.726066
372 54.587736
373 53.578192
374 51.995945
375 49.943143
376 49.859826
377 48.844228
378 47.897576
379 47.813888
380 46.173303
381 44.338940
382 45.270319
383 43.210765
384 43.772310
385 41.764646
386 41.547155
387 40.517351
388 38.789004
389 38.951932
390 37.173741
391 35.409814
392 35.645629
393 34.736185
394 33.665205
395 33.094072
396 32.509781
397 32.041328
398 31.841814
399 31.190730
400 30.247863
401 29.877264
402 28.911876
403 28.334384
404 28.252312
405 27.797284
406 27.260064
407 26.588084
408 26.384345
409 25.583270
410 25.623270
411 25.035212
412 23.956873
413 23.564852
414 23.111066
415 23.262548
416 22.390654
417 22.324026
418 22.544876
419 21.594516
420 21.612899
421 21.278712
422 20.818830
423 21.098387
424 20.424522
425 19.892329
426 19.996298
427 19.721735
428 19.527179
429 19.178481
430 18.893411
431 18.606591
432 18.238097
433 18.137376
434 18.089809
435 17.582940
436 17.331317
437 17.281073
438 16.918534
439 16.565167
440 16.498328
441 16.339065
442 16.112207
443 15.919424
444 15.642802
445 15.338088
446 15.211975
447 15.194321
448 14.906446
449 14.835863
450 14.563405
451 14.282346
452 14.176891
453 13.828498
454 13.664005
455 13.657342
456 13.463686
457 13.260700
458 13.166449
459 12.979582
460 12.854574
461 12.716470
462 12.655565
463 12.509286
464 12.330959
465 12.236036
466 12.126529
467 12.037836
468 11.906141
469 11.833744
470 11.763524
471 11.657173
472 11.572311
473 11.536433
474 11.425449
475 11.307101
476 11.235686
477 11.135470
478 11.069548
479 11.012961
480 10.955378
481 10.886897
482 10.840843
483 10.786699
484 10.723797
485 10.684896
486 10.635165
487 10.580508
488 10.543595
489 10.490555
490 10.446999
491 10.415941
492 10.381457
493 10.353235
494 10.321090
495 10.298385
496 10.276492
497 10.260344
498 10.247785
499 10.237823
500 10.234197
