1 22976457.343202
2 19485712.559193
3 29645968.532656
4 24557173.119759
5 26946361.296769
6 46948143.714345
7 45888344.728609
8 53953000.818863
9 61392201.343684
10 59062178.401552
11 86877973.302180
12 92948445.271753
13 106157162.357206
14 117176606.817658
15 125757144.748914
16 123889968.544534
17 124299356.318768
18 99833195.606065
19 133069494.278815
20 157614446.945396
21 154803594.521839
22 187019335.164384
23 230981348.492769
24 241433543.579187
25 196900320.099112
26 254509624.049020
27 315207659.077585
28 347827468.332199
29 267000008.212730
30 349836763.048442
31 296726296.157737
32 349129846.068751
33 391342685.587778
34 363083727.916812
35 488531697.103202
36 485309664.584521
37 469347969.074891
38 451134846.805339
39 468989439.120417
40 496883625.719387
41 592681895.520491
42 586549123.244308
43 632700783.039627
44 636910826.843181
45 865969495.942085
46 599597923.700650
47 705978851.740117
48 635168653.196802
49 664449540.512263
50 742955695.562165
51 734172602.565221
52 731877197.229147
53 694806954.748703
54 771615272.489244
55 828127534.248047
56 860160934.546046
57 833748639.925514
58 845104081.119514
59 876203802.824648
60 969689678.208813
61 708676689.393857
62 813745853.984373
63 825416999.707191
64 781862519.894779
65 924642729.499056
66 893311520.570398
67 780641841.268096
68 891670252.723279
69 759034576.089999
70 709770357.797365
71 777496978.517420
72 826602192.906440
73 719334865.954740
74 550019695.936884
75 690212982.874653
76 640737884.558789
77 479698679.254144
78 624647623.647739
79 508481018.808103
80 548453938.692689
81 600018515.042181
82 649489801.802967
83 486024558.585343
84 508001597.971546
85 450104539.562816
86 477976394.007373
87 368575932.104702
88 301150706.511571
89 328777159.335316
90 281847855.928891
91 269190595.114944
92 216655962.089187
93 219543997.630562
94 187944437.535634
95 184213393.977947
96 186061395.818661
97 228309873.809903
98 161628830.093893
99 146736557.243377
100 156069232.738235
101 177056169.121420
102 166105964.963936
103 160151347.733131
104 186328406.702963
105 140296120.057688
106 120342847.709771
107 148649074.541488
108 129599671.747016
109 142686981.900398
110 129432929.661434
111 129226974.612514
112 92390302.668041
113 103704422.201059
114 92119920.535301
115 80218104.490394
116 82374899.573867
117 75979307.911775
118 81023791.335050
119 82852490.366590
120 76616666.445885
121 61837848.176429
122 66588838.005704
123 71550109.477097
124 66736903.564724
125 77655618.669004
126 55061006.744467
127 61087447.872058
128 64268406.610082
129 62245321.689472
130 47635807.535729
131 47368729.723302
132 52514288.655279
133 31923528.434262
134 41017794.618401
135 37329362.254483
136 35787464.834487
137 28576495.765673
138 36124134.937449
139 33026436.439806
140 29889556.099423
141 28407112.349870
142 25748365.887628
143 24790913.113905
144 24915971.463898
145 24921340.662740
146 17265717.030049
147 15457638.753739
148 16224243.978654
149 13245984.519575
150 16710468.154050
151 12878840.468055
152 12507288.628770
153 9854747.323953
154 9184154.711048
155 9086387.027952
156 8341695.149866
157 8496522.470375
158 7624271.348570
159 7949460.861827
160 7558174.519417
161 7211231.580889
162 6848639.856460
163 7346357.479168
164 6574859.998765
165 6659992.790685
166 7135939.577604
167 6233116.557673
168 4728624.234288
169 4940613.301697
170 3984734.044303
171 3818726.965393
172 3342287.411375
173 3391317.050391
174 2963270.909458
175 3013069.445828
176 3187932.710018
177 3193984.937172
178 2736481.383510
179 2741551.249762
180 2918366.278755
181 3022957.745589
182 2061572.932043
183 2216195.857888
184 2211637.616271
185 1965750.019498
186 2050956.032555
187 1784891.068299
188 2091878.031190
189 1801212.940123
190 2061875.006960
191 1948091.344286
192 1640039.226460
193 1584863.513007
194 1912702.236560
195 1605820.794072
196 1487001.485320
197 1384024.956913
198 1588352.070825
199 1341847.539695
200 1248533.438449
201 1087055.973291
202 1307347.816497
203 1092277.909500
204 1053029.015583
205 1071720.078397
206 1034546.608834
207 923927.244663
208 836729.729154
209 769988.095273
210 736122.113356
211 683887.172810
212 717687.832330
213 621806.110057
214 633247.806880
215 648507.668786
216 498498.278051
217 561705.694416
218 564697.682788
219 570548.258005
220 458720.785348
221 439579.045240
222 459794.029574
223 467416.416026
224 468766.363607
225 437818.834884
226 513009.326973
227 491990.382264
228 529385.253613
229 420339.488191
230 437878.845727
231 485067.373022
232 374539.523591
233 355884.549911
234 396342.685486
235 375719.878813
236 350558.313320
237 358670.990972
238 390147.298874
239 349188.387104
240 365525.810542
241 318227.392904
242 300678.638748
243 300740.068789
244 306618.981335
245 231444.770271
246 221463.097315
247 239795.275846
248 239441.480585
249 248997.442058
250 223351.194201
251 208738.131707
252 200119.732693
253 204349.491370
254 193972.135856
255 178825.183330
256 191513.010879
257 175180.268032
258 194231.852898
259 184821.812963
260 181600.170950
261 148820.726564
262 149464.229093
263 151484.736528
264 169188.741636
265 142566.999078
266 132390.897212
267 138612.102682
268 151115.062852
269 139065.155964
270 126027.410149
271 140242.062054
272 114991.662930
273 126767.532765
274 107509.326468
275 115060.090257
276 108586.666633
277 114489.816372
278 106441.966641
279 103504.019886
280 112894.017264
281 100963.289524
282 97378.845807
283 85583.441195
284 94750.747099
285 87904.632256
286 77820.682931
287 83694.366677
288 80383.112098
289 75920.539538
290 71574.693369
291 77648.497665
292 70899.712695
293 78323.759470
294 67295.990521
295 71476.059052
296 74533.454728
297 79233.740094
298 75051.519941
299 74920.079144
300 67188.818895
301 72104.507438
302 67204.366297
303 64926.621163
304 67190.842538
305 68089.226786
306 68264.501520
307 70662.624114
308 66466.908109
309 68477.766487
310 65810.092759
311 64395.190418
312 64510.250083
313 63635.457329
314 59711.474271
315 61116.494806
316 57553.102149
317 55123.602998
318 55575.577447
319 55306.263509
320 53277.288249
321 48219.759317
322 50503.108384
323 52539.590809
324 47984.648769
325 48436.014039
326 44633.777883
327 46366.578550
328 44603.581757
329 45397.016752
330 41982.765651
331 41151.394107
332 35795.920842
333 37048.391490
334 37324.586328
335 39020.366567
336 35644.948485
337 36976.758459
338 34655.986275
339 31268.365073
340 34037.331276
341 31443.522915
342 29422.590806
343 30495.810876
344 28755.632582
345 28819.294292
346 29616.982733
347 28576.142945
348 28397.726307
349 27341.488493
350 27048.139152
351 28352.033699
352 26259.816372
353 27039.268515
354 25810.907498
355 24573.202425
356 24691.955617
357 23827.715832
358 24277.805970
359 24416.943137
360 24363.835347
361 23649.674224
362 23844.551677
363 23641.445057
364 23845.536485
365 23121.079473
366 23651.526111
367 19931.342570
368 22117.360833
369 21283.293833
370 21834.698733
371 21674.270006
372 21856.467870
373 20744.437715
374 20860.346933
375 19287.893545
376 19301.787540
377 19734.493628
378 19732.211137
379 19224.115412
380 18264.329868
381 17601.144656
382 17785.838880
383 16974.115290
384 16961.348257
385 17021.742289
386 16254.852474
387 16553.201215
388 15185.704235
389 15682.082451
390 14925.510334
391 15492.370842
392 14844.430716
393 14755.748767
394 14571.615185
395 14079.687605
396 13792.023247
397 13629.787198
398 13177.441833
399 13199.492054
400 13056.946072
401 12760.675918
402 12333.803932
403 12708.398296
404 12080.456087
405 12205.781347
406 12079.452688
407 11661.665862
408 11526.571145
409 11508.335783
410 11150.881433
411 11244.990652
412 10987.612730
413 10568.270493
414 10401.930549
415 10415.011369
416 10114.154574
417 10044.744993
418 9954.931189
419 9649.143160
420 9398.005766
421 9272.414072
422 9275.135950
423 9111.107484
424 9066.375778
425 9015.236164
426 8941.431810
427 8751.445925
428 8797.221814
429 8717.788465
430 8686.438235
431 8752.249867
432 8383.234390
433 8137.853013
434 8085.965999
435 7926.712051
436 7803.448067
437 7755.520698
438 7644.151542
439 7581.099043
440 7529.552233
441 7452.587467
442 7378.725396
443 7359.905258
444 7194.217704
445 7086.968670
446 7003.311896
447 6945.330315
448 6864.109007
449 6777.447902
450 6707.282006
451 6676.076515
452 6669.667432
453 6481.335897
454 6483.992590
455 6379.755501
456 6358.101694
457 6343.023445
458 6257.348932
459 6223.560280
460 6163.655421
461 6083.104991
462 6032.946921
463 6022.422537
464 5964.364095
465 5924.859019
466 5877.724291
467 5841.887048
468 5824.681063
469 5779.246008
470 5732.136183
471 5692.589148
472 5649.388329
473 5593.382042
474 5557.054612
475 5538.098347
476 5497.633726
477 5451.163357
478 5432.472106
479 5394.198171
480 5364.158565
481 5330.347035
482 5305.453900
483 5277.555456
484 5267.100313
485 5240.637383
486 5226.836146
487 5201.796542
488 5182.320046
489 5156.401563
490 5139.497335
491 5121.871792
492 5107.155233
493 5092.669198
494 5080.810937
495 5071.879934
496 5061.626867
497 5054.257422
498 5048.958244
499 5044.013716
500 5041.419607
