1 57384260.137435
2 66955520.648802
3 90147083.264854
4 84675079.904731
5 114189232.410123
6 152065880.493481
7 153283421.458786
8 234702150.482838
9 275068352.436951
10 327406074.678178
11 251626124.069327
12 279542321.922762
13 345600136.066397
14 470080048.681168
15 600383109.502797
16 534114834.900801
17 743313920.881338
18 788558861.345987
19 973776795.942447
20 1025222940.742104
21 1187379854.606759
22 1290306691.832623
23 1146589055.508729
24 1619826745.704292
25 1295248470.612257
26 1381078525.625113
27 1635687811.761584
28 1641384819.145232
29 1324737913.090728
30 2377789276.391915
31 2935258405.524362
32 2950452045.450554
33 2162313425.402318
34 3313480574.928249
35 3058451286.904246
36 3921231767.117159
37 4335599264.935725
38 3442056523.226160
39 3902636350.873672
40 4249568305.261738
41 4745722451.085662
42 4426435349.194931
43 5011885534.177766
44 5983609417.631015
45 5516698967.393110
46 4849203746.968241
47 5838853394.837544
48 6677951763.807656
49 6649162622.982126
50 4226504250.773313
51 4515243724.863740
52 4610644814.607374
53 5043840081.029902
54 5461230015.723125
55 5790609583.425089
56 5121176740.860269
57 4228999882.745999
58 5836024885.252481
59 6441721662.062882
60 6266074187.621015
61 6094903236.922425
62 5887516937.197145
63 6555020228.960051
64 6653957026.840911
65 6752077980.629943
66 6111239787.559506
67 4412768143.411127
68 4984100686.082435
69 5527318450.636429
70 5732673757.472066
71 4656157907.272401
72 4475737936.153132
73 5322182863.251521
74 5553876426.315290
75 5153719069.624865
76 5497503347.146263
77 5591500026.144761
78 5325407857.374214
79 5133433248.294418
80 6481861373.541565
81 4339481686.947319
82 4484587151.169439
83 5329112663.042963
84 4749899847.196536
85 3992773118.318059
86 3803485653.595797
87 4424255225.590180
88 4103639427.502688
89 4156080228.532091
90 3687122812.492332
91 3694142553.047544
92 2796789397.536842
93 3315610376.993291
94 2767839386.150563
95 3206675683.746028
96 2924123424.314204
97 2699618048.475538
98 2692622565.027489
99 3109901751.145144
100 3497749638.793616
101 3328241735.156234
102 2747861009.938695
103 2965076830.066825
104 3366463367.162169
105 3028109557.702842
106 2517140169.154986
107 1889111493.130323
108 2275130455.515659
109 2299892174.864342
110 2519355629.512524
111 2613270432.364338
112 2626363011.898185
113 2496353896.667803
114 2015906978.531934
115 2104379095.578847
116 2328419201.966652
117 1976292555.836152
118 1783052718.208200
119 1725328339.218580
120 1682591911.802234
121 1775384114.691915
122 1479705878.825077
123 1334694903.398311
124 1451797624.751824
125 1527079225.643278
126 1026418081.430574
127 1356400585.067182
128 1276086649.815942
129 1038615144.039636
130 1269261161.702757
131 967788001.589828
132 1148761885.338095
133 1436281830.824583
134 1217399384.390594
135 1384304358.776409
136 1081897460.277292
137 1271165732.473665
138 1045410160.342559
139 1245798531.335056
140 1126022630.094913
141 1041492291.608421
142 779380495.023808
143 1105412961.961614
144 988173757.481246
145 977819681.622575
146 1016344100.805368
147 1024716525.735544
148 1088757256.302231
149 1153233679.077677
150 940724599.111752
151 709922246.636668
152 942868179.998087
153 851209984.648303
154 759630840.478551
155 654215420.645493
156 649411082.867422
157 678301310.150217
158 698877023.306062
159 642190390.546186
160 673598262.357364
161 566709044.344958
162 567534130.818957
163 496830050.698153
164 508151801.293343
165 554079918.140881
166 471671892.331258
167 567768352.545039
168 378869566.612347
169 430496675.022481
170 448564764.108902
171 418437142.281351
172 427291607.583135
173 369004698.759429
174 337428963.615108
175 294413503.344221
176 319598430.494904
177 252671788.496245
178 223255690.342853
179 238543442.572785
180 232286105.750134
181 190087768.045502
182 193966522.680110
183 184959878.327046
184 150642543.794816
185 173535561.559720
186 146776845.610553
187 137421243.970080
188 124909986.882723
189 131470796.369972
190 126037457.764671
191 106109124.150262
192 88523515.283259
193 110657236.161441
194 103675082.450792
195 96277887.401087
196 91636017.604522
197 75057478.095120
198 88674237.978929
199 82350784.983842
200 78374429.387379
201 77679242.332286
202 60589634.900365
203 65597249.291430
204 57485266.130385
205 59343945.419478
206 47056183.006822
207 46370007.726197
208 41639389.903094
209 53062388.507367
210 45786582.657743
211 42122173.605461
212 43800270.243784
213 46620579.479019
214 39545536.239062
215 43254986.792107
216 41293068.221537
217 39733775.952297
218 40873005.811746
219 31626261.408561
220 36040559.817476
221 35004485.733025
222 31506038.723940
223 26988129.079948
224 28349571.860573
225 28137932.508870
226 25779451.294792
227 28525349.996797
228 24741737.838657
229 24607407.654339
230 20265968.996026
231 21818711.529599
232 21215180.646835
233 21335196.445952
234 19686361.936200
235 19318766.254876
236 19708286.326300
237 18171236.856137
238 17509738.013613
239 17584818.853273
240 19529833.958783
241 18470811.376818
242 15538376.310191
243 18543962.165787
244 16177477.336449
245 15741939.530639
246 15971834.024667
247 16761066.073836
248 15385359.388987
249 15985686.683852
250 15028060.888559
251 14810189.856849
252 15072953.361045
253 12564335.697000
254 12779577.229445
255 11017023.735624
256 10690047.704854
257 9960238.692305
258 8096076.998616
259 8759710.331750
260 10575254.021019
261 7904199.518332
262 8840487.645658
263 8355689.541316
264 8041316.256880
265 7434664.463078
266 7778834.269793
267 7980242.605749
268 8484937.499232
269 7779618.244622
270 8133744.310567
271 7717920.564579
272 7211435.090034
273 8351071.056881
274 7526969.822054
275 7598584.382176
276 7567962.368565
277 7038174.642054
278 7291616.027470
279 6570698.860088
280 7196166.236962
281 6215117.479801
282 6444567.038148
283 5394346.353159
284 5222730.178460
285 5417181.385624
286 5572888.569561
287 5421616.556120
288 5845487.014230
289 5770212.556405
290 5471646.186426
291 5278147.693662
292 5133154.825627
293 5807487.354248
294 5445380.020768
295 4972710.938467
296 5003366.286297
297 5082808.573736
298 5265753.047380
299 4716756.977160
300 4753358.908028
301 4762731.859074
302 4301754.737388
303 4634966.954351
304 4510519.282754
305 4238633.446725
306 4419637.696115
307 4587723.201340
308 4570830.885798
309 4341576.979546
310 4047940.447789
311 3937893.876676
312 3525611.001280
313 3644096.193586
314 3290763.162947
315 3216738.817782
316 3149333.730051
317 3221550.651468
318 2954321.597021
319 2984056.606061
320 2815392.442974
321 2706668.235013
322 2707943.055111
323 2654774.798550
324 2642964.925153
325 2593605.052349
326 2296748.942734
327 2185543.362576
328 2129094.668441
329 1913351.101754
330 2006165.213633
331 2138624.295510
332 2056880.294989
333 1942401.620256
334 2053133.454630
335 2099153.321725
336 2146478.825334
337 1954251.851576
338 2000426.511191
339 1944241.179146
340 1987082.070827
341 1958501.035012
342 1957867.428262
343 1908050.306156
344 1749689.438308
345 1900843.691582
346 1832147.593098
347 1664987.253017
348 1744620.310580
349 1745844.362016
350 1664405.028239
351 1759988.521405
352 1728793.310433
353 1702627.875809
354 1804108.812605
355 1740752.014668
356 1587951.358664
357 1534326.223815
358 1540008.539886
359 1441110.283638
360 1410098.287802
361 1490644.390822
362 1339784.471579
363 1372899.569372
364 1371088.903783
365 1449547.823203
366 1360657.870132
367 1252453.453585
368 1335810.263231
369 1304824.891245
370 1301088.229447
371 1263652.572070
372 1268721.205814
373 1220890.918614
374 1209059.016967
375 1178819.651122
376 1138027.459922
377 1079982.443633
378 1120336.464151
379 1081007.431792
380 1048963.400293
381 1033806.522182
382 1057723.548046
383 1027580.526414
384 1028258.907890
385 985670.988692
386 988251.938120
387 985006.163715
388 1009168.645038
389 981102.803495
390 952562.937583
391 914519.720427
392 947894.135065
393 881956.806591
394 875377.246100
395 833715.590509
396 808097.338236
397 835295.207233
398 827719.796452
399 805562.198133
400 782926.842184
401 788354.963694
402 776546.791993
403 747329.020304
404 720435.129155
405 696934.094448
406 712943.518977
407 709364.571063
408 688637.290137
409 685260.761240
410 678370.798371
411 677748.518403
412 668368.859486
413 654939.799367
414 636299.744972
415 626476.016145
416 617996.279580
417 611383.784074
418 601772.546834
419 615277.144698
420 595660.913171
421 590101.695319
422 575522.324503
423 556029.027376
424 557891.870952
425 556157.853782
426 553505.912061
427 547103.580350
428 535617.122244
429 534386.322556
430 534405.597754
431 526502.194144
432 517094.895387
433 492701.933170
434 491129.018442
435 492310.038267
436 491904.530996
437 472137.708113
438 469899.492855
439 474992.067056
440 475631.178314
441 467274.191251
442 466908.401109
443 457050.088742
444 452385.057513
445 451789.389170
446 451956.363675
447 445758.077876
448 444000.216165
449 432566.537517
450 431024.832818
451 432355.762161
452 427625.767314
453 421552.488316
454 416337.306856
455 410654.458511
456 405047.116126
457 400718.807747
458 396404.281704
459 390935.424857
460 387803.771114
461 385535.170764
462 383396.025622
463 379939.778581
464 376659.321403
465 373037.709206
466 366844.500411
467 366696.366342
468 360209.192870
469 356465.280634
470 354991.139089
471 354772.497219
472 352127.430752
473 348552.825562
474 345459.202580
475 344275.312167
476 342005.735165
477 341388.709769
478 340084.236217
479 339400.137067
480 337294.334769
481 335946.913341
482 333522.475833
483 331180.190004
484 330368.920853
485 329702.940274
486 327130.537603
487 326648.290106
488 325274.090394
489 323585.637772
490 321938.499180
491 320834.046449
492 320235.391472
493 319396.401030
494 318820.266881
495 317916.254113
496 317242.300754
497 316662.373243
498 316343.396593
499 316004.675978
500 315927.478964
1 75032039.330112
2 87572516.104906
3 94115715.230189
4 115247228.658926
5 138705254.806222
6 174401018.464684
7 227954192.490110
8 250972241.941242
9 243929436.152078
10 352093139.221618
11 225075557.009413
12 381945008.611429
13 548035496.072098
14 536234013.545078
15 559979766.813958
16 559344816.051139
17 556349279.430247
18 677339178.282451
19 686672539.991784
20 876455336.253560
21 1056408038.243011
22 1008175352.733296
23 1080306125.004686
24 1142838075.708567
25 1305692293.111963
26 1324166253.756902
27 1212940771.409003
28 949089141.812146
29 1526876572.244634
30 1666230769.915104
31 2482094136.703046
32 2518888643.712432
33 2806559484.429627
34 3419997479.784713
35 2942618081.411081
36 4413491345.328465
37 4812257541.917788
38 4239432612.303978
39 4685155122.795317
40 6546966714.039767
41 6208616437.259525
42 7450203503.807786
43 6986909323.195284
44 5971825340.039425
45 6252666590.591086
46 7041275113.663633
47 10141168878.404171
48 9321767182.871191
49 7277940181.040230
50 7542889180.304228
51 8375862948.741152
52 8816361795.066236
53 7018675607.695186
54 7624744155.706612
55 10382174210.126215
56 11931218464.477486
57 10452333578.054501
58 13093239772.908358
59 8674056984.374443
60 11475295875.982246
61 10872808398.740606
62 8229788517.562064
63 9431720294.015465
64 9702260720.460760
65 10938940490.365417
66 9067315652.417315
67 11754356907.524588
68 8637125973.096066
69 13167197280.569452
70 12056135189.787712
71 10564927348.176554
72 13145961854.437761
73 11687321927.393003
74 13322067483.663567
75 13108788776.239187
76 14533316097.747345
77 13901928302.440590
78 12675332255.592253
79 10277391853.752850
80 11923633385.083223
81 11891618375.468830
82 11297937333.341148
83 12442100766.956995
84 12333107863.397181
85 10645997800.896267
86 10696460852.349226
87 9841521302.967440
88 10085267973.300993
89 10500798923.886738
90 12554788590.285797
91 12581239271.483885
92 11531317553.356741
93 11266785949.854496
94 7427088526.588253
95 10478842572.778278
96 11160645670.763023
97 8834926171.707279
98 9189343372.397013
99 8607656117.377361
100 9009825765.484900
101 8308863603.660263
102 6787905996.973062
103 7245544268.254402
104 7103032835.906938
105 7052061858.536442
106 6715391000.813070
107 6364747090.616201
108 6959798247.829495
109 6402514847.815866
110 5435513809.275743
111 6297941167.663108
112 5514198983.631789
113 5407472888.732861
114 4975535331.350790
115 4014449811.894660
116 4505785299.681683
117 3652335300.319143
118 3604878921.109986
119 3053787553.426057
120 3806645016.594990
121 3270547874.937573
122 3068329282.550777
123 3145311184.876829
124 2954635083.693128
125 2586027693.131030
126 3093244514.169270
127 2712050328.365298
128 2496447176.104609
129 2071545443.791678
130 2852818161.101101
131 2511611279.591547
132 2639608689.959443
133 2351231190.239429
134 2291254499.995026
135 2108568091.453069
136 2017881472.089322
137 2192251034.933987
138 2233889498.108898
139 2041952600.847531
140 2027917660.905891
141 1886552707.550700
142 1544341019.075801
143 1170278169.189306
144 1012414575.072758
145 1288742404.280773
146 1224467517.574749
147 1471752637.393487
148 1718789656.709320
149 1697905805.926178
150 1443002999.393052
151 1276345563.752823
152 1536087523.739276
153 1263334198.964875
154 1030698360.920766
155 935101835.987089
156 792816849.023295
157 870737347.441412
158 855624162.666770
159 567665069.219401
160 757169241.350526
161 611443312.551833
162 597364581.977582
163 649453729.834566
164 662514716.466456
165 597543578.674039
166 636039808.978191
167 596513147.546288
168 559262867.121399
169 533566642.247168
170 469900928.931812
171 521825735.438232
172 384013282.991685
173 406676357.288476
174 315682042.394622
175 363758793.581792
176 350552137.634578
177 287683414.164320
178 322181537.132797
179 338141379.041414
180 345195548.685365
181 355589458.801372
182 274094827.085702
183 288823559.938685
184 254691633.100535
185 239166008.008895
186 263878131.693288
187 251931883.500183
188 186080161.646827
189 192382452.947241
190 180394649.937366
191 172655482.100934
192 148473577.782538
193 165755301.396968
194 179771171.557639
195 158327160.887251
196 146251066.731876
197 158046673.093150
198 168981776.887880
199 131184822.932843
200 142136832.535276
201 148577296.728802
202 128356341.141339
203 125687546.083573
204 112333487.360511
205 126879685.164456
206 139392587.321717
207 107014867.736581
208 100395847.768974
209 116743383.430306
210 113826206.157122
211 107545867.512184
212 101177332.067482
213 114658899.103362
214 89125479.312067
215 80742519.142923
216 66056754.287150
217 76333751.346793
218 79638785.385961
219 65191486.115740
220 65624947.760324
221 65410530.314370
222 62928277.990492
223 63864305.224116
224 58993672.126843
225 55471742.391486
226 49293002.478150
227 45171823.994032
228 53015460.636010
229 47831989.360115
230 47193254.358873
231 46642118.759858
232 38074321.648773
233 36544964.898807
234 37369768.555978
235 38468278.052245
236 38901149.418805
237 36793759.035608
238 34837857.735186
239 34411606.031706
240 31244074.942503
241 28256005.136378
242 30665967.613189
243 31766813.094117
244 35763093.620684
245 29225847.659820
246 29750664.554461
247 29158116.204085
248 30564158.571811
249 31189694.389811
250 31417860.519992
251 27937866.782489
252 30618459.597883
253 26778877.926107
254 23204491.215179
255 27377629.739085
256 26356776.459195
257 21443936.886710
258 21079950.332700
259 19327217.431509
260 21442965.092086
261 17890325.275130
262 19071935.732438
263 16342423.300340
264 15366343.884130
265 16542029.306868
266 18381042.962542
267 16905705.715282
268 15656518.373574
269 17186729.135756
270 15829184.439806
271 14268284.243215
272 13748657.137536
273 14140676.613304
274 12971333.826634
275 13278402.075984
276 11718893.748995
277 12569304.974232
278 11618921.355556
279 12328467.619715
280 11211403.060497
281 11009411.460760
282 10591923.234315
283 9823278.644837
284 10411367.868271
285 10630770.765645
286 10349136.539419
287 9957494.944679
288 8592282.126992
289 8663061.938443
290 8009314.157715
291 8085360.441048
292 8215628.048463
293 8459938.755176
294 8202646.781572
295 7531503.314310
296 7672956.798592
297 8121532.752828
298 6587084.479597
299 7100085.290533
300 7461093.582572
301 7719704.618207
302 6709362.817607
303 7592149.393006
304 7260994.761458
305 6469565.706623
306 6912910.759230
307 6943868.319615
308 7128514.432678
309 6370149.619361
310 6548308.101141
311 6380858.473747
312 6297272.200127
313 6235861.514586
314 5877750.417895
315 5558840.883702
316 5184703.201668
317 4683572.291442
318 5084374.307702
319 4670087.874085
320 4565337.844848
321 4366199.616680
322 4668578.117215
323 4636365.604525
324 4727652.608597
325 4615591.885589
326 4701636.040474
327 4396349.622129
328 4447558.753333
329 4329649.595999
330 4095152.691537
331 4096312.223051
332 3948902.135687
333 4075514.078870
334 3833184.397223
335 3864929.604078
336 3748304.688322
337 3821350.994155
338 3642637.533871
339 3424309.894440
340 3270438.666860
341 3390793.493621
342 3365485.671647
343 3179015.424935
344 3326273.031014
345 3012001.102722
346 3096949.968961
347 2862519.978124
348 2773634.461609
349 2602063.691509
350 2540843.532225
351 2767767.559132
352 2534618.448956
353 2459843.626355
354 2554477.713718
355 2391800.560503
356 2402989.452696
357 2539983.506272
358 2424573.633800
359 2350706.792615
360 2340501.204525
361 2200105.760672
362 2283501.822959
363 2190459.866219
364 2053579.786547
365 1959894.213496
366 2028815.627741
367 1938589.946571
368 1940539.250681
369 1973789.454233
370 1918154.853495
371 1876763.971506
372 1808303.749300
373 1810561.228763
374 1720306.514666
375 1597204.938160
376 1607033.241277
377 1602263.984820
378 1609403.641222
379 1625965.906636
380 1579590.937347
381 1545078.802276
382 1535059.903609
383 1517300.425923
384 1482964.975495
385 1386367.687588
386 1453045.325221
387 1411908.097513
388 1457125.849960
389 1436377.862001
390 1375003.600330
391 1375867.740855
392 1342987.555063
393 1330876.633024
394 1342690.213599
395 1338159.647159
396 1345350.197172
397 1287502.934539
398 1291141.684854
399 1211055.005591
400 1199895.072706
401 1212085.270949
402 1144239.752921
403 1136037.473277
404 1102748.067745
405 1139040.671895
406 1100375.672055
407 1155793.678524
408 1145781.360365
409 1123293.851065
410 1118665.530940
411 1100986.529854
412 1065735.170898
413 1059701.053675
414 1050239.537286
415 1039683.213821
416 1033819.526130
417 1037711.288139
418 1011040.508949
419 992760.950488
420 999697.176752
421 971689.700874
422 971012.853099
423 939879.871935
424 919020.850648
425 911574.670110
426 901491.951852
427 891673.621312
428 905383.726615
429 912766.079352
430 889141.695420
431 874967.101772
432 868377.774720
433 848950.125161
434 841435.254931
435 844316.314361
436 843422.268191
437 830573.221611
438 823488.840555
439 816263.437695
440 804107.727924
441 797612.230821
442 770896.369757
443 781564.373047
444 780007.362912
445 762597.076787
446 751000.767561
447 751606.028517
448 752518.481221
449 743196.090437
450 738320.895692
451 728554.041202
452 717755.263429
453 723169.489250
454 712797.157578
455 704099.359097
456 707575.810450
457 704900.335866
458 704806.141356
459 686344.375243
460 688441.686729
461 674625.193347
462 676880.243315
463 664789.322199
464 660085.063562
465 658054.551348
466 645589.437164
467 645335.550329
468 637769.200172
469 629975.506466
470 624268.090285
471 624420.644797
472 619537.452654
473 615966.589233
474 611627.082796
475 606556.623194
476 603506.335213
477 600495.635077
478 596025.369679
479 592852.796336
480 591196.173605
481 587914.206975
482 585368.291569
483 581466.805025
484 579849.922011
485 577905.028880
486 575126.201885
487 572737.598528
488 569835.985499
489 566435.241517
490 564992.307123
491 563093.729530
492 561035.705825
493 559840.336757
494 558594.333683
495 557544.682077
496 556180.330756
497 555623.903629
498 555004.573313
499 554437.750937
500 554316.382331
