1 4529577.115756
2 5211975.777691
3 5008527.367653
4 6965397.450890
5 5604732.727058
6 8739727.364298
7 7428171.481586
8 9500942.671508
9 8735909.930599
10 9717906.362126
11 11912080.624252
12 12037971.556229
13 13442381.221267
14 13148838.672126
15 12515686.755029
16 11090110.674088
17 13203235.309267
18 18545712.498684
19 21548012.960737
20 25866390.810744
21 23988288.813219
22 21959431.852133
23 25482273.691110
24 20176263.024366
25 15542415.664907
26 19696510.633631
27 21296921.003420
28 23484874.931121
29 21404256.088803
30 25757729.721109
31 26623029.525660
32 20220837.846315
33 23133333.725514
34 28086420.849740
35 27079851.724010
36 33074821.766627
37 26630860.880722
38 33698770.875366
39 29554703.403319
40 23016295.234909
41 27076362.783950
42 27191929.946084
43 23990208.066001
44 27465387.366143
45 27602617.659923
46 25803603.656918
47 22767776.958904
48 25568578.647438
49 15001462.390852
50 14131726.775967
51 17017793.501963
52 20106229.272995
53 20035372.275779
54 22545530.024554
55 17878739.060098
56 18014525.043895
57 18961395.647834
58 19646058.984756
59 16855279.347427
60 17088170.454541
61 15689895.475821
62 16913725.256375
63 15738970.442443
64 14559877.753549
65 12899822.736922
66 11716675.194125
67 11136743.200605
68 11538715.174128
69 9525084.283060
70 11755123.774357
71 11431892.039165
72 10190508.269902
73 10870181.134018
74 9119551.114330
75 7590289.569080
76 7208140.630380
77 6198887.509024
78 7451228.787727
79 6852706.025354
80 5118662.806310
81 5143730.199101
82 4249159.656770
83 4413623.510542
84 4256645.149552
85 4454131.838609
86 4384671.397653
87 4445909.255131
88 4423030.741014
89 4006097.213560
90 4322229.090098
91 3775053.652385
92 3660234.726823
93 3228219.462639
94 2995353.882308
95 3298623.407495
96 2630232.448335
97 1760478.383299
98 2876595.647228
99 2933436.403845
100 2799130.138347
101 2083370.949517
102 1955199.045012
103 1449924.697078
104 1483616.312265
105 1633272.298389
106 1380971.770466
107 1270640.386902
108 1297217.658279
109 1255664.509800
110 1188739.273076
111 1061603.952744
112 1076472.327552
113 1130364.420194
114 1098698.762790
115 1015518.983356
116 900819.394565
117 709455.591866
118 882848.971397
119 715334.117568
120 739358.473821
121 596035.215114
122 538651.545883
123 461443.136234
124 430935.841230
125 407307.534215
126 397649.116782
127 350534.545456
128 371908.204662
129 313565.353646
130 349219.246998
131 365269.580892
132 326203.340986
133 332678.333095
134 256863.811809
135 333875.307068
136 302224.881757
137 306025.411533
138 311474.752926
139 247366.779107
140 208606.107630
141 190207.239410
142 194805.661205
143 150644.123306
144 147108.785965
145 162678.802574
146 141871.660839
147 157499.329100
148 118014.776626
149 92202.263185
150 98065.492927
151 96644.913729
152 68727.461069
153 82082.746399
154 85145.162114
155 84891.756795
156 76905.972064
157 74267.109083
158 71610.005304
159 69927.286693
160 61489.859474
161 58409.461668
162 62454.920948
163 53531.819825
164 51813.787821
165 52855.996245
166 56916.718320
167 48394.418946
168 49700.860279
169 53472.576491
170 52817.303748
171 48764.583740
172 51666.916668
173 42627.289613
174 42091.275461
175 39587.799116
176 32662.878198
177 30521.293461
178 27739.318720
179 27582.806922
180 26515.424189
181 21801.190287
182 22922.978542
183 20335.916179
184 18945.974547
185 19106.416028
186 16638.797906
187 12182.013959
188 10256.459445
189 11860.763023
190 11380.211779
191 10351.726963
192 8521.837260
193 8193.468353
194 8635.038437
195 8575.104183
196 8504.870277
197 7405.640675
198 7300.228271
199 6238.927154
200 5853.359187
201 6092.193200
202 5338.243487
203 5817.401727
204 6662.665899
205 6373.328980
206 6780.854599
207 6167.649386
208 7110.456783
209 5253.413495
210 5850.071375
211 5162.345914
212 6082.539219
213 5652.796198
214 5750.684878
215 5597.159506
216 5176.390805
217 4544.404018
218 4174.514528
219 4073.356723
220 3735.990773
221 3797.032373
222 4195.341710
223 3261.752776
224 2935.673296
225 2968.646358
226 2617.453089
227 2687.227897
228 2871.829546
229 2550.462974
230 2339.481625
231 2301.180102
232 2116.723326
233 2163.136290
234 1861.235541
235 1783.176440
236 1855.158881
237 1548.379655
238 1605.980902
239 1502.136874
240 1310.975990
241 1361.286380
242 1403.997025
243 1193.652450
244 1277.221975
245 1345.010386
246 1304.928834
247 1311.963979
248 1176.982971
249 1087.889891
250 954.788875
251 1009.057553
252 914.464891
253 955.632908
254 981.664301
255 898.934306
256 797.198855
257 742.093902
258 721.074013
259 734.313973
260 732.936528
261 715.263129
262 753.486603
263 776.279407
264 709.194943
265 663.183283
266 627.202683
267 594.745037
268 441.448292
269 495.704423
270 481.460878
271 459.349331
272 434.919510
273 386.819055
274 359.256171
275 328.347054
276 335.730003
277 318.451257
278 311.319060
279 305.374042
280 256.276431
281 257.915450
282 250.917284
283 212.390734
284 217.173455
285 205.914121
286 204.792906
287 189.089332
288 189.360163
289 197.376037
290 194.528121
291 178.098148
292 202.046828
293 183.803925
294 186.443739
295 175.496908
296 173.953211
297 149.636113
298 158.511668
299 164.044357
300 156.848325
301 152.923505
302 139.462942
303 141.367923
304 145.878069
305 127.473630
306 128.208106
307 122.874371
308 111.032929
309 110.071969
310 115.860452
311 108.027044
312 100.483929
313 107.460006
314 92.504975
315 94.196366
316 94.432390
317 87.574597
318 82.269488
319 78.844399
320 75.997890
321 76.707454
322 75.239454
323 67.977228
324 67.908448
325 66.991894
326 69.537643
327 67.007401
328 64.301769
329 59.740095
330 60.596995
331 60.296352
332 59.764937
333 54.314720
334 53.928688
335 54.884564
336 51.392077
337 48.275963
338 48.369863
339 47.351882
340 49.885624
341 46.795230
342 42.499885
343 45.256487
344 43.799939
345 42.362360
346 37.251703
347 38.942465
348 37.756828
349 35.830935
350 37.508934
351 36.923970
352 35.481801
353 34.714955
354 34.341098
355 30.796334
356 32.043974
357 30.784407
358 30.047202
359 29.743183
360 29.700819
361 28.666518
362 28.091188
363 27.537317
364 26.655495
365 25.842772
366 25.297003
367 25.401706
368 23.926194
369 23.555545
370 22.605735
371 21.694809
372 22.158493
373 21.536435
374 20.921412
375 20.212212
376 19.600611
377 19.585794
378 18.929942
379 18.086324
380 18.328122
381 17.629133
382 17.241961
383 17.641793
384 17.135922
385 16.234103
386 16.168857
387 15.677159
388 15.233206
389 14.815500
390 15.151938
391 14.887227
392 14.938827
393 14.354319
394 14.447142
395 14.183393
396 13.488594
397 13.277053
398 13.433309
399 13.454877
400 13.174483
401 13.283497
402 12.912786
403 12.539050
404 12.269466
405 12.074484
406 11.806697
407 11.551990
408 11.350339
409 11.207221
410 11.008393
411 10.826796
412 10.389814
413 10.338039
414 10.010039
415 9.914670
416 9.876542
417 9.705623
418 9.339354
419 9.222092
420 8.833641
421 8.667070
422 8.605774
423 8.374622
424 8.106441
425 7.938318
426 7.871550
427 7.711681
428 7.623223
429 7.461170
430 7.316439
431 7.153684
432 7.050428
433 6.956429
434 6.922580
435 6.745383
436 6.572011
437 6.540210
438 6.460196
439 6.390232
440 6.294425
441 6.216582
442 6.135785
443 6.041049
444 5.947049
445 5.831124
446 5.778498
447 5.697472
448 5.587383
449 5.544691
450 5.393628
451 5.365951
452 5.322331
453 5.234239
454 5.177511
455 5.142171
456 5.086697
457 5.040007
458 4.986765
459 4.919920
460 4.861026
461 4.811952
462 4.778611
463 4.727133
464 4.663044
465 4.640143
466 4.598401
467 4.548920
468 4.502038
469 4.471050
470 4.416817
471 4.371552
472 4.329188
473 4.311397
474 4.279459
475 4.264986
476 4.232471
477 4.191337
478 4.173841
479 4.130670
480 4.088671
481 4.076466
482 4.051284
483 4.024130
484 4.008345
485 3.982739
486 3.969221
487 3.944747
488 3.923026
489 3.908244
490 3.885765
491 3.874884
492 3.864757
493 3.851797
494 3.840901
495 3.831402
496 3.820125
497 3.815754
498 3.811551
499 3.808109
500 3.806271
1 4935831.879339
2 7477282.994758
3 5088621.463181
4 6812930.252500
5 5815861.166123
6 7022769.348261
7 8893060.161473
8 9410378.218462
9 9786248.314351
10 11579984.800200
11 12880893.913249
12 13388310.701239
13 15049155.848943
14 11272659.294950
15 17258093.626342
16 17693396.828610
17 20564803.772491
18 24188408.206211
19 24607178.607058
20 31104135.241969
21 43444247.035610
22 44383571.631463
23 37942579.041649
24 38068694.670085
25 34749149.427256
26 44616845.174398
27 54316891.675083
28 46957907.755044
29 42072242.001327
30 40412885.664037
31 43655297.282521
32 42581888.414626
33 45347695.564148
34 48200291.126005
35 47930879.603970
36 51350711.497958
37 55368153.070956
38 52653020.571178
39 53028804.385011
40 52927141.112141
41 41183791.375896
42 53032071.579438
43 35906113.906835
44 42943496.565085
45 36669631.466444
46 33884823.526106
47 40039584.014236
48 24087197.284948
49 38584584.517558
50 29128070.891086
51 29403193.339061
52 22487039.560707
53 28537604.561929
54 39348937.238519
55 33050177.840327
56 36295796.343615
57 37070894.229452
58 33190317.484646
59 34077340.108725
60 35862637.228134
61 34057138.970578
62 31895704.106720
63 37419036.932709
64 32794446.136934
65 35817198.681373
66 31393374.202880
67 25475936.460046
68 22618515.288425
69 23434675.676762
70 19631035.495172
71 18848367.692705
72 21402223.777738
73 17361284.883432
74 19028057.017842
75 15747416.122783
76 16767938.049231
77 20728309.386255
78 18370290.216700
79 19050817.293103
80 18612049.475678
81 12492636.975869
82 11043016.680880
83 8020761.803691
84 8547605.440883
85 5964636.940299
86 7171952.907877
87 6572448.684772
88 7239918.943547
89 5556555.211698
90 5230192.428077
91 4838840.179745
92 4633589.148731
93 5707425.538552
94 5707458.168431
95 5920728.838677
96 5122406.268854
97 4881140.183447
98 4174150.541392
99 3172333.261138
100 2904015.263498
101 2793784.808765
102 2639522.622917
103 2573179.609843
104 1973662.630607
105 1545685.833981
106 1451696.037911
107 1793616.506600
108 1320103.813474
109 1333667.357346
110 1297938.207071
111 1099264.834812
112 1038592.771666
113 856047.804481
114 996299.491984
115 1130188.186659
116 1005479.552907
117 968655.667920
118 840565.056321
119 951191.164709
120 817694.022380
121 768215.172080
122 691580.097716
123 653202.481551
124 618085.524290
125 516150.124495
126 574023.277053
127 475308.057814
128 405306.605684
129 443732.751036
130 437121.582230
131 417965.352931
132 410090.134114
133 347669.616674
134 387419.309109
135 340118.613084
136 328211.146351
137 243555.384655
138 277424.850850
139 250286.547230
140 182061.531670
141 216692.568677
142 184088.811868
143 198638.078168
144 184222.629701
145 150490.924801
146 169495.120493
147 125925.512758
148 144623.834127
149 132545.070440
150 139558.881646
151 112002.894151
152 127392.928803
153 123215.723520
154 96549.827122
155 80488.317478
156 89707.911828
157 67140.125445
158 75997.179692
159 74573.223108
160 67275.174163
161 66159.164031
162 60316.588364
163 61755.123790
164 54513.415524
165 52253.233054
166 55499.415825
167 42232.589060
168 45026.448683
169 46969.328767
170 37451.095573
171 34800.493408
172 40364.137704
173 36021.831991
174 35204.810071
175 35835.211204
176 33038.575415
177 31162.328891
178 29871.483837
179 31553.661903
180 28342.922788
181 27193.730987
182 23658.055739
183 27094.381409
184 24665.320870
185 22047.903594
186 21654.638110
187 21037.728956
188 18166.474889
189 16649.666010
190 16844.660608
191 16049.466155
192 13040.369144
193 13139.597630
194 12051.688249
195 12809.898625
196 10570.978574
197 10928.331671
198 9552.829320
199 9856.981124
200 9002.369500
201 9860.717566
202 10938.632052
203 9789.373915
204 9507.445931
205 8470.489328
206 8472.187069
207 8712.208683
208 8562.014743
209 7717.793643
210 7491.039467
211 6741.650068
212 5784.275693
213 5974.784007
214 5730.669435
215 5361.021347
216 5933.455579
217 5428.660763
218 5424.250586
219 4232.902302
220 5093.038923
221 4024.541070
222 4162.156037
223 4545.304323
224 4890.200706
225 4490.475444
226 3856.199663
227 3642.630904
228 3805.000654
229 3466.104962
230 2963.136044
231 3483.869193
232 3147.832629
233 2938.748762
234 2442.839936
235 2770.219305
236 2371.589753
237 2617.128165
238 2245.442503
239 2288.924987
240 2112.107857
241 2160.332098
242 1828.302598
243 1777.930643
244 1700.257617
245 1584.013968
246 1426.013865
247 1493.137043
248 1435.031822
249 1478.089028
250 1363.946667
251 1253.652489
252 1181.178049
253 1200.987977
254 1222.873806
255 1091.627914
256 922.548906
257 1043.122405
258 1005.307397
259 916.903533
260 850.806723
261 966.142039
262 897.408740
263 813.429178
264 792.109490
265 783.931892
266 721.724585
267 701.022544
268 591.967616
269 649.819762
270 621.376520
271 620.773320
272 603.719809
273 618.201704
274 604.834853
275 542.442352
276 534.963878
277 455.979024
278 453.655935
279 434.347501
280 367.135303
281 359.793495
282 374.096056
283 341.338770
284 349.105403
285 335.794478
286 348.799931
287 328.334442
288 324.724094
289 332.091858
290 306.995480
291 285.092312
292 287.878290
293 267.432238
294 243.584807
295 257.196995
296 234.377988
297 219.533254
298 226.765632
299 207.977528
300 199.515727
301 202.675713
302 192.605680
303 183.117575
304 187.385706
305 174.690289
306 170.388148
307 157.937490
308 159.377104
309 155.039078
310 145.611833
311 135.221701
312 136.960287
313 143.757915
314 146.416817
315 137.144369
316 120.822497
317 113.840522
318 117.170745
319 111.451953
320 106.793460
321 95.774341
322 101.297866
323 102.935832
324 98.883064
325 97.199287
326 94.583229
327 90.264259
328 89.758390
329 88.814050
330 86.401565
331 84.864738
332 83.709083
333 86.528757
334 78.000519
335 81.847879
336 78.496190
337 75.495322
338 73.385343
339 69.703592
340 71.123810
341 69.906232
342 67.503844
343 66.411068
344 67.388307
345 61.630552
346 62.470967
347 61.294137
348 61.107421
349 59.746457
350 53.770793
351 53.577710
352 53.398230
353 49.138135
354 48.022666
355 49.206116
356 48.121190
357 47.823205
358 46.488380
359 46.052282
360 44.236870
361 45.389061
362 40.868800
363 41.833474
364 41.732522
365 42.351022
366 38.396029
367 37.596867
368 36.339719
369 36.371610
370 34.982586
371 34.685451
372 34.015074
373 34.381652
374 32.406563
375 31.669628
376 31.220506
377 30.934273
378 29.910345
379 29.566468
380 29.530584
381 28.232805
382 28.026132
383 26.869122
384 26.757750
385 26.543929
386 24.363219
387 24.415300
388 24.237406
389 23.569576
390 23.045156
391 23.106112
392 23.055466
393 22.790614
394 22.490397
395 21.769926
396 21.150762
397 20.858817
398 20.488035
399 20.048364
400 19.331219
401 19.183416
402 19.007735
403 18.673789
404 18.382134
405 17.769846
406 17.881467
407 17.649069
408 17.120981
409 17.162960
410 16.880574
411 16.511177
412 15.899697
413 15.810810
414 15.132023
415 15.022615
416 14.940864
417 14.445460
418 14.491497
419 14.179652
420 13.779709
421 13.579941
422 13.659145
423 13.521827
424 13.299189
425 12.984234
426 12.940396
427 12.795539
428 12.445674
429 12.228939
430 11.981569
431 11.899223
432 11.653056
433 11.524436
434 11.552415
435 11.287245
436 11.152776
437 11.125293
438 10.978529
439 10.877024
440 10.674325
441 10.581141
442 10.280222
443 10.275190
444 10.156956
445 10.031148
446 9.849487
447 9.812972
448 9.671811
449 9.648512
450 9.490068
451 9.413858
452 9.254622
453 9.179264
454 9.117661
455 8.930740
456 8.922728
457 8.852277
458 8.748604
459 8.662081
460 8.518279
461 8.489651
462 8.414308
463 8.304867
464 8.257042
465 8.184570
466 8.133956
467 8.052829
468 8.020668
469 7.945237
470 7.852522
471 7.761509
472 7.724654
473 7.647236
474 7.584222
475 7.505771
476 7.455415
477 7.406824
478 7.345682
479 7.312820
480 7.264877
481 7.207907
482 7.177180
483 7.121424
484 7.106516
485 7.072980
486 7.044639
487 7.017498
488 6.992545
489 6.972613
490 6.936715
491 6.916614
492 6.894663
493 6.869693
494 6.849153
495 6.838073
496 6.820590
497 6.809161
498 6.801586
499 6.795804
500 6.792566
