1 685157.313891
2 629879.519440
3 709039.806179
4 686150.283123
5 655919.347318
6 620572.049352
7 604327.475837
8 540195.534882
9 452777.171946
10 427964.887156
11 371252.664283
12 380504.474255
13 360942.667989
14 286071.799171
15 301702.410122
16 288647.854392
17 256632.023473
18 249844.068409
19 212662.609931
20 204234.429793
21 177024.533132
22 155117.833271
23 129936.404267
24 117953.764991
25 101406.606208
26 87158.824158
27 75819.707790
28 66644.004643
29 61445.124480
30 54122.408197
31 45871.923433
32 38172.561904
33 35641.770621
34 32342.657670
35 28831.178228
36 22445.691872
37 21419.936346
38 19048.991918
39 16966.282126
40 13602.289665
41 12599.206356
42 12167.835556
43 10345.980787
44 8850.762916
45 7128.175085
46 6288.458430
47 5694.282276
48 4799.793320
49 3944.059888
50 3659.533775
51 3226.133265
52 2759.680506
53 2396.522827
54 1911.454789
55 1705.755309
56 1457.391608
57 1313.392330
58 1126.464627
59 851.546500
60 683.819316
61 611.467089
62 488.818634
63 409.706545
64 324.712892
65 265.677152
66 220.742429
67 178.860126
68 146.783823
69 124.752197
70 94.096682
71 84.565541
72 67.784654
73 57.542593
74 49.634323
75 41.869725
76 33.748097
77 27.570286
78 23.975702
79 19.579634
80 15.670532
81 12.346561
82 10.603359
83 9.092753
84 7.177829
85 6.248783
86 5.303023
87 4.435933
88 3.677177
89 3.038969
90 2.547026
91 2.136072
92 1.689992
93 1.410829
94 1.202578
95 1.017280
96 0.840401
97 0.690881
98 0.564955
99 0.482035
100 0.391746
101 0.320071
102 0.266146
103 0.228645
104 0.180377
105 0.144540
106 0.122340
107 0.097022
108 0.083226
109 0.068911
110 0.058913
111 0.046852
112 0.041102
113 0.034901
114 0.028718
115 0.022680
116 0.019071
117 0.014837
118 0.011951
119 0.010063
120 0.008224
121 0.006407
122 0.005435
123 0.004270
124 0.003576
125 0.003087
126 0.002523
127 0.002056
128 0.001850
129 0.001481
130 0.001268
131 0.001044
132 0.000861
133 0.000738
134 0.000602
135 0.000516
136 0.000438
137 0.000355
138 0.000297
139 0.000246
140 0.000209
141 0.000178
142 0.000143
143 0.000125
144 0.000105
145 0.000085
146 0.000074
147 0.000057
148 0.000051
149 0.000041
150 0.000036
151 0.000030
152 0.000025
153 0.000021
154 0.000018
155 0.000015
156 0.000013
157 0.000010
158 0.000009
159 0.000007
160 0.000006
161 0.000005
162 0.000004
163 0.000003
164 0.000003
165 0.000002
166 0.000002
167 0.000002
168 0.000001
169 0.000001
170 0.000001
171 0.000001
172 0.000001
173 0.000001
174 0.000001
175 0.000001
176 0.000000
177 0.000000
178 0.000000
179 0.000000
180 0.000000
181 0.000000
182 0.000000
183 0.000000
184 0.000000
185 0.000000
186 0.000000
187 0.000000
188 0.000000
189 0.000000
190 0.000000
191 0.000000
192 0.000000
193 0.000000
194 0.000000
195 0.000000
196 0.000000
197 0.000000
198 0.000000
199 0.000000
200 0.000000
201 0.000000
202 0.000000
203 0.000000
204 0.000000
205 0.000000
206 0.000000
207 0.000000
208 0.000000
209 0.000000
210 0.000000
211 0.000000
212 0.000000
213 0.000000
214 0.000000
215 0.000000
216 0.000000
217 0.000000
218 0.000000
219 0.000000
220 0.000000
221 0.000000
222 0.000000
223 0.000000
224 0.000000
225 0.000000
226 0.000000
227 0.000000
228 0.000000
229 0.000000
230 0.000000
231 0.000000
232 0.000000
233 0.000000
234 0.000000
235 0.000000
236 0.000000
237 0.000000
238 0.000000
239 0.000000
240 0.000000
241 0.000000
242 0.000000
243 0.000000
244 0.000000
245 0.000000
246 0.000000
247 0.000000
248 0.000000
249 0.000000
250 0.000000
251 0.000000
252 0.000000
253 0.000000
254 0.000000
255 0.000000
256 0.000000
257 0.000000
258 0.000000
259 0.000000
260 0.000000
261 0.000000
262 0.000000
263 0.000000
264 0.000000
265 0.000000
266 0.000000
267 0.000000
268 0.000000
269 0.000000
270 0.000000
271 0.000000
272 0.000000
273 0.000000
274 0.000000
275 0.000000
276 0.000000
277 0.000000
278 0.000000
279 0.000000
280 0.000000
281 0.000000
282 0.000000
283 0.000000
284 0.000000
285 0.000000
286 0.000000
287 0.000000
288 0.000000
289 0.000000
290 0.000000
291 0.000000
292 0.000000
293 0.000000
294 0.000000
295 0.000000
296 0.000000
297 0.000000
298 0.000000
299 0.000000
300 0.000000
301 0.000000
302 0.000000
303 0.000000
304 0.000000
305 0.000000
306 0.000000
307 0.000000
308 0.000000
309 0.000000
310 0.000000
311 0.000000
312 0.000000
313 0.000000
314 0.000000
315 0.000000
316 0.000000
317 0.000000
318 0.000000
319 0.000000
320 0.000000
321 0.000000
322 0.000000
323 0.000000
324 0.000000
325 0.000000
326 0.000000
327 0.000000
328 0.000000
329 0.000000
330 0.000000
331 0.000000
332 0.000000
333 0.000000
334 0.000000
335 0.000000
336 0.000000
337 0.000000
338 0.000000
339 0.000000
340 0.000000
341 0.000000
342 0.000000
343 0.000000
344 0.000000
345 0.000000
346 0.000000
347 0.000000
348 0.000000
349 0.000000
350 0.000000
351 0.000000
352 0.000000
353 0.000000
354 0.000000
355 0.000000
356 0.000000
357 0.000000
358 0.000000
359 0.000000
360 0.000000
361 0.000000
362 0.000000
363 0.000000
364 0.000000
365 0.000000
366 0.000000
367 0.000000
368 0.000000
369 0.000000
370 0.000000
371 0.000000
372 0.000000
373 0.000000
374 0.000000
375 0.000000
376 0.000000
377 0.000000
378 0.000000
379 0.000000
380 0.000000
381 0.000000
382 0.000000
383 0.000000
384 0.000000
385 0.000000
386 0.000000
387 0.000000
388 0.000000
389 0.000000
390 0.000000
391 0.000000
392 0.000000
393 0.000000
394 0.000000
395 0.000000
396 0.000000
397 0.000000
398 0.000000
399 0.000000
400 0.000000
401 0.000000
402 0.000000
403 0.000000
404 0.000000
405 0.000000
406 0.000000
407 0.000000
408 0.000000
409 0.000000
410 0.000000
411 0.000000
412 0.000000
413 0.000000
414 0.000000
415 0.000000
416 0.000000
417 0.000000
418 0.000000
419 0.000000
420 0.000000
421 0.000000
422 0.000000
423 0.000000
424 0.000000
425 0.000000
426 0.000000
427 0.000000
428 0.000000
429 0.000000
430 0.000000
431 0.000000
432 0.000000
433 0.000000
434 0.000000
435 0.000000
436 0.000000
437 0.000000
438 0.000000
439 0.000000
440 0.000000
441 0.000000
442 0.000000
443 0.000000
444 0.000000
445 0.000000
446 0.000000
447 0.000000
448 0.000000
449 0.000000
450 0.000000
451 0.000000
452 0.000000
453 0.000000
454 0.000000
455 0.000000
456 0.000000
457 0.000000
458 0.000000
459 0.000000
460 0.000000
461 0.000000
462 0.000000
463 0.000000
464 0.000000
465 0.000000
466 0.000000
467 0.000000
468 0.000000
469 0.000000
470 0.000000
471 0.000000
472 0.000000
473 0.000000
474 0.000000
475 0.000000
476 0.000000
477 0.000000
478 0.000000
479 0.000000
480 0.000000
481 0.000000
482 0.000000
483 0.000000
484 0.000000
485 0.000000
486 0.000000
487 0.000000
488 0.000000
489 0.000000
490 0.000000
491 0.000000
492 0.000000
493 0.000000
494 0.000000
495 0.000000
496 0.000000
497 0.000000
498 0.000000
499 0.000000
500 0.000000
