1 21486102.347915
2 40475882.353581
3 51208672.105336
4 138481158.700093
5 216554093.976738
6 520116716.845559
7 604336794.955902
8 1374000616.683669
9 2280013248.210169
10 4314455466.512953
11 6756588238.178432
12 7124954791.984739
13 12784347602.426920
14 20453206425.689754
15 34701081197.790550
16 29310802314.845905
17 71499655612.676758
18 92559570747.036652
19 144142804142.038605
20 197521597835.256378
21 375803510663.855347
22 516072397860.238647
23 982543193467.008789
24 1375143862948.665771
25 1591687272841.605957
26 2962744722432.075195
27 4260792456324.555664
28 5060182465823.423828
29 8098905066544.313477
30 14776317115781.927734
31 17161431212410.806641
32 28869860219497.074219
33 54413954539934.453125
34 83720269089469.046875
35 120187054860699.484375
36 225338263461254.031250
37 215290431091545.187500
38 272166690539140.062500
39 469206322548737.750000
40 445704189464526.187500
41 756233425002667.625000
42 1115163378016948.625000
43 782659379397084.375000
44 1549704531326641.250000
45 2248883619074605.000000
46 1289633923104962.250000
47 2480149974283693.500000
48 3485106128241121.500000
49 3932247792325669.000000
50 4223645415495831.500000
51 5196059593622337.000000
52 8164188847528850.000000
53 7962169847128251.000000
54 9803975835704454.000000
55 9639183394082650.000000
56 10083627717039960.000000
57 17374121858954604.000000
58 20699625751294128.000000
59 23934560274934180.000000
60 33246525287079556.000000
61 40737396590852792.000000
62 74540291457427680.000000
63 66627944844677384.000000
64 52309017450483160.000000
65 103873588287560288.000000
66 160755803236248128.000000
67 221544520216333824.000000
68 180781683117964672.000000
69 267513216097010144.000000
70 429134498589445504.000000
71 462532660504012160.000000
72 478674149874042240.000000
73 743512457420161408.000000
74 623545486802542464.000000
75 878041531460235392.000000
76 1459916214800698880.000000
77 1431445720811008000.000000
78 1717204997816353792.000000
79 2170468339358930176.000000
80 1776107840765139200.000000
81 2498328487635449856.000000
82 2090834196810353152.000000
83 1913519732143311360.000000
84 1416044668672147968.000000
85 1586810651904624640.000000
86 2252437439823299072.000000
87 2939447442668236288.000000
88 1837749098100697088.000000
89 2647652088248076288.000000
90 1443990605872224512.000000
91 2911898382892128768.000000
92 3280858700444882944.000000
93 3321187626429587456.000000
94 2635162723389033472.000000
95 3663699612530749440.000000
96 4178415242272349184.000000
97 5276310070521479168.000000
98 8103124769462629376.000000
99 9250102826296446976.000000
100 10909333153226647552.000000
101 15806996861491040256.000000
102 17866656998187939840.000000
103 14458908986864648192.000000
104 18076968966111553536.000000
105 25239843082227142656.000000
106 20261735430061420544.000000
107 19878463197473144832.000000
108 29703531805495492608.000000
109 20861925046087704576.000000
110 19022590069406691328.000000
111 27057384241490571264.000000
112 24817662628870938624.000000
113 21348758120540033024.000000
114 27294452540418838528.000000
115 24054959385639911424.000000
116 36321532674339016704.000000
117 44237738253793976320.000000
118 33342123235904970752.000000
119 38369716583143530496.000000
120 31012185628703883264.000000
121 33359832863200886784.000000
122 39480808263869054976.000000
123 36227286343411527680.000000
124 46699220541079691264.000000
125 58308209582979686400.000000
126 45146237928804327424.000000
127 39815953602326282240.000000
128 32885659497889234944.000000
129 38058021776440524800.000000
130 33480475590859816960.000000
131 37858072467656679424.000000
132 29807949156120395776.000000
133 31268194444044161024.000000
134 32285094378261463040.000000
135 32021008176240041984.000000
136 23133901589164253184.000000
137 34918074450759331840.000000
138 27646481612171812864.000000
139 30705396129336102912.000000
140 38662969746050293760.000000
141 50316406126635573248.000000
142 37744372706600001536.000000
143 36101780117995061248.000000
144 31430504165501702144.000000
145 25671534198179246080.000000
146 20404407716686749696.000000
147 20163407203265191936.000000
148 19774229911107452928.000000
149 23119239344008507392.000000
150 24105886679182524416.000000
151 24474372228721504256.000000
152 20471013207185944576.000000
153 14798568375694665728.000000
154 17408435415632920576.000000
155 10465789818179276800.000000
156 11500856730084509696.000000
157 13702424664655843328.000000
158 11427651975946579968.000000
159 10600941804354699264.000000
160 10239878548884654080.000000
161 7575578933081715712.000000
162 5729192950369013760.000000
163 6278645311206241280.000000
164 7473903973561123840.000000
165 6716860587881243648.000000
166 5619236370362518528.000000
167 5915425057118318592.000000
168 5474177085694945280.000000
169 4999676421309142016.000000
170 3949410609282675200.000000
171 4046577943299507200.000000
172 4539543299439244800.000000
173 4658715883826028544.000000
174 3544613079405229056.000000
175 3832043596180709376.000000
176 2782025298417810944.000000
177 2375181570217598464.000000
178 1708451650927818496.000000
179 1545372035685926656.000000
180 1197333383071699712.000000
181 1165706164151692032.000000
182 917662723531799552.000000
183 711275272027306368.000000
184 849692114598995456.000000
185 644479265107192704.000000
186 513324893105150464.000000
187 511805731459426752.000000
188 409454880913429056.000000
189 293991517957162688.000000
190 280930596030081952.000000
191 254366654895693280.000000
192 128830502905524640.000000
193 135405796566928304.000000
194 122575486962498720.000000
195 112221859973620544.000000
196 111645905028525696.000000
197 77583331629629472.000000
198 51435785029793128.000000
199 42919051989014872.000000
200 34847417666060576.000000
201 33098811873098252.000000
202 26935866016088852.000000
203 27717729521532492.000000
204 17977653281631008.000000
205 16114754364912272.000000
206 14071305919423828.000000
207 12936763827520420.000000
208 9689065733370820.000000
209 7693485255908871.000000
210 6148008868067498.000000
211 4419258922946721.000000
212 4226226752134679.000000
213 2590440979177000.500000
214 2102380131249268.250000
215 1816098836154018.500000
216 1629105863227409.500000
217 1034374520299221.250000
218 911050912435563.500000
219 630067881967990.125000
220 525829919937532.062500
221 472799313997419.687500
222 277694130266249.343750
223 225999555605252.593750
224 228189561067463.343750
225 209138490878218.031250
226 107001641229984.718750
227 103692420593711.546875
228 71963608431909.515625
229 65613223987583.742188
230 47967337533675.148438
231 34288022532178.832031
232 32029985482850.828125
233 28462728009892.335938
234 22898796968373.179688
235 20292100821518.566406
236 15967411024659.984375
237 11477843121413.119141
238 6884363204839.929688
239 6187307645913.198242
240 4970683518034.082031
241 4139059440744.542969
242 3278161054677.245117
243 2348712338693.041504
244 1889076169333.578613
245 1650225400774.863770
246 1400159126060.841064
247 964889125278.580444
248 876093273725.097778
249 766306134685.955933
250 494132931771.639954
251 311705908573.199524
252 216210775873.628571
253 215859691813.513916
254 171356671299.245575
255 101410827067.272690
256 86449131832.357178
257 66099839165.333466
258 54788396638.109734
259 42809091189.707047
260 35990146171.808647
261 31539317452.197559
262 23193492125.842293
263 19536187757.386219
264 14706891590.140835
265 10561135128.582214
266 6756850437.984944
267 5451817239.897170
268 3948030981.202200
269 3404621594.203374
270 2770376900.639618
271 2317196293.882721
272 1662978729.603957
273 1302081522.124701
274 891724003.293443
275 724171882.269333
276 593650903.251293
277 483563343.220643
278 378254359.087838
279 300801807.810279
280 226983083.927117
281 193392289.530614
282 153113187.086547
283 105438301.648510
284 93236400.304907
285 46522637.489738
286 40297407.267759
287 34005313.963190
288 25921471.598481
289 19531694.473689
290 15950457.817174
291 10843191.879179
292 9407202.739843
293 6780849.683569
294 5062336.833070
295 4132015.701770
296 3018578.039841
297 2617157.671889
298 1811407.386160
299 1354110.442415
300 1047736.822342
301 1008197.277597
302 854150.151109
303 656715.905579
304 527629.891036
305 360360.523036
306 347282.617597
307 257699.429601
308 221623.422795
309 169977.556509
310 116936.996291
311 91787.625774
312 67416.308913
313 47863.235363
314 39254.251292
315 25062.159743
316 19119.816861
317 14550.953904
318 11826.532470
319 9360.633496
320 7449.830611
321 5437.610670
322 3766.698022
323 2864.156089
324 2218.150714
325 1564.368959
326 1235.639805
327 1012.617922
328 888.242468
329 588.298897
330 449.993710
331 337.093085
332 250.520088
333 189.369664
334 168.411702
335 142.080761
336 101.479510
337 80.727762
338 65.606460
339 54.958806
340 41.899096
341 33.578879
342 27.664339
343 21.702311
344 18.357608
345 11.700062
346 9.752850
347 7.026300
348 5.618525
349 4.810574
350 3.448075
351 2.704311
352 1.999644
353 1.478054
354 1.283402
355 0.921110
356 0.730164
357 0.575384
358 0.509488
359 0.401363
360 0.310628
361 0.239161
362 0.182383
363 0.149084
364 0.123328
365 0.093423
366 0.079274
367 0.067210
368 0.052346
369 0.037252
370 0.032001
371 0.024683
372 0.019324
373 0.016060
374 0.011437
375 0.008988
376 0.007232
377 0.005898
378 0.004414
379 0.003714
380 0.003032
381 0.002250
382 0.001704
383 0.001325
384 0.001002
385 0.000782
386 0.000686
387 0.000547
388 0.000450
389 0.000364
390 0.000280
391 0.000223
392 0.000170
393 0.000134
394 0.000104
395 0.000085
396 0.000062
397 0.000053
398 0.000044
399 0.000036
400 0.000028
401 0.000022
402 0.000018
403 0.000015
404 0.000011
405 0.000010
406 0.000008
407 0.000007
408 0.000006
409 0.000005
410 0.000004
411 0.000003
412 0.000002
413 0.000002
414 0.000002
415 0.000001
416 0.000001
417 0.000001
418 0.000001
419 0.000001
420 0.000000
421 0.000000
422 0.000000
423 0.000000
424 0.000000
425 0.000000
426 0.000000
427 0.000000
428 0.000000
429 0.000000
430 0.000000
431 0.000000
432 0.000000
433 0.000000
434 0.000000
435 0.000000
436 0.000000
437 0.000000
438 0.000000
439 0.000000
440 0.000000
441 0.000000
442 0.000000
443 0.000000
444 0.000000
445 0.000000
446 0.000000
447 0.000000
448 0.000000
449 0.000000
450 0.000000
451 0.000000
452 0.000000
453 0.000000
454 0.000000
455 0.000000
456 0.000000
457 0.000000
458 0.000000
459 0.000000
460 0.000000
461 0.000000
462 0.000000
463 0.000000
464 0.000000
465 0.000000
466 0.000000
467 0.000000
468 0.000000
469 0.000000
470 0.000000
471 0.000000
472 0.000000
473 0.000000
474 0.000000
475 0.000000
476 0.000000
477 0.000000
478 0.000000
479 0.000000
480 0.000000
481 0.000000
482 0.000000
483 0.000000
484 0.000000
485 0.000000
486 0.000000
487 0.000000
488 0.000000
489 0.000000
490 0.000000
491 0.000000
492 0.000000
493 0.000000
494 0.000000
495 0.000000
496 0.000000
497 0.000000
498 0.000000
499 0.000000
500 0.000000
