1 16538655.693754
2 15115924.969810
3 18448704.801075
4 21637649.210102
5 24172396.019226
6 24285964.364084
7 34159361.708342
8 40240196.515470
9 48236224.665684
10 63650688.617843
11 74957992.933259
12 88809433.758206
13 108189550.694502
14 105340159.916553
15 144684636.882320
16 128105657.368115
17 119607439.265835
18 132280509.346746
19 122412134.245341
20 152025716.231628
21 145877673.883412
22 200475381.803277
23 136704496.232453
24 156238134.401933
25 231634726.808900
26 226540137.130466
27 273334846.194897
28 302669741.375356
29 211425399.475674
30 262161934.280412
31 291928421.741724
32 338981364.583106
33 238530981.532967
34 370264267.674619
35 464700041.675703
36 410778214.802006
37 395756147.958928
38 449441371.861203
39 433069364.020599
40 507110136.217589
41 398387827.643104
42 573860367.389671
43 607873588.472244
44 651327553.727102
45 590299935.226384
46 621702852.903214
47 600807321.147990
48 539312454.747552
49 497954182.013218
50 623867343.158529
51 558825007.166785
52 555623404.758170
53 546980390.940689
54 529076339.953330
55 504795087.222781
56 474190948.500608
57 376035738.908116
58 492069256.914001
59 484170805.478052
60 519553575.278426
61 520244740.604787
62 490352123.557702
63 504574990.544025
64 480025744.490295
65 638975254.078491
66 545566298.274960
67 669379998.725973
68 467740570.681452
69 583213393.724297
70 556233378.114545
71 580549243.181783
72 640646765.385005
73 538097209.503373
74 565278498.426885
75 486708585.470302
76 403763640.178903
77 499671833.916505
78 595762160.597204
79 464284928.739026
80 433739361.416276
81 360046400.278320
82 328746931.973336
83 318192337.983963
84 290536777.798526
85 338586359.194701
86 318084269.305370
87 263101818.689422
88 208705535.378529
89 188614333.642401
90 183339093.285613
91 133922442.197735
92 131731126.132826
93 148018216.356793
94 158439214.242242
95 133594707.957300
96 102520561.253584
97 101336433.000483
98 89467739.617891
99 77286447.705541
100 75263706.724752
101 63151552.757003
102 52347929.438860
103 67076209.801078
104 58444101.996562
105 64335641.757137
106 67551242.129824
107 66252257.445535
108 66076541.275600
109 63601460.286074
110 53440048.908971
111 39969893.973034
112 56077156.210574
113 45040168.092036
114 41022577.526399
115 39754099.269362
116 42669944.884201
117 50047180.438272
118 41897672.018660
119 42497659.725805
120 43769536.618446
121 40824295.402750
122 33354598.111667
123 35176578.734599
124 30231214.151152
125 37862014.768147
126 28112332.172193
127 30067256.863624
128 29461481.760403
129 26268083.302577
130 25912287.273379
131 28544694.562258
132 24014971.384540
133 22089355.382936
134 23758434.282444
135 18078003.815898
136 18777280.524436
137 19905763.338336
138 17364382.675040
139 18079845.088815
140 19623776.280311
141 16986848.498134
142 15876567.114284
143 18973492.030189
144 15171904.700567
145 12505603.403399
146 12467252.954684
147 11992834.187494
148 9864048.002879
149 7430999.493788
150 7604208.755972
151 8626966.668288
152 9531048.498081
153 8392670.355277
154 6836843.569789
155 8438239.366493
156 6105621.193941
157 8807898.114766
158 7541862.719536
159 7942965.610408
160 5840955.709024
161 6339388.937086
162 8178544.930095
163 6368188.700098
164 6814796.021023
165 5148684.353763
166 4954873.769417
167 4738751.981102
168 3772367.856300
169 3726761.882642
170 4578664.304403
171 3860140.205551
172 3384641.100966
173 4231179.649027
174 4155429.303776
175 3401052.810781
176 3965862.737342
177 3969405.374938
178 3971880.236995
179 3522503.938323
180 3024155.408360
181 3016415.888673
182 2741879.979388
183 2425413.021042
184 2190852.001586
185 1928525.933496
186 2024369.406985
187 1925570.697979
188 1706486.353821
189 1808240.803954
190 1832854.635311
191 1806154.594506
192 1816222.016961
193 1686321.604562
194 1663724.968990
195 1660775.439395
196 1351625.013917
197 1251360.436267
198 1271337.369676
199 1064776.031668
200 1116528.652627
201 908994.966194
202 807964.873423
203 883223.443458
204 771167.851082
205 830074.304950
206 719213.485830
207 879209.019583
208 713039.516028
209 674491.748945
210 686463.626712
211 602139.317115
212 537746.668819
213 531500.154528
214 483553.383596
215 467745.669574
216 536941.796671
217 506126.281821
218 445933.694267
219 479433.290690
220 336557.505699
221 443356.092049
222 392508.442597
223 356642.858887
224 326226.789726
225 349613.381985
226 320834.909241
227 349154.894500
228 342819.108676
229 258089.682520
230 245017.411109
231 251169.136272
232 282629.383625
233 232785.803664
234 223718.233322
235 233059.865743
236 225945.146188
237 191330.407390
238 204714.243455
239 208685.291017
240 187918.780536
241 198015.268109
242 189733.175385
243 205718.121187
244 164090.985048
245 185152.765475
246 163072.691375
247 161574.340452
248 167634.004614
249 151265.990837
250 145551.660748
251 136238.531841
252 143819.128741
253 140173.210046
254 141059.697667
255 143297.233430
256 138598.526002
257 139964.476770
258 117277.340467
259 103160.403826
260 89276.111241
261 105623.174208
262 104045.732989
263 95460.554176
264 97630.807791
265 94776.186321
266 81126.633574
267 84869.277419
268 89951.440913
269 85599.777135
270 78576.551860
271 81813.510468
272 84834.785763
273 79296.703268
274 72426.226206
275 85609.834643
276 87504.021743
277 72803.854393
278 65769.677840
279 60335.628742
280 69532.792364
281 66492.199072
282 63034.559856
283 63170.845247
284 55881.338239
285 60122.362966
286 51390.312628
287 54671.555399
288 53697.610343
289 59866.664399
290 50912.690913
291 54532.109435
292 55576.583798
293 55879.433593
294 52899.381057
295 53598.023115
296 56047.028005
297 52158.532625
298 52920.776108
299 48856.844994
300 42591.063546
301 43684.408132
302 42635.643315
303 43242.557619
304 38890.092586
305 38392.325304
306 39535.765843
307 39408.956578
308 35944.697230
309 33853.326157
310 32340.574537
311 33247.762728
312 32359.688523
313 29788.625376
314 31044.426321
315 28173.385793
316 27503.935984
317 29380.194634
318 27036.936548
319 26088.964222
320 24377.359298
321 23957.779574
322 22649.772380
323 24579.545435
324 23213.016296
325 22247.931584
326 23904.797221
327 22896.169929
328 20036.117007
329 20536.212802
330 21581.408819
331 21702.151064
332 21073.904127
333 18516.999468
334 18698.318358
335 19059.962383
336 17512.544475
337 18049.098985
338 16911.250390
339 16881.947845
340 17811.810970
341 18022.877206
342 17904.947652
343 15423.299398
344 16767.486122
345 16094.914637
346 14700.478496
347 15953.925961
348 15043.254366
349 14792.750831
350 14468.193398
351 13475.064170
352 13360.555386
353 13304.851769
354 13509.364326
355 12769.679560
356 11388.030252
357 11950.804547
358 11552.158641
359 10622.779540
360 10699.808879
361 10422.482573
362 10203.282713
363 9859.687852
364 9694.385648
365 9996.062762
366 9412.079818
367 9235.423632
368 9495.963029
369 9742.168879
370 9045.372816
371 9429.786272
372 9395.634569
373 8978.619042
374 9148.586559
375 9076.740165
376 9059.139282
377 8444.942941
378 8532.075701
379 8288.879614
380 8156.322779
381 7992.148447
382 8135.938580
383 7817.883183
384 7274.923875
385 7054.645468
386 7114.017609
387 7143.367619
388 7057.065760
389 6980.519076
390 6903.156050
391 6880.557479
392 6747.658983
393 6801.543219
394 6503.921077
395 6591.324319
396 6506.112551
397 6562.093798
398 6273.795905
399 6301.915168
400 6370.576353
401 6393.755789
402 6433.731611
403 6224.802184
404 6224.832954
405 6301.846651
406 6266.105667
407 5981.780766
408 5923.892638
409 5707.969972
410 5631.927535
411 5457.680788
412 5513.788939
413 5410.774489
414 5310.043761
415 5169.691163
416 5069.178946
417 4968.760785
418 4921.551241
419 4861.699980
420 4745.543692
421 4722.357813
422 4623.463659
423 4567.544818
424 4550.218018
425 4482.043983
426 4296.887794
427 4238.550962
428 4232.169128
429 4068.067930
430 4110.276775
431 4133.969669
432 4034.182407
433 3901.735084
434 3806.805575
435 3880.927937
436 3824.779581
437 3754.543102
438 3751.088238
439 3651.814163
440 3625.271886
441 3597.657180
442 3546.164955
443 3525.289501
444 3403.327212
445 3433.985898
446 3408.964930
447 3372.382224
448 3316.558778
449 3295.688270
450 3269.269551
451 3250.024041
452 3217.743384
453 3236.645505
454 3161.796886
455 3161.024006
456 3107.696812
457 3084.521568
458 3071.619938
459 3055.902397
460 3034.809917
461 3013.703691
462 3022.445669
463 2986.976631
464 2960.873166
465 2929.810478
466 2921.209569
467 2886.044130
468 2851.382675
469 2844.260113
470 2808.119795
471 2784.058660
472 2747.907801
473 2742.744507
474 2725.227902
475 2706.189795
476 2671.400555
477 2665.062714
478 2648.385337
479 2628.721610
480 2612.501540
481 2607.790303
482 2585.266932
483 2565.758646
484 2550.096700
485 2545.109968
486 2536.502979
487 2529.357128
488 2516.459801
489 2504.771160
490 2492.004433
491 2484.552410
492 2479.077454
493 2474.535787
494 2470.039080
495 2465.352289
496 2460.408051
497 2455.945635
498 2453.002069
499 2450.891381
500 2450.148925
