1 1000000000000000019884624838656.000000
2 1000000000000000019884624838656.000000
3 1000000000000000019884624838656.000000
4 1000000000000000019884624838656.000000
5 1748893.477935
6 1748893.477935
7 1748893.477935
8 1748893.477935
9 1748893.477935
10 1934119.559145
11 1934119.559145
12 1934119.559145
13 1934119.559145
14 1934119.559145
15 2368525.460453
16 2368525.460453
17 2368525.460453
18 2368525.460453
19 2368525.460453
20 1605697.263498
21 1605697.263498
22 1605697.263498
23 1605697.263498
24 1605697.263498
25 3018793.756810
26 3018793.756810
27 3018793.756810
28 3018793.756810
29 3018793.756810
30 2526949.674532
31 2526949.674532
32 2526949.674532
33 2526949.674532
34 2526949.674532
35 2997312.663384
36 2997312.663384
37 2997312.663384
38 2997312.663384
39 2997312.663384
40 2295508.530291
41 2295508.530291
42 2295508.530291
43 2295508.530291
44 2295508.530291
45 1287973.989645
46 1287973.989645
47 1287973.989645
48 1287973.989645
49 1287973.989645
50 1325988.272130
51 1325988.272130
52 1325988.272130
53 1325988.272130
54 1325988.272130
55 1081216.364336
56 1081216.364336
57 1081216.364336
58 1081216.364336
59 1081216.364336
60 916149.278404
61 916149.278404
62 916149.278404
63 916149.278404
64 916149.278404
65 748513.003053
66 748513.003053
67 748513.003053
68 748513.003053
69 748513.003053
70 1069374.904898
71 1069374.904898
72 1069374.904898
73 1069374.904898
74 1069374.904898
75 637544.574098
76 637544.574098
77 637544.574098
78 637544.574098
79 637544.574098
80 463415.611925
81 463415.611925
82 463415.611925
83 463415.611925
84 463415.611925
85 185550.126703
86 185550.126703
87 185550.126703
88 185550.126703
89 185550.126703
90 86783.932541
91 86783.932541
92 86783.932541
93 86783.932541
94 86783.932541
95 74862.597328
96 74862.597328
97 74862.597328
98 74862.597328
99 74862.597328
100 54875.392479
101 54875.392479
102 54875.392479
103 54875.392479
104 54875.392479
105 47515.480665
106 47515.480665
107 47515.480665
108 47515.480665
109 47515.480665
110 41097.710210
111 41097.710210
112 41097.710210
113 41097.710210
114 41097.710210
115 30925.545449
116 30925.545449
117 30925.545449
118 30925.545449
119 30925.545449
120 20379.656034
121 20379.656034
122 20379.656034
123 20379.656034
124 20379.656034
125 15057.195471
126 15057.195471
127 15057.195471
128 15057.195471
129 15057.195471
130 6469.818317
131 6469.818317
132 6469.818317
133 6469.818317
134 6469.818317
135 6100.927250
136 6100.927250
137 6100.927250
138 6100.927250
139 6100.927250
140 2030.322655
141 2030.322655
142 2030.322655
143 2030.322655
144 2030.322655
145 1196.931353
146 1196.931353
147 1196.931353
148 1196.931353
149 1196.931353
150 692.924146
151 692.924146
152 692.924146
153 692.924146
154 692.924146
155 513.961777
156 513.961777
157 513.961777
158 513.961777
159 513.961777
160 238.415717
161 238.415717
162 238.415717
163 238.415717
164 238.415717
165 137.414819
166 137.414819
167 137.414819
168 137.414819
169 137.414819
170 49.537844
171 49.537844
172 49.537844
173 49.537844
174 49.537844
175 33.553274
176 33.553274
177 33.553274
178 33.553274
179 33.553274
180 19.723184
181 19.723184
182 19.723184
183 19.723184
184 19.723184
185 9.743866
186 9.743866
187 9.743866
188 9.743866
189 9.743866
190 6.126977
191 6.126977
192 6.126977
193 6.126977
194 6.126977
195 4.106619
196 4.106619
197 4.106619
198 4.106619
199 4.106619
200 2.786979
201 2.786979
202 2.786979
203 2.786979
204 2.786979
205 1.213652
206 1.213652
207 1.213652
208 1.213652
209 1.213652
210 0.614934
211 0.614934
212 0.614934
213 0.614934
214 0.614934
215 0.346143
216 0.346143
217 0.346143
218 0.346143
219 0.346143
220 0.281029
221 0.281029
222 0.281029
223 0.281029
224 0.281029
225 0.171912
226 0.171912
227 0.171912
228 0.171912
229 0.171912
230 0.106646
231 0.106646
232 0.106646
233 0.106646
234 0.106646
235 0.067796
236 0.067796
237 0.067796
238 0.067796
239 0.067796
240 0.032111
241 0.032111
242 0.032111
243 0.032111
244 0.032111
245 0.018138
246 0.018138
247 0.018138
248 0.018138
249 0.018138
250 0.011442
251 0.011442
252 0.011442
253 0.011442
254 0.011442
255 0.003860
256 0.003860
257 0.003860
258 0.003860
259 0.003860
260 0.002564
261 0.002564
262 0.002564
263 0.002564
264 0.002564
265 0.001579
266 0.001579
267 0.001579
268 0.001579
269 0.001579
270 0.001127
271 0.001127
272 0.001127
273 0.001127
274 0.001127
275 0.000495
276 0.000495
277 0.000495
278 0.000495
279 0.000495
280 0.000287
281 0.000287
282 0.000287
283 0.000287
284 0.000287
285 0.000157
286 0.000157
287 0.000157
288 0.000157
289 0.000157
290 0.000062
291 0.000062
292 0.000062
293 0.000062
294 0.000062
295 0.000036
296 0.000036
297 0.000036
298 0.000036
299 0.000036
300 0.000020
301 0.000020
302 0.000020
303 0.000020
304 0.000020
305 0.000011
306 0.000011
307 0.000011
308 0.000011
309 0.000011
310 0.000005
311 0.000005
312 0.000005
313 0.000005
314 0.000005
315 0.000003
316 0.000003
317 0.000003
318 0.000003
319 0.000003
320 0.000002
321 0.000002
322 0.000002
323 0.000002
324 0.000002
325 0.000001
326 0.000001
327 0.000001
328 0.000001
329 0.000001
330 0.000001
331 0.000001
332 0.000001
333 0.000001
334 0.000001
335 0.000000
336 0.000000
337 0.000000
338 0.000000
339 0.000000
340 0.000000
341 0.000000
342 0.000000
343 0.000000
344 0.000000
345 0.000000
346 0.000000
347 0.000000
348 0.000000
349 0.000000
350 0.000000
351 0.000000
352 0.000000
353 0.000000
354 0.000000
355 0.000000
356 0.000000
357 0.000000
358 0.000000
359 0.000000
360 0.000000
361 0.000000
362 0.000000
363 0.000000
364 0.000000
365 0.000000
366 0.000000
367 0.000000
368 0.000000
369 0.000000
370 0.000000
371 0.000000
372 0.000000
373 0.000000
374 0.000000
375 0.000000
376 0.000000
377 0.000000
378 0.000000
379 0.000000
380 0.000000
381 0.000000
382 0.000000
383 0.000000
384 0.000000
385 0.000000
386 0.000000
387 0.000000
388 0.000000
389 0.000000
390 0.000000
391 0.000000
392 0.000000
393 0.000000
394 0.000000
395 0.000000
396 0.000000
397 0.000000
398 0.000000
399 0.000000
400 0.000000
401 0.000000
402 0.000000
403 0.000000
404 0.000000
405 0.000000
406 0.000000
407 0.000000
408 0.000000
409 0.000000
410 0.000000
411 0.000000
412 0.000000
413 0.000000
414 0.000000
415 0.000000
416 0.000000
417 0.000000
418 0.000000
419 0.000000
420 0.000000
421 0.000000
422 0.000000
423 0.000000
424 0.000000
425 0.000000
426 0.000000
427 0.000000
428 0.000000
429 0.000000
430 0.000000
431 0.000000
432 0.000000
433 0.000000
434 0.000000
435 0.000000
436 0.000000
437 0.000000
438 0.000000
439 0.000000
440 0.000000
441 0.000000
442 0.000000
443 0.000000
444 0.000000
445 0.000000
446 0.000000
447 0.000000
448 0.000000
449 0.000000
450 0.000000
451 0.000000
452 0.000000
453 0.000000
454 0.000000
455 0.000000
456 0.000000
457 0.000000
458 0.000000
459 0.000000
460 0.000000
461 0.000000
462 0.000000
463 0.000000
464 0.000000
465 0.000000
466 0.000000
467 0.000000
468 0.000000
469 0.000000
470 0.000000
471 0.000000
472 0.000000
473 0.000000
474 0.000000
475 0.000000
476 0.000000
477 0.000000
478 0.000000
479 0.000000
480 0.000000
481 0.000000
482 0.000000
483 0.000000
484 0.000000
485 0.000000
486 0.000000
487 0.000000
488 0.000000
489 0.000000
490 0.000000
491 0.000000
492 0.000000
493 0.000000
494 0.000000
495 0.000000
496 0.000000
497 0.000000
498 0.000000
499 0.000000
500 0.000000
