1 1000000000000000019884624838656.000000
2 1000000000000000019884624838656.000000
3 1000000000000000019884624838656.000000
4 1000000000000000019884624838656.000000
5 71429.397601
6 71429.397601
7 71429.397601
8 71429.397601
9 71429.397601
10 58034.516917
11 58034.516917
12 58034.516917
13 58034.516917
14 58034.516917
15 34225.397945
16 34225.397945
17 34225.397945
18 34225.397945
19 34225.397945
20 34814.843212
21 34814.843212
22 34814.843212
23 34814.843212
24 34814.843212
25 33957.880379
26 33957.880379
27 33957.880379
28 33957.880379
29 33957.880379
30 26119.005212
31 26119.005212
32 26119.005212
33 26119.005212
34 26119.005212
35 23623.594784
36 23623.594784
37 23623.594784
38 23623.594784
39 23623.594784
40 20879.736451
41 20879.736451
42 20879.736451
43 20879.736451
44 20879.736451
45 17971.212824
46 17971.212824
47 17971.212824
48 17971.212824
49 17971.212824
50 15375.600024
51 15375.600024
52 15375.600024
53 15375.600024
54 15375.600024
55 16877.560220
56 16877.560220
57 16877.560220
58 16877.560220
59 16877.560220
60 15499.220938
61 15499.220938
62 15499.220938
63 15499.220938
64 15499.220938
65 15397.420229
66 15397.420229
67 15397.420229
68 15397.420229
69 15397.420229
70 16492.824037
71 16492.824037
72 16492.824037
73 16492.824037
74 16492.824037
75 9643.537383
76 9643.537383
77 9643.537383
78 9643.537383
79 9643.537383
80 12571.100431
81 12571.100431
82 12571.100431
83 12571.100431
84 12571.100431
85 13607.648166
86 13607.648166
87 13607.648166
88 13607.648166
89 13607.648166
90 12426.998443
91 12426.998443
92 12426.998443
93 12426.998443
94 12426.998443
95 11491.141562
96 11491.141562
97 11491.141562
98 11491.141562
99 11491.141562
100 10056.998721
101 10056.998721
102 10056.998721
103 10056.998721
104 10056.998721
105 9170.994072
106 9170.994072
107 9170.994072
108 9170.994072
109 9170.994072
110 7825.879919
111 7825.879919
112 7825.879919
113 7825.879919
114 7825.879919
115 8265.422311
116 8265.422311
117 8265.422311
118 8265.422311
119 8265.422311
120 9674.350027
121 9674.350027
122 9674.350027
123 9674.350027
124 9674.350027
125 7827.642452
126 7827.642452
127 7827.642452
128 7827.642452
129 7827.642452
130 8080.286517
131 8080.286517
132 8080.286517
133 8080.286517
134 8080.286517
135 8945.358197
136 8945.358197
137 8945.358197
138 8945.358197
139 8945.358197
140 8290.609620
141 8290.609620
142 8290.609620
143 8290.609620
144 8290.609620
145 8386.405323
146 8386.405323
147 8386.405323
148 8386.405323
149 8386.405323
150 7266.894065
151 7266.894065
152 7266.894065
153 7266.894065
154 7266.894065
155 6159.192766
156 6159.192766
157 6159.192766
158 6159.192766
159 6159.192766
160 6814.511179
161 6814.511179
162 6814.511179
163 6814.511179
164 6814.511179
165 5562.128727
166 5562.128727
167 5562.128727
168 5562.128727
169 5562.128727
170 5759.704844
171 5759.704844
172 5759.704844
173 5759.704844
174 5759.704844
175 4993.876730
176 4993.876730
177 4993.876730
178 4993.876730
179 4993.876730
180 4955.236741
181 4955.236741
182 4955.236741
183 4955.236741
184 4955.236741
185 3936.727887
186 3936.727887
187 3936.727887
188 3936.727887
189 3936.727887
190 3644.796054
191 3644.796054
192 3644.796054
193 3644.796054
194 3644.796054
195 3056.583198
196 3056.583198
197 3056.583198
198 3056.583198
199 3056.583198
200 2883.234339
201 2883.234339
202 2883.234339
203 2883.234339
204 2883.234339
205 2536.837583
206 2536.837583
207 2536.837583
208 2536.837583
209 2536.837583
210 2773.396756
211 2773.396756
212 2773.396756
213 2773.396756
214 2773.396756
215 2413.954158
216 2413.954158
217 2413.954158
218 2413.954158
219 2413.954158
220 2281.228348
221 2281.228348
222 2281.228348
223 2281.228348
224 2281.228348
225 2076.209267
226 2076.209267
227 2076.209267
228 2076.209267
229 2076.209267
230 1803.740210
231 1803.740210
232 1803.740210
233 1803.740210
234 1803.740210
235 1984.070859
236 1984.070859
237 1984.070859
238 1984.070859
239 1984.070859
240 1826.484554
241 1826.484554
242 1826.484554
243 1826.484554
244 1826.484554
245 1677.340399
246 1677.340399
247 1677.340399
248 1677.340399
249 1677.340399
250 1725.670849
251 1725.670849
252 1725.670849
253 1725.670849
254 1725.670849
255 1394.900974
256 1394.900974
257 1394.900974
258 1394.900974
259 1394.900974
260 1407.862383
261 1407.862383
262 1407.862383
263 1407.862383
264 1407.862383
265 1343.258081
266 1343.258081
267 1343.258081
268 1343.258081
269 1343.258081
270 1275.824058
271 1275.824058
272 1275.824058
273 1275.824058
274 1275.824058
275 1270.794116
276 1270.794116
277 1270.794116
278 1270.794116
279 1270.794116
280 1227.291489
281 1227.291489
282 1227.291489
283 1227.291489
284 1227.291489
285 1148.612466
286 1148.612466
287 1148.612466
288 1148.612466
289 1148.612466
290 1097.651451
291 1097.651451
292 1097.651451
293 1097.651451
294 1097.651451
295 1026.834823
296 1026.834823
297 1026.834823
298 1026.834823
299 1026.834823
300 1031.873877
301 1031.873877
302 1031.873877
303 1031.873877
304 1031.873877
305 942.737374
306 942.737374
307 942.737374
308 942.737374
309 942.737374
310 920.646661
311 920.646661
312 920.646661
313 920.646661
314 920.646661
315 861.030722
316 861.030722
317 861.030722
318 861.030722
319 861.030722
320 826.510011
321 826.510011
322 826.510011
323 826.510011
324 826.510011
325 781.692930
326 781.692930
327 781.692930
328 781.692930
329 781.692930
330 747.711534
331 747.711534
332 747.711534
333 747.711534
334 747.711534
335 731.888229
336 731.888229
337 731.888229
338 731.888229
339 731.888229
340 721.526248
341 721.526248
342 721.526248
343 721.526248
344 721.526248
345 683.914495
346 683.914495
347 683.914495
348 683.914495
349 683.914495
350 656.366713
351 656.366713
352 656.366713
353 656.366713
354 656.366713
355 620.380281
356 620.380281
357 620.380281
358 620.380281
359 620.380281
360 597.609589
361 597.609589
362 597.609589
363 597.609589
364 597.609589
365 582.667193
366 582.667193
367 582.667193
368 582.667193
369 582.667193
370 554.105431
371 554.105431
372 554.105431
373 554.105431
374 554.105431
375 515.091945
376 515.091945
377 515.091945
378 515.091945
379 515.091945
380 515.100656
381 515.100656
382 515.100656
383 515.100656
384 515.100656
385 493.557324
386 493.557324
387 493.557324
388 493.557324
389 493.557324
390 479.720271
391 479.720271
392 479.720271
393 479.720271
394 479.720271
395 463.344301
396 463.344301
397 463.344301
398 463.344301
399 463.344301
400 438.683972
401 438.683972
402 438.683972
403 438.683972
404 438.683972
405 429.403868
406 429.403868
407 429.403868
408 429.403868
409 429.403868
410 418.473015
411 418.473015
412 418.473015
413 418.473015
414 418.473015
415 410.812687
416 410.812687
417 410.812687
418 410.812687
419 410.812687
420 393.811782
421 393.811782
422 393.811782
423 393.811782
424 393.811782
425 391.107824
426 391.107824
427 391.107824
428 391.107824
429 391.107824
430 382.164018
431 382.164018
432 382.164018
433 382.164018
434 382.164018
435 370.773568
436 370.773568
437 370.773568
438 370.773568
439 370.773568
440 363.343465
441 363.343465
442 363.343465
443 363.343465
444 363.343465
445 352.431056
446 352.431056
447 352.431056
448 352.431056
449 352.431056
450 345.738283
451 345.738283
452 345.738283
453 345.738283
454 345.738283
455 341.792520
456 341.792520
457 341.792520
458 341.792520
459 341.792520
460 338.918672
461 338.918672
462 338.918672
463 338.918672
464 338.918672
465 331.830749
466 331.830749
467 331.830749
468 331.830749
469 331.830749
470 325.915720
471 325.915720
472 325.915720
473 325.915720
474 325.915720
475 321.171792
476 321.171792
477 321.171792
478 321.171792
479 321.171792
480 317.943834
481 317.943834
482 317.943834
483 317.943834
484 317.943834
485 315.619552
486 315.619552
487 315.619552
488 315.619552
489 315.619552
490 313.592813
491 313.592813
492 313.592813
493 313.592813
494 313.592813
495 312.394802
496 312.394802
497 312.394802
498 312.394802
499 312.394802
500 312.237630
