1 inf
2 inf
3 inf
4 inf
5 inf
6 inf
7 inf
8 inf
9 inf
10 inf
11 inf
12 inf
13 inf
14 inf
15 inf
16 inf
17 inf
18 inf
19 inf
20 inf
21 inf
22 inf
23 inf
24 inf
25 inf
26 inf
27 inf
28 inf
29 inf
30 inf
31 inf
32 inf
33 inf
34 inf
35 inf
36 inf
37 inf
38 inf
39 inf
40 inf
41 inf
42 inf
43 inf
44 inf
45 inf
46 inf
47 inf
48 inf
49 inf
50 inf
51 inf
52 inf
53 inf
54 inf
55 inf
56 inf
57 inf
58 inf
59 inf
60 inf
61 inf
62 inf
63 inf
64 inf
65 16037303442497858970881437203936844087411846420895907435964375198843032187991501015133016751821469639143483496283190686195182927067257572519465228319713955544357852634714747623312877893617110613709264819187783765889195727077771833157861799813598170844306656441415299022312151056652709137191616380928.000000
66 5589816150290211259211020721214918788948875993304973628517797410811885636124116727181732661875856800082390375248909078031119852245726885447856468525506691703215605940360774043689683075270122973474386231712324532997969653212282738270918498037992145195589364410747315027968.000000
67 436435910167490487819734777056046948632638034829158993662997124394847787241542973354136151144190219195393369728951365240288073688414030223871736644307913167452728502145201758271947477305404915221834713156059674031924321049378816.000000
68 8165238713226433252728543043681323310445728179971088223906427626313654276780895859523842898085901659540165097735013611492195548341033475387928315191827213944218862614944463663549072119486019966861312.000000
69 3601761735103401815890581355776560779798068581798081719728894426974104796306051184979675206244250923810036807705677023448929644898384804937913024383276810240.000000
70 130389022477299586409545072818028083130886351801305216331670559359027311084288751776949690865124607451781080320046969162715799788453888.000000
71 66726938419675458068646934826249955288120092968016331168785997709304928459839431054598489937903548639477760.000000
72 28394240661434171684703897106246550719762922221593481473500572162308534435840.000000
73 588901850076470471148734591325519019507712.000000
74 401154404.893368
75 35401.436480
76 29230.650814
77 24594.911619
78 20645.579041
79 17454.644265
80 16246.525351
81 14750.025561
82 12408.839455
83 11218.585230
84 10052.904796
85 9026.845405
86 8325.312204
87 7692.529637
88 7044.645784
89 6441.758208
90 5995.268874
91 5575.834383
92 5000.632064
93 4538.226825
94 4185.263454
95 3845.935252
96 3593.476001
97 3301.584715
98 3063.256806
99 2857.815184
100 2637.387200
101 2458.953460
102 2263.438288
103 2160.350664
104 1990.546485
105 1836.370398
106 1706.490954
107 1574.242037
108 1454.947148
109 1328.962522
110 1247.901437
111 1149.450503
112 1083.014786
113 998.803163
114 928.596936
115 870.016640
116 799.089842
117 731.623977
118 678.771300
119 612.977078
120 572.301968
121 532.843825
122 496.550535
123 457.020399
124 425.276809
125 396.887210
126 368.055962
127 340.448188
128 322.248344
129 299.690700
130 274.884861
131 258.232923
132 241.404484
133 215.608757
134 206.537519
135 194.726176
136 181.512930
137 168.526481
138 158.422066
139 148.007671
140 136.943717
141 128.464563
142 120.356523
143 112.975281
144 107.133540
145 99.172360
146 93.480978
147 88.072077
148 82.167198
149 76.784850
150 71.740109
151 67.640894
152 63.640925
153 59.976860
154 56.266210
155 52.613460
156 49.757786
157 47.049328
158 44.307452
159 42.041662
160 39.819168
161 37.713543
162 35.640076
163 33.701450
164 32.011462
165 30.175764
166 28.532864
167 26.824566
168 25.111993
169 23.703504
170 22.561452
171 21.133758
172 20.024945
173 18.945962
174 17.994819
175 16.983988
176 16.153530
177 15.222204
178 14.428875
179 13.818878
180 13.115105
181 12.385162
182 11.667926
183 11.066919
184 10.547196
185 10.089290
186 9.636485
187 9.150740
188 8.606680
189 8.241706
190 7.851111
191 7.532572
192 7.233144
193 6.851732
194 6.504527
195 6.163961
196 5.870020
197 5.646696
198 5.427911
199 5.188134
200 4.948004
201 4.747750
202 4.559261
203 4.382491
204 4.188494
205 4.017427
206 3.852786
207 3.719384
208 3.529184
209 3.419516
210 3.257175
211 3.154022
212 3.017074
213 2.885481
214 2.769502
215 2.678936
216 2.577335
217 2.484358
218 2.393492
219 2.310840
220 2.226768
221 2.129346
222 2.073657
223 1.991065
224 1.922497
225 1.847281
226 1.785132
227 1.722643
228 1.664483
229 1.608762
230 1.549126
231 1.495195
232 1.443021
233 1.383924
234 1.347437
235 1.294291
236 1.251317
237 1.202038
238 1.163068
239 1.135034
240 1.102438
241 1.065676
242 1.034130
243 1.003238
244 0.971671
245 0.936298
246 0.907278
247 0.882348
248 0.851423
249 0.827482
250 0.800994
251 0.774461
252 0.755209
253 0.729233
254 0.705651
255 0.687748
256 0.669936
257 0.650616
258 0.633744
259 0.613383
260 0.595111
261 0.578441
262 0.563263
263 0.549562
264 0.535666
265 0.521265
266 0.506651
267 0.494674
268 0.481165
269 0.468549
270 0.455390
271 0.446026
272 0.435966
273 0.425063
274 0.414339
275 0.404688
276 0.394233
277 0.385520
278 0.374601
279 0.363924
280 0.354559
281 0.346238
282 0.338034
283 0.329662
284 0.322703
285 0.315891
286 0.308055
287 0.301291
288 0.292387
289 0.286670
290 0.280241
291 0.273983
292 0.267263
293 0.260582
294 0.255807
295 0.251013
296 0.244911
297 0.240205
298 0.234869
299 0.230206
300 0.226251
301 0.220915
302 0.216638
303 0.212801
304 0.207738
305 0.204211
306 0.200011
307 0.195688
308 0.192312
309 0.188436
310 0.184900
311 0.181225
312 0.178021
313 0.174356
314 0.170598
315 0.168127
316 0.165004
317 0.162137
318 0.159294
319 0.156562
320 0.154243
321 0.151464
322 0.148823
323 0.146057
324 0.143900
325 0.141166
326 0.138207
327 0.136260
328 0.134208
329 0.131857
330 0.129601
331 0.127480
332 0.125889
333 0.124039
334 0.122147
335 0.120252
336 0.118081
337 0.116488
338 0.114483
339 0.113089
340 0.111501
341 0.109618
342 0.107907
343 0.106477
344 0.104987
345 0.103297
346 0.102113
347 0.100627
348 0.098939
349 0.097641
350 0.096385
351 0.095004
352 0.093538
353 0.091982
354 0.090770
355 0.089528
356 0.088024
357 0.086794
358 0.085743
359 0.084706
360 0.083821
361 0.082658
362 0.081363
363 0.080441
364 0.079376
365 0.078489
366 0.077705
367 0.076683
368 0.075645
369 0.074902
370 0.073815
371 0.072899
372 0.071990
373 0.071046
374 0.070451
375 0.069597
376 0.069077
377 0.068299
378 0.067548
379 0.066808
380 0.066048
381 0.065436
382 0.064725
383 0.064137
384 0.063433
385 0.062724
386 0.062223
387 0.061584
388 0.061050
389 0.060502
390 0.059830
391 0.059340
392 0.058734
393 0.058115
394 0.057562
395 0.057044
396 0.056373
397 0.056007
398 0.055425
399 0.054976
400 0.054445
401 0.054023
402 0.053615
403 0.053154
404 0.052678
405 0.052268
406 0.051855
407 0.051392
408 0.050982
409 0.050541
410 0.050177
411 0.049824
412 0.049324
413 0.049006
414 0.048651
415 0.048330
416 0.047987
417 0.047677
418 0.047233
419 0.046971
420 0.046645
421 0.046301
422 0.045994
423 0.045696
424 0.045408
425 0.045087
426 0.044797
427 0.044459
428 0.044200
429 0.043965
430 0.043686
431 0.043423
432 0.043123
433 0.042936
434 0.042696
435 0.042442
436 0.042207
437 0.041987
438 0.041713
439 0.041536
440 0.041317
441 0.041125
442 0.040926
443 0.040716
444 0.040518
445 0.040346
446 0.040183
447 0.040018
448 0.039862
449 0.039711
450 0.039539
451 0.039390
452 0.039226
453 0.039077
454 0.038945
455 0.038791
456 0.038647
457 0.038509
458 0.038347
459 0.038242
460 0.038092
461 0.037992
462 0.037875
463 0.037762
464 0.037654
465 0.037530
466 0.037437
467 0.037329
468 0.037239
469 0.037146
470 0.037042
471 0.036955
472 0.036859
473 0.036795
474 0.036698
475 0.036639
476 0.036549
477 0.036495
478 0.036415
479 0.036344
480 0.036280
481 0.036224
482 0.036172
483 0.036115
484 0.036067
485 0.036020
486 0.035979
487 0.035943
488 0.035905
489 0.035869
490 0.035840
491 0.035810
492 0.035785
493 0.035758
494 0.035745
495 0.035728
496 0.035713
497 0.035699
498 0.035693
499 0.035687
500 0.035684
