1 1519960.572187
2 1438417.403414
3 1565254.347341
4 1676938.953751
5 2032815.453182
6 1919433.130579
7 1908667.917354
8 1957585.922616
9 2058810.080508
10 2033840.734494
11 1923473.142089
12 1624080.608873
13 1762154.837127
14 1741816.346909
15 1611941.711955
16 1799494.753252
17 1672393.564233
18 1360521.980996
19 1499991.126830
20 1301992.578276
21 1527721.316090
22 1440622.354807
23 1297828.837218
24 1263155.485411
25 1160199.540195
26 1059356.533161
27 1029901.623452
28 948201.197466
29 839002.202928
30 853195.744192
31 848908.686889
32 737798.045698
33 662429.806626
34 593044.024676
35 641314.769046
36 576171.076318
37 478342.457612
38 491593.647235
39 454997.422654
40 447038.448361
41 421364.509174
42 391385.596654
43 362688.243658
44 357779.958913
45 309647.936728
46 301239.995026
47 265898.520645
48 218319.520294
49 203827.761019
50 187837.910174
51 168524.541977
52 142961.625792
53 121034.254790
54 120677.432002
55 118046.014952
56 115964.912568
57 103216.770612
58 102327.785038
59 86967.560609
60 72032.602253
61 66508.394217
62 59553.817996
63 50871.767520
64 45584.911649
65 40487.418031
66 35805.455917
67 30502.793721
68 32065.141190
69 26898.874605
70 23053.890589
71 21063.444983
72 21182.360487
73 18189.502051
74 15869.806114
75 14506.863270
76 12477.230280
77 12082.321240
78 10185.307480
79 9406.953379
80 9028.378302
81 8139.700949
82 7068.943393
83 6152.219210
84 5746.765425
85 4918.122339
86 4793.792604
87 4433.305426
88 4177.126619
89 3864.217768
90 3373.064241
91 2909.727611
92 2545.873477
93 2208.465751
94 1968.117002
95 1827.823483
96 1571.483242
97 1342.550418
98 1102.879567
99 1019.316178
100 888.868711
101 769.028300
102 693.765534
103 605.724220
104 525.646418
105 490.351487
106 427.255698
107 364.874213
108 306.858536
109 303.187357
110 255.596493
111 241.184492
112 187.280139
113 183.778808
114 162.636659
115 135.523155
116 122.484851
117 111.129542
118 99.577318
119 94.367412
120 79.808338
121 75.390414
122 65.933539
123 61.491473
124 57.860870
125 50.784659
126 45.558176
127 39.940018
128 35.348358
129 30.349872
130 26.782368
131 23.920369
132 20.698610
133 16.881670
134 15.540979
135 13.917803
136 12.678821
137 11.243104
138 9.720184
139 8.324641
140 7.380707
141 6.651451
142 5.867839
143 5.164631
144 4.283610
145 3.774008
146 3.641208
147 3.339429
148 2.747384
149 2.572992
150 2.272687
151 2.011863
152 1.781820
153 1.625394
154 1.378731
155 1.148243
156 1.069767
157 0.970362
158 0.792114
159 0.749672
160 0.697971
161 0.623945
162 0.573098
163 0.507510
164 0.423785
165 0.375184
166 0.335977
167 0.294771
168 0.260410
169 0.235817
170 0.218809
171 0.188418
172 0.169224
173 0.148982
174 0.134117
175 0.118802
176 0.105948
177 0.093572
178 0.082227
179 0.073588
180 0.065646
181 0.058200
182 0.051234
183 0.045197
184 0.040282
185 0.035688
186 0.032365
187 0.030172
188 0.026637
189 0.023388
190 0.020973
191 0.017658
192 0.016659
193 0.014359
194 0.013030
195 0.012153
196 0.011340
197 0.009825
198 0.009206
199 0.008318
200 0.007538
201 0.006579
202 0.006054
203 0.005316
204 0.004767
205 0.004507
206 0.004008
207 0.003625
208 0.003203
209 0.002967
210 0.002580
211 0.002248
212 0.002097
213 0.001955
214 0.001809
215 0.001618
216 0.001527
217 0.001387
218 0.001206
219 0.001096
220 0.000979
221 0.000875
222 0.000789
223 0.000731
224 0.000650
225 0.000590
226 0.000558
227 0.000528
228 0.000495
229 0.000415
230 0.000391
231 0.000354
232 0.000332
233 0.000288
234 0.000270
235 0.000254
236 0.000233
237 0.000212
238 0.000199
239 0.000184
240 0.000168
241 0.000152
242 0.000143
243 0.000133
244 0.000125
245 0.000118
246 0.000105
247 0.000099
248 0.000093
249 0.000084
250 0.000077
251 0.000072
252 0.000066
253 0.000062
254 0.000056
255 0.000052
256 0.000048
257 0.000044
258 0.000042
259 0.000039
260 0.000036
261 0.000033
262 0.000031
263 0.000029
264 0.000028
265 0.000026
266 0.000024
267 0.000023
268 0.000021
269 0.000020
270 0.000019
271 0.000017
272 0.000016
273 0.000015
274 0.000014
275 0.000013
276 0.000012
277 0.000011
278 0.000011
279 0.000010
280 0.000009
281 0.000009
282 0.000008
283 0.000008
284 0.000007
285 0.000007
286 0.000006
287 0.000006
288 0.000006
289 0.000005
290 0.000005
291 0.000005
292 0.000004
293 0.000004
294 0.000004
295 0.000004
296 0.000003
297 0.000003
298 0.000003
299 0.000003
300 0.000003
301 0.000003
302 0.000003
303 0.000002
304 0.000002
305 0.000002
306 0.000002
307 0.000002
308 0.000002
309 0.000002
310 0.000002
311 0.000002
312 0.000002
313 0.000001
314 0.000001
315 0.000001
316 0.000001
317 0.000001
318 0.000001
319 0.000001
320 0.000001
321 0.000001
322 0.000001
323 0.000001
324 0.000001
325 0.000001
326 0.000001
327 0.000001
328 0.000001
329 0.000001
330 0.000001
331 0.000001
332 0.000001
333 0.000001
334 0.000001
335 0.000001
336 0.000001
337 0.000000
338 0.000000
339 0.000000
340 0.000000
341 0.000000
342 0.000000
343 0.000000
344 0.000000
345 0.000000
346 0.000000
347 0.000000
348 0.000000
349 0.000000
350 0.000000
351 0.000000
352 0.000000
353 0.000000
354 0.000000
355 0.000000
356 0.000000
357 0.000000
358 0.000000
359 0.000000
360 0.000000
361 0.000000
362 0.000000
363 0.000000
364 0.000000
365 0.000000
366 0.000000
367 0.000000
368 0.000000
369 0.000000
370 0.000000
371 0.000000
372 0.000000
373 0.000000
374 0.000000
375 0.000000
376 0.000000
377 0.000000
378 0.000000
379 0.000000
380 0.000000
381 0.000000
382 0.000000
383 0.000000
384 0.000000
385 0.000000
386 0.000000
387 0.000000
388 0.000000
389 0.000000
390 0.000000
391 0.000000
392 0.000000
393 0.000000
394 0.000000
395 0.000000
396 0.000000
397 0.000000
398 0.000000
399 0.000000
400 0.000000
401 0.000000
402 0.000000
403 0.000000
404 0.000000
405 0.000000
406 0.000000
407 0.000000
408 0.000000
409 0.000000
410 0.000000
411 0.000000
412 0.000000
413 0.000000
414 0.000000
415 0.000000
416 0.000000
417 0.000000
418 0.000000
419 0.000000
420 0.000000
421 0.000000
422 0.000000
423 0.000000
424 0.000000
425 0.000000
426 0.000000
427 0.000000
428 0.000000
429 0.000000
430 0.000000
431 0.000000
432 0.000000
433 0.000000
434 0.000000
435 0.000000
436 0.000000
437 0.000000
438 0.000000
439 0.000000
440 0.000000
441 0.000000
442 0.000000
443 0.000000
444 0.000000
445 0.000000
446 0.000000
447 0.000000
448 0.000000
449 0.000000
450 0.000000
451 0.000000
452 0.000000
453 0.000000
454 0.000000
455 0.000000
456 0.000000
457 0.000000
458 0.000000
459 0.000000
460 0.000000
461 0.000000
462 0.000000
463 0.000000
464 0.000000
465 0.000000
466 0.000000
467 0.000000
468 0.000000
469 0.000000
470 0.000000
471 0.000000
472 0.000000
473 0.000000
474 0.000000
475 0.000000
476 0.000000
477 0.000000
478 0.000000
479 0.000000
480 0.000000
481 0.000000
482 0.000000
483 0.000000
484 0.000000
485 0.000000
486 0.000000
487 0.000000
488 0.000000
489 0.000000
490 0.000000
491 0.000000
492 0.000000
493 0.000000
494 0.000000
495 0.000000
496 0.000000
497 0.000000
498 0.000000
499 0.000000
500 0.000000
