1 84935778.516582
2 99624789.161248
3 96409158.454087
4 100900171.383279
5 117963959.274797
6 121760447.714972
7 151488738.773457
8 205707747.078639
9 124059669.638143
10 240916959.917305
11 234578476.595426
12 285373714.792942
13 382425924.375369
14 481106633.564533
15 579578310.947274
16 549334614.428826
17 911548229.122313
18 867726597.157469
19 536140146.156607
20 948360713.105893
21 841896920.946638
22 1017532786.928510
23 1100562849.434866
24 1486498433.934706
25 1399093560.254658
26 1774105653.107947
27 1812692644.126189
28 2313200815.559438
29 2601883938.970985
30 1766155758.913681
31 1957217384.878658
32 1538378083.370657
33 2607985471.409614
34 2617764085.301061
35 2890750801.456519
36 1959431025.753292
37 1409934362.701487
38 2217434703.651531
39 2134630618.275636
40 2115919749.749244
41 3524902842.214059
42 2332797480.108984
43 3413426457.578483
44 3213032738.843820
45 3841004151.466944
46 3392139179.073712
47 4197280908.931104
48 3196116972.903513
49 3266852236.892224
50 3482573748.390518
51 4318307663.590021
52 2850455736.350783
53 2938849348.877895
54 3765883878.661531
55 4598805158.564451
56 4971080576.251403
57 4562380705.596411
58 4954000484.602002
59 5494363897.102527
60 3914712685.483368
61 4270666578.363647
62 4892502789.708537
63 5143394987.422649
64 4580563900.154651
65 5207805453.338449
66 5862742366.082013
67 5091461871.514369
68 3852392958.426233
69 3310830375.614388
70 5022822980.039757
71 4527132959.486817
72 4702234703.299570
73 3942946943.387749
74 3390141973.221988
75 3620864901.317122
76 3588066945.997709
77 2303813795.164116
78 2648118158.960205
79 2700358064.405351
80 2467787528.526060
81 3491373141.780206
82 2682002299.814062
83 3891691268.271676
84 3586381843.401996
85 3207101319.183952
86 3782944933.739864
87 5231695902.004421
88 3641616349.489899
89 4143424584.906403
90 3698742715.490732
91 3513693658.125587
92 2910258366.278020
93 2603444284.520844
94 2582431619.812476
95 3008340220.688347
96 2757285555.045592
97 2568784832.685845
98 2439817941.233096
99 2203819493.105629
100 2776407197.816646
101 2701174003.792178
102 2858422115.556508
103 2905110879.736278
104 2107468357.298481
105 2509736014.645071
106 3008680869.530010
107 2554843974.827111
108 2162500561.111646
109 2122463417.048422
110 2522401811.377117
111 2585709128.422539
112 3131158950.813636
113 1872659422.721501
114 2950895233.753729
115 2797997902.335743
116 2509227408.460424
117 2297797371.993629
118 2294296288.236276
119 1870460137.194185
120 1683574150.435636
121 1666865515.060524
122 1575785195.339358
123 1494407977.454455
124 1583006586.812728
125 1609458035.891664
126 1373016275.617926
127 1111631586.399225
128 1102834951.249066
129 1024389513.531304
130 1080825899.709059
131 1046699285.918444
132 979368940.934476
133 879409915.343759
134 679416520.594635
135 773687259.099315
136 854094420.620261
137 539250865.983485
138 633697875.429769
139 622462298.714612
140 597002947.901119
141 499824970.279313
142 564021862.856535
143 463800718.650317
144 465355068.199177
145 446232065.874775
146 363546018.053560
147 368102950.542694
148 422700029.367448
149 376536377.341313
150 357252145.108369
151 321576197.001970
152 230242193.437026
153 269518520.225304
154 307274189.113565
155 316677783.588343
156 250443167.062585
157 263286115.727889
158 270922205.927151
159 329509406.062837
160 294370096.504968
161 287499465.322386
162 284719423.239441
163 274859783.897935
164 261505300.668924
165 239275571.063547
166 236535451.402246
167 221041763.601283
168 182879934.864623
169 211410059.329862
170 214400087.211240
171 185457132.417649
172 172955877.618385
173 134702469.888870
174 138336722.738292
175 146649337.269442
176 152099123.249480
177 123647153.625087
178 134720536.036582
179 126129484.017583
180 137734110.748598
181 115236125.439321
182 105634564.022686
183 106992829.832868
184 127370812.829766
185 117285019.894954
186 116775102.900093
187 113252130.708712
188 115524605.201615
189 112378516.653890
190 105946446.283551
191 107727896.076228
192 94844894.223510
193 100167678.531872
194 85374957.562401
195 95045805.698029
196 81800343.711564
197 82027273.586558
198 79937946.946226
199 88739738.431758
200 82335010.567891
201 60058037.933035
202 68345485.967514
203 70124065.678635
204 64635112.525834
205 56775513.107001
206 62314592.614892
207 66493963.236768
208 57697717.722068
209 56190463.696509
210 52941320.964587
211 48698765.613891
212 53103582.132877
213 51913732.538791
214 51332928.315720
215 47876077.987958
216 45238140.772202
217 45906470.282557
218 41271873.499431
219 41440559.518482
220 35380546.855388
221 42669849.866140
222 40200530.276563
223 41508948.049832
224 31404133.204551
225 37294088.259603
226 37939234.746176
227 33123171.061141
228 38771066.432499
229 35590411.212015
230 30080893.062954
231 30162340.663977
232 30250781.408088
233 33883717.435001
234 26774811.689260
235 32516098.245178
236 27012395.289828
237 23545546.268826
238 21898302.636565
239 21118980.179031
240 23671797.164875
241 20458302.155700
242 22289407.600329
243 20935156.955664
244 22694622.330694
245 22452517.062270
246 18056383.853692
247 17673188.168432
248 20313214.244129
249 19016311.166598
250 18983799.688905
251 18300040.196006
252 18184259.430586
253 16105107.457916
254 18966551.641345
255 17842628.590605
256 17367054.598519
257 15883831.501072
258 16808064.574452
259 16166384.075231
260 17009037.699104
261 14764521.228272
262 14575213.213298
263 15545857.402610
264 14739578.924906
265 15257948.821023
266 12576598.540520
267 11860183.722925
268 11341792.803277
269 10971474.940460
270 11152600.638656
271 9192245.327049
272 11129405.286936
273 9043818.192678
274 10475905.180450
275 9979455.189285
276 10841420.294921
277 9385536.926906
278 10536279.070152
279 9920155.795037
280 10469948.508219
281 8828308.486146
282 9390092.583931
283 8879996.297074
284 8166983.715326
285 8511506.119931
286 9261814.020014
287 7828893.481033
288 7955379.375209
289 8622104.439272
290 8140486.831583
291 7986598.226425
292 8865109.367411
293 7888022.229471
294 7966375.918928
295 7529571.600806
296 7328392.231903
297 7455267.598055
298 6607630.810382
299 6719718.716603
300 6330503.921346
301 5925573.457736
302 6265448.373841
303 6100537.674138
304 6177500.302200
305 5778101.173418
306 5290633.120318
307 5320835.374051
308 5310078.437427
309 5490678.361933
310 5817559.343557
311 5155282.402628
312 4874597.927705
313 5068562.435510
314 5016674.145409
315 4302767.774502
316 4126773.652165
317 4292947.971635
318 3949519.366323
319 4198971.168025
320 3841251.342606
321 4151561.030737
322 4221916.740155
323 4021691.653566
324 3692210.493215
325 3519734.365212
326 3359401.014499
327 3697202.279897
328 3567197.620100
329 3448520.248693
330 3355547.683501
331 3248819.435836
332 3191425.175823
333 3321033.506602
334 3155249.893418
335 2910724.600162
336 3065640.881387
337 2814338.838804
338 2900697.103213
339 2803780.099839
340 2526758.275947
341 2520906.880161
342 2349568.823283
343 2211429.430948
344 2100028.717569
345 2205501.058268
346 2067443.909811
347 2185375.473455
348 1967929.190986
349 1944267.144571
350 2021228.492185
351 2004285.570481
352 1929328.893760
353 1841250.165098
354 1964336.393040
355 1892339.516612
356 1753288.806077
357 1761855.670686
358 1763802.776292
359 1690410.763735
360 1689706.225267
361 1677063.139264
362 1707983.683526
363 1525976.316317
364 1699791.818332
365 1580753.905324
366 1641108.714834
367 1660209.610761
368 1680382.793180
369 1543832.640560
370 1606437.286104
371 1592650.058888
372 1558694.217000
373 1490108.491204
374 1519881.966172
375 1469150.810441
376 1512520.291977
377 1468219.782653
378 1356414.934294
379 1315346.378108
380 1400471.927038
381 1280799.009358
382 1266965.425213
383 1231643.665290
384 1254935.143901
385 1225264.209286
386 1208881.737089
387 1193940.287284
388 1172247.918556
389 1199232.622008
390 1180200.741643
391 1175451.192264
392 1155396.049637
393 1189786.998001
394 1175940.374275
395 1199855.480466
396 1164854.664999
397 1125100.856719
398 1143303.380653
399 1110304.493883
400 1129496.474113
401 1115615.754246
402 1080757.268801
403 1072902.364500
404 1077736.010146
405 993890.990215
406 1018838.123971
407 1008472.140191
408 1024445.339681
409 985331.266436
410 948801.681418
411 915860.635100
412 935316.172275
413 913354.706644
414 912098.372849
415 891847.563078
416 905231.704886
417 900958.039071
418 866877.164204
419 863698.361274
420 859956.756376
421 835018.909296
422 843795.657342
423 825094.337676
424 826521.418682
425 798062.092007
426 795989.783199
427 772891.521982
428 784164.744178
429 774576.971281
430 763104.172661
431 749931.793781
432 726637.997070
433 735562.309230
434 710070.146021
435 709192.148041
436 690115.592110
437 682436.404411
438 686526.581457
439 674364.061867
440 677351.225826
441 665031.442280
442 645953.951620
443 655852.650098
444 643910.300257
445 637327.559652
446 624767.113591
447 618188.381957
448 618150.073181
449 618885.963426
450 607808.243561
451 607738.395542
452 602004.045141
453 591835.465753
454 585678.959938
455 573838.483572
456 571393.621971
457 573791.702284
458 558754.233228
459 559949.341437
460 554296.940308
461 547860.010434
462 541333.364070
463 537938.965138
464 533777.800398
465 529066.335576
466 527104.262755
467 522362.990895
468 518174.931396
469 515226.618862
470 511627.226809
471 506819.024357
472 504884.702831
473 501215.296055
474 496477.723733
475 494018.434575
476 491377.159654
477 487614.017407
478 483597.874201
479 480986.329545
480 478621.624782
481 475810.717930
482 472882.123939
483 466564.738305
484 466734.483874
485 465081.473175
486 462614.071161
487 460184.410910
488 458287.495396
489 455488.621719
490 453529.370637
491 452271.888593
492 449992.172383
493 449131.454926
494 448482.087099
495 447173.254265
496 445839.415837
497 445234.039668
498 444789.703776
499 444364.937724
500 444150.056350
