1 59849080.387978
2 165658736.876419
3 288659984.074844
4 494589420.618646
5 912936694.870673
6 1954255915.714363
7 2264469783.120241
8 4622199020.583458
9 4384246907.492302
10 5621569191.293008
11 8159506896.670116
12 13998027779.823578
13 19598311526.427574
14 44594140105.191200
15 63508271724.333252
16 51761645554.991196
17 84332337896.009155
18 97376086555.067749
19 204267357201.489777
20 202857627365.284851
21 217186137099.294006
22 304004201539.979004
23 546273009271.151611
24 438494240151.341187
25 825355361594.046143
26 1312142990549.654541
27 2113719010412.743896
28 1364363514870.476807
29 3075099320904.620605
30 4413760719451.193359
31 5099387784458.951172
32 3579406198347.847168
33 5144898733801.930664
34 3173290545128.967773
35 8066139393383.187500
36 9194069157147.669922
37 12464622322786.289062
38 8730819147598.419922
39 16922672954817.326172
40 29475847648366.898438
41 21280251569860.984375
42 30807144891729.667969
43 26887258573198.164062
44 39426898774123.812500
45 41256208010823.593750
46 28612471998378.113281
47 59625444660366.218750
48 66216518973485.078125
49 44218822266030.421875
50 60159289723726.796875
51 59590886726966.437500
52 65532161997388.351562
53 84582007418386.687500
54 50692826999332.843750
55 75277905795422.312500
56 77560170327930.875000
57 112314449905498.515625
58 108674324913117.750000
59 131526242301870.406250
60 214000912128937.656250
61 227885723593042.093750
62 144107580642436.781250
63 165187259995670.843750
64 270501672595821.218750
65 326543979527266.312500
66 251372715961147.312500
67 319225099669519.562500
68 305142836206540.375000
69 377376430653550.500000
70 482389052373231.562500
71 371375212224367.687500
72 436135730297964.812500
73 509608194793500.312500
74 611814766160849.125000
75 460553827098420.625000
76 680712794345045.375000
77 714744750636615.375000
78 1358569566781035.750000
79 966142836559697.250000
80 1186608891749489.500000
81 656998415646970.375000
82 1553767800185651.000000
83 1594500538605158.750000
84 2487279589062362.000000
85 2976207365579320.000000
86 2504915058443926.500000
87 2261802226152073.000000
88 2121203506435905.000000
89 2094770438871603.000000
90 1992636792116381.000000
91 1563690904853123.500000
92 1558756931952929.750000
93 2149816298779822.500000
94 1867336560597056.250000
95 1830994721819260.750000
96 1793093255432018.000000
97 1761353719446391.250000
98 2472744131657622.500000
99 2217791137866753.000000
100 2148931711432676.250000
101 1500601400790883.250000
102 1927227428716222.500000
103 1931542609873707.250000
104 2346282565413651.500000
105 2117577439745782.750000
106 1527447838008682.500000
107 1568049233356344.500000
108 1818242239310032.250000
109 1474683886480193.250000
110 1558320732006720.500000
111 2069067825998803.250000
112 1455292836544739.000000
113 1326929295397303.000000
114 701286823916372.750000
115 756357800603582.000000
116 638114326445709.125000
117 807896586596551.250000
118 709699734755459.875000
119 800362911733221.750000
120 426144993389393.625000
121 183660253661315.187500
122 257715064920354.437500
123 182056871331591.125000
124 172836905597646.406250
125 210556933479114.375000
126 111515344813499.281250
127 114991124363065.046875
128 115628362188188.859375
129 113892855764766.625000
130 128640289811705.671875
131 97746517522572.546875
132 85961092724949.093750
133 58596244332769.265625
134 49516259965583.867188
135 89231552187706.656250
136 94411242502323.187500
137 55474075722750.812500
138 46561160264767.359375
139 53282403870533.242188
140 39190929249066.539062
141 39202721524919.828125
142 52013812897042.921875
143 39970007554906.960938
144 39277579430006.359375
145 26813944218477.824219
146 22558230035426.582031
147 21115476754747.429688
148 12892549643873.414062
149 13492629438948.136719
150 13014420103270.230469
151 11648936047239.707031
152 14109827427062.429688
153 10893555736888.664062
154 5556262135247.583984
155 4656578281436.381836
156 4724078585526.099609
157 2513698064568.098145
158 2944853201959.833496
159 1926734241228.921631
160 1654212762822.857666
161 2086345688924.787354
162 1740310607987.473877
163 1699621280816.953369
164 1671627907460.012695
165 1168089634908.890137
166 771349625902.979980
167 712041446201.833374
168 578216881623.133545
169 535140258805.517700
170 351930210998.133545
171 246915861006.892212
172 190827458420.601959
173 149541658697.548187
174 132535826414.188568
175 97082312971.559692
176 106206665161.264069
177 67366627548.441139
178 68188131501.857269
179 67895382962.745125
180 45349505101.437767
181 22901638099.205566
182 21597199861.823738
183 14361689958.089687
184 12274367079.285582
185 7993013868.875988
186 4029685045.119143
187 3094673287.133804
188 3140411008.429486
189 2058734600.902267
190 1694287188.139214
191 1284042326.452007
192 652165787.645247
193 427524551.434727
194 251513811.300204
195 276065844.875686
196 165010811.812671
197 92653257.045359
198 55201190.592224
199 70733706.317090
200 35613233.694124
201 34958904.035201
202 29548767.806457
203 14472415.566346
204 11095355.091619
205 7561567.621684
206 5880962.186617
207 3753040.363125
208 2790567.203021
209 1721866.959183
210 1701220.081152
211 1066290.967311
212 762636.144093
213 454419.822081
214 394847.537934
215 341051.167493
216 258845.704273
217 152989.948290
218 125948.959615
219 62658.324871
220 41829.847603
221 30416.522040
222 19218.531640
223 15435.269162
224 10684.335489
225 4531.022009
226 4481.130784
227 3032.302048
228 2415.239298
229 1628.636107
230 772.905718
231 429.208268
232 294.304206
233 218.261674
234 109.011960
235 100.616019
236 56.062399
237 33.822225
238 30.330061
239 17.531894
240 9.632832
241 6.502394
242 4.812302
243 2.453168
244 2.109081
245 1.352209
246 0.865029
247 0.569513
248 0.305025
249 0.167958
250 0.083270
251 0.057552
252 0.021805
253 0.015606
254 0.012682
255 0.006433
256 0.003969
257 0.002236
258 0.001632
259 0.001375
260 0.000851
261 0.000509
262 0.000419
263 0.000289
264 0.000141
265 0.000103
266 0.000063
267 0.000044
268 0.000017
269 0.000013
270 0.000007
271 0.000004
272 0.000002
273 0.000001
274 0.000001
275 0.000001
276 0.000000
277 0.000000
278 0.000000
279 0.000000
280 0.000000
281 0.000000
282 0.000000
283 0.000000
284 0.000000
285 0.000000
286 0.000000
287 0.000000
288 0.000000
289 0.000000
290 0.000000
291 0.000000
292 0.000000
293 0.000000
294 0.000000
295 0.000000
296 0.000000
297 0.000000
298 0.000000
299 0.000000
300 0.000000
301 0.000000
302 0.000000
303 0.000000
304 0.000000
305 0.000000
306 0.000000
307 0.000000
308 0.000000
309 0.000000
310 0.000000
311 0.000000
312 0.000000
313 0.000000
314 0.000000
315 0.000000
316 0.000000
317 0.000000
318 0.000000
319 0.000000
320 0.000000
321 0.000000
322 0.000000
323 0.000000
324 0.000000
325 0.000000
326 0.000000
327 0.000000
328 0.000000
329 0.000000
330 0.000000
331 0.000000
332 0.000000
333 0.000000
334 0.000000
335 0.000000
336 0.000000
337 0.000000
338 0.000000
339 0.000000
340 0.000000
341 0.000000
342 0.000000
343 0.000000
344 0.000000
345 0.000000
346 0.000000
347 0.000000
348 0.000000
349 0.000000
350 0.000000
351 0.000000
352 0.000000
353 0.000000
354 0.000000
355 0.000000
356 0.000000
357 0.000000
358 0.000000
359 0.000000
360 0.000000
361 0.000000
362 0.000000
363 0.000000
364 0.000000
365 0.000000
366 0.000000
367 0.000000
368 0.000000
369 0.000000
370 0.000000
371 0.000000
372 0.000000
373 0.000000
374 0.000000
375 0.000000
376 0.000000
377 0.000000
378 0.000000
379 0.000000
380 0.000000
381 0.000000
382 0.000000
383 0.000000
384 0.000000
385 0.000000
386 0.000000
387 0.000000
388 0.000000
389 0.000000
390 0.000000
391 0.000000
392 0.000000
393 0.000000
394 0.000000
395 0.000000
396 0.000000
397 0.000000
398 0.000000
399 0.000000
400 0.000000
401 0.000000
402 0.000000
403 0.000000
404 0.000000
405 0.000000
406 0.000000
407 0.000000
408 0.000000
409 0.000000
410 0.000000
411 0.000000
412 0.000000
413 0.000000
414 0.000000
415 0.000000
416 0.000000
417 0.000000
418 0.000000
419 0.000000
420 0.000000
421 0.000000
422 0.000000
423 0.000000
424 0.000000
425 0.000000
426 0.000000
427 0.000000
428 0.000000
429 0.000000
430 0.000000
431 0.000000
432 0.000000
433 0.000000
434 0.000000
435 0.000000
436 0.000000
437 0.000000
438 0.000000
439 0.000000
440 0.000000
441 0.000000
442 0.000000
443 0.000000
444 0.000000
445 0.000000
446 0.000000
447 0.000000
448 0.000000
449 0.000000
450 0.000000
451 0.000000
452 0.000000
453 0.000000
454 0.000000
455 0.000000
456 0.000000
457 0.000000
458 0.000000
459 0.000000
460 0.000000
461 0.000000
462 0.000000
463 0.000000
464 0.000000
465 0.000000
466 0.000000
467 0.000000
468 0.000000
469 0.000000
470 0.000000
471 0.000000
472 0.000000
473 0.000000
474 0.000000
475 0.000000
476 0.000000
477 0.000000
478 0.000000
479 0.000000
480 0.000000
481 0.000000
482 0.000000
483 0.000000
484 0.000000
485 0.000000
486 0.000000
487 0.000000
488 0.000000
489 0.000000
490 0.000000
491 0.000000
492 0.000000
493 0.000000
494 0.000000
495 0.000000
496 0.000000
497 0.000000
498 0.000000
499 0.000000
500 0.000000
