1 62452515.454666
2 64143805.520003
3 102395660.650856
4 105058052.944871
5 202238087.867571
6 152426247.563950
7 149882811.754111
8 203266383.432507
9 266804778.463495
10 313307482.896514
11 234616663.533545
12 306135049.805090
13 314965761.061376
14 341736365.793485
15 440517811.764567
16 348172126.674701
17 551266141.884962
18 569500900.041714
19 755369917.302049
20 925308163.379584
21 1004434891.057761
22 934625957.444082
23 1269531364.100259
24 1066950245.289579
25 1227825609.666251
26 1579070303.999560
27 2170433873.125372
28 2079731070.827330
29 2210955781.612700
30 3212705322.148558
31 2759161623.728935
32 2533365791.547708
33 2265105750.922547
34 3250405068.474052
35 3396480821.370068
36 3731673598.391834
37 3356648564.936837
38 3873160924.680975
39 4779444915.370081
40 4145748927.683139
41 4516300233.277384
42 4975757923.279882
43 5507215889.763662
44 4895621730.300125
45 6904467042.590292
46 3761408217.062887
47 5960544155.898586
48 5358960706.595558
49 4974006410.741927
50 7458265653.583289
51 6057192832.277468
52 6165943098.399739
53 6815741285.179021
54 8912031985.441124
55 10495473919.041029
56 8252996873.758271
57 7545065462.618716
58 8764477185.892614
59 5425778358.480364
60 7507356670.815372
61 6562642332.693811
62 8981556808.273649
63 7409821155.434839
64 7403337524.101033
65 8386333741.856730
66 8894646567.022757
67 7599977128.200155
68 9054013697.340237
69 7531342801.742025
70 10163959929.248049
71 9279792430.687944
72 11521645854.317011
73 8916007625.659565
74 9359424786.418556
75 8958106779.846500
76 7821364163.958020
77 8894077990.852276
78 6170374023.547550
79 6065090308.515889
80 5968728663.217995
81 6259535039.725219
82 4960213205.823994
83 5959804398.076275
84 5665900150.450790
85 7531902298.575033
86 6310183363.915118
87 7364159162.343516
88 7352883137.715090
89 7782410919.544080
90 7577685373.844271
91 7869664156.637134
92 6060640820.342030
93 6453622191.571396
94 6292948909.991827
95 6606471652.697019
96 5932635073.325964
97 4449328775.178413
98 5911112572.287343
99 5737007767.997614
100 4179077894.619604
101 4640267290.707554
102 5312204934.146286
103 5770849803.567670
104 4967072257.205234
105 6178340582.515988
106 5548466340.457971
107 6164373782.663396
108 5771030805.601996
109 6077152262.955737
110 5799405469.900737
111 5559461955.076349
112 4400263086.927052
113 4456971799.330143
114 4260284806.168327
115 4652958000.023907
116 4628341653.439100
117 3618991484.090058
118 3728828314.390894
119 3398529226.972718
120 3473656999.241685
121 3512711457.078331
122 4132968485.071609
123 4074461729.448307
124 3744507064.361667
125 2870911029.403914
126 3009408866.505726
127 2626064811.408731
128 2732024205.271447
129 2526995922.746471
130 2518645507.740927
131 2534858396.440957
132 2273989274.684096
133 2158805233.106650
134 2423900480.014254
135 2375227864.197708
136 2169179640.515253
137 2085150301.411212
138 1970392660.224504
139 1479322560.806082
140 1275005243.247322
141 1435957416.696868
142 1022203753.753281
143 1004047090.489444
144 1106323254.882673
145 1015937308.704738
146 907299103.535634
147 893913684.648272
148 882935940.060261
149 1026157603.222388
150 665339411.045091
151 753724486.904284
152 759790075.080881
153 713835356.891672
154 609654012.258053
155 588599125.213809
156 554839620.271914
157 589745573.836656
158 485829485.059157
159 427330886.537538
160 369451709.914222
161 406290019.993548
162 349299225.431770
163 381287082.296916
164 350822488.442334
165 328561626.267538
166 334349237.749694
167 306073360.551270
168 320999306.536736
169 340664873.079045
170 290160156.995218
171 271294898.112731
172 339026788.620443
173 271082231.465952
174 253950681.339976
175 251220553.880805
176 228375131.691391
177 204982665.313369
178 191182596.001909
179 202124107.238525
180 212997939.586980
181 159000460.954282
182 190920372.514679
183 168707513.521159
184 160300980.843089
185 150898689.545250
186 190826375.455126
187 177272072.025780
188 153949926.616690
189 147795152.302508
190 180431049.196111
191 125950317.105714
192 136599616.277970
193 140888162.552541
194 138679015.771463
195 126967704.153151
196 123295512.833487
197 122174381.086887
198 149216273.826080
199 126928028.767006
200 144312416.292458
201 116580525.870962
202 111934257.152740
203 108264075.154572
204 111409374.264899
205 110664631.960609
206 101877191.221486
207 109934218.624783
208 101275092.253681
209 102254398.119062
210 109533817.874781
211 117047324.014020
212 118190620.063207
213 135146158.296820
214 98172508.345693
215 102417053.363253
216 94849055.459916
217 93079266.789208
218 80691214.074711
219 74700904.415461
220 82648804.876470
221 82973542.748796
222 81158767.921711
223 74784318.502579
224 79548784.350892
225 75298806.301316
226 86650027.552907
227 71772127.256582
228 54407410.934486
229 65422559.540481
230 68126313.267788
231 60778145.404064
232 58609731.061563
233 57237241.815094
234 56632486.161992
235 56526212.975947
236 50095888.385337
237 43323086.220213
238 40119729.230557
239 36982912.488545
240 38558478.191985
241 29990173.963951
242 31457584.062973
243 28245448.046491
244 26124457.332631
245 24595938.972891
246 20332750.175690
247 21020460.343371
248 22754846.007575
249 23653256.765350
250 19322295.043413
251 19052026.235974
252 18514612.849275
253 19018153.283389
254 19752656.312864
255 17651743.852080
256 19373216.364136
257 16685977.972458
258 15518200.350254
259 16728233.934354
260 13910265.011734
261 11081638.717986
262 10330915.115823
263 9760400.408540
264 9796881.821737
265 8886710.410202
266 9368109.641315
267 7805281.606648
268 8529299.052612
269 8458587.237788
270 7624306.483810
271 6197437.805893
272 5925029.110281
273 6495927.292033
274 6211329.434426
275 5179751.071596
276 5569017.291281
277 6207480.738374
278 5554105.367276
279 5242098.170731
280 4821965.677586
281 4952147.653775
282 5053606.845547
283 4347945.272534
284 4292410.844391
285 3546018.107837
286 4061687.495548
287 3925343.440045
288 3831504.714231
289 3547497.965101
290 4000886.965934
291 3934080.049116
292 3502394.089658
293 3376541.250100
294 3192687.069086
295 3148320.276597
296 3276187.794776
297 2842188.147881
298 3275216.184246
299 3071794.654978
300 2815965.241863
301 2683415.036680
302 2885460.612857
303 2665298.065086
304 2604479.507626
305 2542984.873651
306 2555590.201589
307 2371261.278465
308 2337023.869219
309 2297047.689300
310 2580868.023447
311 2442722.476464
312 2240754.661149
313 2206283.858344
314 2219304.841506
315 2256736.919550
316 1915466.278664
317 2045468.536828
318 2011230.671907
319 1946461.947575
320 1874253.684790
321 1933651.240806
322 1962647.080265
323 2016745.953378
324 2028281.442088
325 2138993.354115
326 1953968.556120
327 2066216.148075
328 1954946.023795
329 1790265.907962
330 1955160.678313
331 1863284.547984
332 1828173.432583
333 1818870.217281
334 1820274.466982
335 1806284.169926
336 1759777.230695
337 1749951.443363
338 1558557.747736
339 1596360.389576
340 1530138.571425
341 1630608.343987
342 1778378.691122
343 1673302.100548
344 1658634.640488
345 1701325.678726
346 1582703.258734
347 1596362.373161
348 1496427.995493
349 1486296.674257
350 1381410.145437
351 1505279.879837
352 1508913.249823
353 1496708.110824
354 1492749.753971
355 1489625.136911
356 1369452.075759
357 1372970.961079
358 1210450.269827
359 1211375.954520
360 1191218.004919
361 1047639.559321
362 1066928.316183
363 1071946.790695
364 1104222.065367
365 1073411.581793
366 1049905.482826
367 964707.606691
368 999126.175272
369 935813.750687
370 950736.420566
371 956596.138542
372 972319.726029
373 943316.398322
374 930859.326403
375 952951.916700
376 971391.510206
377 964864.496436
378 918691.961602
379 857520.689861
380 791291.449903
381 798034.600354
382 829873.584901
383 781243.408863
384 796876.641713
385 787708.937486
386 780621.735956
387 724896.939764
388 731928.823265
389 732387.241151
390 721945.233981
391 718218.097651
392 715345.187699
393 719392.589350
394 721735.762312
395 684852.863102
396 667311.696175
397 629551.864725
398 650038.062992
399 628825.839240
400 607279.910008
401 604272.624391
402 605028.880821
403 607793.115928
404 590574.910160
405 601751.539570
406 602374.399715
407 568458.336286
408 567629.041313
409 568130.827036
410 546906.090911
411 521849.165340
412 523712.593041
413 525683.778583
414 519871.227029
415 519094.525135
416 513732.150586
417 516270.745438
418 510765.991866
419 486078.940798
420 477398.495444
421 472941.717808
422 470793.273274
423 473296.893220
424 474790.870894
425 464595.131245
426 457747.039780
427 454318.092367
428 448197.516723
429 446533.648647
430 442640.296727
431 442971.002476
432 433544.519593
433 417057.018582
434 417031.028146
435 408152.691851
436 407459.342658
437 398588.779281
438 389269.069791
439 392371.675220
440 373826.078599
441 378717.381087
442 375827.288840
443 377522.116275
444 378398.529133
445 373522.336722
446 366211.866591
447 361192.583754
448 361667.376128
449 352023.874963
450 354461.598246
451 352239.720257
452 347248.587866
453 343291.168458
454 334924.675621
455 326944.438295
456 331313.231223
457 321911.944053
458 319648.490439
459 319267.684792
460 314256.785469
461 312475.939827
462 310349.731672
463 307935.363890
464 303002.929055
465 299898.930209
466 297320.039032
467 291231.236811
468 289417.606428
469 286331.536404
470 284684.762429
471 282173.476441
472 279255.608718
473 278609.647849
474 277906.528917
475 275906.662659
476 273047.020547
477 270602.522596
478 268622.593205
479 266135.723883
480 263339.072950
481 261870.059269
482 260048.301900
483 258919.360724
484 255961.921988
485 254591.427675
486 252012.262319
487 250633.651131
488 249294.165362
489 248788.300045
490 247983.872099
491 247279.744740
492 246282.852393
493 245462.943218
494 244649.757108
495 243822.016763
496 243255.897764
497 242743.832857
498 242283.358961
499 242059.916183
500 241930.465071
