1 15510650.559135
2 19759640.811301
3 26576897.030767
4 20441472.890449
5 25149343.492841
6 34032283.969219
7 46758709.149055
8 33522232.314881
9 48196956.140831
10 64336222.836431
11 82197220.663774
12 63693647.652531
13 83302727.282484
14 121898992.062989
15 100961326.985673
16 146387591.910546
17 97197680.459661
18 163940050.947472
19 191444514.817007
20 289960345.184418
21 311627566.422272
22 279438878.550324
23 373784532.732508
24 551372517.129502
25 384886975.498793
26 372304525.079078
27 398859862.390457
28 529330712.934685
29 596044407.690345
30 537886404.029607
31 483085595.498887
32 619094736.552110
33 611978453.207555
34 595142387.762961
35 612856965.911067
36 586318266.544206
37 765517453.034307
38 491910212.471620
39 801075668.289605
40 562689491.188724
41 749621883.174055
42 903364005.865739
43 968850050.803450
44 888296530.625761
45 1265032365.685062
46 924010297.788187
47 1174613443.516211
48 895567121.800826
49 989791081.902897
50 985965523.894570
51 928381823.540335
52 801759692.534609
53 979848829.418459
54 793206793.784204
55 845029658.968843
56 824054751.387137
57 828468034.502201
58 670245566.303823
59 714442990.586374
60 468014153.693557
61 671069162.623246
62 529290639.806752
63 582330406.086097
64 774422468.703215
65 598017133.361795
66 520730820.663757
67 408043570.839633
68 471464360.996309
69 555715207.275386
70 659134061.400413
71 732754479.365087
72 443542943.892857
73 502809463.379735
74 432776293.620328
75 429384360.515187
76 375559305.829882
77 290108508.513851
78 369147643.186319
79 393907834.838092
80 210313662.994188
81 227376941.192724
82 307094789.363314
83 278362584.535437
84 253266801.735986
85 211285475.011575
86 341658129.847640
87 353039939.968799
88 428097522.272588
89 573243108.270906
90 514623818.334808
91 405906749.449720
92 416395696.170303
93 355360684.943972
94 270734440.427322
95 223134831.446030
96 241079821.648468
97 287270582.801202
98 248272949.926832
99 229601891.546577
100 114227365.163456
101 139521342.621672
102 144719646.613777
103 156652137.826460
104 113587954.155238
105 149055811.863224
106 113181031.495127
107 130840496.415823
108 137838363.763385
109 129565665.726240
110 123622255.810023
111 144434696.053117
112 125065087.672798
113 116161379.112949
114 139760927.552670
115 137436993.933380
116 100188240.510698
117 113376629.939558
118 127043341.058956
119 85489602.474493
120 85813655.748691
121 65841880.005523
122 68285762.120598
123 70946568.019719
124 55055838.347618
125 53874370.201569
126 40459525.324131
127 45813240.068748
128 44250019.712487
129 47862447.940276
130 38256464.523334
131 25534735.978993
132 27780385.209284
133 26087799.290765
134 29869036.751282
135 23092211.354011
136 28005803.350195
137 21454232.647806
138 23648664.237978
139 16025203.160988
140 19059867.112663
141 17445608.808089
142 17961203.631640
143 15529171.586806
144 17134335.824881
145 15844953.973625
146 15312983.825819
147 13373357.689561
148 14444461.133999
149 13673407.008421
150 14052049.543094
151 14807057.092915
152 14729524.661901
153 15279531.657522
154 16243999.081611
155 13981989.368825
156 11035278.770127
157 10165929.941047
158 12334264.628661
159 12316098.917287
160 10624883.018747
161 9843673.224104
162 8617974.162842
163 8166914.514390
164 9655215.322238
165 8378070.907753
166 7560709.257595
167 5927770.698118
168 6918223.757865
169 5932969.209294
170 5888692.032740
171 6737066.937521
172 6840458.873830
173 4637122.847236
174 3926379.828092
175 4527864.425155
176 5119633.514568
177 3963867.925700
178 4320240.275917
179 3656818.097595
180 4189937.941080
181 3432135.080455
182 3367723.742986
183 3692267.469560
184 3350870.257170
185 3793846.602438
186 2628479.131309
187 2625790.523944
188 3146919.058718
189 2863795.527669
190 2601358.789687
191 2430074.700179
192 2052527.143875
193 1952427.563381
194 2014264.095503
195 1876230.400218
196 2151614.253097
197 1863084.871690
198 2102383.415671
199 2168925.287910
200 1571605.441771
201 1693367.676010
202 1738628.665273
203 1832901.060566
204 2029828.388594
205 2352468.260049
206 2160056.835479
207 2253439.816355
208 2065204.534624
209 1659367.797369
210 1598624.567332
211 1626233.576539
212 1867001.358442
213 2156371.344981
214 1703386.292197
215 1709176.147156
216 1487432.561355
217 1296387.600273
218 1196247.606559
219 1133705.318166
220 912106.094043
221 816089.915084
222 729372.065033
223 646974.512531
224 662586.417532
225 576269.425954
226 573421.761011
227 594412.621041
228 603519.873226
229 605964.135153
230 634665.222448
231 645277.863908
232 729235.465579
233 682370.138456
234 671170.607464
235 624981.093085
236 553825.641309
237 472534.991680
238 491349.479178
239 474132.839465
240 509102.127678
241 503961.150065
242 460766.408760
243 607643.018709
244 412304.271613
245 514347.317515
246 465407.198153
247 469487.682607
248 464269.395072
249 467471.303305
250 485540.821595
251 412719.236268
252 366680.703870
253 278241.567007
254 244854.704436
255 252938.034481
256 228235.961135
257 168761.614365
258 177211.113710
259 142931.070576
260 129323.660707
261 116713.327906
262 92422.194737
263 80046.333778
264 70269.324847
265 69163.916650
266 55814.330339
267 42518.142942
268 37999.731284
269 42388.958853
270 40954.596984
271 39231.953858
272 35046.655606
273 44632.033583
274 32381.541999
275 34330.406802
276 36668.445546
277 37344.761692
278 37290.044477
279 39982.290128
280 47846.113358
281 40225.521781
282 37549.165967
283 40625.220612
284 38619.509418
285 39720.606962
286 29157.464403
287 27498.797037
288 30087.919784
289 23076.055292
290 22519.354741
291 21623.760464
292 22622.845570
293 20975.971814
294 19682.324327
295 21094.792996
296 22500.448789
297 17146.214012
298 19277.016517
299 19108.731437
300 18454.916755
301 19752.191217
302 20587.798709
303 17090.496038
304 14910.319847
305 13874.117744
306 13971.235616
307 12016.305503
308 10566.449901
309 10894.194854
310 11257.411545
311 10990.793614
312 12048.588236
313 10423.885852
314 10273.070306
315 9267.477081
316 7025.556647
317 7097.669867
318 7286.038417
319 7068.541457
320 6182.653699
321 6660.772393
322 6668.829633
323 7039.516612
324 7210.808284
325 6914.999519
326 6795.519522
327 6404.884706
328 6100.922841
329 6216.417256
330 5831.627880
331 6109.297562
332 5905.532999
333 6174.391554
334 5695.679931
335 6153.252045
336 6628.699948
337 5976.052858
338 6080.353477
339 5052.753037
340 5639.481850
341 4756.326499
342 4126.080590
343 4504.896187
344 4068.708015
345 3861.493740
346 3809.586012
347 3491.328959
348 3524.990484
349 3459.386972
350 3217.156090
351 3175.305568
352 3337.597816
353 3228.031537
354 2866.100051
355 2860.300590
356 2794.002102
357 2843.704749
358 2758.228075
359 2371.723393
360 2665.471494
361 2835.488573
362 2366.522165
363 2523.338447
364 2564.919440
365 2519.276895
366 2690.081429
367 2586.306244
368 2539.133111
369 2501.960155
370 2351.734389
371 2248.023766
372 2314.419956
373 2288.401043
374 2333.718117
375 2083.502761
376 1954.990084
377 1905.232537
378 1964.803606
379 2060.271274
380 2017.505819
381 1972.165729
382 1838.362686
383 1677.570913
384 1630.876653
385 1643.170151
386 1538.481227
387 1479.298241
388 1400.822268
389 1405.694938
390 1484.146478
391 1445.004385
392 1370.745136
393 1260.664753
394 1244.052898
395 1217.122511
396 1206.388643
397 1201.472590
398 1196.296314
399 1178.552330
400 1154.185362
401 1078.488799
402 1144.520876
403 1087.484544
404 1020.029938
405 1029.667927
406 1057.333945
407 1032.062405
408 1048.777954
409 1074.456170
410 985.835649
411 1010.342270
412 955.784153
413 883.066099
414 925.137186
415 838.800436
416 860.512522
417 862.351403
418 852.531380
419 844.037601
420 806.255998
421 784.861402
422 782.866045
423 783.090263
424 762.941465
425 758.970065
426 741.567433
427 726.112967
428 730.559325
429 710.153421
430 699.003482
431 718.251414
432 704.215251
433 734.537117
434 695.523455
435 680.687473
436 692.987533
437 677.814158
438 673.807711
439 653.460324
440 628.605680
441 625.994954
442 615.701260
443 614.246108
444 617.041872
445 619.722403
446 615.722933
447 627.702577
448 600.951613
449 609.369563
450 608.650087
451 613.457231
452 593.155205
453 577.897599
454 574.404219
455 574.169185
456 573.051166
457 566.605484
458 560.585710
459 546.041383
460 535.439113
461 534.642561
462 539.266978
463 528.210511
464 523.158514
465 524.803532
466 513.072184
467 507.058227
468 503.238405
469 501.395921
470 500.931491
471 491.254846
472 488.806536
473 484.211758
474 479.809072
475 479.243353
476 477.979598
477 476.355563
478 474.972537
479 470.698373
480 469.052372
481 467.981364
482 465.739547
483 461.639744
484 457.975052
485 456.951273
486 454.965160
487 452.882455
488 451.693124
489 449.893788
490 449.186370
491 446.044039
492 444.528901
493 444.311814
494 442.743388
495 440.581051
496 439.647125
497 439.242184
498 438.854534
499 438.371648
500 438.227834
