1 26488088.412543
2 46829556.192100
3 92773894.432059
4 99834461.892005
5 233845274.024970
6 300739097.474776
7 703052998.217034
8 664468210.087682
9 1233462701.654671
10 2396555697.680300
11 1953496988.880570
12 3491585995.038967
13 2440002538.850122
14 3357702471.061012
15 3357774595.909521
16 3407210451.982548
17 3580337237.853367
18 3509159166.607103
19 5106241876.348023
20 4124564962.591692
21 5541246552.345081
22 11900973209.739424
23 12262280389.207081
24 17151691093.038431
25 21953308922.401630
26 38858122594.757156
27 44191985016.399849
28 68474718700.833374
29 95393239696.975433
30 128176370820.369675
31 135970069294.634766
32 203604032927.998840
33 352602976728.098999
34 327455788852.796143
35 478067518192.403625
36 689221913572.980591
37 640038478996.234497
38 570546564540.140259
39 787489237158.363037
40 538335603081.113708
41 452213339157.439758
42 819634257011.377197
43 669009799784.500977
44 1200311887008.109131
45 1153882468330.505859
46 2011122367221.533936
47 2476851305402.119629
48 2915557186036.397461
49 4439747732298.604492
50 4426196098300.651367
51 7656134988130.703125
52 9002798871913.687500
53 5488836653237.697266
54 8880003365161.310547
55 5625182789001.849609
56 8452673466463.946289
57 7769166030137.434570
58 7323485974607.713867
59 9311701712678.201172
60 7789918269086.208984
61 5176786677476.528320
62 7587328319745.867188
63 7401916513212.383789
64 9310392297048.718750
65 12027928018851.042969
66 8164037457036.230469
67 9439082314848.724609
68 9623248837372.193359
69 13800663574145.849609
70 10636052768952.062500
71 10793274996336.943359
72 16687501301101.324219
73 20287147265232.382812
74 19873649527358.558594
75 32141488829266.011719
76 34177859026342.675781
77 51476632949252.117188
78 39786397846535.953125
79 58944828206219.992188
80 59991996160477.859375
81 74568004532277.500000
82 49298230133871.765625
83 43675423184866.179688
84 50966865928528.671875
85 63401214093577.000000
86 101218274022476.234375
87 58238500768273.445312
88 38992210081893.710938
89 40232762445398.859375
90 50062832198983.179688
91 23244346194469.296875
92 24751741001056.347656
93 20639826474562.843750
94 27341559781918.484375
95 14263755368029.386719
96 15663539953415.259766
97 18966356033263.304688
98 24741451305621.957031
99 19135968412274.515625
100 14716989058760.455078
101 18052628173560.429688
102 17773184614643.871094
103 23978024600127.503906
104 29795444955407.140625
105 17284005088165.814453
106 23584879527602.480469
107 20168889941915.988281
108 22940455219156.902344
109 19944988923033.972656
110 14914167288465.474609
111 15756542097526.023438
112 13871634783431.564453
113 14076835786474.718750
114 14339962762993.208984
115 7353734281220.928711
116 8128475067791.174805
117 7119155383999.471680
118 4088787467043.061035
119 3176990224647.843262
120 2863427913112.398438
121 1298073823255.132812
122 2463225834335.471191
123 1657107784691.729004
124 821475410391.850830
125 1145307273884.018555
126 834359689380.271240
127 919723615936.710571
128 686064651568.981323
129 520074722939.603027
130 410328030037.846924
131 515122050704.445923
132 458309199628.843750
133 430196812714.615723
134 366386764004.235535
135 449003782489.345764
136 366781320862.818237
137 362482804258.247253
138 323201816302.294067
139 226931448225.012299
140 209068577608.467621
141 167846569072.350983
142 139648834428.387360
143 169476619496.803650
144 105657674539.229675
145 82631249291.262161
146 74263004533.926315
147 78058018533.368530
148 54162485722.253448
149 42684352595.057648
150 42180425181.193558
151 19469759523.021900
152 18310420493.115253
153 13430403143.695751
154 17210989453.138111
155 12161273972.926252
156 10738596530.519720
157 8549821543.554103
158 8930937311.340668
159 6102566894.120574
160 5411999285.418163
161 2093251052.350890
162 3202057343.509380
163 1913507553.861933
164 1482341834.614402
165 1023604353.081050
166 842476022.883162
167 882576360.705056
168 346417827.299414
169 340245722.269693
170 176338680.269705
171 119440394.817313
172 99694774.223398
173 60136659.060963
174 51855373.960615
175 57434249.873016
176 54101311.428006
177 37325013.932553
178 29429832.688094
179 14085305.686090
180 9536012.846050
181 7729404.509090
182 4405164.672357
183 3474216.118504
184 2886238.480810
185 1872094.911901
186 1094852.585669
187 808897.466908
188 605949.652941
189 437048.060456
190 398529.043174
191 351868.561028
192 200548.777722
193 156303.914405
194 105510.835469
195 71001.700556
196 65313.577187
197 30475.336895
198 31253.242995
199 19878.403277
200 10986.953561
201 6088.909744
202 4622.210003
203 2897.857417
204 2123.080298
205 1224.736661
206 694.926972
207 669.350697
208 333.580274
209 237.199241
210 157.183572
211 129.862134
212 126.758732
213 72.081584
214 48.351176
215 28.474741
216 21.843178
217 14.297628
218 11.087347
219 6.234419
220 4.801274
221 2.756499
222 1.784251
223 1.239733
224 0.997101
225 0.545560
226 0.277039
227 0.223596
228 0.149363
229 0.120640
230 0.092974
231 0.047525
232 0.025774
233 0.016119
234 0.012439
235 0.005719
236 0.003564
237 0.001848
238 0.001782
239 0.000842
240 0.000679
241 0.000495
242 0.000305
243 0.000161
244 0.000136
245 0.000095
246 0.000053
247 0.000042
248 0.000026
249 0.000014
250 0.000005
251 0.000004
252 0.000003
253 0.000002
254 0.000001
255 0.000001
256 0.000000
257 0.000000
258 0.000000
259 0.000000
260 0.000000
261 0.000000
262 0.000000
263 0.000000
264 0.000000
265 0.000000
266 0.000000
267 0.000000
268 0.000000
269 0.000000
270 0.000000
271 0.000000
272 0.000000
273 0.000000
274 0.000000
275 0.000000
276 0.000000
277 0.000000
278 0.000000
279 0.000000
280 0.000000
281 0.000000
282 0.000000
283 0.000000
284 0.000000
285 0.000000
286 0.000000
287 0.000000
288 0.000000
289 0.000000
290 0.000000
291 0.000000
292 0.000000
293 0.000000
294 0.000000
295 0.000000
296 0.000000
297 0.000000
298 0.000000
299 0.000000
300 0.000000
301 0.000000
302 0.000000
303 0.000000
304 0.000000
305 0.000000
306 0.000000
307 0.000000
308 0.000000
309 0.000000
310 0.000000
311 0.000000
312 0.000000
313 0.000000
314 0.000000
315 0.000000
316 0.000000
317 0.000000
318 0.000000
319 0.000000
320 0.000000
321 0.000000
322 0.000000
323 0.000000
324 0.000000
325 0.000000
326 0.000000
327 0.000000
328 0.000000
329 0.000000
330 0.000000
331 0.000000
332 0.000000
333 0.000000
334 0.000000
335 0.000000
336 0.000000
337 0.000000
338 0.000000
339 0.000000
340 0.000000
341 0.000000
342 0.000000
343 0.000000
344 0.000000
345 0.000000
346 0.000000
347 0.000000
348 0.000000
349 0.000000
350 0.000000
351 0.000000
352 0.000000
353 0.000000
354 0.000000
355 0.000000
356 0.000000
357 0.000000
358 0.000000
359 0.000000
360 0.000000
361 0.000000
362 0.000000
363 0.000000
364 0.000000
365 0.000000
366 0.000000
367 0.000000
368 0.000000
369 0.000000
370 0.000000
371 0.000000
372 0.000000
373 0.000000
374 0.000000
375 0.000000
376 0.000000
377 0.000000
378 0.000000
379 0.000000
380 0.000000
381 0.000000
382 0.000000
383 0.000000
384 0.000000
385 0.000000
386 0.000000
387 0.000000
388 0.000000
389 0.000000
390 0.000000
391 0.000000
392 0.000000
393 0.000000
394 0.000000
395 0.000000
396 0.000000
397 0.000000
398 0.000000
399 0.000000
400 0.000000
401 0.000000
402 0.000000
403 0.000000
404 0.000000
405 0.000000
406 0.000000
407 0.000000
408 0.000000
409 0.000000
410 0.000000
411 0.000000
412 0.000000
413 0.000000
414 0.000000
415 0.000000
416 0.000000
417 0.000000
418 0.000000
419 0.000000
420 0.000000
421 0.000000
422 0.000000
423 0.000000
424 0.000000
425 0.000000
426 0.000000
427 0.000000
428 0.000000
429 0.000000
430 0.000000
431 0.000000
432 0.000000
433 0.000000
434 0.000000
435 0.000000
436 0.000000
437 0.000000
438 0.000000
439 0.000000
440 0.000000
441 0.000000
442 0.000000
443 0.000000
444 0.000000
445 0.000000
446 0.000000
447 0.000000
448 0.000000
449 0.000000
450 0.000000
451 0.000000
452 0.000000
453 0.000000
454 0.000000
455 0.000000
456 0.000000
457 0.000000
458 0.000000
459 0.000000
460 0.000000
461 0.000000
462 0.000000
463 0.000000
464 0.000000
465 0.000000
466 0.000000
467 0.000000
468 0.000000
469 0.000000
470 0.000000
471 0.000000
472 0.000000
473 0.000000
474 0.000000
475 0.000000
476 0.000000
477 0.000000
478 0.000000
479 0.000000
480 0.000000
481 0.000000
482 0.000000
483 0.000000
484 0.000000
485 0.000000
486 0.000000
487 0.000000
488 0.000000
489 0.000000
490 0.000000
491 0.000000
492 0.000000
493 0.000000
494 0.000000
495 0.000000
496 0.000000
497 0.000000
498 0.000000
499 0.000000
500 0.000000
