1 inf
2 inf
3 inf
4 inf
5 inf
6 inf
7 inf
8 inf
9 inf
10 inf
11 inf
12 inf
13 inf
14 inf
15 inf
16 inf
17 inf
18 inf
19 inf
20 inf
21 inf
22 inf
23 inf
24 inf
25 inf
26 inf
27 inf
28 inf
29 inf
30 inf
31 inf
32 inf
33 inf
34 inf
35 inf
36 inf
37 inf
38 inf
39 inf
40 inf
41 inf
42 inf
43 inf
44 inf
45 inf
46 inf
47 inf
48 inf
49 inf
50 inf
51 inf
52 15969639305684146984481071363621885742279535915439846665711491858535240289316501439722419807080572963175781005626851632492821583658673497219790397102743583247421990278350484639772468627652391934044289931258673875432670973045645072581868046361878528576255975903196420610792972052898203963560467122618368.000000
53 8798436625625453078462749479275498243878373073145265645697459551127929941107362704323863710379895019097766446665205907480901046600219262875189908097670362275000895652242913495232322707450367959683823326225418258495849279379468904058656600993630590828794211108464080285859840.000000
54 17000282648591387125653818834075024644680049106107768676860581978127108273456326745021758402188276424739591301381469065860066821664207802823392055969377258617378521575497794484261766384872072982306761776196397810163036353819976195200789697368222965829647290335232.000000
55 179670495188442159364342371553438795645403723028462564909455066965388551807122813455251020571932841716567734424250280970012587446818664257646678168331311416172534875257585395487629885645811902071333294024380639575288595020595722873720728885133312.000000
56 365755099256298793897112611480501412941803359018238848201981549345761048609305390507763812767354011979895924933745055822010942016681111748905638806449171469575035153942464122062047028317538241774020801026180681859497765342543872.000000
57 31739241316624548263582333607735590156169063572146221143677092242230395083362091784832529372917228515046192425772204213019793523335284913430935841349597294374732450831183396587674188694569799833006112768.000000
58 185097861183908161257610571886267262197684591840337207913791656047426210893345464161324771897784117327892057955468892700219411558753874649480319966796985700421518772523372871969941221613240320.000000
59 2653019554310454423397441271645273909980794452251803119553640585625044451396852821349379183830098998999566463026201231182303186785385815499810527780835149442585890652160.000000
60 428786265051224676026462907613988747968008116661732460326594012748214936716492525034360978374685526702544280443693817011873475222606936959946049795915776.000000
61 4319326047133620846510758631333121809363720168635913339500416188458176464844333358125126184038662316431276293602326064508545531904.000000
62 3819931218626845165430692755186849107684509240128003683021719465158242664580624153491949371903801646823457198964736.000000
63 26910803532576036346423549150959031149246412968373885320548726858430881066068451348942898069504.000000
64 2178578165538455073035036263218780267723236053555066030391401150999953408.000000
65 1618617345369698779684460954551603472553937183153586176.000000
66 2734774663903651679516775243841536.000000
67 59091818153439544.000000
68 353339.057975
69 21778.393005
70 14558.007019
71 11617.870219
72 8547.776264
73 6916.496074
74 5928.900808
75 5162.308487
76 4559.577016
77 4014.964788
78 3561.871856
79 3108.575788
80 2902.846381
81 2514.003620
82 2257.624509
83 2020.065580
84 1836.613346
85 1612.188553
86 1472.391471
87 1263.530904
88 1156.864145
89 1067.367610
90 959.158825
91 880.778659
92 777.844675
93 698.493670
94 643.122123
95 583.170013
96 525.773294
97 457.385450
98 428.518215
99 383.347619
100 343.437332
101 311.820868
102 282.794867
103 252.500506
104 234.113103
105 208.484563
106 189.291165
107 169.344651
108 157.000305
109 140.380537
110 129.454166
111 117.307705
112 108.789038
113 98.033590
114 89.720653
115 81.648961
116 73.274548
117 65.224976
118 60.762771
119 56.026802
120 50.715248
121 47.295661
122 43.065982
123 39.459169
124 36.078290
125 32.937839
126 29.705803
127 27.186314
128 25.307002
129 22.951129
130 20.954525
131 19.268877
132 17.661691
133 16.393501
134 15.129252
135 13.909359
136 12.938490
137 11.839383
138 10.749435
139 9.936294
140 9.177836
141 8.298994
142 7.749521
143 7.027302
144 6.480313
145 6.036832
146 5.516807
147 5.188803
148 4.826692
149 4.375827
150 3.972280
151 3.690737
152 3.392168
153 3.141800
154 2.878925
155 2.664246
156 2.444542
157 2.264382
158 2.105784
159 1.945866
160 1.812217
161 1.674343
162 1.558820
163 1.417498
164 1.340718
165 1.236909
166 1.152276
167 1.073864
168 0.983017
169 0.916873
170 0.861831
171 0.800742
172 0.748142
173 0.702958
174 0.652294
175 0.607158
176 0.576550
177 0.536241
178 0.496754
179 0.465920
180 0.442096
181 0.410587
182 0.382319
183 0.357895
184 0.337253
185 0.317877
186 0.301622
187 0.284469
188 0.263518
189 0.248616
190 0.233994
191 0.219064
192 0.206874
193 0.196435
194 0.185963
195 0.176342
196 0.165749
197 0.156148
198 0.146979
199 0.139551
200 0.132592
201 0.124666
202 0.117542
203 0.113162
204 0.107101
205 0.102123
206 0.096821
207 0.090998
208 0.086314
209 0.080698
210 0.077105
211 0.073039
212 0.069794
213 0.066818
214 0.063588
215 0.060428
216 0.057263
217 0.054833
218 0.052468
219 0.049895
220 0.047242
221 0.045357
222 0.043481
223 0.041577
224 0.039900
225 0.037853
226 0.036586
227 0.034925
228 0.033609
229 0.031966
230 0.029971
231 0.029314
232 0.028185
233 0.026806
234 0.025454
235 0.024454
236 0.023263
237 0.022169
238 0.021373
239 0.020388
240 0.019755
241 0.018903
242 0.017879
243 0.017277
244 0.016669
245 0.016021
246 0.015456
247 0.014911
248 0.014279
249 0.013647
250 0.013208
251 0.012695
252 0.012218
253 0.011748
254 0.011354
255 0.010949
256 0.010543
257 0.010199
258 0.009761
259 0.009423
260 0.009097
261 0.008788
262 0.008542
263 0.008239
264 0.008004
265 0.007672
266 0.007445
267 0.007201
268 0.006985
269 0.006755
270 0.006535
271 0.006270
272 0.006134
273 0.005911
274 0.005754
275 0.005556
276 0.005392
277 0.005207
278 0.005023
279 0.004800
280 0.004707
281 0.004569
282 0.004415
283 0.004289
284 0.004135
285 0.004020
286 0.003886
287 0.003766
288 0.003669
289 0.003558
290 0.003459
291 0.003359
292 0.003263
293 0.003169
294 0.003077
295 0.003005
296 0.002911
297 0.002842
298 0.002766
299 0.002677
300 0.002604
301 0.002555
302 0.002490
303 0.002413
304 0.002360
305 0.002301
306 0.002247
307 0.002190
308 0.002131
309 0.002077
310 0.002028
311 0.001968
312 0.001922
313 0.001879
314 0.001822
315 0.001780
316 0.001726
317 0.001689
318 0.001650
319 0.001612
320 0.001575
321 0.001530
322 0.001501
323 0.001458
324 0.001429
325 0.001393
326 0.001365
327 0.001335
328 0.001305
329 0.001272
330 0.001244
331 0.001222
332 0.001194
333 0.001165
334 0.001143
335 0.001120
336 0.001097
337 0.001076
338 0.001053
339 0.001029
340 0.001006
341 0.000986
342 0.000968
343 0.000950
344 0.000930
345 0.000915
346 0.000897
347 0.000879
348 0.000864
349 0.000849
350 0.000835
351 0.000819
352 0.000804
353 0.000788
354 0.000773
355 0.000761
356 0.000749
357 0.000736
358 0.000723
359 0.000709
360 0.000700
361 0.000688
362 0.000676
363 0.000665
364 0.000654
365 0.000643
366 0.000635
367 0.000626
368 0.000616
369 0.000604
370 0.000596
371 0.000586
372 0.000578
373 0.000568
374 0.000561
375 0.000553
376 0.000544
377 0.000538
378 0.000530
379 0.000522
380 0.000515
381 0.000506
382 0.000501
383 0.000493
384 0.000486
385 0.000480
386 0.000474
387 0.000468
388 0.000462
389 0.000455
390 0.000450
391 0.000444
392 0.000438
393 0.000433
394 0.000427
395 0.000422
396 0.000416
397 0.000411
398 0.000406
399 0.000401
400 0.000397
401 0.000391
402 0.000387
403 0.000383
404 0.000379
405 0.000373
406 0.000370
407 0.000364
408 0.000361
409 0.000357
410 0.000353
411 0.000349
412 0.000346
413 0.000342
414 0.000339
415 0.000336
416 0.000332
417 0.000328
418 0.000326
419 0.000323
420 0.000319
421 0.000317
422 0.000314
423 0.000312
424 0.000309
425 0.000307
426 0.000304
427 0.000302
428 0.000299
429 0.000297
430 0.000294
431 0.000293
432 0.000291
433 0.000288
434 0.000286
435 0.000284
436 0.000282
437 0.000280
438 0.000278
439 0.000276
440 0.000274
441 0.000272
442 0.000271
443 0.000269
444 0.000267
445 0.000266
446 0.000264
447 0.000263
448 0.000261
449 0.000259
450 0.000257
451 0.000256
452 0.000255
453 0.000254
454 0.000252
455 0.000251
456 0.000250
457 0.000249
458 0.000248
459 0.000247
460 0.000246
461 0.000244
462 0.000243
463 0.000242
464 0.000241
465 0.000240
466 0.000239
467 0.000238
468 0.000237
469 0.000237
470 0.000236
471 0.000235
472 0.000234
473 0.000233
474 0.000233
475 0.000232
476 0.000231
477 0.000231
478 0.000230
479 0.000230
480 0.000229
481 0.000229
482 0.000228
483 0.000228
484 0.000227
485 0.000227
486 0.000227
487 0.000226
488 0.000226
489 0.000226
490 0.000225
491 0.000225
492 0.000225
493 0.000225
494 0.000225
495 0.000224
496 0.000224
497 0.000224
498 0.000224
499 0.000224
500 0.000224
