1 inf
2 inf
3 inf
4 inf
5 inf
6 inf
7 inf
8 inf
9 inf
10 inf
11 inf
12 inf
13 297214678612269054962860396622434799737564983046630494540431529708244125098015814618698078874811242198201620755965397142568904856291342303349154440964828544771756697444888481847369316865945946348433591358115910147545073067423988092062959939191696135870299471211074520711430144.000000
14 90179382668230059126413318067686363000645733715045524819346659103784499374222369732261072355527396104778260213925436779037076059303489145512394752.000000
15 9630682864247963648.000000
16 16818.894235
17 16779.708521
18 17971.080713
19 17311.443331
20 16609.007396
21 17278.341213
22 15218.722596
23 11398.049911
24 9564.004035
25 7509.170054
26 8077.545128
27 5681.780699
28 5477.546475
29 5163.663138
30 5037.531360
31 4336.363757
32 4445.874117
33 3815.659699
34 3572.871405
35 3756.249750
36 3438.272221
37 2847.579353
38 2673.411855
39 2223.422594
40 2219.654865
41 1825.026031
42 1642.682144
43 1243.628335
44 938.443620
45 778.178396
46 786.983003
47 623.544713
48 520.545194
49 480.223790
50 395.993907
51 407.818820
52 334.366182
53 308.624787
54 284.563850
55 237.611221
56 205.731567
57 152.439824
58 145.465501
59 140.458724
60 105.857334
61 99.954800
62 96.186946
63 93.335266
64 75.544962
65 67.212293
66 66.305572
67 57.807879
68 57.427377
69 52.163593
70 45.574693
71 42.977987
72 33.317188
73 30.299614
74 27.073084
75 23.187841
76 21.074896
77 19.432151
78 17.254160
79 15.640679
80 14.824744
81 13.788417
82 12.451220
83 11.682700
84 9.982516
85 7.791303
86 7.523680
87 6.931706
88 6.176462
89 5.155183
90 4.729941
91 3.566868
92 3.214809
93 2.879354
94 2.743047
95 2.591081
96 2.289152
97 2.046733
98 2.029798
99 1.756729
100 1.673878
101 1.678683
102 1.487357
103 1.296796
104 1.166832
105 1.083239
106 0.988574
107 0.871388
108 0.857886
109 0.799799
110 0.742869
111 0.655187
112 0.610517
113 0.538833
114 0.508008
115 0.456092
116 0.422092
117 0.373652
118 0.346508
119 0.305048
120 0.272793
121 0.231603
122 0.206201
123 0.185965
124 0.165694
125 0.148933
126 0.135280
127 0.124694
128 0.110352
129 0.098327
130 0.089332
131 0.084585
132 0.075242
133 0.069637
134 0.062025
135 0.055363
136 0.049188
137 0.042327
138 0.038949
139 0.031796
140 0.027717
141 0.026657
142 0.024253
143 0.021897
144 0.019916
145 0.018459
146 0.016081
147 0.014358
148 0.012603
149 0.011055
150 0.010254
151 0.008987
152 0.008221
153 0.007577
154 0.006856
155 0.006077
156 0.005525
157 0.004990
158 0.004429
159 0.003970
160 0.003555
161 0.003022
162 0.002664
163 0.002245
164 0.002000
165 0.001673
166 0.001423
167 0.001288
168 0.001082
169 0.000947
170 0.000792
171 0.000714
172 0.000621
173 0.000529
174 0.000479
175 0.000417
176 0.000347
177 0.000313
178 0.000273
179 0.000243
180 0.000212
181 0.000182
182 0.000162
183 0.000138
184 0.000122
185 0.000109
186 0.000095
187 0.000084
188 0.000074
189 0.000065
190 0.000059
191 0.000050
192 0.000045
193 0.000038
194 0.000033
195 0.000029
196 0.000024
197 0.000020
198 0.000018
199 0.000016
200 0.000014
201 0.000012
202 0.000010
203 0.000009
204 0.000008
205 0.000007
206 0.000006
207 0.000005
208 0.000004
209 0.000004
210 0.000003
211 0.000003
212 0.000003
213 0.000002
214 0.000002
215 0.000002
216 0.000002
217 0.000001
218 0.000001
219 0.000001
220 0.000001
221 0.000001
222 0.000001
223 0.000001
224 0.000000
225 0.000000
226 0.000000
227 0.000000
228 0.000000
229 0.000000
230 0.000000
231 0.000000
232 0.000000
233 0.000000
234 0.000000
235 0.000000
236 0.000000
237 0.000000
238 0.000000
239 0.000000
240 0.000000
241 0.000000
242 0.000000
243 0.000000
244 0.000000
245 0.000000
246 0.000000
247 0.000000
248 0.000000
249 0.000000
250 0.000000
251 0.000000
252 0.000000
253 0.000000
254 0.000000
255 0.000000
256 0.000000
257 0.000000
258 0.000000
259 0.000000
260 0.000000
261 0.000000
262 0.000000
263 0.000000
264 0.000000
265 0.000000
266 0.000000
267 0.000000
268 0.000000
269 0.000000
270 0.000000
271 0.000000
272 0.000000
273 0.000000
274 0.000000
275 0.000000
276 0.000000
277 0.000000
278 0.000000
279 0.000000
280 0.000000
281 0.000000
282 0.000000
283 0.000000
284 0.000000
285 0.000000
286 0.000000
287 0.000000
288 0.000000
289 0.000000
290 0.000000
291 0.000000
292 0.000000
293 0.000000
294 0.000000
295 0.000000
296 0.000000
297 0.000000
298 0.000000
299 0.000000
300 0.000000
301 0.000000
302 0.000000
303 0.000000
304 0.000000
305 0.000000
306 0.000000
307 0.000000
308 0.000000
309 0.000000
310 0.000000
311 0.000000
312 0.000000
313 0.000000
314 0.000000
315 0.000000
316 0.000000
317 0.000000
318 0.000000
319 0.000000
320 0.000000
321 0.000000
322 0.000000
323 0.000000
324 0.000000
325 0.000000
326 0.000000
327 0.000000
328 0.000000
329 0.000000
330 0.000000
331 0.000000
332 0.000000
333 0.000000
334 0.000000
335 0.000000
336 0.000000
337 0.000000
338 0.000000
339 0.000000
340 0.000000
341 0.000000
342 0.000000
343 0.000000
344 0.000000
345 0.000000
346 0.000000
347 0.000000
348 0.000000
349 0.000000
350 0.000000
351 0.000000
352 0.000000
353 0.000000
354 0.000000
355 0.000000
356 0.000000
357 0.000000
358 0.000000
359 0.000000
360 0.000000
361 0.000000
362 0.000000
363 0.000000
364 0.000000
365 0.000000
366 0.000000
367 0.000000
368 0.000000
369 0.000000
370 0.000000
371 0.000000
372 0.000000
373 0.000000
374 0.000000
375 0.000000
376 0.000000
377 0.000000
378 0.000000
379 0.000000
380 0.000000
381 0.000000
382 0.000000
383 0.000000
384 0.000000
385 0.000000
386 0.000000
387 0.000000
388 0.000000
389 0.000000
390 0.000000
391 0.000000
392 0.000000
393 0.000000
394 0.000000
395 0.000000
396 0.000000
397 0.000000
398 0.000000
399 0.000000
400 0.000000
401 0.000000
402 0.000000
403 0.000000
404 0.000000
405 0.000000
406 0.000000
407 0.000000
408 0.000000
409 0.000000
410 0.000000
411 0.000000
412 0.000000
413 0.000000
414 0.000000
415 0.000000
416 0.000000
417 0.000000
418 0.000000
419 0.000000
420 0.000000
421 0.000000
422 0.000000
423 0.000000
424 0.000000
425 0.000000
426 0.000000
427 0.000000
428 0.000000
429 0.000000
430 0.000000
431 0.000000
432 0.000000
433 0.000000
434 0.000000
435 0.000000
436 0.000000
437 0.000000
438 0.000000
439 0.000000
440 0.000000
441 0.000000
442 0.000000
443 0.000000
444 0.000000
445 0.000000
446 0.000000
447 0.000000
448 0.000000
449 0.000000
450 0.000000
451 0.000000
452 0.000000
453 0.000000
454 0.000000
455 0.000000
456 0.000000
457 0.000000
458 0.000000
459 0.000000
460 0.000000
461 0.000000
462 0.000000
463 0.000000
464 0.000000
465 0.000000
466 0.000000
467 0.000000
468 0.000000
469 0.000000
470 0.000000
471 0.000000
472 0.000000
473 0.000000
474 0.000000
475 0.000000
476 0.000000
477 0.000000
478 0.000000
479 0.000000
480 0.000000
481 0.000000
482 0.000000
483 0.000000
484 0.000000
485 0.000000
486 0.000000
487 0.000000
488 0.000000
489 0.000000
490 0.000000
491 0.000000
492 0.000000
493 0.000000
494 0.000000
495 0.000000
496 0.000000
497 0.000000
498 0.000000
499 0.000000
500 0.000000
