1 3127959.260620
2 3252256.444123
3 3448664.771442
4 3672393.908910
5 4099016.766929
6 4245446.850056
7 4534967.997515
8 4616820.963493
9 4882739.574785
10 4830335.226028
11 5095434.452482
12 5270272.977789
13 5274306.558454
14 5385351.797786
15 5462126.101740
16 5104852.554365
17 5021692.153679
18 5349425.846587
19 5027984.880557
20 5125326.940181
21 5223764.238674
22 5115309.929639
23 5061203.338796
24 4824851.484168
25 4851717.945055
26 4681845.566079
27 4700692.373529
28 4558671.724887
29 4208487.675026
30 4186070.581967
31 4083191.778897
32 3837838.711880
33 3752826.675650
34 3544370.844063
35 3593486.187630
36 3429327.932504
37 3104289.635329
38 3014456.151671
39 2835545.117507
40 2851949.184283
41 2522601.289717
42 2510333.136860
43 2340731.712316
44 2231329.818516
45 2187833.967978
46 2070244.890657
47 1974960.466461
48 1877027.917204
49 1752558.621066
50 1627201.218525
51 1517078.884840
52 1443316.820774
53 1328118.068736
54 1294745.907652
55 1253029.694913
56 1117336.894710
57 1075754.955062
58 977452.746726
59 865801.085886
60 794114.335667
61 767706.077504
62 704381.410462
63 680702.136207
64 637800.806866
65 601976.271890
66 531671.884019
67 475563.025265
68 449084.049161
69 417313.313185
70 372801.589595
71 361358.035496
72 331162.425741
73 300618.689857
74 269283.057621
75 256178.185629
76 238005.347307
77 223842.334298
78 210358.927450
79 195548.746271
80 182395.888950
81 160170.773863
82 151396.381510
83 129211.053998
84 121016.896527
85 112080.218371
86 107305.197206
87 91839.300584
88 88984.724763
89 83424.933106
90 72360.547882
91 68297.670448
92 60471.030176
93 53515.387763
94 49159.261741
95 41591.875803
96 38884.003200
97 35120.425380
98 32484.219703
99 30180.991310
100 27226.631067
101 24206.157902
102 22255.376548
103 19913.765956
104 17556.907676
105 15233.255162
106 14172.526470
107 12458.188302
108 11534.405839
109 10420.996568
110 9014.564293
111 7743.071871
112 7238.079725
113 6392.820895
114 5818.542071
115 5214.930570
116 4585.276415
117 3819.655898
118 3596.627231
119 3179.233156
120 2867.314830
121 2642.734982
122 2307.994192
123 2026.438959
124 1806.419310
125 1629.545840
126 1466.200981
127 1314.044313
128 1192.783586
129 1077.573249
130 902.980127
131 830.859739
132 743.989742
133 675.917250
134 621.276858
135 566.472737
136 516.516138
137 467.570604
138 404.044518
139 362.607328
140 335.727108
141 311.352982
142 279.446391
143 254.746475
144 229.228071
145 209.192818
146 189.649462
147 172.891967
148 156.575449
149 143.355954
150 131.052254
151 115.507530
152 105.742131
153 96.246081
154 86.101037
155 79.172292
156 71.181769
157 63.960903
158 59.134515
159 53.917445
160 48.453220
161 43.305432
162 39.949218
163 35.808297
164 32.276117
165 29.334870
166 26.763013
167 24.447690
168 22.210478
169 19.782725
170 18.596689
171 17.205932
172 15.687307
173 14.343112
174 13.007125
175 11.844567
176 10.806083
177 9.841410
178 8.559368
179 8.213668
180 7.674743
181 7.017951
182 6.685910
183 6.062772
184 5.664382
185 5.059375
186 4.634925
187 4.331281
188 3.992216
189 3.680885
190 3.405437
191 3.180455
192 2.882420
193 2.653643
194 2.482740
195 2.222053
196 2.061160
197 1.936911
198 1.778921
199 1.674261
200 1.547840
201 1.418302
202 1.329225
203 1.244310
204 1.161457
205 1.081010
206 1.015072
207 0.942379
208 0.883743
209 0.818156
210 0.760038
211 0.709472
212 0.653068
213 0.608007
214 0.560023
215 0.518140
216 0.485604
217 0.453619
218 0.423683
219 0.396707
220 0.372405
221 0.350255
222 0.325859
223 0.298042
224 0.282137
225 0.260506
226 0.247160
227 0.232495
228 0.216884
229 0.201459
230 0.190003
231 0.179297
232 0.170091
233 0.160342
234 0.147959
235 0.140235
236 0.130907
237 0.123294
238 0.118863
239 0.109984
240 0.105453
241 0.098974
242 0.094280
243 0.089123
244 0.083821
245 0.080702
246 0.074725
247 0.071331
248 0.067639
249 0.062109
250 0.058783
251 0.055939
252 0.052910
253 0.050121
254 0.047356
255 0.045161
256 0.043019
257 0.040159
258 0.038357
259 0.036232
260 0.034202
261 0.032428
262 0.031125
263 0.029591
264 0.028182
265 0.026899
266 0.025536
267 0.024263
268 0.022946
269 0.021691
270 0.020583
271 0.019607
272 0.018827
273 0.017772
274 0.017190
275 0.016459
276 0.015741
277 0.015165
278 0.014498
279 0.013904
280 0.013369
281 0.012724
282 0.012004
283 0.011647
284 0.011138
285 0.010531
286 0.010077
287 0.009645
288 0.009193
289 0.008821
290 0.008434
291 0.008066
292 0.007762
293 0.007444
294 0.007182
295 0.006851
296 0.006514
297 0.006373
298 0.006110
299 0.005847
300 0.005626
301 0.005414
302 0.005167
303 0.004993
304 0.004771
305 0.004591
306 0.004436
307 0.004288
308 0.004120
309 0.003974
310 0.003832
311 0.003700
312 0.003551
313 0.003423
314 0.003305
315 0.003187
316 0.003071
317 0.002964
318 0.002841
319 0.002749
320 0.002635
321 0.002551
322 0.002429
323 0.002378
324 0.002298
325 0.002223
326 0.002143
327 0.002095
328 0.002039
329 0.001987
330 0.001898
331 0.001850
332 0.001799
333 0.001753
334 0.001670
335 0.001635
336 0.001584
337 0.001541
338 0.001476
339 0.001451
340 0.001413
341 0.001367
342 0.001333
343 0.001285
344 0.001241
345 0.001213
346 0.001180
347 0.001147
348 0.001113
349 0.001090
350 0.001060
351 0.001030
352 0.001002
353 0.000972
354 0.000949
355 0.000930
356 0.000905
357 0.000884
358 0.000860
359 0.000840
360 0.000817
361 0.000788
362 0.000775
363 0.000750
364 0.000731
365 0.000716
366 0.000699
367 0.000684
368 0.000671
369 0.000654
370 0.000637
371 0.000624
372 0.000607
373 0.000594
374 0.000581
375 0.000571
376 0.000558
377 0.000545
378 0.000533
379 0.000523
380 0.000513
381 0.000502
382 0.000491
383 0.000483
384 0.000474
385 0.000465
386 0.000456
387 0.000447
388 0.000437
389 0.000431
390 0.000422
391 0.000413
392 0.000405
393 0.000400
394 0.000392
395 0.000387
396 0.000379
397 0.000373
398 0.000367
399 0.000360
400 0.000354
401 0.000347
402 0.000341
403 0.000334
404 0.000329
405 0.000322
406 0.000318
407 0.000312
408 0.000308
409 0.000303
410 0.000299
411 0.000294
412 0.000289
413 0.000285
414 0.000281
415 0.000278
416 0.000274
417 0.000270
418 0.000267
419 0.000264
420 0.000261
421 0.000257
422 0.000254
423 0.000250
424 0.000247
425 0.000244
426 0.000241
427 0.000238
428 0.000235
429 0.000232
430 0.000230
431 0.000226
432 0.000224
433 0.000222
434 0.000219
435 0.000217
436 0.000214
437 0.000212
438 0.000210
439 0.000207
440 0.000205
441 0.000203
442 0.000202
443 0.000200
444 0.000198
445 0.000196
446 0.000194
447 0.000192
448 0.000191
449 0.000189
450 0.000188
451 0.000186
452 0.000185
453 0.000184
454 0.000182
455 0.000181
456 0.000179
457 0.000178
458 0.000177
459 0.000175
460 0.000174
461 0.000173
462 0.000172
463 0.000171
464 0.000170
465 0.000169
466 0.000168
467 0.000167
468 0.000166
469 0.000165
470 0.000164
471 0.000163
472 0.000162
473 0.000162
474 0.000161
475 0.000160
476 0.000160
477 0.000159
478 0.000158
479 0.000158
480 0.000157
481 0.000157
482 0.000156
483 0.000156
484 0.000155
485 0.000155
486 0.000155
487 0.000154
488 0.000154
489 0.000154
490 0.000153
491 0.000153
492 0.000153
493 0.000153
494 0.000152
495 0.000152
496 0.000152
497 0.000152
498 0.000152
499 0.000152
500 0.000152
