1 3066029.323412
2 3339198.441650
3 3550154.292090
4 3959830.868480
5 3853614.978911
6 3906250.921936
7 4508013.167141
8 5587677.821659
9 8479387.398510
10 8198871.292363
11 9615145.127785
12 11887215.749983
13 14852925.514348
14 11137556.597464
15 13633566.814903
16 13550864.935261
17 13064312.869348
18 10312057.643368
19 10548473.409152
20 13090696.209425
21 15038541.371924
22 13772229.557329
23 17613196.553098
24 19786414.537566
25 22135053.466473
26 28707825.820193
27 24326862.402208
28 23983052.712684
29 26036422.644943
30 21448640.789579
31 25325927.425650
32 28519935.390471
33 34637928.249341
34 26302185.573672
35 22800185.288281
36 22553057.287429
37 22929288.137334
38 20323369.016895
39 23130046.593784
40 17776945.690155
41 15996854.665523
42 16553318.888554
43 17798600.693119
44 18906371.514025
45 21013824.843343
46 16957653.081037
47 13561384.235304
48 13532731.101342
49 15341771.962166
50 13585602.511206
51 12782732.136941
52 12058867.967737
53 12642433.821248
54 10477508.821115
55 9863578.364549
56 8460404.023575
57 8791831.903390
58 9002353.907461
59 8863669.704366
60 9789762.176157
61 8983976.715748
62 8988454.056689
63 8417584.102811
64 9731023.338295
65 9338780.969949
66 8229652.379103
67 9151681.988919
68 10105377.185487
69 11365396.556526
70 8487024.711897
71 7920680.805834
72 7473448.975604
73 5269705.211526
74 5352591.951151
75 3665137.642372
76 4064183.871390
77 3716581.000532
78 3802607.311929
79 3835044.416466
80 3518710.143281
81 3309539.324821
82 2864312.634326
83 2845912.444133
84 2947288.549221
85 2439948.516286
86 1497737.273985
87 1421721.614581
88 1443088.210047
89 1216299.284192
90 1219260.022722
91 1071651.919163
92 1058031.988750
93 1015678.585963
94 990958.656123
95 1038845.944686
96 903022.087441
97 846563.877450
98 760904.230250
99 752779.781327
100 765127.264514
101 772877.161211
102 642713.603455
103 619124.941296
104 567608.934754
105 534587.266478
106 431494.723356
107 374174.560731
108 407302.843295
109 306762.631208
110 279031.428347
111 239153.990872
112 211002.461629
113 202778.120988
114 195899.587307
115 193740.628229
116 161023.182746
117 151330.321212
118 149203.497179
119 147263.889064
120 133546.258186
121 136632.178888
122 129963.265527
123 103543.643826
124 105190.922603
125 112155.407000
126 104462.706911
127 94727.023803
128 71499.949471
129 63687.604409
130 58630.909592
131 51710.588719
132 47181.971137
133 33989.079506
134 29577.254353
135 23267.246279
136 19487.147903
137 17979.610792
138 12807.425951
139 12894.065308
140 9298.200461
141 8165.740377
142 6979.261255
143 6103.574525
144 4760.348668
145 3624.051177
146 3072.412138
147 2645.311690
148 2331.839061
149 2053.601804
150 1613.086276
151 1271.425670
152 1082.520367
153 885.550953
154 743.156214
155 604.127907
156 495.628283
157 429.924484
158 391.729287
159 342.587776
160 300.976861
161 266.618319
162 239.099288
163 204.519979
164 163.090257
165 128.853362
166 112.915159
167 93.203428
168 82.113725
169 61.726603
170 48.093928
171 42.605742
172 36.283678
173 31.158750
174 27.178145
175 22.913178
176 18.227355
177 12.339154
178 10.678187
179 8.964469
180 6.889552
181 5.238995
182 3.959908
183 3.241078
184 2.448802
185 1.961158
186 1.444982
187 1.159321
188 0.894156
189 0.627387
190 0.516903
191 0.392266
192 0.325545
193 0.247797
194 0.214444
195 0.172498
196 0.143724
197 0.113853
198 0.088135
199 0.067282
200 0.052143
201 0.040654
202 0.033725
203 0.027053
204 0.020965
205 0.017808
206 0.011423
207 0.009681
208 0.007623
209 0.005984
210 0.004856
211 0.003852
212 0.002795
213 0.002114
214 0.001706
215 0.001370
216 0.001073
217 0.000842
218 0.000664
219 0.000528
220 0.000393
221 0.000308
222 0.000245
223 0.000196
224 0.000135
225 0.000106
226 0.000082
227 0.000065
228 0.000052
229 0.000041
230 0.000033
231 0.000023
232 0.000018
233 0.000014
234 0.000010
235 0.000008
236 0.000006
237 0.000004
238 0.000003
239 0.000002
240 0.000002
241 0.000001
242 0.000001
243 0.000001
244 0.000001
245 0.000000
246 0.000000
247 0.000000
248 0.000000
249 0.000000
250 0.000000
251 0.000000
252 0.000000
253 0.000000
254 0.000000
255 0.000000
256 0.000000
257 0.000000
258 0.000000
259 0.000000
260 0.000000
261 0.000000
262 0.000000
263 0.000000
264 0.000000
265 0.000000
266 0.000000
267 0.000000
268 0.000000
269 0.000000
270 0.000000
271 0.000000
272 0.000000
273 0.000000
274 0.000000
275 0.000000
276 0.000000
277 0.000000
278 0.000000
279 0.000000
280 0.000000
281 0.000000
282 0.000000
283 0.000000
284 0.000000
285 0.000000
286 0.000000
287 0.000000
288 0.000000
289 0.000000
290 0.000000
291 0.000000
292 0.000000
293 0.000000
294 0.000000
295 0.000000
296 0.000000
297 0.000000
298 0.000000
299 0.000000
300 0.000000
301 0.000000
302 0.000000
303 0.000000
304 0.000000
305 0.000000
306 0.000000
307 0.000000
308 0.000000
309 0.000000
310 0.000000
311 0.000000
312 0.000000
313 0.000000
314 0.000000
315 0.000000
316 0.000000
317 0.000000
318 0.000000
319 0.000000
320 0.000000
321 0.000000
322 0.000000
323 0.000000
324 0.000000
325 0.000000
326 0.000000
327 0.000000
328 0.000000
329 0.000000
330 0.000000
331 0.000000
332 0.000000
333 0.000000
334 0.000000
335 0.000000
336 0.000000
337 0.000000
338 0.000000
339 0.000000
340 0.000000
341 0.000000
342 0.000000
343 0.000000
344 0.000000
345 0.000000
346 0.000000
347 0.000000
348 0.000000
349 0.000000
350 0.000000
351 0.000000
352 0.000000
353 0.000000
354 0.000000
355 0.000000
356 0.000000
357 0.000000
358 0.000000
359 0.000000
360 0.000000
361 0.000000
362 0.000000
363 0.000000
364 0.000000
365 0.000000
366 0.000000
367 0.000000
368 0.000000
369 0.000000
370 0.000000
371 0.000000
372 0.000000
373 0.000000
374 0.000000
375 0.000000
376 0.000000
377 0.000000
378 0.000000
379 0.000000
380 0.000000
381 0.000000
382 0.000000
383 0.000000
384 0.000000
385 0.000000
386 0.000000
387 0.000000
388 0.000000
389 0.000000
390 0.000000
391 0.000000
392 0.000000
393 0.000000
394 0.000000
395 0.000000
396 0.000000
397 0.000000
398 0.000000
399 0.000000
400 0.000000
401 0.000000
402 0.000000
403 0.000000
404 0.000000
405 0.000000
406 0.000000
407 0.000000
408 0.000000
409 0.000000
410 0.000000
411 0.000000
412 0.000000
413 0.000000
414 0.000000
415 0.000000
416 0.000000
417 0.000000
418 0.000000
419 0.000000
420 0.000000
421 0.000000
422 0.000000
423 0.000000
424 0.000000
425 0.000000
426 0.000000
427 0.000000
428 0.000000
429 0.000000
430 0.000000
431 0.000000
432 0.000000
433 0.000000
434 0.000000
435 0.000000
436 0.000000
437 0.000000
438 0.000000
439 0.000000
440 0.000000
441 0.000000
442 0.000000
443 0.000000
444 0.000000
445 0.000000
446 0.000000
447 0.000000
448 0.000000
449 0.000000
450 0.000000
451 0.000000
452 0.000000
453 0.000000
454 0.000000
455 0.000000
456 0.000000
457 0.000000
458 0.000000
459 0.000000
460 0.000000
461 0.000000
462 0.000000
463 0.000000
464 0.000000
465 0.000000
466 0.000000
467 0.000000
468 0.000000
469 0.000000
470 0.000000
471 0.000000
472 0.000000
473 0.000000
474 0.000000
475 0.000000
476 0.000000
477 0.000000
478 0.000000
479 0.000000
480 0.000000
481 0.000000
482 0.000000
483 0.000000
484 0.000000
485 0.000000
486 0.000000
487 0.000000
488 0.000000
489 0.000000
490 0.000000
491 0.000000
492 0.000000
493 0.000000
494 0.000000
495 0.000000
496 0.000000
497 0.000000
498 0.000000
499 0.000000
500 0.000000
