1 87886113.451590
2 98186170.408590
3 114959569.460799
4 120292455.453834
5 107275592.885098
6 110537360.600364
7 192349675.067234
8 155227278.781005
9 218043863.331838
10 268794641.333563
11 314313013.458141
12 364855810.564625
13 538132217.377947
14 328878047.005136
15 375503962.352843
16 691118012.924326
17 684771118.425338
18 689071237.140295
19 656246516.779757
20 1018715012.482333
21 1136196427.484630
22 1261567227.913288
23 1386356382.118828
24 1922364657.442855
25 1804403117.837980
26 1427809659.370166
27 1615824736.535679
28 1979680015.200348
29 2436687573.180101
30 2330252262.787915
31 2522023166.275074
32 2231282976.509043
33 3131970720.870389
34 2664587145.320044
35 3601876259.154591
36 2682869241.695670
37 4210903359.379544
38 4111031116.149961
39 4401987326.728246
40 5210479319.848776
41 4388013504.749424
42 4783771672.960666
43 5219592193.781216
44 4070604674.205792
45 5284063817.059312
46 4113737794.511378
47 4708385092.031600
48 4423485372.635997
49 5154217574.422526
50 4964279946.208900
51 7455698943.288671
52 5970397707.268624
53 6367028867.838771
54 8007333455.673724
55 8603827915.371599
56 10526963682.512186
57 11017728476.620157
58 10449190821.136271
59 11040004094.535423
60 7775714534.214949
61 8588801704.203889
62 8634288396.446863
63 8805216604.070036
64 9118499087.198580
65 8147994963.207335
66 8384005712.309900
67 6344828177.730965
68 6362693382.106462
69 5646331971.278203
70 7204092876.626752
71 6542091729.722576
72 8393209226.659205
73 7750532650.091267
74 8815472595.589300
75 8623462314.834431
76 7224521318.629339
77 6586344024.161212
78 6663398974.459171
79 7189647278.995866
80 6697146590.241838
81 6586510884.330079
82 8081902309.194246
83 6516109220.642560
84 6516229797.708596
85 6672005471.166560
86 6451709532.241415
87 6135029445.846297
88 7197884297.544890
89 6758070622.333292
90 5948942843.865900
91 5689290434.030095
92 5387307538.881800
93 5831423374.720053
94 4638228129.181390
95 4895422348.316856
96 6071482529.473066
97 5706350079.922729
98 5175064611.858233
99 5015358494.741642
100 5646928492.778736
101 4753715915.650728
102 3921497366.241616
103 3733418049.747579
104 3949184715.224280
105 5052390492.970338
106 4771044114.833188
107 3760537998.963589
108 4022931939.958421
109 3255726802.281688
110 3373401376.447481
111 4866932399.838842
112 4412942489.595033
113 3877808369.781830
114 3492290250.345001
115 3585473688.149127
116 4224505950.387880
117 3238851945.564990
118 3528642000.732991
119 2711736557.062382
120 3237347086.392133
121 3553939264.130970
122 2586670593.043181
123 3027541501.844184
124 3139788599.715878
125 2835747828.734751
126 2079593983.964896
127 2395539741.281536
128 2362830697.032756
129 2151747739.062352
130 2785272949.672905
131 2031972620.974508
132 2088298257.485460
133 1656166264.168486
134 2190151017.919705
135 1844044465.686337
136 1888953608.719159
137 2082992620.278471
138 1491781763.580964
139 1622587095.564690
140 1699593864.613006
141 1684900043.182787
142 1482903976.796807
143 1323142257.848128
144 1056100673.719502
145 1152770141.126992
146 997729152.054458
147 1063712989.320062
148 1000827606.261356
149 948922660.580521
150 841804181.026732
151 1028500026.168386
152 988749818.854297
153 959362725.345328
154 1046116917.718141
155 1159799297.410484
156 816170615.013170
157 921749517.325031
158 971825856.805790
159 951893589.306576
160 899374284.789181
161 822616430.588868
162 726197851.272874
163 652418503.180478
164 903774234.524412
165 804400601.807156
166 586998152.821464
167 788835880.454891
168 626207791.240203
169 631538468.816367
170 629742073.252376
171 681140632.831526
172 620116050.961819
173 635557348.357547
174 547295952.951713
175 541441955.812716
176 527169959.414473
177 520938420.271172
178 503765276.827668
179 434677907.667877
180 479837690.706043
181 432041571.737054
182 507295726.943750
183 452572547.075670
184 442249696.512950
185 336627974.332092
186 353311446.662008
187 373557500.255170
188 392209711.412847
189 291137282.728002
190 274717229.436673
191 286435765.577358
192 301886423.231438
193 235904310.127206
194 278979540.035693
195 283381307.345425
196 301002571.199217
197 255126043.942400
198 197497651.546425
199 166238054.066427
200 213790762.676921
201 178471233.984492
202 175293489.880013
203 181834815.299613
204 137103456.333226
205 153099859.102714
206 135052931.210223
207 108647786.621388
208 129728911.234459
209 158008393.376849
210 128591266.182101
211 154239241.985044
212 164015052.206581
213 142410771.231639
214 137408574.542172
215 129611254.825869
216 140182841.920123
217 134630763.923065
218 116920367.306646
219 112709153.867009
220 105673121.409695
221 116735237.804524
222 98939723.176866
223 100472019.677106
224 100236288.642047
225 101561958.169932
226 86348134.397806
227 94766485.252214
228 90484787.818975
229 95501886.857829
230 75906090.586727
231 92048558.783246
232 90328063.397639
233 84171865.519102
234 77193540.904521
235 74934186.596978
236 75169826.006262
237 68058332.479132
238 72810557.994267
239 65444127.131305
240 67292145.836857
241 61678873.401547
242 63005370.437412
243 61725398.911065
244 65553399.109896
245 62275540.087214
246 59821935.470851
247 53678443.164533
248 57534854.504848
249 51535461.893337
250 48458210.566218
251 46922825.738143
252 44043614.014648
253 40234887.657500
254 41580935.819325
255 35981996.524316
256 38070089.290471
257 39993908.375320
258 40009026.623363
259 41060003.026731
260 36154574.368604
261 36766232.050486
262 37509943.175009
263 36224602.609293
264 36894009.946726
265 38782847.359919
266 37623147.281244
267 35460626.900497
268 32417193.903711
269 31369139.623244
270 32434991.488861
271 31397952.629003
272 35480078.182213
273 29587377.623165
274 27771145.518573
275 24228603.369458
276 24796318.450594
277 20832712.516778
278 23127426.528976
279 21199406.622030
280 21890098.769826
281 21637278.494467
282 21429552.657299
283 20754219.869192
284 21612571.929383
285 21058145.744461
286 20122873.055194
287 20678997.319646
288 19029798.050584
289 20969068.923533
290 20104678.387111
291 21001765.213471
292 19355385.970090
293 18065999.236086
294 16104687.298512
295 17421538.250371
296 17453844.389591
297 16116849.309752
298 17393156.478172
299 15941166.582647
300 14913291.172443
301 15829949.806200
302 14381074.244090
303 13957551.497191
304 13706498.254217
305 13486424.873191
306 11861164.364464
307 12057543.681346
308 12316219.328507
309 12886336.597062
310 11803430.961839
311 11127857.915485
312 10626300.220757
313 10472863.051152
314 10308137.667028
315 10474433.987562
316 10098954.617547
317 9729564.246909
318 10593354.144891
319 10304437.530595
320 10119696.046682
321 10631767.351090
322 10226857.001361
323 9727842.732568
324 10002350.887572
325 9856574.950434
326 10076923.203694
327 9457761.901782
328 9401868.585363
329 8548612.129166
330 8597372.736201
331 8332302.229775
332 7736710.502897
333 7944403.775603
334 7663791.738655
335 8255067.233813
336 7682318.892302
337 7719330.105697
338 7069765.146902
339 6944701.108669
340 7019828.672836
341 6538431.672188
342 6450739.875546
343 6269114.493898
344 6752123.353788
345 6593016.749366
346 6068804.571495
347 5925504.852363
348 6087479.686562
349 5989646.018109
350 5725094.369668
351 5988879.530676
352 5694934.495047
353 5771790.397584
354 5511144.706289
355 5474795.004729
356 5435263.984437
357 5258606.533534
358 5362790.976612
359 5609385.617750
360 5409096.831542
361 5582329.342469
362 5306684.852544
363 5177731.529539
364 4739380.860126
365 4865613.311004
366 4975390.535537
367 4786842.757832
368 4415128.386273
369 4360625.507916
370 4369951.393169
371 4300159.725793
372 4220008.709534
373 3961519.827354
374 4212432.602772
375 4017006.731883
376 3768393.332121
377 3593740.270374
378 3582191.368257
379 3685068.355622
380 3852140.580062
381 3793180.087210
382 3755553.734149
383 3635972.088876
384 3717786.039326
385 3593254.577449
386 3760537.964360
387 3578244.317577
388 3538848.877722
389 3451745.551643
390 3442064.912551
391 3406863.498111
392 3483942.841929
393 3312398.166437
394 3339203.881422
395 3306559.328601
396 3185605.390559
397 3231907.057820
398 3222542.796770
399 3156721.972120
400 3151968.739553
401 2993318.096328
402 3009861.774163
403 3062089.449281
404 2871058.589247
405 2930045.589745
406 2880189.346642
407 2772533.720059
408 2789819.925939
409 2684772.133297
410 2692825.808040
411 2605166.874665
412 2595816.902395
413 2637479.636284
414 2630431.898849
415 2560200.483420
416 2551239.951422
417 2532928.798280
418 2544971.202119
419 2412359.685865
420 2469557.978614
421 2451446.839232
422 2456501.583138
423 2379695.567703
424 2392656.419996
425 2369462.048324
426 2336289.115987
427 2250353.023402
428 2276183.914519
429 2324395.356104
430 2306144.948669
431 2288775.917558
432 2233933.846637
433 2214248.453987
434 2163426.714529
435 2125871.447016
436 2087545.859404
437 2116439.383779
438 2087062.086390
439 2071482.091524
440 2009442.295726
441 1987957.011394
442 1976769.642849
443 1982232.170878
444 1954887.350579
445 1924974.785975
446 1913649.330920
447 1895972.633343
448 1878776.210419
449 1838511.978220
450 1823816.418813
451 1818610.106795
452 1786487.457418
453 1772153.431591
454 1766085.882605
455 1762843.537023
456 1739931.302428
457 1712764.252105
458 1713833.840682
459 1685133.486823
460 1698177.358748
461 1672406.629841
462 1658973.974999
463 1647171.224384
464 1628235.113087
465 1625525.424440
466 1603011.053303
467 1599901.539348
468 1593221.302009
469 1587251.955087
470 1569780.150742
471 1560354.104040
472 1553011.692065
473 1545677.767482
474 1527488.983780
475 1525332.848573
476 1511105.389176
477 1501080.297756
478 1495619.751171
479 1477891.886940
480 1474956.813497
481 1466046.007242
482 1463452.349370
483 1451220.071031
484 1448783.699651
485 1440648.464237
486 1435283.469490
487 1425812.309499
488 1420102.642981
489 1409288.312836
490 1408806.137549
491 1403652.280635
492 1397365.437273
493 1393015.308361
494 1387863.670424
495 1384040.488224
496 1381648.235747
497 1379335.488780
498 1377379.255797
499 1376277.034595
500 1375594.204931
1 61346797.936211
2 95517291.949391
3 112341656.142985
4 101039078.110806
5 139566103.745663
6 195371083.328615
7 187209463.501364
8 159721081.156701
9 224088829.071373
10 269501340.537789
11 360601782.674196
12 320494541.377334
13 394258287.781926
14 493136608.432089
15 519535773.018384
16 535642270.095434
17 794331023.110163
18 784839280.010239
19 917515729.902453
20 1159302086.096687
21 937609404.394276
22 1141747849.880048
23 1647727226.653763
24 1598393751.833355
25 1788403650.212483
26 1798004902.764960
27 2082994339.121554
28 2557427308.767494
29 2789696604.524579
30 2821770316.427632
31 2588753887.297829
32 2469364010.687453
33 2435129751.230275
34 2865302381.501639
35 2999554602.728543
36 3184322840.177961
37 3519328815.064883
38 2989973011.970276
39 2567636203.956961
40 2898968758.147138
41 3469187712.658724
42 3846445428.855578
43 3917724921.624479
44 2790097803.960351
45 4188746969.878623
46 4516606995.838914
47 4298802361.304276
48 4243419421.742914
49 3789632125.683185
50 4742795383.664828
51 3870738288.246642
52 4437621397.863355
53 5610905796.438442
54 5115150238.120506
55 7824750383.628014
56 6749047761.820970
57 5603249804.016523
58 8409774124.100208
59 6932409617.831543
60 8127393431.196362
61 7527906071.758971
62 8202021076.884766
63 5849638663.515821
64 7434749048.394187
65 8176000645.991772
66 11121186569.658712
67 7730156372.941648
68 9192251882.407793
69 7456387296.734037
70 9512871308.236290
71 7053527704.404630
72 11049640092.814928
73 9856502147.208399
74 7270947438.524028
75 8156607444.875434
76 8701193631.249582
77 7294528423.696534
78 8227815196.235579
79 7984767246.361407
80 7480885603.098652
81 8460136095.864250
82 7745860224.185169
83 7476593924.550385
84 8106119801.200445
85 8151931268.121517
86 8777508769.440102
87 9685693093.020967
88 8664223596.208305
89 7282251247.396484
90 8081420482.456962
91 8053611143.236631
92 10353180234.006937
93 10552410203.003820
94 11325475275.848907
95 9415010780.654613
96 9331863367.849688
97 10158258194.415854
98 7882449519.899517
99 5979051247.887549
100 8671911189.876373
101 9062970210.390852
102 7706172171.681820
103 7568068771.731622
104 4910886131.511185
105 6993210562.641172
106 5503218256.997548
107 6489889219.249571
108 5801862834.241194
109 6778452199.966032
110 5995367432.779918
111 5748668424.627460
112 5762900636.821185
113 6207726286.099582
114 6952471187.897794
115 6538457868.905459
116 4604441628.585515
117 5355605836.801172
118 6093365471.877344
119 4397145402.831616
120 4631559289.836230
121 4511719152.734188
122 5739808479.443375
123 4747217707.572316
124 5647377837.879927
125 5125174689.312778
126 5232391391.019209
127 4144315857.011587
128 4520520876.369590
129 5025516930.120127
130 4088698146.067087
131 4622515004.060064
132 4419446725.031907
133 4882352969.664002
134 4612297499.851946
135 3461290588.823971
136 4069763664.350543
137 4477145074.768951
138 4607579458.341669
139 4372332467.030170
140 4004858361.506796
141 4261981539.303990
142 3430086512.455943
143 3848321636.873405
144 3427942451.833848
145 3495084613.386067
146 2536491581.278370
147 2697476116.955985
148 2546686916.411538
149 2514009691.708275
150 2465461002.220251
151 2134358514.653667
152 1814764462.738733
153 1850304174.126484
154 1592831876.025591
155 1594185333.124387
156 1533047863.047050
157 1269524293.574063
158 1315093032.277766
159 1415886510.418861
160 1344818108.002850
161 1369265247.734898
162 1207550343.203496
163 1165590241.506660
164 1343538472.928779
165 1409554800.393486
166 1277810320.989613
167 1471601148.061166
168 1519933999.048184
169 1155147578.183104
170 1245548192.036906
171 1032685275.798045
172 1057351558.591246
173 914674790.260247
174 908226865.903365
175 623071013.085943
176 749044692.766791
177 689212970.097551
178 546609457.945529
179 583009840.572416
180 615887492.229714
181 635573898.334190
182 440103129.354225
183 503919791.141172
184 426395416.691927
185 386721110.557679
186 428387911.680516
187 388129416.896638
188 397300119.999710
189 338321367.513178
190 368862949.448318
191 359108302.234472
192 321708654.962334
193 315399822.143462
194 367649621.457698
195 321777746.796757
196 338067487.830968
197 223104624.258833
198 237857020.556649
199 280689767.213936
200 254884930.680903
201 227021539.321750
202 234144807.114276
203 268393040.553877
204 266159923.370034
205 222498953.116118
206 293859245.897322
207 298627355.399417
208 239698108.548919
209 204130548.571273
210 208177358.585076
211 191361735.215172
212 187601575.308814
213 200817752.385657
214 206556029.787260
215 205527237.444270
216 190176571.254013
217 175813349.618660
218 153157058.939054
219 147657666.960245
220 136389652.017845
221 129000379.436519
222 138145615.325058
223 125764989.608411
224 119454214.644297
225 114670927.296465
226 118596097.753922
227 120979801.938012
228 123962330.954144
229 116732273.468231
230 102195785.578943
231 104357950.642030
232 120108321.734977
233 93859655.574980
234 103705996.185263
235 103546951.309175
236 83799151.732385
237 83575680.093183
238 67328777.386140
239 76218359.034065
240 70451769.012006
241 68560479.417187
242 58565248.169394
243 70231724.758846
244 74770319.939828
245 81179041.247832
246 76114875.131119
247 68414192.670037
248 66878416.861893
249 66264625.606372
250 65359512.762235
251 57809907.182013
252 60023505.579734
253 58691862.637411
254 51788299.565523
255 49939088.097742
256 58422936.285754
257 56194130.712341
258 51772422.613612
259 51287300.734406
260 46713224.149726
261 50821067.184840
262 49228032.841134
263 46598176.594800
264 46556345.727426
265 43561416.774426
266 40908148.983132
267 40752867.962861
268 43454720.351398
269 40581748.957815
270 34352701.924875
271 36581667.173807
272 37147481.105839
273 32635868.809901
274 31984009.654261
275 34073321.984841
276 32950237.471937
277 32220034.018932
278 29139004.282397
279 26132556.211263
280 27615910.117526
281 27566120.280988
282 26775689.042480
283 29262758.294432
284 25977130.697958
285 24650443.306433
286 27792211.701237
287 23042332.903618
288 26076165.838168
289 24892847.414972
290 23284238.769755
291 22952634.998507
292 22070119.276003
293 23250259.633907
294 22407274.432845
295 23178021.471451
296 22526294.808089
297 22634739.231881
298 20458934.893022
299 21005815.270286
300 19060434.384841
301 17087729.954946
302 16040600.221386
303 16273568.180867
304 15971810.585097
305 15666221.894896
306 14779974.569765
307 13493244.028372
308 14035655.165666
309 12803500.877248
310 13640650.489742
311 14090538.520103
312 12036506.422205
313 12031434.285555
314 12660507.351668
315 11850472.111297
316 12668352.076857
317 11976085.441050
318 11700519.890978
319 11629690.380872
320 10801246.585673
321 10852193.192243
322 10991760.732225
323 9968105.032270
324 9470697.532604
325 9147892.114727
326 9485607.663190
327 8837882.875606
328 9477041.281710
329 9257375.942675
330 8743180.956933
331 8493053.441856
332 8606144.343088
333 8168699.456851
334 8225152.183811
335 8329174.271236
336 8493582.602204
337 8217885.503807
338 7995774.228663
339 7595104.725353
340 7577475.799923
341 7321410.557307
342 6902829.900237
343 6458777.538749
344 6562377.630168
345 6512190.276798
346 6560059.180971
347 6434660.764019
348 6296002.697126
349 5760875.060210
350 6200974.373606
351 5877324.678388
352 5946742.116222
353 5861944.051647
354 5370817.533561
355 5523151.232554
356 5317729.304493
357 5376691.581605
358 5256059.524714
359 5581157.931080
360 5190805.665444
361 5526883.990911
362 5170247.170198
363 5123714.889090
364 5135844.491389
365 4851390.899798
366 4836594.529888
367 4694218.423274
368 4577613.679424
369 4686656.551643
370 4677076.882943
371 4712138.073125
372 4307704.257800
373 4271802.703542
374 4152419.489919
375 4140988.457266
376 4058706.514530
377 4176279.675192
378 3989662.158973
379 4051107.237168
380 3907781.628615
381 3869720.834168
382 3613226.183513
383 3656324.927987
384 3378685.977078
385 3272979.250759
386 3329658.490171
387 3276167.633549
388 3366438.598632
389 3265715.551841
390 3238910.313999
391 3081262.136175
392 3195245.660394
393 3183557.944774
394 3123186.871366
395 3041170.454771
396 2972629.603276
397 2908346.913307
398 2927728.394176
399 2839991.822896
400 2854477.826137
401 2761467.388457
402 2782126.173843
403 2738230.878994
404 2738517.444849
405 2718020.715305
406 2769941.044532
407 2715569.659946
408 2666204.992139
409 2623704.755791
410 2655011.874645
411 2526376.773635
412 2500384.150876
413 2477016.508024
414 2384673.873516
415 2402154.563397
416 2343229.826959
417 2289393.273629
418 2234266.268341
419 2221027.764157
420 2165624.288192
421 2198793.106823
422 2144978.058569
423 2119783.393241
424 2112135.225323
425 2097590.100627
426 2081138.034986
427 2062233.764690
428 2054701.472171
429 2023307.770661
430 2031996.975702
431 1967416.937692
432 1943006.583519
433 1906973.164127
434 1882159.958884
435 1841331.228612
436 1804361.361964
437 1788996.739319
438 1768450.896206
439 1757986.956780
440 1705896.109912
441 1694295.624006
442 1683827.087871
443 1694318.571752
444 1657038.659488
445 1642597.228910
446 1630123.666627
447 1594818.893097
448 1596562.170604
449 1585489.802327
450 1553030.526489
451 1532406.544511
452 1526279.449204
453 1513913.863061
454 1510408.253643
455 1501259.982967
456 1480752.317040
457 1476955.421087
458 1461734.941256
459 1443080.993948
460 1416819.444180
461 1411547.310308
462 1392119.297620
463 1364828.252579
464 1354587.877024
465 1341239.238458
466 1336159.358659
467 1322732.433195
468 1318887.116396
469 1310894.466326
470 1298367.607060
471 1281365.037930
472 1277268.400715
473 1267015.781344
474 1260524.386799
475 1251303.719788
476 1244668.535582
477 1240832.785810
478 1230897.811498
479 1222283.433580
480 1213038.141840
481 1207617.700384
482 1201163.976976
483 1196033.166259
484 1191125.083833
485 1183125.149972
486 1180190.026730
487 1172970.360694
488 1168416.878781
489 1163573.397457
490 1159610.549144
491 1153977.089946
492 1149683.043667
493 1146646.502487
494 1144223.001229
495 1141670.461983
496 1139152.309109
497 1137602.183218
498 1136098.008830
499 1134852.123543
500 1134398.874003
