1 3892710.936041
2 6494639.339236
3 5132552.202518
4 6599377.520642
5 6974805.491420
6 6916302.510539
7 8451706.148442
8 10686712.006472
9 10166031.296337
10 11010166.896704
11 17901506.980853
12 16177814.563079
13 17025113.721354
14 18314279.406237
15 22579789.254983
16 25570751.678385
17 20238231.422031
18 21742508.175768
19 30731021.828519
20 29797222.844141
21 26726210.320475
22 29695589.745433
23 30986144.995302
24 27413253.151009
25 28870621.562340
26 28503431.138481
27 31745199.165891
28 27737816.558493
29 22427777.753371
30 28012660.451230
31 30129562.627597
32 30209445.606176
33 29977661.124695
34 28271156.019217
35 23591512.029906
36 30722273.637878
37 41257145.286097
38 30517680.401048
39 30592562.040644
40 31189452.461801
41 30148969.298323
42 31234413.915852
43 29065027.266330
44 27726594.328100
45 26143055.581339
46 30648167.134714
47 34484049.957828
48 23595009.072526
49 24816500.031696
50 23059171.605769
51 16294980.498057
52 18589839.819160
53 14924126.610422
54 20727265.301598
55 22675185.186843
56 21798951.554514
57 19430007.030204
58 16890670.089567
59 19498568.420015
60 15365964.670435
61 15333409.588855
62 13781131.569901
63 14826409.829750
64 17082497.978099
65 16205646.946882
66 16207188.655088
67 13205046.415922
68 16227471.684746
69 15382539.630948
70 14627265.612546
71 10689596.031808
72 13532021.769221
73 13160999.737804
74 9234678.548079
75 10245213.228015
76 7547289.073815
77 8413247.920266
78 9141905.533354
79 6778010.969868
80 9020438.661280
81 8754737.760332
82 8249025.763866
83 8289867.014914
84 8413272.104192
85 9583403.328983
86 7488155.965888
87 7801300.164913
88 9260700.530113
89 7227955.747699
90 4494823.994697
91 5922868.101381
92 4354093.598440
93 5463976.362944
94 4214017.831267
95 5618229.129468
96 5951875.365150
97 5013879.624369
98 4721809.131467
99 4272759.616496
100 3608659.361776
101 3359598.768850
102 2987095.869945
103 3038682.161182
104 2510864.875798
105 2606581.259884
106 2906125.334144
107 2613817.935577
108 2275681.778931
109 1823130.234268
110 2017015.058155
111 1963333.304497
112 1893759.092293
113 1787479.978782
114 1337123.760406
115 1666546.845075
116 1363848.071753
117 1660675.676537
118 1509185.599823
119 1036740.439498
120 920860.818293
121 725479.321602
122 589504.502400
123 675308.072962
124 639782.902248
125 569453.475639
126 632391.661160
127 669901.546758
128 582654.997734
129 543313.523308
130 488141.918791
131 389509.144037
132 421157.639572
133 410894.603739
134 324284.284603
135 338804.061292
136 274588.263069
137 267694.512807
138 220446.857200
139 247763.172367
140 183562.855569
141 199676.639686
142 152667.037801
143 186710.252082
144 159688.910677
145 208090.371677
146 195133.371375
147 194984.498288
148 157343.575668
149 162218.852902
150 171620.792560
151 195269.786180
152 134854.222955
153 125205.700847
154 137822.662429
155 136218.921426
156 99324.251720
157 124268.441684
158 102792.118207
159 77342.030199
160 69507.694129
161 67148.244114
162 81327.550608
163 79518.778902
164 69348.447979
165 76171.132592
166 70410.337980
167 67024.567989
168 61150.956353
169 56697.280686
170 61891.878625
171 53294.038285
172 44851.073451
173 37646.336180
174 40930.189081
175 46191.519530
176 36850.130177
177 31330.779973
178 33112.220525
179 26555.742311
180 29296.272167
181 28117.800994
182 25623.043381
183 22992.295586
184 27445.002945
185 24049.303066
186 22126.038081
187 20306.242748
188 18303.357941
189 15718.225562
190 16907.194681
191 13369.170690
192 12324.856601
193 12040.296222
194 10381.288247
195 10472.485241
196 9624.166990
197 9737.672758
198 8875.298411
199 8560.908802
200 8406.852897
201 6942.704043
202 5854.054349
203 6902.995884
204 5822.027445
205 5441.570802
206 4700.544333
207 5482.505635
208 5681.693413
209 5253.607692
210 4294.430624
211 4052.757938
212 4659.514978
213 3847.055971
214 3748.757773
215 3200.801237
216 3293.819026
217 3202.509076
218 3082.194191
219 2549.843608
220 2545.806613
221 2423.897059
222 2684.811534
223 2321.286624
224 2565.305577
225 2194.853798
226 2354.826587
227 2164.469165
228 1627.646951
229 1775.371062
230 1797.159750
231 1644.790790
232 1503.918403
233 1565.756809
234 1445.098661
235 1383.217267
236 1205.821385
237 1160.510380
238 1269.678126
239 1277.446332
240 1101.854149
241 994.679957
242 967.348480
243 958.974427
244 992.423933
245 890.537130
246 830.335074
247 795.509654
248 764.405079
249 723.515633
250 762.376546
251 664.130222
252 649.705800
253 643.397818
254 556.592791
255 565.046343
256 571.453814
257 523.722227
258 524.414519
259 514.995723
260 511.790700
261 484.821319
262 468.043040
263 469.746769
264 411.618351
265 465.294887
266 434.705916
267 427.551428
268 408.452973
269 369.295421
270 350.814553
271 386.929018
272 366.360172
273 364.897629
274 386.361770
275 353.597087
276 343.006065
277 317.335465
278 288.852389
279 292.583997
280 276.000803
281 268.901658
282 288.251404
283 284.297422
284 259.227646
285 248.704186
286 243.149664
287 237.410489
288 210.059803
289 212.669898
290 212.088383
291 199.388065
292 198.451052
293 187.215752
294 188.435039
295 167.896285
296 164.882499
297 163.916159
298 147.031075
299 149.594204
300 156.302199
301 151.140162
302 144.695656
303 137.737909
304 127.903397
305 124.673816
306 114.641930
307 116.706753
308 108.461393
309 111.136318
310 101.390149
311 101.218827
312 93.053162
313 92.090491
314 82.789618
315 79.102424
316 79.768760
317 74.901254
318 76.237860
319 72.942808
320 71.927110
321 69.229441
322 64.379080
323 66.877578
324 60.803007
325 63.462920
326 62.315229
327 57.956159
328 59.192276
329 61.565516
330 55.641776
331 57.841028
332 56.512525
333 57.020603
334 55.628751
335 54.809573
336 52.315005
337 51.490672
338 51.681274
339 47.956908
340 46.367507
341 44.945270
342 43.962372
343 43.097339
344 42.815404
345 41.499927
346 40.915350
347 40.098407
348 39.143857
349 36.421385
350 36.431594
351 34.966494
352 33.389814
353 34.076425
354 33.335748
355 32.490059
356 30.736424
357 29.882729
358 30.227334
359 30.634196
360 27.455610
361 29.390512
362 28.113102
363 27.896884
364 27.242072
365 26.516018
366 26.018071
367 26.235412
368 25.204431
369 23.433846
370 24.104414
371 24.561310
372 23.834983
373 23.691384
374 21.906128
375 22.479148
376 22.946733
377 21.341083
378 21.575279
379 20.625640
380 20.215612
381 20.323028
382 20.062467
383 19.903599
384 19.795536
385 19.913662
386 19.018371
387 19.542862
388 18.795689
389 17.868325
390 17.541491
391 17.359186
392 16.677892
393 16.448067
394 16.473057
395 16.231558
396 16.228470
397 15.919189
398 15.394382
399 14.898386
400 14.877959
401 14.792653
402 14.452345
403 14.397578
404 14.319327
405 13.804706
406 13.491645
407 13.210892
408 13.303826
409 12.864717
410 12.505418
411 12.562971
412 12.300135
413 12.052799
414 11.939618
415 11.579487
416 11.501544
417 11.484912
418 11.216051
419 10.934461
420 10.934688
421 10.520820
422 10.625911
423 10.360670
424 10.253128
425 10.219875
426 10.051591
427 9.655450
428 9.720616
429 9.631281
430 9.511805
431 9.458989
432 9.344592
433 9.118804
434 8.970062
435 8.847570
436 8.679558
437 8.632352
438 8.487733
439 8.378164
440 8.335510
441 8.233831
442 8.057894
443 8.037732
444 7.872816
445 7.880775
446 7.753238
447 7.646239
448 7.580914
449 7.503050
450 7.358673
451 7.319394
452 7.268139
453 7.171104
454 7.071962
455 6.963618
456 6.927132
457 6.879340
458 6.865361
459 6.815438
460 6.765031
461 6.699190
462 6.601802
463 6.582674
464 6.503343
465 6.470132
466 6.420953
467 6.367906
468 6.317702
469 6.255227
470 6.193209
471 6.126860
472 6.106727
473 6.046412
474 5.983977
475 5.960160
476 5.909250
477 5.868726
478 5.833838
479 5.796097
480 5.761134
481 5.729223
482 5.698362
483 5.674505
484 5.649106
485 5.621299
486 5.591223
487 5.561385
488 5.523390
489 5.501391
490 5.484994
491 5.464621
492 5.448039
493 5.427759
494 5.417224
495 5.405314
496 5.394750
497 5.386820
498 5.380791
499 5.374947
500 5.373304
