1 4396726.683415
2 9890431.963439
3 20045519.023737
4 43669891.893472
5 63708631.305917
6 113852903.204656
7 144598780.975484
8 261529270.800633
9 454039120.610970
10 592701756.725263
11 1113250861.162820
12 1774339941.001599
13 2235675581.574890
14 2912763531.066588
15 4421071481.273026
16 4683141255.013216
17 7427024377.326760
18 3685889159.123775
19 8749970941.709593
20 13498748426.737339
21 20035433738.202641
22 24087336851.667156
23 22912787615.339401
24 60042636095.928261
25 70087394727.945114
26 73665071543.240753
27 160829208590.697876
28 249165059162.767914
29 357976178645.669922
30 384312653185.653442
31 551085890860.561768
32 432877678728.686646
33 620862072973.319946
34 1024057955420.379272
35 1303378515039.743164
36 1599612357223.337158
37 2828984055102.305664
38 2747603780756.572266
39 3113354672656.803711
40 3571253354753.385254
41 4867915981036.294922
42 7895911446590.847656
43 9493441382186.234375
44 11889067296327.257812
45 14066486107602.476562
46 16511376179088.933594
47 18695853089372.511719
48 14501414867834.728516
49 25723876732665.410156
50 29345448486994.667969
51 35443137118351.007812
52 37310155392306.070312
53 40001684475414.109375
54 29767801735695.796875
55 54907521497869.117188
56 59955718410250.031250
57 98918769695176.296875
58 108718496128091.968750
59 121736329077373.984375
60 200087534097473.843750
61 143435383805994.750000
62 199366919443913.406250
63 295289009495347.312500
64 348306801209339.062500
65 422655976919604.187500
66 682338994911668.125000
67 1024334210764918.875000
68 1153101237936403.000000
69 1196569382509745.250000
70 1450035359291641.750000
71 1430176079618999.750000
72 1664080328767111.000000
73 3089336592656096.000000
74 4095426858036741.000000
75 4314725738589502.000000
76 5429728506082031.000000
77 5939393284514488.000000
78 6410486110425564.000000
79 6859007455919278.000000
80 8695833063508189.000000
81 11736830369360120.000000
82 8611205117301622.000000
83 6509770029342842.000000
84 14481364608310448.000000
85 10692445493077938.000000
86 10554236697199552.000000
87 9027888229875376.000000
88 10864660628442054.000000
89 13392372021828836.000000
90 12124665644817472.000000
91 10517194935129700.000000
92 14463452402486324.000000
93 14734454713877858.000000
94 13554629466491404.000000
95 12650978146109954.000000
96 13813889203635040.000000
97 15135890411811444.000000
98 16446504414946490.000000
99 18628363360055316.000000
100 17485393141284772.000000
101 34902949554175284.000000
102 21504674791900676.000000
103 17001345439069272.000000
104 18115091180541960.000000
105 28118586675230816.000000
106 22638778730864896.000000
107 20308450431802664.000000
108 16524254772992158.000000
109 23465653942273552.000000
110 25472734590253676.000000
111 38528192543175520.000000
112 39836479658832480.000000
113 34173447885036452.000000
114 34504513089066868.000000
115 29295424928786124.000000
116 24767849910630212.000000
117 27958824108828264.000000
118 32419457489525436.000000
119 16225411469992212.000000
120 11973832867296470.000000
121 12127906660291018.000000
122 14468560337543576.000000
123 21308050232860728.000000
124 12825157102076182.000000
125 12306048759938270.000000
126 9674554799304654.000000
127 10771050575665688.000000
128 9846923303921092.000000
129 8752339029705280.000000
130 7398315171778873.000000
131 5895143642715485.000000
132 5971477444210444.000000
133 6459781487762836.000000
134 5913568205933442.000000
135 5002222606478295.000000
136 4806454120270884.000000
137 3219937233963410.500000
138 1796470727435521.000000
139 1146520036103536.250000
140 1351978344200743.250000
141 1088551948202272.750000
142 1221233026850315.750000
143 941989593836887.750000
144 881552947018122.750000
145 936815229473128.500000
146 838758233852829.125000
147 593111294011540.750000
148 535941606042643.187500
149 666179377082458.625000
150 491938570004906.000000
151 354874778477468.000000
152 313960843400798.437500
153 187850398245050.531250
154 151375255325142.875000
155 100830656486365.781250
156 67606495394745.835938
157 55637041445653.312500
158 75579519694011.031250
159 39280642785850.710938
160 52346864260333.859375
161 34163424564471.785156
162 23005295406079.628906
163 19534505777790.511719
164 19001847703075.621094
165 17970238877771.937500
166 12855005759471.169922
167 9026821960012.369141
168 8541915494819.886719
169 7389790677558.566406
170 6306371093486.740234
171 4213300640297.618164
172 4093684741621.867188
173 2899920822547.687988
174 2282716498871.360840
175 1288124676602.266357
176 771740066050.768311
177 716766478887.391479
178 281211391586.701416
179 248330645321.283966
180 137903905781.923737
181 141305108051.813324
182 85282014189.900955
183 91930631953.548203
184 76959608831.832275
185 46962182266.916748
186 42801890087.655876
187 24894233742.861725
188 20919050038.246971
189 13377518218.384146
190 8180487800.624858
191 4412004583.236750
192 4507120133.326564
193 3816858816.624666
194 3112179778.930257
195 1759677859.519834
196 1288851204.841624
197 820464478.969602
198 715881201.770464
199 571013866.141952
200 327062018.854237
201 226271133.925696
202 159134913.773769
203 115464627.614176
204 89282562.615779
205 55028153.438666
206 33815239.128444
207 33230424.918863
208 19671155.343282
209 13543322.576944
210 7139321.374940
211 3982270.547661
212 3661383.943023
213 2011421.506705
214 1464019.034059
215 1157642.649206
216 805583.828743
217 507124.768300
218 378766.057457
219 209894.672443
220 169547.616687
221 131214.322483
222 104031.080027
223 49424.740162
224 33730.529399
225 32919.571249
226 21948.979628
227 12145.250173
228 9312.946189
229 5385.133098
230 3359.746542
231 2053.037057
232 1213.662346
233 706.116524
234 565.561382
235 247.401357
236 209.883340
237 104.611215
238 86.688548
239 54.807726
240 36.660646
241 20.988527
242 11.979717
243 7.581648
244 4.331886
245 3.340500
246 2.027601
247 1.362313
248 0.990443
249 0.606037
250 0.387794
251 0.243025
252 0.175103
253 0.083091
254 0.050689
255 0.029299
256 0.020461
257 0.008884
258 0.004703
259 0.002517
260 0.001764
261 0.001126
262 0.000759
263 0.000404
264 0.000287
265 0.000182
266 0.000140
267 0.000094
268 0.000071
269 0.000039
270 0.000020
271 0.000011
272 0.000008
273 0.000005
274 0.000003
275 0.000002
276 0.000001
277 0.000001
278 0.000000
279 0.000000
280 0.000000
281 0.000000
282 0.000000
283 0.000000
284 0.000000
285 0.000000
286 0.000000
287 0.000000
288 0.000000
289 0.000000
290 0.000000
291 0.000000
292 0.000000
293 0.000000
294 0.000000
295 0.000000
296 0.000000
297 0.000000
298 0.000000
299 0.000000
300 0.000000
301 0.000000
302 0.000000
303 0.000000
304 0.000000
305 0.000000
306 0.000000
307 0.000000
308 0.000000
309 0.000000
310 0.000000
311 0.000000
312 0.000000
313 0.000000
314 0.000000
315 0.000000
316 0.000000
317 0.000000
318 0.000000
319 0.000000
320 0.000000
321 0.000000
322 0.000000
323 0.000000
324 0.000000
325 0.000000
326 0.000000
327 0.000000
328 0.000000
329 0.000000
330 0.000000
331 0.000000
332 0.000000
333 0.000000
334 0.000000
335 0.000000
336 0.000000
337 0.000000
338 0.000000
339 0.000000
340 0.000000
341 0.000000
342 0.000000
343 0.000000
344 0.000000
345 0.000000
346 0.000000
347 0.000000
348 0.000000
349 0.000000
350 0.000000
351 0.000000
352 0.000000
353 0.000000
354 0.000000
355 0.000000
356 0.000000
357 0.000000
358 0.000000
359 0.000000
360 0.000000
361 0.000000
362 0.000000
363 0.000000
364 0.000000
365 0.000000
366 0.000000
367 0.000000
368 0.000000
369 0.000000
370 0.000000
371 0.000000
372 0.000000
373 0.000000
374 0.000000
375 0.000000
376 0.000000
377 0.000000
378 0.000000
379 0.000000
380 0.000000
381 0.000000
382 0.000000
383 0.000000
384 0.000000
385 0.000000
386 0.000000
387 0.000000
388 0.000000
389 0.000000
390 0.000000
391 0.000000
392 0.000000
393 0.000000
394 0.000000
395 0.000000
396 0.000000
397 0.000000
398 0.000000
399 0.000000
400 0.000000
401 0.000000
402 0.000000
403 0.000000
404 0.000000
405 0.000000
406 0.000000
407 0.000000
408 0.000000
409 0.000000
410 0.000000
411 0.000000
412 0.000000
413 0.000000
414 0.000000
415 0.000000
416 0.000000
417 0.000000
418 0.000000
419 0.000000
420 0.000000
421 0.000000
422 0.000000
423 0.000000
424 0.000000
425 0.000000
426 0.000000
427 0.000000
428 0.000000
429 0.000000
430 0.000000
431 0.000000
432 0.000000
433 0.000000
434 0.000000
435 0.000000
436 0.000000
437 0.000000
438 0.000000
439 0.000000
440 0.000000
441 0.000000
442 0.000000
443 0.000000
444 0.000000
445 0.000000
446 0.000000
447 0.000000
448 0.000000
449 0.000000
450 0.000000
451 0.000000
452 0.000000
453 0.000000
454 0.000000
455 0.000000
456 0.000000
457 0.000000
458 0.000000
459 0.000000
460 0.000000
461 0.000000
462 0.000000
463 0.000000
464 0.000000
465 0.000000
466 0.000000
467 0.000000
468 0.000000
469 0.000000
470 0.000000
471 0.000000
472 0.000000
473 0.000000
474 0.000000
475 0.000000
476 0.000000
477 0.000000
478 0.000000
479 0.000000
480 0.000000
481 0.000000
482 0.000000
483 0.000000
484 0.000000
485 0.000000
486 0.000000
487 0.000000
488 0.000000
489 0.000000
490 0.000000
491 0.000000
492 0.000000
493 0.000000
494 0.000000
495 0.000000
496 0.000000
497 0.000000
498 0.000000
499 0.000000
500 0.000000
