1 inf
2 inf
3 inf
4 inf
5 inf
6 inf
7 inf
8 inf
9 inf
10 20681214176521444531455399724188830499843325936593442519380874913219902770690967215711905660464649325462230727923690390780846357521995490561719526172712688420696505132778225482714936369325549454365870187252187510613549899686600784281447436382296268073427248232028700672.000000
11 347860012605520277150320471489884374445170619824086400288165995953691019979590406034776171159716728684124591588727025485660490713340674581564680088524972164870392032502859390356501516269453605337973334481029765791744.000000
12 17752102383726752882133280018591695353224145457163091464082792198402960935896996590208234257209740808092943545148493203696135602558836293147464309561990994296809149297590272.000000
13 162541628542242093734417198962172443345472638328896908278971999076880447928569415183971724530805418804127989760.000000
14 371137646558213548241950165462628609120710686464926866735104.000000
15 3784734832.340075
16 8758.679930
17 8006.755712
18 8613.566058
19 10011.354263
20 8987.880344
21 7233.301685
22 6727.211453
23 4813.390783
24 3784.496222
25 2857.427330
26 2378.372403
27 1541.382261
28 1520.150007
29 1164.886326
30 808.534611
31 703.564030
32 545.975756
33 503.795361
34 366.799010
35 357.697548
36 275.627497
37 186.308695
38 152.013954
39 159.658097
40 161.284765
41 137.113176
42 78.124665
43 52.021797
44 47.032520
45 33.200417
46 26.131308
47 14.852791
48 5.140884
49 6.182609
50 4.701241
51 4.071043
52 3.736095
53 3.050001
54 2.738234
55 2.337683
56 1.562667
57 0.742258
58 0.699476
59 0.497031
60 0.671736
61 0.389919
62 0.375606
63 0.383514
64 0.417830
65 0.253156
66 0.258118
67 0.207851
68 0.190430
69 0.190472
70 0.168610
71 0.176753
72 0.159224
73 0.152716
74 0.137088
75 0.108996
76 0.087886
77 0.074738
78 0.065411
79 0.055632
80 0.041444
81 0.033503
82 0.023880
83 0.018745
84 0.017951
85 0.011209
86 0.008268
87 0.006589
88 0.005918
89 0.003690
90 0.002747
91 0.002765
92 0.001722
93 0.001139
94 0.000841
95 0.000638
96 0.000516
97 0.000478
98 0.000393
99 0.000354
100 0.000293
101 0.000204
102 0.000151
103 0.000107
104 0.000084
105 0.000065
106 0.000062
107 0.000053
108 0.000049
109 0.000046
110 0.000039
111 0.000035
112 0.000027
113 0.000022
114 0.000019
115 0.000015
116 0.000012
117 0.000009
118 0.000008
119 0.000007
120 0.000005
121 0.000004
122 0.000003
123 0.000003
124 0.000002
125 0.000002
126 0.000001
127 0.000001
128 0.000001
129 0.000001
130 0.000001
131 0.000000
132 0.000000
133 0.000000
134 0.000000
135 0.000000
136 0.000000
137 0.000000
138 0.000000
139 0.000000
140 0.000000
141 0.000000
142 0.000000
143 0.000000
144 0.000000
145 0.000000
146 0.000000
147 0.000000
148 0.000000
149 0.000000
150 0.000000
151 0.000000
152 0.000000
153 0.000000
154 0.000000
155 0.000000
156 0.000000
157 0.000000
158 0.000000
159 0.000000
160 0.000000
161 0.000000
162 0.000000
163 0.000000
164 0.000000
165 0.000000
166 0.000000
167 0.000000
168 0.000000
169 0.000000
170 0.000000
171 0.000000
172 0.000000
173 0.000000
174 0.000000
175 0.000000
176 0.000000
177 0.000000
178 0.000000
179 0.000000
180 0.000000
181 0.000000
182 0.000000
183 0.000000
184 0.000000
185 0.000000
186 0.000000
187 0.000000
188 0.000000
189 0.000000
190 0.000000
191 0.000000
192 0.000000
193 0.000000
194 0.000000
195 0.000000
196 0.000000
197 0.000000
198 0.000000
199 0.000000
200 0.000000
201 0.000000
202 0.000000
203 0.000000
204 0.000000
205 0.000000
206 0.000000
207 0.000000
208 0.000000
209 0.000000
210 0.000000
211 0.000000
212 0.000000
213 0.000000
214 0.000000
215 0.000000
216 0.000000
217 0.000000
218 0.000000
219 0.000000
220 0.000000
221 0.000000
222 0.000000
223 0.000000
224 0.000000
225 0.000000
226 0.000000
227 0.000000
228 0.000000
229 0.000000
230 0.000000
231 0.000000
232 0.000000
233 0.000000
234 0.000000
235 0.000000
236 0.000000
237 0.000000
238 0.000000
239 0.000000
240 0.000000
241 0.000000
242 0.000000
243 0.000000
244 0.000000
245 0.000000
246 0.000000
247 0.000000
248 0.000000
249 0.000000
250 0.000000
251 0.000000
252 0.000000
253 0.000000
254 0.000000
255 0.000000
256 0.000000
257 0.000000
258 0.000000
259 0.000000
260 0.000000
261 0.000000
262 0.000000
263 0.000000
264 0.000000
265 0.000000
266 0.000000
267 0.000000
268 0.000000
269 0.000000
270 0.000000
271 0.000000
272 0.000000
273 0.000000
274 0.000000
275 0.000000
276 0.000000
277 0.000000
278 0.000000
279 0.000000
280 0.000000
281 0.000000
282 0.000000
283 0.000000
284 0.000000
285 0.000000
286 0.000000
287 0.000000
288 0.000000
289 0.000000
290 0.000000
291 0.000000
292 0.000000
293 0.000000
294 0.000000
295 0.000000
296 0.000000
297 0.000000
298 0.000000
299 0.000000
300 0.000000
301 0.000000
302 0.000000
303 0.000000
304 0.000000
305 0.000000
306 0.000000
307 0.000000
308 0.000000
309 0.000000
310 0.000000
311 0.000000
312 0.000000
313 0.000000
314 0.000000
315 0.000000
316 0.000000
317 0.000000
318 0.000000
319 0.000000
320 0.000000
321 0.000000
322 0.000000
323 0.000000
324 0.000000
325 0.000000
326 0.000000
327 0.000000
328 0.000000
329 0.000000
330 0.000000
331 0.000000
332 0.000000
333 0.000000
334 0.000000
335 0.000000
336 0.000000
337 0.000000
338 0.000000
339 0.000000
340 0.000000
341 0.000000
342 0.000000
343 0.000000
344 0.000000
345 0.000000
346 0.000000
347 0.000000
348 0.000000
349 0.000000
350 0.000000
351 0.000000
352 0.000000
353 0.000000
354 0.000000
355 0.000000
356 0.000000
357 0.000000
358 0.000000
359 0.000000
360 0.000000
361 0.000000
362 0.000000
363 0.000000
364 0.000000
365 0.000000
366 0.000000
367 0.000000
368 0.000000
369 0.000000
370 0.000000
371 0.000000
372 0.000000
373 0.000000
374 0.000000
375 0.000000
376 0.000000
377 0.000000
378 0.000000
379 0.000000
380 0.000000
381 0.000000
382 0.000000
383 0.000000
384 0.000000
385 0.000000
386 0.000000
387 0.000000
388 0.000000
389 0.000000
390 0.000000
391 0.000000
392 0.000000
393 0.000000
394 0.000000
395 0.000000
396 0.000000
397 0.000000
398 0.000000
399 0.000000
400 0.000000
401 0.000000
402 0.000000
403 0.000000
404 0.000000
405 0.000000
406 0.000000
407 0.000000
408 0.000000
409 0.000000
410 0.000000
411 0.000000
412 0.000000
413 0.000000
414 0.000000
415 0.000000
416 0.000000
417 0.000000
418 0.000000
419 0.000000
420 0.000000
421 0.000000
422 0.000000
423 0.000000
424 0.000000
425 0.000000
426 0.000000
427 0.000000
428 0.000000
429 0.000000
430 0.000000
431 0.000000
432 0.000000
433 0.000000
434 0.000000
435 0.000000
436 0.000000
437 0.000000
438 0.000000
439 0.000000
440 0.000000
441 0.000000
442 0.000000
443 0.000000
444 0.000000
445 0.000000
446 0.000000
447 0.000000
448 0.000000
449 0.000000
450 0.000000
451 0.000000
452 0.000000
453 0.000000
454 0.000000
455 0.000000
456 0.000000
457 0.000000
458 0.000000
459 0.000000
460 0.000000
461 0.000000
462 0.000000
463 0.000000
464 0.000000
465 0.000000
466 0.000000
467 0.000000
468 0.000000
469 0.000000
470 0.000000
471 0.000000
472 0.000000
473 0.000000
474 0.000000
475 0.000000
476 0.000000
477 0.000000
478 0.000000
479 0.000000
480 0.000000
481 0.000000
482 0.000000
483 0.000000
484 0.000000
485 0.000000
486 0.000000
487 0.000000
488 0.000000
489 0.000000
490 0.000000
491 0.000000
492 0.000000
493 0.000000
494 0.000000
495 0.000000
496 0.000000
497 0.000000
498 0.000000
499 0.000000
500 0.000000
