1 inf
2 inf
3 inf
4 inf
5 inf
6 inf
7 inf
8 inf
9 inf
10 inf
11 inf
12 inf
13 inf
14 inf
15 inf
16 inf
17 inf
18 inf
19 30571819168995820218247253425651135991056794877955889431615229923890095350962236894969183256580354962776540708525279010541486746539533530466449019705805360183770516295204607643861229640294449439038667937144764390237389382011684251139846054670192563268202753777902845413662090467745608345010272907574196043776.000000
20 1350303726679756528983645557243294836445205338965688211265946030838785649321746341545218044582586579582467952799804823966364995477706103153234965505000222281749768731153511701012358560348605793576411424765713938357114666671311634257589779261984001305031592202821549789801945079126033562632978432.000000
21 2291686450958254171064278453898149730846274388233773971060281705934245535941052631823282671977247259249752800478219899994579169674075746975483373208984612216957826857741028007399604177375846799590687494054694976727624537324313393027284970318561747363727358769636195601596668706816.000000
22 41232713998686254203593052303646313199560436905901720277557914350237210870188073455339877528393242687679194217180774315380627459590797183838778454091081800365641122452517977589033638922580465144725675954862329575529809505240848649167061803338176187148850663902136018080366592.000000
23 387828723271182610806026804059435456171583909890210829838286953513936707356382549317517454534924095725848641533200173351174203485791407340524969006122766263478261361976374726074104579945625546196398646879744207773859174865543089408567553784009938573332149084832661504.000000
24 45457809904323007127356088465164713604503121455204885065402230224634617701141734605819029158663013806085230705806109358859215219165139318350791816174870162096938702535322804408255837035135832351773287761702373104715662318756389157914998834192937089235985367040.000000
25 45149841483042283029327850243425624856403539469451451851331255235903608797768457901605549714352397421386691483339416350697757525513674564808381662915198036161873223800660517784088648578095822763013651808086405308892624466857393291865123708054800433152.000000
26 16447231073911943446055299693181962397251041192609073689044635211874849155210480720372637704297949459983186621530967997936143751684748372573142801312588349102878577102304704477386312388357462856772394276273800435437534183114403913897345024.000000
27 100114744518257772648380666645987313478907120252861531395714379654354068422761900677278669172399413692880574461977811177785887303365693824619044605147305529332069811117094234448121632961583302909565064420297504911705168007647487066078445568.000000
28 4248047965346419561316379214836948478784882515267574727742235114305141318054113557089143772820006756171396937769760712074217895305979646876069073702068132653670872832357677551630428194231299643765748830260773015475072812721521159045120.000000
29 215020306451034981729115417883501530436142789857693769057470395339684989332073519711202105507261557597826286484440425027509315711631233518821625125965530807615714718775020396037461418983861661541761000883985845569561034752.000000
30 51946503322675167786906887579707165643571152785894732985695068950962181824118726889047570700411753122927519936857743379378794819343065062947492122295561142412909244969500755738500951870534644668674203178066186862592.000000
31 5578382177198487546377048684005133909409629355358898105187647769330088064233155558541665430492527760677651381630749498944825695268292033853451092861870838682469360914835434475189178608721621984070689370406912.000000
32 10745350385352530215002720235332666110287635468385522531526361702785402085201896263698020081002526593232108738050774607536224887695265400449547796199153179161513585728574660769536837944416816881767284736.000000
33 20308992465582873635499480096543567036556358929924015639928363203585561603681393105821939307026766976492494588572163501839110848422122578903174828691638738262057293858061985932451144081315201024.000000
34 123015425678465795414694222197204929961731582392793360270812135912956914408540921836876075317908602326635751366960872982164446399497964495932645883714611717140876055496835342842986496.000000
35 935640360787056755110755419008071039814989180599102924347620797942581112018966622198617185510061097474582862117972252680865224746110866346765944468231304889104094110294170664960.000000
36 162555399967366923661693082106529264224473842996660659419526266896651559899346039388778910032217224778925875268809380894824464817279180761872994262541968459891256437042577408.000000
37 2322393707520921900853204821723429667182642119153067022704988845392333056416437934958644090900254703813469886213093127300033036933447366586009139303136735789056.000000
38 34618980957927414667904017093996025885605119300431185970634606922333348999102428247914206688128387535645809977967552837232327180805033344066620986753024.000000
39 74397747344252504795171463842651710027025029022435125947379641530966040039412472860687114242108599048709485786936781607725033160090239107072.000000
40 237651155222417887681430403607636576626390129281066627762159374700304069630667207362013660796542985406310633983751083736600378605568.000000
41 113884027032004868132676691072674252568811219137045546339311801940311863463070133398318676664451433366816204563592625086529536.000000
42 5712490799126560129541029284560800918919246601144932556391372272650291617463816584787172807448654063023345728422412288.000000
43 3912469326069323634981238312791852748578821292531318097496575453330806031914567787520390291710015077802311680.000000
44 2004229923060952656175130837287124401742704639363827868287251462495522689778701600211075072.000000
45 173609417093422416418014608298838545023717507415539648553312854110750846952912889839616.000000
46 139669558795277200580617627354749061144328373245938611308308280942280353247133696.000000
47 12471657175324028358739345711878707680884435711554152491235421898932224.000000
48 4632184972039766046422247153495443209761665425984192512.000000
49 628085612414368892565746917124844640272384.000000
50 374887558294293946529644887798576054272.000000
51 88331818698318790656.000000
52 847767219379375.125000
53 11497.391946
54 4657.176053
55 3968.283038
56 2876.625565
57 2340.264064
58 1967.393813
59 1710.027880
60 1479.664586
61 1198.569470
62 1023.432014
63 898.759828
64 786.964943
65 645.589596
66 571.805216
67 499.478712
68 451.361064
69 394.477748
70 338.531623
71 297.301770
72 253.538608
73 230.309380
74 208.643465
75 181.086766
76 157.804797
77 136.789722
78 123.911138
79 108.540853
80 97.828514
81 87.289206
82 78.747972
83 69.390048
84 61.045817
85 53.765568
86 47.600152
87 42.779077
88 37.783229
89 33.903000
90 29.961798
91 26.200132
92 22.998758
93 20.619590
94 17.819477
95 15.917815
96 14.275334
97 12.717328
98 11.218332
99 9.912115
100 8.851302
101 7.979886
102 6.961958
103 6.108786
104 5.444073
105 4.600927
106 4.213097
107 3.795565
108 3.298097
109 2.902344
110 2.620066
111 2.216885
112 2.053074
113 1.820782
114 1.620955
115 1.456378
116 1.303807
117 1.144874
118 1.008939
119 0.924632
120 0.815290
121 0.739561
122 0.667514
123 0.584349
124 0.526700
125 0.469363
126 0.420584
127 0.376731
128 0.342745
129 0.304861
130 0.276593
131 0.244544
132 0.219454
133 0.193396
134 0.179817
135 0.161207
136 0.145045
137 0.132164
138 0.118097
139 0.107746
140 0.095062
141 0.084090
142 0.076638
143 0.068390
144 0.059427
145 0.052582
146 0.048165
147 0.044023
148 0.039937
149 0.035546
150 0.031769
151 0.028849
152 0.025409
153 0.023318
154 0.021178
155 0.018947
156 0.017465
157 0.015825
158 0.014449
159 0.013040
160 0.011936
161 0.010930
162 0.009794
163 0.009000
164 0.008140
165 0.007451
166 0.006693
167 0.005891
168 0.005440
169 0.004966
170 0.004436
171 0.004099
172 0.003623
173 0.003362
174 0.003076
175 0.002763
176 0.002512
177 0.002345
178 0.002124
179 0.001938
180 0.001747
181 0.001602
182 0.001455
183 0.001344
184 0.001220
185 0.001147
186 0.001036
187 0.000960
188 0.000892
189 0.000824
190 0.000753
191 0.000705
192 0.000642
193 0.000598
194 0.000548
195 0.000508
196 0.000464
197 0.000432
198 0.000407
199 0.000372
200 0.000349
201 0.000320
202 0.000303
203 0.000271
204 0.000259
205 0.000243
206 0.000227
207 0.000213
208 0.000200
209 0.000187
210 0.000173
211 0.000160
212 0.000149
213 0.000140
214 0.000133
215 0.000123
216 0.000116
217 0.000108
218 0.000100
219 0.000095
220 0.000089
221 0.000083
222 0.000078
223 0.000073
224 0.000068
225 0.000064
226 0.000061
227 0.000057
228 0.000053
229 0.000049
230 0.000046
231 0.000043
232 0.000041
233 0.000038
234 0.000036
235 0.000034
236 0.000032
237 0.000030
238 0.000028
239 0.000026
240 0.000025
241 0.000024
242 0.000022
243 0.000021
244 0.000020
245 0.000019
246 0.000018
247 0.000017
248 0.000016
249 0.000016
250 0.000015
251 0.000014
252 0.000013
253 0.000013
254 0.000012
255 0.000012
256 0.000011
257 0.000011
258 0.000010
259 0.000010
260 0.000009
261 0.000009
262 0.000008
263 0.000008
264 0.000008
265 0.000007
266 0.000007
267 0.000007
268 0.000006
269 0.000006
270 0.000006
271 0.000006
272 0.000005
273 0.000005
274 0.000005
275 0.000005
276 0.000004
277 0.000004
278 0.000004
279 0.000004
280 0.000004
281 0.000004
282 0.000003
283 0.000003
284 0.000003
285 0.000003
286 0.000003
287 0.000003
288 0.000003
289 0.000003
290 0.000002
291 0.000002
292 0.000002
293 0.000002
294 0.000002
295 0.000002
296 0.000002
297 0.000002
298 0.000002
299 0.000002
300 0.000002
301 0.000002
302 0.000002
303 0.000002
304 0.000001
305 0.000001
306 0.000001
307 0.000001
308 0.000001
309 0.000001
310 0.000001
311 0.000001
312 0.000001
313 0.000001
314 0.000001
315 0.000001
316 0.000001
317 0.000001
318 0.000001
319 0.000001
320 0.000001
321 0.000001
322 0.000001
323 0.000001
324 0.000001
325 0.000001
326 0.000001
327 0.000001
328 0.000001
329 0.000001
330 0.000001
331 0.000001
332 0.000001
333 0.000001
334 0.000001
335 0.000001
336 0.000001
337 0.000001
338 0.000000
339 0.000000
340 0.000000
341 0.000000
342 0.000000
343 0.000000
344 0.000000
345 0.000000
346 0.000000
347 0.000000
348 0.000000
349 0.000000
350 0.000000
351 0.000000
352 0.000000
353 0.000000
354 0.000000
355 0.000000
356 0.000000
357 0.000000
358 0.000000
359 0.000000
360 0.000000
361 0.000000
362 0.000000
363 0.000000
364 0.000000
365 0.000000
366 0.000000
367 0.000000
368 0.000000
369 0.000000
370 0.000000
371 0.000000
372 0.000000
373 0.000000
374 0.000000
375 0.000000
376 0.000000
377 0.000000
378 0.000000
379 0.000000
380 0.000000
381 0.000000
382 0.000000
383 0.000000
384 0.000000
385 0.000000
386 0.000000
387 0.000000
388 0.000000
389 0.000000
390 0.000000
391 0.000000
392 0.000000
393 0.000000
394 0.000000
395 0.000000
396 0.000000
397 0.000000
398 0.000000
399 0.000000
400 0.000000
401 0.000000
402 0.000000
403 0.000000
404 0.000000
405 0.000000
406 0.000000
407 0.000000
408 0.000000
409 0.000000
410 0.000000
411 0.000000
412 0.000000
413 0.000000
414 0.000000
415 0.000000
416 0.000000
417 0.000000
418 0.000000
419 0.000000
420 0.000000
421 0.000000
422 0.000000
423 0.000000
424 0.000000
425 0.000000
426 0.000000
427 0.000000
428 0.000000
429 0.000000
430 0.000000
431 0.000000
432 0.000000
433 0.000000
434 0.000000
435 0.000000
436 0.000000
437 0.000000
438 0.000000
439 0.000000
440 0.000000
441 0.000000
442 0.000000
443 0.000000
444 0.000000
445 0.000000
446 0.000000
447 0.000000
448 0.000000
449 0.000000
450 0.000000
451 0.000000
452 0.000000
453 0.000000
454 0.000000
455 0.000000
456 0.000000
457 0.000000
458 0.000000
459 0.000000
460 0.000000
461 0.000000
462 0.000000
463 0.000000
464 0.000000
465 0.000000
466 0.000000
467 0.000000
468 0.000000
469 0.000000
470 0.000000
471 0.000000
472 0.000000
473 0.000000
474 0.000000
475 0.000000
476 0.000000
477 0.000000
478 0.000000
479 0.000000
480 0.000000
481 0.000000
482 0.000000
483 0.000000
484 0.000000
485 0.000000
486 0.000000
487 0.000000
488 0.000000
489 0.000000
490 0.000000
491 0.000000
492 0.000000
493 0.000000
494 0.000000
495 0.000000
496 0.000000
497 0.000000
498 0.000000
499 0.000000
500 0.000000
