1 1000000000000000019884624838656.000000
2 1000000000000000019884624838656.000000
3 1000000000000000019884624838656.000000
4 1000000000000000019884624838656.000000
5 22410535.295062
6 22410535.295062
7 22410535.295062
8 22410535.295062
9 22410535.295062
10 19156522.218225
11 19156522.218225
12 19156522.218225
13 19156522.218225
14 19156522.218225
15 18114434.446490
16 18114434.446490
17 18114434.446490
18 18114434.446490
19 18114434.446490
20 29564235.328919
21 29564235.328919
22 29564235.328919
23 29564235.328919
24 29564235.328919
25 31043010.356300
26 31043010.356300
27 31043010.356300
28 31043010.356300
29 31043010.356300
30 32988807.550747
31 32988807.550747
32 32988807.550747
33 32988807.550747
34 32988807.550747
35 36874483.388210
36 36874483.388210
37 36874483.388210
38 36874483.388210
39 36874483.388210
40 26510520.204634
41 26510520.204634
42 26510520.204634
43 26510520.204634
44 26510520.204634
45 37109221.460456
46 37109221.460456
47 37109221.460456
48 37109221.460456
49 37109221.460456
50 31939650.320958
51 31939650.320958
52 31939650.320958
53 31939650.320958
54 31939650.320958
55 37656310.853396
56 37656310.853396
57 37656310.853396
58 37656310.853396
59 37656310.853396
60 39658347.541707
61 39658347.541707
62 39658347.541707
63 39658347.541707
64 39658347.541707
65 46606042.045146
66 46606042.045146
67 46606042.045146
68 46606042.045146
69 46606042.045146
70 30557917.845274
71 30557917.845274
72 30557917.845274
73 30557917.845274
74 30557917.845274
75 58428047.720964
76 58428047.720964
77 58428047.720964
78 58428047.720964
79 58428047.720964
80 47831937.185472
81 47831937.185472
82 47831937.185472
83 47831937.185472
84 47831937.185472
85 36148806.999853
86 36148806.999853
87 36148806.999853
88 36148806.999853
89 36148806.999853
90 44772512.481495
91 44772512.481495
92 44772512.481495
93 44772512.481495
94 44772512.481495
95 34518872.117913
96 34518872.117913
97 34518872.117913
98 34518872.117913
99 34518872.117913
100 33444038.926800
101 33444038.926800
102 33444038.926800
103 33444038.926800
104 33444038.926800
105 28733053.602659
106 28733053.602659
107 28733053.602659
108 28733053.602659
109 28733053.602659
110 27743134.953716
111 27743134.953716
112 27743134.953716
113 27743134.953716
114 27743134.953716
115 26563649.714105
116 26563649.714105
117 26563649.714105
118 26563649.714105
119 26563649.714105
120 31004968.161391
121 31004968.161391
122 31004968.161391
123 31004968.161391
124 31004968.161391
125 26574338.932542
126 26574338.932542
127 26574338.932542
128 26574338.932542
129 26574338.932542
130 23317689.270018
131 23317689.270018
132 23317689.270018
133 23317689.270018
134 23317689.270018
135 23409089.967966
136 23409089.967966
137 23409089.967966
138 23409089.967966
139 23409089.967966
140 22762512.602035
141 22762512.602035
142 22762512.602035
143 22762512.602035
144 22762512.602035
145 20003523.107328
146 20003523.107328
147 20003523.107328
148 20003523.107328
149 20003523.107328
150 19835463.677886
151 19835463.677886
152 19835463.677886
153 19835463.677886
154 19835463.677886
155 18046207.064022
156 18046207.064022
157 18046207.064022
158 18046207.064022
159 18046207.064022
160 21658892.004765
161 21658892.004765
162 21658892.004765
163 21658892.004765
164 21658892.004765
165 16052890.685138
166 16052890.685138
167 16052890.685138
168 16052890.685138
169 16052890.685138
170 17849640.372176
171 17849640.372176
172 17849640.372176
173 17849640.372176
174 17849640.372176
175 17088251.090801
176 17088251.090801
177 17088251.090801
178 17088251.090801
179 17088251.090801
180 16898993.784474
181 16898993.784474
182 16898993.784474
183 16898993.784474
184 16898993.784474
185 13939226.245039
186 13939226.245039
187 13939226.245039
188 13939226.245039
189 13939226.245039
190 14189491.976558
191 14189491.976558
192 14189491.976558
193 14189491.976558
194 14189491.976558
195 15888980.227548
196 15888980.227548
197 15888980.227548
198 15888980.227548
199 15888980.227548
200 14495575.553707
201 14495575.553707
202 14495575.553707
203 14495575.553707
204 14495575.553707
205 13319437.176440
206 13319437.176440
207 13319437.176440
208 13319437.176440
209 13319437.176440
210 14183113.246831
211 14183113.246831
212 14183113.246831
213 14183113.246831
214 14183113.246831
215 15478607.560169
216 15478607.560169
217 15478607.560169
218 15478607.560169
219 15478607.560169
220 15279613.579042
221 15279613.579042
222 15279613.579042
223 15279613.579042
224 15279613.579042
225 11102247.916084
226 11102247.916084
227 11102247.916084
228 11102247.916084
229 11102247.916084
230 10940243.671180
231 10940243.671180
232 10940243.671180
233 10940243.671180
234 10940243.671180
235 10478986.872323
236 10478986.872323
237 10478986.872323
238 10478986.872323
239 10478986.872323
240 10450639.177533
241 10450639.177533
242 10450639.177533
243 10450639.177533
244 10450639.177533
245 11014300.362669
246 11014300.362669
247 11014300.362669
248 11014300.362669
249 11014300.362669
250 9891204.534692
251 9891204.534692
252 9891204.534692
253 9891204.534692
254 9891204.534692
255 9833984.472115
256 9833984.472115
257 9833984.472115
258 9833984.472115
259 9833984.472115
260 9377198.332540
261 9377198.332540
262 9377198.332540
263 9377198.332540
264 9377198.332540
265 10370468.985507
266 10370468.985507
267 10370468.985507
268 10370468.985507
269 10370468.985507
270 10165569.314358
271 10165569.314358
272 10165569.314358
273 10165569.314358
274 10165569.314358
275 9190258.241001
276 9190258.241001
277 9190258.241001
278 9190258.241001
279 9190258.241001
280 7584991.754660
281 7584991.754660
282 7584991.754660
283 7584991.754660
284 7584991.754660
285 8375366.299479
286 8375366.299479
287 8375366.299479
288 8375366.299479
289 8375366.299479
290 8302740.962078
291 8302740.962078
292 8302740.962078
293 8302740.962078
294 8302740.962078
295 8165482.583648
296 8165482.583648
297 8165482.583648
298 8165482.583648
299 8165482.583648
300 7814111.657143
301 7814111.657143
302 7814111.657143
303 7814111.657143
304 7814111.657143
305 7739873.196450
306 7739873.196450
307 7739873.196450
308 7739873.196450
309 7739873.196450
310 7794920.805328
311 7794920.805328
312 7794920.805328
313 7794920.805328
314 7794920.805328
315 7006377.684723
316 7006377.684723
317 7006377.684723
318 7006377.684723
319 7006377.684723
320 7530009.056782
321 7530009.056782
322 7530009.056782
323 7530009.056782
324 7530009.056782
325 6627530.461786
326 6627530.461786
327 6627530.461786
328 6627530.461786
329 6627530.461786
330 7248716.578153
331 7248716.578153
332 7248716.578153
333 7248716.578153
334 7248716.578153
335 7350902.180830
336 7350902.180830
337 7350902.180830
338 7350902.180830
339 7350902.180830
340 7102085.626219
341 7102085.626219
342 7102085.626219
343 7102085.626219
344 7102085.626219
345 6530098.762373
346 6530098.762373
347 6530098.762373
348 6530098.762373
349 6530098.762373
350 5864507.626009
351 5864507.626009
352 5864507.626009
353 5864507.626009
354 5864507.626009
355 5682199.626705
356 5682199.626705
357 5682199.626705
358 5682199.626705
359 5682199.626705
360 5769459.627810
361 5769459.627810
362 5769459.627810
363 5769459.627810
364 5769459.627810
365 5765440.918832
366 5765440.918832
367 5765440.918832
368 5765440.918832
369 5765440.918832
370 5370181.192248
371 5370181.192248
372 5370181.192248
373 5370181.192248
374 5370181.192248
375 5528310.810516
376 5528310.810516
377 5528310.810516
378 5528310.810516
379 5528310.810516
380 5438620.991752
381 5438620.991752
382 5438620.991752
383 5438620.991752
384 5438620.991752
385 5062509.997880
386 5062509.997880
387 5062509.997880
388 5062509.997880
389 5062509.997880
390 4850989.445090
391 4850989.445090
392 4850989.445090
393 4850989.445090
394 4850989.445090
395 4824449.337953
396 4824449.337953
397 4824449.337953
398 4824449.337953
399 4824449.337953
400 4616504.600643
401 4616504.600643
402 4616504.600643
403 4616504.600643
404 4616504.600643
405 4796847.097763
406 4796847.097763
407 4796847.097763
408 4796847.097763
409 4796847.097763
410 4578124.610207
411 4578124.610207
412 4578124.610207
413 4578124.610207
414 4578124.610207
415 4568734.992494
416 4568734.992494
417 4568734.992494
418 4568734.992494
419 4568734.992494
420 4469080.119283
421 4469080.119283
422 4469080.119283
423 4469080.119283
424 4469080.119283
425 4390069.671055
426 4390069.671055
427 4390069.671055
428 4390069.671055
429 4390069.671055
430 4316362.813016
431 4316362.813016
432 4316362.813016
433 4316362.813016
434 4316362.813016
435 4238475.198373
436 4238475.198373
437 4238475.198373
438 4238475.198373
439 4238475.198373
440 4189488.849317
441 4189488.849317
442 4189488.849317
443 4189488.849317
444 4189488.849317
445 4056828.421559
446 4056828.421559
447 4056828.421559
448 4056828.421559
449 4056828.421559
450 3911317.932572
451 3911317.932572
452 3911317.932572
453 3911317.932572
454 3911317.932572
455 3888035.840378
456 3888035.840378
457 3888035.840378
458 3888035.840378
459 3888035.840378
460 3877554.147034
461 3877554.147034
462 3877554.147034
463 3877554.147034
464 3877554.147034
465 3814554.912389
466 3814554.912389
467 3814554.912389
468 3814554.912389
469 3814554.912389
470 3762116.240100
471 3762116.240100
472 3762116.240100
473 3762116.240100
474 3762116.240100
475 3738510.700570
476 3738510.700570
477 3738510.700570
478 3738510.700570
479 3738510.700570
480 3717093.238527
481 3717093.238527
482 3717093.238527
483 3717093.238527
484 3717093.238527
485 3697092.984127
486 3697092.984127
487 3697092.984127
488 3697092.984127
489 3697092.984127
490 3664287.268309
491 3664287.268309
492 3664287.268309
493 3664287.268309
494 3664287.268309
495 3668407.339925
496 3668407.339925
497 3668407.339925
498 3668407.339925
499 3668407.339925
500 3664965.798800
