1 4444680.690052
2 5846984.094431
3 5812448.069084
4 7697966.049262
5 7555860.815442
6 9022799.408172
7 7002197.753674
8 9339033.783293
9 10938364.887765
10 10029461.391288
11 13837022.307486
12 16341214.884216
13 19535663.466630
14 19345422.005655
15 23473390.800524
16 27250291.894146
17 31426085.089481
18 28226820.363000
19 35279355.972580
20 40302815.448175
21 46944817.740269
22 34872325.334070
23 47124685.227516
24 47157064.792943
25 39558742.358244
26 30596907.292946
27 48740750.697572
28 45431662.458446
29 40323341.450413
30 47712105.358298
31 58916550.474731
32 53648715.385954
33 38681782.531505
34 48241557.225726
35 57123771.139745
36 63002611.664839
37 55691884.109647
38 71906083.974044
39 58404547.017380
40 44255622.289813
41 47477710.812674
42 51838894.516445
43 54427614.439161
44 43831259.419840
45 47644020.545566
46 49378261.198390
47 50776705.707700
48 44261558.109291
49 32695875.227771
50 36898063.407933
51 39598778.342858
52 30376346.753219
53 34322318.320164
54 36625878.210914
55 45598429.875661
56 50198169.321383
57 37135912.164406
58 29299921.730842
59 23536064.265785
60 37907882.549424
61 33414430.717033
62 27344963.380772
63 31865055.259490
64 25934343.445994
65 16593473.036772
66 15647206.243495
67 21543820.163876
68 20073766.816105
69 17891879.104807
70 19190670.850886
71 16699399.773740
72 20295145.432200
73 14941035.692450
74 16402969.163866
75 17363156.653854
76 13549638.773936
77 14406762.280626
78 15454124.743635
79 13625612.035635
80 14147010.088782
81 11837764.782032
82 13480525.431816
83 10681419.078889
84 11030903.827469
85 11434682.336822
86 9127874.629712
87 8367002.041393
88 8974474.867616
89 7240443.207882
90 7020673.320778
91 6155617.993182
92 5975063.004233
93 6005953.651624
94 6488697.796151
95 5098774.456889
96 4320719.614490
97 5176254.356169
98 4440489.909417
99 4832834.757619
100 4574096.541272
101 4905363.355714
102 4992668.008746
103 4865183.800558
104 4683035.030235
105 4151551.162770
106 3422186.833222
107 2667455.365792
108 2777994.690586
109 2648232.157163
110 2450838.862272
111 2152030.529614
112 2587653.337210
113 2295553.580434
114 2615465.953353
115 2314084.535564
116 2378938.883305
117 2024321.014581
118 1855699.674030
119 1641945.364462
120 1503631.658355
121 1792990.594602
122 1557563.097749
123 1516908.002486
124 1308194.370557
125 1122078.974352
126 927477.587141
127 926024.123570
128 719680.175757
129 705324.126241
130 636782.706641
131 580888.629912
132 543973.856256
133 487021.488640
134 423932.520399
135 366019.564147
136 320714.458363
137 266275.603844
138 295092.102735
139 284206.291445
140 292292.898453
141 231956.090047
142 259318.226959
143 221138.952204
144 235315.026089
145 267382.461211
146 242755.410636
147 199777.180728
148 208673.890269
149 207145.773256
150 166933.478247
151 150736.205133
152 153461.535148
153 121115.403259
154 127769.348195
155 103073.897501
156 102993.233914
157 108509.312106
158 79679.889853
159 81340.909377
160 80519.549708
161 74251.855353
162 58035.528844
163 66164.665608
164 59330.095643
165 66650.096439
166 69394.970772
167 54730.111514
168 48096.412445
169 39966.216271
170 47997.752357
171 57021.885973
172 50879.737530
173 44097.310129
174 53981.326176
175 48004.073649
176 41119.414969
177 39811.116621
178 42937.549879
179 45406.190147
180 45086.765327
181 40147.637537
182 36617.170148
183 40519.736906
184 35792.797461
185 31862.734803
186 27421.395874
187 30610.502241
188 26491.942830
189 27756.562406
190 27780.685887
191 26697.031980
192 26150.368446
193 25868.915806
194 21969.885880
195 23982.540249
196 22000.647094
197 17295.066631
198 14805.532837
199 18261.732621
200 15141.641675
201 13396.023060
202 13012.545843
203 14430.399399
204 14676.625901
205 12733.303925
206 13747.854777
207 11845.699391
208 11155.168819
209 12283.801808
210 11550.214671
211 10345.270458
212 10795.298030
213 10907.823678
214 10044.329677
215 10903.665472
216 9184.068073
217 9915.125681
218 8183.272082
219 9365.367387
220 8491.903853
221 9648.968620
222 9563.714213
223 8111.521716
224 8197.780593
225 7835.492083
226 5593.894133
227 5693.828677
228 4414.369285
229 4781.260181
230 4141.435516
231 4239.536638
232 4173.736921
233 4548.421107
234 3903.388229
235 3629.541453
236 3366.690803
237 3319.659095
238 3639.129587
239 3688.739483
240 3681.765332
241 3374.503880
242 3351.406065
243 3084.503826
244 2899.952329
245 2964.694626
246 2340.567499
247 2179.590778
248 2214.349938
249 2389.100542
250 2386.944198
251 2058.343524
252 2165.192623
253 2026.225181
254 1749.127690
255 1837.818166
256 1689.297823
257 1564.075684
258 1567.447718
259 1367.952927
260 1372.821784
261 1414.551142
262 1125.829427
263 1164.249887
264 1170.337267
265 1203.174162
266 983.652467
267 1085.273405
268 1047.848857
269 1027.079456
270 988.816177
271 926.362333
272 814.335915
273 792.707910
274 717.087426
275 760.085065
276 705.200409
277 709.942315
278 628.334386
279 585.372097
280 553.479289
281 571.248218
282 519.109088
283 506.510816
284 523.616936
285 446.985809
286 514.244180
287 506.439686
288 478.646323
289 434.731587
290 452.070098
291 389.500867
292 379.580736
293 362.310908
294 354.995098
295 349.825962
296 309.137646
297 279.476901
298 298.735359
299 277.619971
300 264.618867
301 256.465433
302 274.179964
303 265.270224
304 237.324075
305 248.498865
306 250.177911
307 231.603480
308 230.207615
309 224.794031
310 224.002202
311 212.842713
312 202.612988
313 208.766168
314 195.566311
315 203.271472
316 179.470692
317 195.221825
318 185.579171
319 167.327462
320 166.410682
321 145.164520
322 151.938698
323 156.617255
324 152.977030
325 153.022614
326 145.323088
327 140.188899
328 134.195345
329 134.981622
330 136.604548
331 135.271515
332 132.870661
333 127.879510
334 135.501920
335 136.242897
336 129.646401
337 129.339483
338 130.319258
339 135.576049
340 128.609947
341 122.318839
342 126.793774
343 126.533205
344 113.878958
345 114.386872
346 98.125320
347 104.700302
348 106.919654
349 101.027512
350 95.607578
351 97.476196
352 92.214648
353 90.604864
354 89.309984
355 86.807555
356 90.837033
357 81.062015
358 82.548445
359 75.533358
360 76.777966
361 76.654159
362 76.160012
363 72.881894
364 71.630425
365 72.284408
366 65.267851
367 68.279046
368 62.523988
369 61.292100
370 61.705262
371 61.568789
372 61.762081
373 57.584177
374 57.025979
375 57.349597
376 54.419651
377 54.154422
378 52.749867
379 50.216647
380 51.182613
381 49.065816
382 46.044465
383 45.966597
384 45.168090
385 44.488923
386 44.547980
387 44.137003
388 42.778736
389 41.697622
390 41.959885
391 39.706825
392 38.946309
393 36.308639
394 36.730797
395 35.707973
396 35.414331
397 33.818793
398 34.138838
399 33.826658
400 33.468593
401 32.947672
402 32.668887
403 32.052357
404 30.917813
405 30.920990
406 29.472454
407 28.950640
408 29.018287
409 28.905244
410 29.278222
411 28.146030
412 27.980561
413 28.075844
414 27.222858
415 26.674380
416 26.284641
417 25.565639
418 25.193881
419 24.632375
420 24.932176
421 23.676263
422 23.376068
423 23.491528
424 23.259478
425 23.106976
426 22.450913
427 22.476117
428 22.451362
429 22.247118
430 21.786949
431 21.625763
432 21.266743
433 20.803519
434 20.604226
435 20.340770
436 20.045169
437 20.055870
438 19.942813
439 19.336489
440 19.534006
441 19.006243
442 18.840086
443 18.638513
444 18.159746
445 17.964746
446 17.848336
447 17.579328
448 17.503437
449 16.993367
450 16.840612
451 16.741735
452 16.542070
453 16.475198
454 16.299920
455 15.974339
456 15.909116
457 15.722038
458 15.638051
459 15.319172
460 15.173996
461 15.115739
462 15.059797
463 14.917683
464 14.755627
465 14.719306
466 14.647618
467 14.493566
468 14.294178
469 14.223229
470 14.112647
471 13.948354
472 13.852918
473 13.744763
474 13.691899
475 13.548537
476 13.523335
477 13.460201
478 13.381204
479 13.306258
480 13.175610
481 13.094570
482 12.987791
483 12.923591
484 12.845463
485 12.783714
486 12.756587
487 12.688732
488 12.609975
489 12.577922
490 12.541321
491 12.504509
492 12.456793
493 12.421935
494 12.384036
495 12.355148
496 12.335665
497 12.320176
498 12.301713
499 12.291673
500 12.285817
