1 4707009.781815
2 5277318.772897
3 4703720.024441
4 6576061.685028
5 7904698.987085
6 7422252.449745
7 10699350.803792
8 9265844.126519
9 11639691.856335
10 15592370.478932
11 14220549.685763
12 16878525.122389
13 17784276.513926
14 23415947.151445
15 22340231.735311
16 25675501.325669
17 28086256.308357
18 31613890.753891
19 32032582.647232
20 29105327.784987
21 24845907.068998
22 23962195.145558
23 27568781.617860
24 37603739.550464
25 33536390.844488
26 41117870.742242
27 38710201.663192
28 30938168.566804
29 35135815.236636
30 29962807.709528
31 32291329.265015
32 25179978.733391
33 33544055.039476
34 39187369.479955
35 46210424.279883
36 54171946.204464
37 61539742.343459
38 52561875.447580
39 45708859.039958
40 34759882.781111
41 39912934.656252
42 43347840.169432
43 46563383.372536
44 46480414.080879
45 46052173.220624
46 52244196.813529
47 45921397.156442
48 52896875.942919
49 43603867.236435
50 31499716.491185
51 47437038.882253
52 41495058.305538
53 46757276.534981
54 41151415.376547
55 35065994.939614
56 34491050.601730
57 34881521.217994
58 38240618.971372
59 34406800.306040
60 36488739.391383
61 32291858.874078
62 36979961.049790
63 29489379.882880
64 32594742.676723
65 26624521.652522
66 27722835.038048
67 27674440.168423
68 25790371.189552
69 32410426.082392
70 26465192.303237
71 29683245.304114
72 31456421.155848
73 23438098.631135
74 25133117.437962
75 27744561.703756
76 21003273.018171
77 19418926.123324
78 22723183.723860
79 21975807.727135
80 15970180.114133
81 16129483.651339
82 15701192.893876
83 15927279.206955
84 11428547.360462
85 13218267.657866
86 11655656.213405
87 10644677.026170
88 8448619.928501
89 9385045.692996
90 7333033.343072
91 7209343.924512
92 7517215.860205
93 7547286.875058
94 7554529.388917
95 5373894.432568
96 6613951.868279
97 7804963.962110
98 6772800.865655
99 4076554.523659
100 5205313.846095
101 5595224.592782
102 5537396.255248
103 5031958.354382
104 4683302.660849
105 3856418.698069
106 4127258.883304
107 3250374.073397
108 3066825.042619
109 2948121.242503
110 2672597.908573
111 2533491.994561
112 2313253.467681
113 2433058.363649
114 2471801.808224
115 1920641.394099
116 2008752.316952
117 1885008.120735
118 1822594.083551
119 1467908.674422
120 1570587.297375
121 1322080.200671
122 1315007.412147
123 1346475.968335
124 1235934.459991
125 999203.008427
126 1176536.378031
127 1068710.821749
128 954604.157737
129 710249.933441
130 789546.670091
131 809475.623695
132 802882.026840
133 643280.915043
134 730903.028211
135 752992.602611
136 596828.412513
137 589063.726692
138 717262.652010
139 609770.550469
140 670678.660399
141 434342.953861
142 501514.371335
143 466423.761643
144 421946.337006
145 439006.959921
146 412002.375748
147 385154.209568
148 353703.054111
149 285149.594176
150 350194.436720
151 363874.873393
152 333727.649849
153 348115.285424
154 275374.332222
155 285502.627760
156 277132.116246
157 203447.182838
158 188537.274458
159 228972.605764
160 251444.238811
161 191576.426512
162 184355.212948
163 229353.165363
164 185837.512154
165 157838.587930
166 174785.211872
167 149469.900838
168 143609.818470
169 117413.034052
170 108881.740013
171 120078.346450
172 104921.181461
173 82158.373698
174 108434.298255
175 90453.344377
176 100634.403281
177 83080.937002
178 77576.188682
179 90027.273648
180 73628.364924
181 71638.809074
182 72845.537294
183 64387.468311
184 60919.317927
185 60003.674631
186 62180.215265
187 57937.216418
188 59589.278545
189 53986.321463
190 48626.982220
191 55960.204817
192 59664.760780
193 48218.716364
194 47272.616869
195 44454.403193
196 47133.868438
197 40433.184280
198 33151.347507
199 32871.766438
200 24099.169479
201 30397.048391
202 23100.616560
203 21260.899101
204 18426.797667
205 19221.743782
206 18458.031432
207 18547.558847
208 18410.644516
209 17811.170186
210 15199.873069
211 16516.320787
212 17527.941385
213 14236.341744
214 12051.616947
215 11060.178953
216 12066.853215
217 10946.812788
218 11197.508284
219 9592.186486
220 8649.862857
221 8654.682477
222 8004.040033
223 7093.403917
224 7590.983609
225 7368.233461
226 7098.047956
227 7040.431653
228 6246.365355
229 5809.058822
230 4829.066848
231 5215.645654
232 4750.076364
233 5085.684364
234 4334.981719
235 5243.727497
236 3834.488852
237 4379.962439
238 4135.469480
239 3728.392686
240 3909.579891
241 3648.586959
242 3025.932103
243 2709.316262
244 2517.617069
245 2519.090334
246 2332.931086
247 1976.313251
248 2103.565710
249 2133.034539
250 1967.699988
251 1715.090722
252 1587.011408
253 1587.284924
254 1421.246911
255 1470.147367
256 1323.817788
257 1369.845114
258 1160.376194
259 1258.485891
260 1194.419612
261 1101.305789
262 1066.294253
263 1195.389847
264 1041.240965
265 982.233511
266 951.709220
267 927.082332
268 861.206640
269 885.350120
270 855.256117
271 809.710795
272 861.571111
273 852.998137
274 796.466863
275 689.071041
276 692.182192
277 678.358844
278 660.194258
279 630.036035
280 592.375602
281 553.632922
282 615.502790
283 538.941195
284 514.799520
285 486.748508
286 471.401428
287 489.980839
288 409.054962
289 467.930645
290 444.036090
291 446.807701
292 393.199518
293 362.972973
294 400.836132
295 421.606356
296 404.985558
297 388.922050
298 374.247345
299 370.232133
300 370.730391
301 361.250011
302 349.305472
303 364.381189
304 315.036962
305 314.228673
306 325.073145
307 335.442550
308 321.432026
309 294.473374
310 295.375888
311 262.623211
312 274.461169
313 263.284635
314 255.808782
315 238.691588
316 241.859759
317 229.036547
318 209.225891
319 222.861071
320 217.588309
321 219.330716
322 206.765432
323 198.178106
324 190.884026
325 182.600083
326 178.189920
327 166.289674
328 164.153627
329 152.831547
330 145.982062
331 150.122368
332 144.729104
333 133.636020
334 134.578600
335 134.515021
336 130.381490
337 120.658041
338 125.069354
339 122.158402
340 112.248380
341 116.281286
342 105.963953
343 105.104126
344 104.039990
345 98.717292
346 100.567909
347 97.182943
348 98.161501
349 95.538761
350 92.044688
351 83.919877
352 82.870948
353 82.901765
354 88.639724
355 83.763034
356 81.422156
357 82.239811
358 79.385110
359 79.730734
360 77.972247
361 74.530324
362 70.782380
363 70.259679
364 68.481578
365 63.710153
366 65.911208
367 62.849078
368 60.902963
369 61.245520
370 61.467746
371 61.053107
372 58.225025
373 57.240920
374 57.009798
375 54.457369
376 54.889851
377 50.935205
378 50.590916
379 48.402223
380 47.629981
381 47.891352
382 46.680747
383 46.070663
384 44.381229
385 43.519772
386 42.281763
387 42.487305
388 41.382001
389 40.377168
390 39.093690
391 38.178110
392 38.209100
393 36.805425
394 37.115133
395 35.666564
396 35.555329
397 35.521255
398 34.956478
399 34.778490
400 33.721488
401 33.803582
402 32.514838
403 32.062803
404 32.235162
405 31.487734
406 30.780794
407 30.534126
408 30.019091
409 29.832501
410 28.231300
411 27.764606
412 27.673668
413 27.354848
414 26.018369
415 25.408575
416 24.851328
417 24.864910
418 24.518979
419 24.369911
420 23.863848
421 23.322461
422 22.881549
423 23.413551
424 23.172220
425 22.382418
426 22.417368
427 21.922241
428 21.713072
429 21.281173
430 20.775569
431 20.692201
432 20.635184
433 20.245376
434 20.168820
435 20.124056
436 19.846093
437 19.427926
438 19.279345
439 18.977174
440 19.017134
441 18.839388
442 18.481320
443 18.109626
444 18.129439
445 17.910091
446 17.616472
447 17.502370
448 17.304580
449 17.049578
450 16.767033
451 16.748391
452 16.468500
453 16.271233
454 16.124483
455 16.051536
456 15.912216
457 15.654727
458 15.490097
459 15.361838
460 15.291417
461 15.065114
462 15.032968
463 14.978822
464 14.777736
465 14.739212
466 14.675523
467 14.356358
468 14.356089
469 14.219373
470 14.086088
471 13.951856
472 13.841126
473 13.754781
474 13.602601
475 13.513682
476 13.408607
477 13.309385
478 13.238856
479 13.133205
480 13.081846
481 13.017247
482 12.870947
483 12.822008
484 12.747210
485 12.681869
486 12.587795
487 12.565967
488 12.527392
489 12.474434
490 12.398535
491 12.363315
492 12.338721
493 12.288646
494 12.251936
495 12.219563
496 12.190734
497 12.172699
498 12.151820
499 12.141649
500 12.135307
