1 inf
2 inf
3 inf
4 inf
5 4783849017210843504022213769008176488444049378346742350226795671274399177707110076428795628700556918513082968105485412362934277861584083558409326463720985437565120183280349327158999745231146876996533841376640586930053273505539335498779733460314560091437443159283024103751095574050831180234752.000000
6 1125581005634536950881714142161530349601056376599925848944013211972629425900011098758171039969985177430111503392759238573043287780057827728248615561606131358867243997977375633770072268859465094994407124946391310659594213165411295101834697258939212179520920628346696499200.000000
7 149274462415749200097985076807344791978511666506164182294473634961234114998903837105350321666656247912262116330304076136813144639474167261582992808938770280426012535107022687935499990489932761857141591185281373923939631736666411341102473882462322688.000000
8 41804617262424950207110383002831429592887631308010867502365432564653353515661331544206933659923411847749598516449543267043580575376781205516900694099320770490249013354013366416959968158108547128734697785418185131432066678784.000000
9 60421556891968366510347554587480492603471493316101598342783211755684216951869867850120863550831204777630128589244519771836802445452978922129474298542680585478709095362715708734373599399028116979475021824.000000
10 243860405397977525062585717516809085312868124112454382345906592724010981840904736561638480473714024142678960944723958535223076708328394206334628894338162449604862143387802796032.000000
11 69963500812071490864360498528345675198815479982720692789477140596482951375445509423785402015933500872576134495447297152898800378924839478547812243088605184.000000
12 730130172183597987734861350841917960335736548253067949163177528127565038189976380662244156155937432872091282744356540304241847173120.000000
13 812273668595738034186834030336651930865708348203690905806025414543964396098530651094325107505846842032128.000000
14 1088425599132470600575722347172348598850059604742767593176149824100935689857867720312225792.000000
15 1706177184477610682988008097691649711917666090286941532393046016.000000
16 71317677530276422218264372890627878775603331072.000000
17 958118025879689984.000000
18 1089.730308
19 794.415770
20 629.719952
21 473.835697
22 379.745617
23 289.059872
24 229.125460
25 182.969918
26 153.496656
27 124.114337
28 95.690696
29 80.745418
30 66.140207
31 53.892158
32 43.370024
33 36.679684
34 29.823700
35 23.420622
36 19.752755
37 16.489034
38 13.365709
39 11.242675
40 9.038495
41 7.511037
42 6.232085
43 5.127060
44 4.123760
45 3.373892
46 2.749864
47 2.259117
48 1.855666
49 1.515422
50 1.234542
51 1.003329
52 0.811059
53 0.658356
54 0.536074
55 0.422808
56 0.346985
57 0.283039
58 0.232672
59 0.189321
60 0.153849
61 0.122459
62 0.104314
63 0.082084
64 0.069892
65 0.056420
66 0.044923
67 0.037388
68 0.030304
69 0.025183
70 0.019784
71 0.016111
72 0.013380
73 0.010746
74 0.008303
75 0.007075
76 0.005840
77 0.004841
78 0.003963
79 0.003244
80 0.002669
81 0.002203
82 0.001817
83 0.001513
84 0.001219
85 0.001027
86 0.000837
87 0.000703
88 0.000563
89 0.000464
90 0.000386
91 0.000300
92 0.000264
93 0.000216
94 0.000180
95 0.000149
96 0.000123
97 0.000102
98 0.000086
99 0.000071
100 0.000059
101 0.000049
102 0.000040
103 0.000034
104 0.000028
105 0.000023
106 0.000019
107 0.000016
108 0.000013
109 0.000011
110 0.000009
111 0.000008
112 0.000006
113 0.000005
114 0.000004
115 0.000004
116 0.000003
117 0.000003
118 0.000002
119 0.000002
120 0.000002
121 0.000001
122 0.000001
123 0.000001
124 0.000001
125 0.000001
126 0.000001
127 0.000000
128 0.000000
129 0.000000
130 0.000000
131 0.000000
132 0.000000
133 0.000000
134 0.000000
135 0.000000
136 0.000000
137 0.000000
138 0.000000
139 0.000000
140 0.000000
141 0.000000
142 0.000000
143 0.000000
144 0.000000
145 0.000000
146 0.000000
147 0.000000
148 0.000000
149 0.000000
150 0.000000
151 0.000000
152 0.000000
153 0.000000
154 0.000000
155 0.000000
156 0.000000
157 0.000000
158 0.000000
159 0.000000
160 0.000000
161 0.000000
162 0.000000
163 0.000000
164 0.000000
165 0.000000
166 0.000000
167 0.000000
168 0.000000
169 0.000000
170 0.000000
171 0.000000
172 0.000000
173 0.000000
174 0.000000
175 0.000000
176 0.000000
177 0.000000
178 0.000000
179 0.000000
180 0.000000
181 0.000000
182 0.000000
183 0.000000
184 0.000000
185 0.000000
186 0.000000
187 0.000000
188 0.000000
189 0.000000
190 0.000000
191 0.000000
192 0.000000
193 0.000000
194 0.000000
195 0.000000
196 0.000000
197 0.000000
198 0.000000
199 0.000000
200 0.000000
201 0.000000
202 0.000000
203 0.000000
204 0.000000
205 0.000000
206 0.000000
207 0.000000
208 0.000000
209 0.000000
210 0.000000
211 0.000000
212 0.000000
213 0.000000
214 0.000000
215 0.000000
216 0.000000
217 0.000000
218 0.000000
219 0.000000
220 0.000000
221 0.000000
222 0.000000
223 0.000000
224 0.000000
225 0.000000
226 0.000000
227 0.000000
228 0.000000
229 0.000000
230 0.000000
231 0.000000
232 0.000000
233 0.000000
234 0.000000
235 0.000000
236 0.000000
237 0.000000
238 0.000000
239 0.000000
240 0.000000
241 0.000000
242 0.000000
243 0.000000
244 0.000000
245 0.000000
246 0.000000
247 0.000000
248 0.000000
249 0.000000
250 0.000000
251 0.000000
252 0.000000
253 0.000000
254 0.000000
255 0.000000
256 0.000000
257 0.000000
258 0.000000
259 0.000000
260 0.000000
261 0.000000
262 0.000000
263 0.000000
264 0.000000
265 0.000000
266 0.000000
267 0.000000
268 0.000000
269 0.000000
270 0.000000
271 0.000000
272 0.000000
273 0.000000
274 0.000000
275 0.000000
276 0.000000
277 0.000000
278 0.000000
279 0.000000
280 0.000000
281 0.000000
282 0.000000
283 0.000000
284 0.000000
285 0.000000
286 0.000000
287 0.000000
288 0.000000
289 0.000000
290 0.000000
291 0.000000
292 0.000000
293 0.000000
294 0.000000
295 0.000000
296 0.000000
297 0.000000
298 0.000000
299 0.000000
300 0.000000
301 0.000000
302 0.000000
303 0.000000
304 0.000000
305 0.000000
306 0.000000
307 0.000000
308 0.000000
309 0.000000
310 0.000000
311 0.000000
312 0.000000
313 0.000000
314 0.000000
315 0.000000
316 0.000000
317 0.000000
318 0.000000
319 0.000000
320 0.000000
321 0.000000
322 0.000000
323 0.000000
324 0.000000
325 0.000000
326 0.000000
327 0.000000
328 0.000000
329 0.000000
330 0.000000
331 0.000000
332 0.000000
333 0.000000
334 0.000000
335 0.000000
336 0.000000
337 0.000000
338 0.000000
339 0.000000
340 0.000000
341 0.000000
342 0.000000
343 0.000000
344 0.000000
345 0.000000
346 0.000000
347 0.000000
348 0.000000
349 0.000000
350 0.000000
351 0.000000
352 0.000000
353 0.000000
354 0.000000
355 0.000000
356 0.000000
357 0.000000
358 0.000000
359 0.000000
360 0.000000
361 0.000000
362 0.000000
363 0.000000
364 0.000000
365 0.000000
366 0.000000
367 0.000000
368 0.000000
369 0.000000
370 0.000000
371 0.000000
372 0.000000
373 0.000000
374 0.000000
375 0.000000
376 0.000000
377 0.000000
378 0.000000
379 0.000000
380 0.000000
381 0.000000
382 0.000000
383 0.000000
384 0.000000
385 0.000000
386 0.000000
387 0.000000
388 0.000000
389 0.000000
390 0.000000
391 0.000000
392 0.000000
393 0.000000
394 0.000000
395 0.000000
396 0.000000
397 0.000000
398 0.000000
399 0.000000
400 0.000000
401 0.000000
402 0.000000
403 0.000000
404 0.000000
405 0.000000
406 0.000000
407 0.000000
408 0.000000
409 0.000000
410 0.000000
411 0.000000
412 0.000000
413 0.000000
414 0.000000
415 0.000000
416 0.000000
417 0.000000
418 0.000000
419 0.000000
420 0.000000
421 0.000000
422 0.000000
423 0.000000
424 0.000000
425 0.000000
426 0.000000
427 0.000000
428 0.000000
429 0.000000
430 0.000000
431 0.000000
432 0.000000
433 0.000000
434 0.000000
435 0.000000
436 0.000000
437 0.000000
438 0.000000
439 0.000000
440 0.000000
441 0.000000
442 0.000000
443 0.000000
444 0.000000
445 0.000000
446 0.000000
447 0.000000
448 0.000000
449 0.000000
450 0.000000
451 0.000000
452 0.000000
453 0.000000
454 0.000000
455 0.000000
456 0.000000
457 0.000000
458 0.000000
459 0.000000
460 0.000000
461 0.000000
462 0.000000
463 0.000000
464 0.000000
465 0.000000
466 0.000000
467 0.000000
468 0.000000
469 0.000000
470 0.000000
471 0.000000
472 0.000000
473 0.000000
474 0.000000
475 0.000000
476 0.000000
477 0.000000
478 0.000000
479 0.000000
480 0.000000
481 0.000000
482 0.000000
483 0.000000
484 0.000000
485 0.000000
486 0.000000
487 0.000000
488 0.000000
489 0.000000
490 0.000000
491 0.000000
492 0.000000
493 0.000000
494 0.000000
495 0.000000
496 0.000000
497 0.000000
498 0.000000
499 0.000000
500 0.000000
