1 726446.061811
2 734218.268725
3 737318.800118
4 752134.841359
5 685990.975240
6 694050.562371
7 631928.768735
8 618276.569791
9 553266.428102
10 508052.216465
11 470380.226610
12 429847.842759
13 401270.629642
14 373988.546076
15 351815.439387
16 329238.796292
17 298362.662585
18 260495.637642
19 233380.656614
20 210761.488608
21 183205.747374
22 168002.833474
23 138913.266168
24 127602.218354
25 111259.319493
26 104765.130076
27 93952.401257
28 80996.825583
29 74385.577309
30 68008.381845
31 61135.113900
32 54875.802365
33 50528.705767
34 43051.900953
35 37963.185633
36 33536.464833
37 28509.904878
38 26144.298831
39 23527.195463
40 19667.607997
41 16362.818404
42 14020.910786
43 12095.227045
44 9635.892807
45 9089.477158
46 7700.108487
47 6481.151420
48 5868.131287
49 4476.784858
50 3834.174216
51 3515.175634
52 2945.489609
53 2311.482302
54 2082.189875
55 1708.496506
56 1515.206137
57 1282.840083
58 1039.667194
59 913.048740
60 796.440874
61 626.257784
62 557.670068
63 466.329925
64 390.975475
65 314.015266
66 247.884031
67 202.536270
68 189.506467
69 153.657576
70 133.818852
71 102.918144
72 93.585939
73 80.781140
74 66.317962
75 57.129332
76 48.508163
77 39.390430
78 33.569612
79 29.885498
80 24.373418
81 21.117696
82 17.250319
83 14.578007
84 11.677654
85 10.040625
86 8.114920
87 6.944000
88 5.547671
89 4.697848
90 3.981728
91 3.349642
92 2.798409
93 2.335835
94 1.912033
95 1.661291
96 1.370090
97 1.157439
98 0.928706
99 0.730969
100 0.626950
101 0.522628
102 0.414536
103 0.332495
104 0.282577
105 0.235401
106 0.198165
107 0.169450
108 0.132940
109 0.111403
110 0.093290
111 0.077055
112 0.063325
113 0.050784
114 0.042257
115 0.033581
116 0.029591
117 0.025164
118 0.019641
119 0.017297
120 0.014414
121 0.011962
122 0.010430
123 0.008645
124 0.006997
125 0.005956
126 0.005009
127 0.004170
128 0.003518
129 0.002869
130 0.002460
131 0.001988
132 0.001540
133 0.001264
134 0.001062
135 0.000900
136 0.000777
137 0.000662
138 0.000547
139 0.000441
140 0.000370
141 0.000292
142 0.000245
143 0.000209
144 0.000171
145 0.000137
146 0.000116
147 0.000099
148 0.000083
149 0.000069
150 0.000057
151 0.000049
152 0.000040
153 0.000034
154 0.000028
155 0.000023
156 0.000021
157 0.000018
158 0.000014
159 0.000013
160 0.000011
161 0.000009
162 0.000008
163 0.000007
164 0.000005
165 0.000005
166 0.000004
167 0.000003
168 0.000003
169 0.000002
170 0.000002
171 0.000002
172 0.000001
173 0.000001
174 0.000001
175 0.000001
176 0.000001
177 0.000001
178 0.000001
179 0.000000
180 0.000000
181 0.000000
182 0.000000
183 0.000000
184 0.000000
185 0.000000
186 0.000000
187 0.000000
188 0.000000
189 0.000000
190 0.000000
191 0.000000
192 0.000000
193 0.000000
194 0.000000
195 0.000000
196 0.000000
197 0.000000
198 0.000000
199 0.000000
200 0.000000
201 0.000000
202 0.000000
203 0.000000
204 0.000000
205 0.000000
206 0.000000
207 0.000000
208 0.000000
209 0.000000
210 0.000000
211 0.000000
212 0.000000
213 0.000000
214 0.000000
215 0.000000
216 0.000000
217 0.000000
218 0.000000
219 0.000000
220 0.000000
221 0.000000
222 0.000000
223 0.000000
224 0.000000
225 0.000000
226 0.000000
227 0.000000
228 0.000000
229 0.000000
230 0.000000
231 0.000000
232 0.000000
233 0.000000
234 0.000000
235 0.000000
236 0.000000
237 0.000000
238 0.000000
239 0.000000
240 0.000000
241 0.000000
242 0.000000
243 0.000000
244 0.000000
245 0.000000
246 0.000000
247 0.000000
248 0.000000
249 0.000000
250 0.000000
251 0.000000
252 0.000000
253 0.000000
254 0.000000
255 0.000000
256 0.000000
257 0.000000
258 0.000000
259 0.000000
260 0.000000
261 0.000000
262 0.000000
263 0.000000
264 0.000000
265 0.000000
266 0.000000
267 0.000000
268 0.000000
269 0.000000
270 0.000000
271 0.000000
272 0.000000
273 0.000000
274 0.000000
275 0.000000
276 0.000000
277 0.000000
278 0.000000
279 0.000000
280 0.000000
281 0.000000
282 0.000000
283 0.000000
284 0.000000
285 0.000000
286 0.000000
287 0.000000
288 0.000000
289 0.000000
290 0.000000
291 0.000000
292 0.000000
293 0.000000
294 0.000000
295 0.000000
296 0.000000
297 0.000000
298 0.000000
299 0.000000
300 0.000000
301 0.000000
302 0.000000
303 0.000000
304 0.000000
305 0.000000
306 0.000000
307 0.000000
308 0.000000
309 0.000000
310 0.000000
311 0.000000
312 0.000000
313 0.000000
314 0.000000
315 0.000000
316 0.000000
317 0.000000
318 0.000000
319 0.000000
320 0.000000
321 0.000000
322 0.000000
323 0.000000
324 0.000000
325 0.000000
326 0.000000
327 0.000000
328 0.000000
329 0.000000
330 0.000000
331 0.000000
332 0.000000
333 0.000000
334 0.000000
335 0.000000
336 0.000000
337 0.000000
338 0.000000
339 0.000000
340 0.000000
341 0.000000
342 0.000000
343 0.000000
344 0.000000
345 0.000000
346 0.000000
347 0.000000
348 0.000000
349 0.000000
350 0.000000
351 0.000000
352 0.000000
353 0.000000
354 0.000000
355 0.000000
356 0.000000
357 0.000000
358 0.000000
359 0.000000
360 0.000000
361 0.000000
362 0.000000
363 0.000000
364 0.000000
365 0.000000
366 0.000000
367 0.000000
368 0.000000
369 0.000000
370 0.000000
371 0.000000
372 0.000000
373 0.000000
374 0.000000
375 0.000000
376 0.000000
377 0.000000
378 0.000000
379 0.000000
380 0.000000
381 0.000000
382 0.000000
383 0.000000
384 0.000000
385 0.000000
386 0.000000
387 0.000000
388 0.000000
389 0.000000
390 0.000000
391 0.000000
392 0.000000
393 0.000000
394 0.000000
395 0.000000
396 0.000000
397 0.000000
398 0.000000
399 0.000000
400 0.000000
401 0.000000
402 0.000000
403 0.000000
404 0.000000
405 0.000000
406 0.000000
407 0.000000
408 0.000000
409 0.000000
410 0.000000
411 0.000000
412 0.000000
413 0.000000
414 0.000000
415 0.000000
416 0.000000
417 0.000000
418 0.000000
419 0.000000
420 0.000000
421 0.000000
422 0.000000
423 0.000000
424 0.000000
425 0.000000
426 0.000000
427 0.000000
428 0.000000
429 0.000000
430 0.000000
431 0.000000
432 0.000000
433 0.000000
434 0.000000
435 0.000000
436 0.000000
437 0.000000
438 0.000000
439 0.000000
440 0.000000
441 0.000000
442 0.000000
443 0.000000
444 0.000000
445 0.000000
446 0.000000
447 0.000000
448 0.000000
449 0.000000
450 0.000000
451 0.000000
452 0.000000
453 0.000000
454 0.000000
455 0.000000
456 0.000000
457 0.000000
458 0.000000
459 0.000000
460 0.000000
461 0.000000
462 0.000000
463 0.000000
464 0.000000
465 0.000000
466 0.000000
467 0.000000
468 0.000000
469 0.000000
470 0.000000
471 0.000000
472 0.000000
473 0.000000
474 0.000000
475 0.000000
476 0.000000
477 0.000000
478 0.000000
479 0.000000
480 0.000000
481 0.000000
482 0.000000
483 0.000000
484 0.000000
485 0.000000
486 0.000000
487 0.000000
488 0.000000
489 0.000000
490 0.000000
491 0.000000
492 0.000000
493 0.000000
494 0.000000
495 0.000000
496 0.000000
497 0.000000
498 0.000000
499 0.000000
500 0.000000
