1 3617244.385373
2 6832007.217521
3 5845538.927818
4 7727921.588187
5 6223189.517119
6 7734618.138200
7 11174203.448316
8 8009505.506188
9 9154068.543149
10 11071468.798884
11 13557134.043396
12 16837584.353882
13 22130864.448900
14 22807416.873140
15 21278387.116684
16 24366459.734825
17 23456772.193090
18 23578343.780707
19 28708287.136292
20 32590487.077349
21 26959603.102868
22 23306291.279738
23 32922326.965664
24 39061663.963708
25 22643183.520278
26 30164442.935522
27 28944327.486304
28 30221754.969386
29 41473220.333472
30 45446923.093275
31 38275977.437147
32 43571718.254923
33 43740830.561106
34 55014512.131474
35 47151022.377256
36 52951141.810828
37 54798951.196381
38 49228173.421002
39 50264373.408648
40 61157257.420526
41 53083377.328762
42 52769820.790955
43 58387865.672182
44 57945056.585213
45 68387000.411313
46 57754885.869888
47 58635978.447106
48 46819698.226203
49 40532248.773133
50 37400074.516302
51 38076999.920276
52 46252263.330719
53 46030768.981727
54 41409106.909383
55 37367941.247172
56 32545211.085434
57 35653482.700440
58 28300769.031835
59 24222405.708642
60 25899693.274621
61 31096057.879094
62 29915331.981417
63 31005995.159592
64 23551221.394781
65 22275153.993900
66 21881179.595189
67 24323800.969381
68 23448261.178690
69 20047331.188186
70 19894689.662529
71 20325583.054947
72 20307510.762870
73 18541017.224222
74 20151201.559022
75 22468228.717187
76 19186482.855827
77 14394301.182447
78 16687311.418201
79 15447293.659011
80 13138462.616321
81 11245921.105872
82 13439393.264546
83 13790983.973180
84 10332743.679226
85 10926316.878537
86 8167469.334258
87 6867769.001863
88 7672382.386543
89 8462299.162748
90 7033281.494456
91 8041254.661049
92 6981663.068496
93 5742077.269998
94 5613868.708371
95 6320879.153402
96 6856174.431448
97 4746203.559031
98 4553150.086834
99 4633352.815396
100 4008299.141265
101 3949606.579529
102 3942313.555809
103 3489924.070576
104 3258352.507772
105 2577332.301064
106 2162503.954034
107 2242211.849127
108 2676731.037631
109 2050696.621106
110 1978080.649645
111 2368869.698875
112 2368443.867486
113 2081468.518093
114 1452338.974332
115 1682539.559094
116 1217422.580787
117 1500556.043017
118 1463939.598084
119 1584646.107621
120 1424195.639413
121 1127284.616300
122 1133255.203159
123 1091312.641086
124 1085886.905065
125 892086.586617
126 924601.507140
127 1034383.535029
128 756827.633408
129 700656.961427
130 709824.237315
131 641337.064341
132 678262.650712
133 482698.496581
134 491834.207819
135 398349.030992
136 449616.850356
137 337600.673029
138 348778.694813
139 322805.165900
140 286253.561262
141 266052.575095
142 250572.553973
143 234627.507905
144 199238.073604
145 183415.175642
146 169753.680146
147 236499.204219
148 195430.697668
149 219237.698182
150 201007.415406
151 168707.825272
152 175991.826157
153 172378.975548
154 153103.534565
155 119995.064074
156 163692.267869
157 177172.646260
158 136566.628844
159 133566.012503
160 128871.337091
161 128750.848131
162 103124.183942
163 91124.963571
164 90722.161757
165 93583.247067
166 81063.200917
167 59597.274893
168 72807.463889
169 70341.829569
170 64173.493777
171 64035.846956
172 67052.897791
173 66687.255208
174 59512.957860
175 62905.780483
176 60118.816639
177 46301.780864
178 52456.566047
179 43711.517236
180 36073.980389
181 34578.108366
182 35591.425073
183 32630.680810
184 31777.300700
185 34892.004340
186 39558.009508
187 38818.832337
188 32297.885891
189 29912.392859
190 26259.554596
191 26006.140317
192 22581.589436
193 20563.846522
194 17772.657743
195 16287.380458
196 20591.396011
197 16697.654542
198 16012.140910
199 16756.646242
200 15279.587340
201 15806.809183
202 13344.126098
203 11413.538087
204 12452.934177
205 12217.005335
206 10335.576060
207 9277.991161
208 10350.716883
209 8398.493961
210 8802.950089
211 8041.080472
212 8183.034486
213 7607.817046
214 7480.473915
215 7464.226343
216 7511.741520
217 7463.582697
218 7584.685402
219 6786.447075
220 6309.747647
221 6772.074848
222 6081.329746
223 5429.382084
224 6296.278309
225 6002.536410
226 5399.209683
227 5041.714282
228 4596.692142
229 4476.544222
230 4081.007907
231 3904.851379
232 4079.186966
233 3945.275296
234 3905.877193
235 3615.240652
236 3401.379115
237 2863.617781
238 2694.223943
239 2478.240904
240 2590.848894
241 2143.657884
242 2218.557717
243 2130.994834
244 2165.800811
245 2056.059228
246 1760.742264
247 1921.259815
248 1625.172487
249 1442.179345
250 1471.001141
251 1501.154937
252 1480.549770
253 1329.813168
254 1366.565280
255 1572.935943
256 1594.401879
257 1251.548561
258 1372.751741
259 1322.400256
260 1372.164292
261 1260.194599
262 1125.256723
263 1157.249531
264 1110.078980
265 1055.911525
266 930.598817
267 891.750394
268 900.952177
269 812.888786
270 881.304067
271 761.330677
272 805.509043
273 762.977933
274 720.861774
275 684.393858
276 704.563321
277 652.856216
278 658.422616
279 642.100906
280 607.028877
281 575.427124
282 567.615752
283 495.546550
284 500.872673
285 520.903328
286 451.038964
287 450.515346
288 410.215643
289 404.398951
290 397.845487
291 408.861670
292 369.946752
293 378.023740
294 364.369957
295 345.499170
296 349.142888
297 331.236043
298 296.565518
299 306.829131
300 270.016413
301 265.391811
302 261.228911
303 246.147913
304 247.879876
305 226.254431
306 226.855613
307 217.644968
308 212.340921
309 213.459915
310 207.756141
311 211.718829
312 193.412496
313 206.038721
314 193.535085
315 179.862997
316 174.411014
317 166.143415
318 165.166533
319 149.102590
320 146.812493
321 144.724817
322 151.637544
323 148.715254
324 150.276929
325 141.341581
326 136.669325
327 130.922712
328 132.079130
329 132.534078
330 129.978120
331 132.048050
332 124.360072
333 116.983964
334 106.223671
335 111.035503
336 108.496069
337 105.641785
338 111.155722
339 107.119358
340 101.891316
341 98.374013
342 101.407315
343 89.965653
344 91.961864
345 90.776597
346 88.921208
347 89.554676
348 85.110949
349 84.879235
350 80.713126
351 80.925440
352 80.837467
353 79.185599
354 73.224942
355 72.581113
356 70.125580
357 73.321634
358 68.800022
359 65.595538
360 64.853075
361 65.725032
362 63.421881
363 60.577825
364 59.348954
365 53.044399
366 53.994366
367 50.707631
368 51.325242
369 49.205713
370 49.161532
371 46.698676
372 45.356141
373 42.691540
374 41.498174
375 39.609146
376 39.850057
377 39.116534
378 37.746566
379 37.222065
380 37.757491
381 37.451654
382 36.413633
383 35.688011
384 36.068032
385 36.030677
386 36.123179
387 34.163511
388 33.969428
389 33.467372
390 32.118697
391 32.288704
392 30.934074
393 31.416485
394 31.174474
395 30.448778
396 29.485499
397 28.051868
398 28.776032
399 27.832325
400 27.318832
401 26.643484
402 24.893346
403 24.946425
404 23.708658
405 23.574054
406 23.236702
407 22.668607
408 22.497761
409 22.315998
410 21.951853
411 21.521555
412 21.606756
413 21.152063
414 20.692698
415 20.118714
416 19.793906
417 19.269886
418 18.805575
419 18.536902
420 18.077605
421 17.862604
422 17.321238
423 16.713229
424 16.430922
425 16.095019
426 15.878377
427 15.872909
428 15.741912
429 15.235457
430 15.266432
431 15.022038
432 14.738504
433 14.498286
434 14.373322
435 14.112859
436 13.993566
437 13.766969
438 13.449253
439 13.308304
440 13.098170
441 13.013245
442 12.807786
443 12.501727
444 12.372838
445 12.275136
446 12.189990
447 11.982914
448 11.920799
449 11.871757
450 11.632339
451 11.539447
452 11.323647
453 11.105054
454 11.058483
455 10.871833
456 10.818169
457 10.670164
458 10.609514
459 10.515554
460 10.454521
461 10.276948
462 10.174759
463 10.036679
464 9.977127
465 9.861525
466 9.788957
467 9.717786
468 9.660146
469 9.549985
470 9.456334
471 9.381226
472 9.319713
473 9.200556
474 9.127440
475 9.082332
476 9.011440
477 8.930879
478 8.873265
479 8.827733
480 8.761628
481 8.727377
482 8.660982
483 8.583075
484 8.555990
485 8.511843
486 8.474566
487 8.432864
488 8.388840
489 8.357838
490 8.326982
491 8.297042
492 8.271789
493 8.247460
494 8.227170
495 8.203155
496 8.182671
497 8.171918
498 8.158135
499 8.151820
500 8.147768
