1 3732178.378171
2 9970769.136492
3 17884285.059632
4 35509328.790671
5 46754458.985582
6 80241908.245144
7 170910299.922004
8 239618674.616581
9 463823596.854689
10 301144500.815781
11 807610309.239260
12 848471523.905048
13 1268477086.629737
14 1925279293.905681
15 3678014794.225279
16 4800210193.188960
17 6802316053.154097
18 13164774233.328726
19 12182045170.141724
20 14244017070.991507
21 17163722100.043476
22 13671382086.471767
23 22403066425.896328
24 55353241033.890396
25 75706870062.134796
26 70147938815.647980
27 88273782881.225006
28 135049389302.248032
29 148160258232.588318
30 167900707773.216400
31 143039971348.125610
32 222627340982.936340
33 421368063733.951294
34 439426067077.805603
35 703437109912.106812
36 965831394259.084839
37 1044234433376.303223
38 1021693422222.574707
39 735180225048.615723
40 1322592811868.017578
41 1317577853824.844482
42 2123944020757.799072
43 2183622806066.647949
44 5477799149147.850586
45 5504477219001.350586
46 5890516397662.296875
47 6134861077661.072266
48 8048665537255.912109
49 8541446229017.184570
50 12994511867411.609375
51 13313980725939.298828
52 16996215208728.642578
53 11883502020973.974609
54 16768017852450.666016
55 36839555678076.562500
56 48197513417137.609375
57 71876697688844.812500
58 76785109192671.796875
59 61872743443638.734375
60 80695402986288.234375
61 146901485592645.968750
62 167571425099188.812500
63 181363321735078.187500
64 138455027617448.062500
65 180203127851514.218750
66 233634310298433.750000
67 183596209854625.125000
68 154553886601464.125000
69 245530310954026.281250
70 275381238922859.156250
71 260897055909739.656250
72 249434349456179.593750
73 185236391835400.406250
74 169761774408777.656250
75 212462950307277.093750
76 311762224268156.437500
77 339673172031003.062500
78 264649348112414.750000
79 305309561523581.562500
80 440241711709225.625000
81 467986507099824.750000
82 195698318667763.906250
83 185076429175245.281250
84 231219616109245.187500
85 288188816236663.562500
86 242537475102701.062500
87 197590115083760.125000
88 185065694053041.875000
89 188086670148311.468750
90 212037231964964.406250
91 273852725353484.406250
92 192811270912866.906250
93 294175041280490.937500
94 334608539222578.625000
95 156246780854103.656250
96 182294092239010.125000
97 148155118641740.343750
98 140996295938122.500000
99 158361340208564.000000
100 217044154599697.718750
101 244615521345208.000000
102 199610992760954.187500
103 231106725988220.125000
104 248107964521063.937500
105 191066149559183.906250
106 258105033580020.343750
107 288344694244010.812500
108 262106681965218.250000
109 192783489952007.656250
110 147435820882022.312500
111 176977258713996.312500
112 221405171178927.437500
113 265223562877096.750000
114 217889639968469.906250
115 265582188169956.906250
116 94562752913660.656250
117 100869784113450.656250
118 89398715340893.968750
119 78905204415629.046875
120 73989019500516.296875
121 52483161771681.171875
122 70039908046616.109375
123 46464818721327.398438
124 26479277142568.531250
125 42769777502117.046875
126 33717756408777.007812
127 30592223974781.449219
128 27231698308997.750000
129 21854564697382.929688
130 14947554453038.871094
131 12146709613111.775391
132 14921932884280.865234
133 13443522127679.281250
134 11062607257274.476562
135 9644108925204.947266
136 6783264762543.797852
137 6815228098943.162109
138 6674924707863.532227
139 4347917991069.447266
140 6913232297750.107422
141 4026111845239.785156
142 4031265945893.841309
143 3700736389436.951172
144 2087260262831.126709
145 3037144584272.526367
146 2540629121029.201660
147 2335446666332.848633
148 1682757848113.887207
149 1545941892781.469727
150 1622720565474.033936
151 1444809795650.562012
152 1140386946173.887695
153 641356900418.641235
154 288263056497.876953
155 291649926416.172791
156 216477951501.005188
157 159072259213.436310
158 123261084206.904556
159 87844978845.684845
160 54895835642.009132
161 44508008288.269554
162 43250912569.971161
163 30254095451.628452
164 33830324336.965111
165 27762794782.710346
166 23447067750.557549
167 21207926054.022861
168 18551472479.446396
169 15385535276.894814
170 8949978184.100618
171 10298509736.666586
172 5060578858.706475
173 4259339860.713324
174 3781690221.980464
175 3175242347.211358
176 1751377588.838883
177 1137930107.746917
178 955651077.565849
179 628743582.921804
180 491769300.612207
181 413178275.342754
182 300828768.567958
183 261328872.303751
184 102449912.105133
185 103408350.094674
186 90730661.448833
187 60209426.943982
188 38963981.959621
189 22711304.971305
190 18299021.797754
191 11712280.643682
192 8916387.130487
193 8893373.146347
194 5558293.879300
195 4622172.548501
196 3464166.344697
197 2117742.705039
198 1425789.124418
199 646828.753122
200 768212.848245
201 283619.706980
202 258655.318384
203 164153.388130
204 204265.700238
205 102866.945899
206 93959.423967
207 81281.081926
208 55617.546837
209 32785.904289
210 24775.775057
211 16076.837560
212 12545.543698
213 6601.730702
214 3838.411672
215 2610.833841
216 1171.150833
217 1264.854278
218 758.227823
219 666.794924
220 332.374560
221 228.831129
222 138.856003
223 84.555617
224 52.501283
225 30.460844
226 20.671625
227 15.726161
228 5.725710
229 5.356208
230 3.636576
231 2.583240
232 1.437256
233 0.964857
234 0.648203
235 0.393876
236 0.261491
237 0.192674
238 0.111505
239 0.088380
240 0.068015
241 0.040344
242 0.031882
243 0.021991
244 0.011215
245 0.008070
246 0.005882
247 0.003878
248 0.001842
249 0.000964
250 0.000518
251 0.000342
252 0.000209
253 0.000113
254 0.000056
255 0.000021
256 0.000018
257 0.000010
258 0.000006
259 0.000004
260 0.000002
261 0.000001
262 0.000001
263 0.000000
264 0.000000
265 0.000000
266 0.000000
267 0.000000
268 0.000000
269 0.000000
270 0.000000
271 0.000000
272 0.000000
273 0.000000
274 0.000000
275 0.000000
276 0.000000
277 0.000000
278 0.000000
279 0.000000
280 0.000000
281 0.000000
282 0.000000
283 0.000000
284 0.000000
285 0.000000
286 0.000000
287 0.000000
288 0.000000
289 0.000000
290 0.000000
291 0.000000
292 0.000000
293 0.000000
294 0.000000
295 0.000000
296 0.000000
297 0.000000
298 0.000000
299 0.000000
300 0.000000
301 0.000000
302 0.000000
303 0.000000
304 0.000000
305 0.000000
306 0.000000
307 0.000000
308 0.000000
309 0.000000
310 0.000000
311 0.000000
312 0.000000
313 0.000000
314 0.000000
315 0.000000
316 0.000000
317 0.000000
318 0.000000
319 0.000000
320 0.000000
321 0.000000
322 0.000000
323 0.000000
324 0.000000
325 0.000000
326 0.000000
327 0.000000
328 0.000000
329 0.000000
330 0.000000
331 0.000000
332 0.000000
333 0.000000
334 0.000000
335 0.000000
336 0.000000
337 0.000000
338 0.000000
339 0.000000
340 0.000000
341 0.000000
342 0.000000
343 0.000000
344 0.000000
345 0.000000
346 0.000000
347 0.000000
348 0.000000
349 0.000000
350 0.000000
351 0.000000
352 0.000000
353 0.000000
354 0.000000
355 0.000000
356 0.000000
357 0.000000
358 0.000000
359 0.000000
360 0.000000
361 0.000000
362 0.000000
363 0.000000
364 0.000000
365 0.000000
366 0.000000
367 0.000000
368 0.000000
369 0.000000
370 0.000000
371 0.000000
372 0.000000
373 0.000000
374 0.000000
375 0.000000
376 0.000000
377 0.000000
378 0.000000
379 0.000000
380 0.000000
381 0.000000
382 0.000000
383 0.000000
384 0.000000
385 0.000000
386 0.000000
387 0.000000
388 0.000000
389 0.000000
390 0.000000
391 0.000000
392 0.000000
393 0.000000
394 0.000000
395 0.000000
396 0.000000
397 0.000000
398 0.000000
399 0.000000
400 0.000000
401 0.000000
402 0.000000
403 0.000000
404 0.000000
405 0.000000
406 0.000000
407 0.000000
408 0.000000
409 0.000000
410 0.000000
411 0.000000
412 0.000000
413 0.000000
414 0.000000
415 0.000000
416 0.000000
417 0.000000
418 0.000000
419 0.000000
420 0.000000
421 0.000000
422 0.000000
423 0.000000
424 0.000000
425 0.000000
426 0.000000
427 0.000000
428 0.000000
429 0.000000
430 0.000000
431 0.000000
432 0.000000
433 0.000000
434 0.000000
435 0.000000
436 0.000000
437 0.000000
438 0.000000
439 0.000000
440 0.000000
441 0.000000
442 0.000000
443 0.000000
444 0.000000
445 0.000000
446 0.000000
447 0.000000
448 0.000000
449 0.000000
450 0.000000
451 0.000000
452 0.000000
453 0.000000
454 0.000000
455 0.000000
456 0.000000
457 0.000000
458 0.000000
459 0.000000
460 0.000000
461 0.000000
462 0.000000
463 0.000000
464 0.000000
465 0.000000
466 0.000000
467 0.000000
468 0.000000
469 0.000000
470 0.000000
471 0.000000
472 0.000000
473 0.000000
474 0.000000
475 0.000000
476 0.000000
477 0.000000
478 0.000000
479 0.000000
480 0.000000
481 0.000000
482 0.000000
483 0.000000
484 0.000000
485 0.000000
486 0.000000
487 0.000000
488 0.000000
489 0.000000
490 0.000000
491 0.000000
492 0.000000
493 0.000000
494 0.000000
495 0.000000
496 0.000000
497 0.000000
498 0.000000
499 0.000000
500 0.000000
