1 1000000000000000019884624838656.000000
2 1000000000000000019884624838656.000000
3 1000000000000000019884624838656.000000
4 1000000000000000019884624838656.000000
5 70981329.039856
6 70981329.039856
7 70981329.039856
8 70981329.039856
9 70981329.039856
10 37802585.951198
11 37802585.951198
12 37802585.951198
13 37802585.951198
14 37802585.951198
15 79408094.512823
16 79408094.512823
17 79408094.512823
18 79408094.512823
19 79408094.512823
20 48563638.979130
21 48563638.979130
22 48563638.979130
23 48563638.979130
24 48563638.979130
25 44242897.951407
26 44242897.951407
27 44242897.951407
28 44242897.951407
29 44242897.951407
30 68235463.487605
31 68235463.487605
32 68235463.487605
33 68235463.487605
34 68235463.487605
35 86812337.847595
36 86812337.847595
37 86812337.847595
38 86812337.847595
39 86812337.847595
40 56080294.349325
41 56080294.349325
42 56080294.349325
43 56080294.349325
44 56080294.349325
45 68022322.120302
46 68022322.120302
47 68022322.120302
48 68022322.120302
49 68022322.120302
50 60825827.468359
51 60825827.468359
52 60825827.468359
53 60825827.468359
54 60825827.468359
55 79585317.046686
56 79585317.046686
57 79585317.046686
58 79585317.046686
59 79585317.046686
60 71273423.720690
61 71273423.720690
62 71273423.720690
63 71273423.720690
64 71273423.720690
65 50144858.683761
66 50144858.683761
67 50144858.683761
68 50144858.683761
69 50144858.683761
70 112399479.542581
71 112399479.542581
72 112399479.542581
73 112399479.542581
74 112399479.542581
75 94432908.816338
76 94432908.816338
77 94432908.816338
78 94432908.816338
79 94432908.816338
80 117506136.972168
81 117506136.972168
82 117506136.972168
83 117506136.972168
84 117506136.972168
85 123492203.522596
86 123492203.522596
87 123492203.522596
88 123492203.522596
89 123492203.522596
90 117811106.742498
91 117811106.742498
92 117811106.742498
93 117811106.742498
94 117811106.742498
95 82701745.542572
96 82701745.542572
97 82701745.542572
98 82701745.542572
99 82701745.542572
100 80756220.046920
101 80756220.046920
102 80756220.046920
103 80756220.046920
104 80756220.046920
105 102865892.839804
106 102865892.839804
107 102865892.839804
108 102865892.839804
109 102865892.839804
110 72605486.924730
111 72605486.924730
112 72605486.924730
113 72605486.924730
114 72605486.924730
115 82135472.811767
116 82135472.811767
117 82135472.811767
118 82135472.811767
119 82135472.811767
120 88687737.975763
121 88687737.975763
122 88687737.975763
123 88687737.975763
124 88687737.975763
125 85243280.649946
126 85243280.649946
127 85243280.649946
128 85243280.649946
129 85243280.649946
130 71201490.135119
131 71201490.135119
132 71201490.135119
133 71201490.135119
134 71201490.135119
135 90787179.978894
136 90787179.978894
137 90787179.978894
138 90787179.978894
139 90787179.978894
140 96367053.672647
141 96367053.672647
142 96367053.672647
143 96367053.672647
144 96367053.672647
145 66580766.907962
146 66580766.907962
147 66580766.907962
148 66580766.907962
149 66580766.907962
150 67676860.376417
151 67676860.376417
152 67676860.376417
153 67676860.376417
154 67676860.376417
155 102563711.226788
156 102563711.226788
157 102563711.226788
158 102563711.226788
159 102563711.226788
160 74174641.790157
161 74174641.790157
162 74174641.790157
163 74174641.790157
164 74174641.790157
165 59390486.751129
166 59390486.751129
167 59390486.751129
168 59390486.751129
169 59390486.751129
170 48879184.196162
171 48879184.196162
172 48879184.196162
173 48879184.196162
174 48879184.196162
175 65271935.896865
176 65271935.896865
177 65271935.896865
178 65271935.896865
179 65271935.896865
180 46406925.751464
181 46406925.751464
182 46406925.751464
183 46406925.751464
184 46406925.751464
185 50980194.381843
186 50980194.381843
187 50980194.381843
188 50980194.381843
189 50980194.381843
190 57933188.421090
191 57933188.421090
192 57933188.421090
193 57933188.421090
194 57933188.421090
195 55600635.588198
196 55600635.588198
197 55600635.588198
198 55600635.588198
199 55600635.588198
200 46031257.649489
201 46031257.649489
202 46031257.649489
203 46031257.649489
204 46031257.649489
205 51046919.659895
206 51046919.659895
207 51046919.659895
208 51046919.659895
209 51046919.659895
210 48378983.858184
211 48378983.858184
212 48378983.858184
213 48378983.858184
214 48378983.858184
215 59977412.339212
216 59977412.339212
217 59977412.339212
218 59977412.339212
219 59977412.339212
220 51713701.245938
221 51713701.245938
222 51713701.245938
223 51713701.245938
224 51713701.245938
225 56416597.568035
226 56416597.568035
227 56416597.568035
228 56416597.568035
229 56416597.568035
230 57596251.336062
231 57596251.336062
232 57596251.336062
233 57596251.336062
234 57596251.336062
235 66797224.371348
236 66797224.371348
237 66797224.371348
238 66797224.371348
239 66797224.371348
240 47324630.534690
241 47324630.534690
242 47324630.534690
243 47324630.534690
244 47324630.534690
245 49179731.973391
246 49179731.973391
247 49179731.973391
248 49179731.973391
249 49179731.973391
250 57261406.050786
251 57261406.050786
252 57261406.050786
253 57261406.050786
254 57261406.050786
255 51734558.067981
256 51734558.067981
257 51734558.067981
258 51734558.067981
259 51734558.067981
260 48854600.793410
261 48854600.793410
262 48854600.793410
263 48854600.793410
264 48854600.793410
265 46632696.484927
266 46632696.484927
267 46632696.484927
268 46632696.484927
269 46632696.484927
270 52104367.926580
271 52104367.926580
272 52104367.926580
273 52104367.926580
274 52104367.926580
275 58710907.847610
276 58710907.847610
277 58710907.847610
278 58710907.847610
279 58710907.847610
280 49267071.210682
281 49267071.210682
282 49267071.210682
283 49267071.210682
284 49267071.210682
285 50576451.432955
286 50576451.432955
287 50576451.432955
288 50576451.432955
289 50576451.432955
290 53220556.685432
291 53220556.685432
292 53220556.685432
293 53220556.685432
294 53220556.685432
295 55690998.229078
296 55690998.229078
297 55690998.229078
298 55690998.229078
299 55690998.229078
300 55311342.718395
301 55311342.718395
302 55311342.718395
303 55311342.718395
304 55311342.718395
305 50055177.858226
306 50055177.858226
307 50055177.858226
308 50055177.858226
309 50055177.858226
310 57848452.442765
311 57848452.442765
312 57848452.442765
313 57848452.442765
314 57848452.442765
315 52275204.227420
316 52275204.227420
317 52275204.227420
318 52275204.227420
319 52275204.227420
320 52981545.222580
321 52981545.222580
322 52981545.222580
323 52981545.222580
324 52981545.222580
325 51533205.715817
326 51533205.715817
327 51533205.715817
328 51533205.715817
329 51533205.715817
330 51001390.334877
331 51001390.334877
332 51001390.334877
333 51001390.334877
334 51001390.334877
335 44707084.120874
336 44707084.120874
337 44707084.120874
338 44707084.120874
339 44707084.120874
340 43357401.252153
341 43357401.252153
342 43357401.252153
343 43357401.252153
344 43357401.252153
345 39972972.825335
346 39972972.825335
347 39972972.825335
348 39972972.825335
349 39972972.825335
350 43250732.417745
351 43250732.417745
352 43250732.417745
353 43250732.417745
354 43250732.417745
355 37086955.583520
356 37086955.583520
357 37086955.583520
358 37086955.583520
359 37086955.583520
360 43750012.971213
361 43750012.971213
362 43750012.971213
363 43750012.971213
364 43750012.971213
365 39621067.781925
366 39621067.781925
367 39621067.781925
368 39621067.781925
369 39621067.781925
370 36256133.047709
371 36256133.047709
372 36256133.047709
373 36256133.047709
374 36256133.047709
375 37390883.147503
376 37390883.147503
377 37390883.147503
378 37390883.147503
379 37390883.147503
380 35572430.605552
381 35572430.605552
382 35572430.605552
383 35572430.605552
384 35572430.605552
385 34529484.158855
386 34529484.158855
387 34529484.158855
388 34529484.158855
389 34529484.158855
390 31768255.347697
391 31768255.347697
392 31768255.347697
393 31768255.347697
394 31768255.347697
395 33102154.043527
396 33102154.043527
397 33102154.043527
398 33102154.043527
399 33102154.043527
400 32870178.038131
401 32870178.038131
402 32870178.038131
403 32870178.038131
404 32870178.038131
405 30881138.909687
406 30881138.909687
407 30881138.909687
408 30881138.909687
409 30881138.909687
410 31459756.019841
411 31459756.019841
412 31459756.019841
413 31459756.019841
414 31459756.019841
415 31323329.244988
416 31323329.244988
417 31323329.244988
418 31323329.244988
419 31323329.244988
420 32088399.932911
421 32088399.932911
422 32088399.932911
423 32088399.932911
424 32088399.932911
425 31020011.570154
426 31020011.570154
427 31020011.570154
428 31020011.570154
429 31020011.570154
430 31601746.792259
431 31601746.792259
432 31601746.792259
433 31601746.792259
434 31601746.792259
435 31553782.157288
436 31553782.157288
437 31553782.157288
438 31553782.157288
439 31553782.157288
440 31811164.328274
441 31811164.328274
442 31811164.328274
443 31811164.328274
444 31811164.328274
445 29644128.642418
446 29644128.642418
447 29644128.642418
448 29644128.642418
449 29644128.642418
450 30593120.893521
451 30593120.893521
452 30593120.893521
453 30593120.893521
454 30593120.893521
455 29474628.953151
456 29474628.953151
457 29474628.953151
458 29474628.953151
459 29474628.953151
460 29524525.562902
461 29524525.562902
462 29524525.562902
463 29524525.562902
464 29524525.562902
465 29071443.650441
466 29071443.650441
467 29071443.650441
468 29071443.650441
469 29071443.650441
470 29170363.689640
471 29170363.689640
472 29170363.689640
473 29170363.689640
474 29170363.689640
475 28967801.296671
476 28967801.296671
477 28967801.296671
478 28967801.296671
479 28967801.296671
480 28718826.804610
481 28718826.804610
482 28718826.804610
483 28718826.804610
484 28718826.804610
485 28589787.853566
486 28589787.853566
487 28589787.853566
488 28589787.853566
489 28589787.853566
490 28361327.180114
491 28361327.180114
492 28361327.180114
493 28361327.180114
494 28361327.180114
495 28293305.197084
496 28293305.197084
497 28293305.197084
498 28293305.197084
499 28293305.197084
500 28276945.767839
