1 12982064.832524
2 19027863.439023
3 25504062.752527
4 29297554.713413
5 24984126.277659
6 25473667.627402
7 33763015.333840
8 32425562.587234
9 45585477.771299
10 47696803.381501
11 71720316.411902
12 96941094.385113
13 96662988.036167
14 109224144.146672
15 91056477.484809
16 119520493.228755
17 129613550.637335
18 128236307.894940
19 177341321.476913
20 166321784.980059
21 145552916.295840
22 117181298.213326
23 134459258.276286
24 155955225.116127
25 161095221.601540
26 166698783.842534
27 176848711.229249
28 190017194.854740
29 222345590.707143
30 256791160.737030
31 201192695.651862
32 222878530.698284
33 247458786.223792
34 273449392.513806
35 193025750.280366
36 193407409.561748
37 276557409.611264
38 231227392.380151
39 265561549.948049
40 325430166.380291
41 335902843.528154
42 298551361.126018
43 383325056.088282
44 443066172.060316
45 387889503.769439
46 409505199.933667
47 482494650.926212
48 414442174.585641
49 442234099.862785
50 545921729.545455
51 384486159.166592
52 507282749.848899
53 475580681.453678
54 473208847.390397
55 357123651.404559
56 484012238.532028
57 429019236.405327
58 422207689.387627
59 477214412.136054
60 487652503.411491
61 397143446.910695
62 432930534.192335
63 302242624.831541
64 539615437.286236
65 501339637.347679
66 388158833.532856
67 470562866.080589
68 445505020.733815
69 487149692.413853
70 404126397.711780
71 528854142.300357
72 376643692.145488
73 289060338.747731
74 363817365.356318
75 387260198.352804
76 396021781.979212
77 404471464.403677
78 432628812.886483
79 344044316.874783
80 405645311.007733
81 387556012.679604
82 419705417.781483
83 416604586.169182
84 403620874.956063
85 435190534.752770
86 468477648.189152
87 470918871.582169
88 458363627.967220
89 334232711.308208
90 254056878.966891
91 294269069.283560
92 304090409.962333
93 274986389.391195
94 253434183.773222
95 190435634.438687
96 227751233.578848
97 216883283.478709
98 185065813.236944
99 223311561.338921
100 184828053.265857
101 202347469.884801
102 223516720.543085
103 188685092.917413
104 158504493.234246
105 153338857.900680
106 140910368.249413
107 126381489.434453
108 141000448.236924
109 90345050.645678
110 122769021.960444
111 120381658.797777
112 111289542.265665
113 112109861.506785
114 127250233.511064
115 94886878.131455
116 108926071.105219
117 124888760.870833
118 133732860.155450
119 108338973.328002
120 92261834.799836
121 67073222.972631
122 88914038.292964
123 87373049.844499
124 76479007.531966
125 59807646.594658
126 67440168.957576
127 73379667.820696
128 67147911.343580
129 63174947.631254
130 68314390.107190
131 55155846.513065
132 54775027.351903
133 55043816.704629
134 63781883.504883
135 48345877.013823
136 43246565.966216
137 40927947.530208
138 38323153.081081
139 38220311.149040
140 36294984.322188
141 36164887.006162
142 34322181.960555
143 30170529.136132
144 31353432.643747
145 32858601.137776
146 40821972.529874
147 36250501.401726
148 36378661.289086
149 28908617.499851
150 37980188.065491
151 37512979.420041
152 28734409.208775
153 29661485.759941
154 28306220.075399
155 28206249.331921
156 25690762.702402
157 25362083.428216
158 21492964.803348
159 20251137.608189
160 21109299.366296
161 19133434.504609
162 19016661.421414
163 16318950.030941
164 16170547.906025
165 15152684.697076
166 13558271.854088
167 10942157.676074
168 10877200.854743
169 9621838.873418
170 9247096.016320
171 8586332.329633
172 9348019.248262
173 7622251.977855
174 6984145.294698
175 6890214.378249
176 7655521.556873
177 8982903.890482
178 7411553.673013
179 7323826.843129
180 7083222.930527
181 7266799.127593
182 5800548.598242
183 5960700.971026
184 5976903.078383
185 5765804.632361
186 5637321.544394
187 5807052.604337
188 3630195.140778
189 4495106.785326
190 3381364.477772
191 2778227.767237
192 2963156.566095
193 2900476.645180
194 2639832.687916
195 2457011.956269
196 2669780.813941
197 2359189.684428
198 2199574.733154
199 2311259.047516
200 2228646.461016
201 2244119.813090
202 2374654.940272
203 2271663.506262
204 1996229.941825
205 1923296.929538
206 1810922.035665
207 1899710.506597
208 1757320.277508
209 1542921.407950
210 1400152.361572
211 1435279.118820
212 1242275.590807
213 1048889.971659
214 1076999.945761
215 1084132.575494
216 922050.689800
217 938052.761296
218 923459.684716
219 852025.521953
220 792778.439434
221 833520.972852
222 775334.077482
223 723632.173618
224 650458.386524
225 785843.540910
226 625850.723878
227 685531.196819
228 644107.322914
229 658640.604347
230 536198.815976
231 562554.381652
232 535247.348056
233 496785.093000
234 466814.969039
235 493700.490792
236 387340.223287
237 480497.262926
238 395131.819184
239 489432.247792
240 426054.709544
241 415184.539011
242 423833.558348
243 402445.743718
244 399247.155163
245 371788.880436
246 399062.281892
247 395961.163277
248 384510.106125
249 373764.156067
250 373987.850416
251 382258.713488
252 375343.662124
253 423397.367439
254 417506.177705
255 340592.461896
256 322999.669791
257 279666.120981
258 301202.202593
259 256571.752350
260 280889.689197
261 249623.613635
262 255721.042246
263 195670.882744
264 216491.006445
265 213056.037519
266 193120.813082
267 224910.711063
268 192314.165721
269 193192.873477
270 199906.980297
271 188010.473824
272 173252.917421
273 161485.380028
274 168271.875482
275 147647.105332
276 141845.689858
277 130684.780019
278 126116.228220
279 131850.025708
280 123404.104795
281 119594.815816
282 118462.206000
283 114092.931698
284 120375.068887
285 105241.474503
286 99172.977704
287 87479.020171
288 82594.292650
289 89612.277905
290 85092.305169
291 83931.713243
292 77989.108823
293 82121.459554
294 84611.852286
295 85228.935100
296 86049.691711
297 79922.880805
298 83616.833287
299 75516.227649
300 74634.414418
301 65239.811988
302 68738.747385
303 65703.206227
304 55923.396211
305 52189.878723
306 58126.547404
307 50760.981830
308 51653.234318
309 52226.827530
310 52718.458859
311 52601.933580
312 52048.421713
313 49669.313967
314 48579.289653
315 46194.224799
316 43762.631513
317 46400.452226
318 47463.158589
319 47083.830206
320 43293.481607
321 43700.883870
322 40444.477672
323 42585.863380
324 40885.321845
325 40025.953435
326 40572.390506
327 39458.420863
328 34936.738261
329 35292.721783
330 36405.547403
331 34106.195502
332 32470.291475
333 33307.457316
334 33282.368631
335 30737.964789
336 30437.571497
337 29117.559736
338 27045.585129
339 25121.150150
340 25479.122614
341 24169.665757
342 24767.942052
343 25632.877361
344 24664.229814
345 24226.913288
346 23330.382511
347 22968.988161
348 22060.020128
349 21721.306053
350 21444.342493
351 19861.471249
352 19514.959568
353 20619.601392
354 20713.860201
355 20576.658117
356 19925.383953
357 18800.990643
358 18363.265664
359 18202.580137
360 17042.910554
361 17417.260766
362 16459.549863
363 17703.388988
364 17949.407545
365 17721.528048
366 17270.575311
367 16457.324648
368 16616.445833
369 16340.406917
370 15418.300861
371 15206.222832
372 15373.241158
373 13945.515585
374 14239.801959
375 14572.477011
376 14393.642603
377 14817.464148
378 14156.757157
379 13209.724009
380 13303.453113
381 13449.180466
382 12748.654476
383 12854.855596
384 12356.094739
385 12193.065545
386 12457.703138
387 12506.269589
388 12013.050488
389 11375.832232
390 11725.397406
391 11477.093588
392 10942.960394
393 11000.077211
394 10142.340051
395 10594.709786
396 10396.645021
397 10179.684366
398 10364.127851
399 10162.861861
400 10137.663392
401 9630.559749
402 9922.082649
403 9638.362188
404 9230.754319
405 9265.948091
406 9284.086319
407 8917.229849
408 9116.277687
409 8989.972151
410 8670.663166
411 8075.368156
412 8264.952460
413 8344.504737
414 8025.000485
415 8137.169978
416 8054.936530
417 7778.517681
418 7643.743868
419 7673.873169
420 7658.992522
421 7732.066805
422 7498.587151
423 7436.491796
424 7229.769140
425 7242.324406
426 7098.496040
427 6977.070435
428 6999.784591
429 6916.593453
430 6994.791017
431 6917.582891
432 6799.971305
433 6671.940469
434 6610.919702
435 6559.016915
436 6390.472114
437 6231.348015
438 6270.665592
439 6150.960955
440 6077.896842
441 6051.157187
442 5933.580210
443 5897.593224
444 5866.690233
445 5717.649792
446 5698.092753
447 5547.338879
448 5549.685741
449 5473.665584
450 5475.155310
451 5454.423819
452 5419.387048
453 5355.669465
454 5320.570323
455 5260.571370
456 5278.945541
457 5237.178828
458 5147.954071
459 5122.081748
460 5108.241586
461 5049.268107
462 4970.225491
463 4948.426295
464 4921.565383
465 4894.859953
466 4840.317346
467 4808.330261
468 4775.397440
469 4719.491831
470 4690.561166
471 4674.673637
472 4651.628204
473 4617.209920
474 4572.631524
475 4558.557566
476 4529.203918
477 4502.901140
478 4467.711704
479 4469.000410
480 4446.379797
481 4406.320973
482 4389.428912
483 4376.678752
484 4361.819196
485 4346.549830
486 4331.001204
487 4309.640504
488 4294.940467
489 4277.426380
490 4264.900417
491 4247.990967
492 4231.571254
493 4218.160298
494 4209.717682
495 4202.934515
496 4194.001768
497 4186.985132
498 4182.662259
499 4176.829979
500 4176.112998
