1 708626.941126
2 758797.532797
3 654857.404986
4 533335.648489
5 639141.101953
6 546895.487090
7 656485.298217
8 672699.832628
9 823181.861058
10 822746.422989
11 616487.431286
12 523833.235392
13 735449.013752
14 1082058.706829
15 976299.719100
16 1213720.282259
17 1352493.460221
18 1480893.389590
19 1452922.906339
20 1473395.969140
21 1586391.304562
22 1234979.785344
23 1158712.353700
24 1045410.096810
25 1200920.126045
26 925181.152306
27 759914.843590
28 593273.597410
29 607214.767310
30 495875.617771
31 496678.186895
32 421984.273474
33 305053.731080
34 276193.977082
35 281586.392758
36 214740.255316
37 216686.117687
38 215586.901404
39 172877.837364
40 173931.750132
41 169017.414774
42 160514.841575
43 127477.191287
44 134451.114929
45 108266.747123
46 107441.986652
47 105809.563979
48 107737.312725
49 122304.203468
50 112562.917962
51 94695.538796
52 76728.869687
53 64541.030975
54 62756.598189
55 63437.014521
56 63338.487004
57 60365.265586
58 55528.196688
59 37989.215700
60 51187.309297
61 52662.299137
62 61094.268731
63 66386.587089
64 69683.027740
65 64527.273941
66 57238.838450
67 48656.458392
68 48721.751040
69 46600.790561
70 50314.292057
71 36077.393991
72 30047.987093
73 24664.567044
74 22617.055131
75 18858.079474
76 18449.945267
77 18121.802109
78 13934.204992
79 16080.486075
80 11565.639540
81 13079.232093
82 11729.010051
83 7119.552603
84 7471.033520
85 7362.794906
86 7179.765374
87 5192.964181
88 5059.046842
89 4232.381516
90 3487.810929
91 2652.721713
92 2161.118067
93 1756.270265
94 1290.647958
95 1144.859395
96 1063.826037
97 1075.616426
98 881.451094
99 809.704789
100 812.295271
101 702.218075
102 651.753467
103 484.169854
104 427.736285
105 327.865449
106 299.084849
107 249.991013
108 241.702183
109 186.974935
110 173.749517
111 131.289818
112 80.361857
113 63.799426
114 55.921974
115 51.277755
116 41.676948
117 36.990788
118 29.926928
119 29.745587
120 25.726119
121 21.034624
122 16.445186
123 15.034337
124 12.317282
125 10.141868
126 7.462853
127 6.493102
128 4.566549
129 3.988868
130 3.534166
131 2.847802
132 2.461407
133 1.875041
134 1.463038
135 1.359610
136 1.261818
137 1.056714
138 0.883117
139 0.758752
140 0.685847
141 0.499987
142 0.422837
143 0.369112
144 0.295228
145 0.246175
146 0.196546
147 0.178067
148 0.139529
149 0.118057
150 0.104857
151 0.087424
152 0.064133
153 0.052250
154 0.041407
155 0.032482
156 0.025770
157 0.021332
158 0.017600
159 0.014087
160 0.010776
161 0.007840
162 0.005944
163 0.004710
164 0.003925
165 0.003232
166 0.002750
167 0.002154
168 0.001687
169 0.001430
170 0.001033
171 0.000803
172 0.000634
173 0.000487
174 0.000408
175 0.000309
176 0.000232
177 0.000186
178 0.000142
179 0.000113
180 0.000083
181 0.000061
182 0.000050
183 0.000040
184 0.000031
185 0.000024
186 0.000019
187 0.000015
188 0.000012
189 0.000010
190 0.000008
191 0.000006
192 0.000004
193 0.000003
194 0.000002
195 0.000002
196 0.000001
197 0.000001
198 0.000001
199 0.000001
200 0.000000
201 0.000000
202 0.000000
203 0.000000
204 0.000000
205 0.000000
206 0.000000
207 0.000000
208 0.000000
209 0.000000
210 0.000000
211 0.000000
212 0.000000
213 0.000000
214 0.000000
215 0.000000
216 0.000000
217 0.000000
218 0.000000
219 0.000000
220 0.000000
221 0.000000
222 0.000000
223 0.000000
224 0.000000
225 0.000000
226 0.000000
227 0.000000
228 0.000000
229 0.000000
230 0.000000
231 0.000000
232 0.000000
233 0.000000
234 0.000000
235 0.000000
236 0.000000
237 0.000000
238 0.000000
239 0.000000
240 0.000000
241 0.000000
242 0.000000
243 0.000000
244 0.000000
245 0.000000
246 0.000000
247 0.000000
248 0.000000
249 0.000000
250 0.000000
251 0.000000
252 0.000000
253 0.000000
254 0.000000
255 0.000000
256 0.000000
257 0.000000
258 0.000000
259 0.000000
260 0.000000
261 0.000000
262 0.000000
263 0.000000
264 0.000000
265 0.000000
266 0.000000
267 0.000000
268 0.000000
269 0.000000
270 0.000000
271 0.000000
272 0.000000
273 0.000000
274 0.000000
275 0.000000
276 0.000000
277 0.000000
278 0.000000
279 0.000000
280 0.000000
281 0.000000
282 0.000000
283 0.000000
284 0.000000
285 0.000000
286 0.000000
287 0.000000
288 0.000000
289 0.000000
290 0.000000
291 0.000000
292 0.000000
293 0.000000
294 0.000000
295 0.000000
296 0.000000
297 0.000000
298 0.000000
299 0.000000
300 0.000000
301 0.000000
302 0.000000
303 0.000000
304 0.000000
305 0.000000
306 0.000000
307 0.000000
308 0.000000
309 0.000000
310 0.000000
311 0.000000
312 0.000000
313 0.000000
314 0.000000
315 0.000000
316 0.000000
317 0.000000
318 0.000000
319 0.000000
320 0.000000
321 0.000000
322 0.000000
323 0.000000
324 0.000000
325 0.000000
326 0.000000
327 0.000000
328 0.000000
329 0.000000
330 0.000000
331 0.000000
332 0.000000
333 0.000000
334 0.000000
335 0.000000
336 0.000000
337 0.000000
338 0.000000
339 0.000000
340 0.000000
341 0.000000
342 0.000000
343 0.000000
344 0.000000
345 0.000000
346 0.000000
347 0.000000
348 0.000000
349 0.000000
350 0.000000
351 0.000000
352 0.000000
353 0.000000
354 0.000000
355 0.000000
356 0.000000
357 0.000000
358 0.000000
359 0.000000
360 0.000000
361 0.000000
362 0.000000
363 0.000000
364 0.000000
365 0.000000
366 0.000000
367 0.000000
368 0.000000
369 0.000000
370 0.000000
371 0.000000
372 0.000000
373 0.000000
374 0.000000
375 0.000000
376 0.000000
377 0.000000
378 0.000000
379 0.000000
380 0.000000
381 0.000000
382 0.000000
383 0.000000
384 0.000000
385 0.000000
386 0.000000
387 0.000000
388 0.000000
389 0.000000
390 0.000000
391 0.000000
392 0.000000
393 0.000000
394 0.000000
395 0.000000
396 0.000000
397 0.000000
398 0.000000
399 0.000000
400 0.000000
401 0.000000
402 0.000000
403 0.000000
404 0.000000
405 0.000000
406 0.000000
407 0.000000
408 0.000000
409 0.000000
410 0.000000
411 0.000000
412 0.000000
413 0.000000
414 0.000000
415 0.000000
416 0.000000
417 0.000000
418 0.000000
419 0.000000
420 0.000000
421 0.000000
422 0.000000
423 0.000000
424 0.000000
425 0.000000
426 0.000000
427 0.000000
428 0.000000
429 0.000000
430 0.000000
431 0.000000
432 0.000000
433 0.000000
434 0.000000
435 0.000000
436 0.000000
437 0.000000
438 0.000000
439 0.000000
440 0.000000
441 0.000000
442 0.000000
443 0.000000
444 0.000000
445 0.000000
446 0.000000
447 0.000000
448 0.000000
449 0.000000
450 0.000000
451 0.000000
452 0.000000
453 0.000000
454 0.000000
455 0.000000
456 0.000000
457 0.000000
458 0.000000
459 0.000000
460 0.000000
461 0.000000
462 0.000000
463 0.000000
464 0.000000
465 0.000000
466 0.000000
467 0.000000
468 0.000000
469 0.000000
470 0.000000
471 0.000000
472 0.000000
473 0.000000
474 0.000000
475 0.000000
476 0.000000
477 0.000000
478 0.000000
479 0.000000
480 0.000000
481 0.000000
482 0.000000
483 0.000000
484 0.000000
485 0.000000
486 0.000000
487 0.000000
488 0.000000
489 0.000000
490 0.000000
491 0.000000
492 0.000000
493 0.000000
494 0.000000
495 0.000000
496 0.000000
497 0.000000
498 0.000000
499 0.000000
500 0.000000
