1 inf
2 inf
3 inf
4 inf
5 inf
6 inf
7 inf
8 inf
9 inf
10 inf
11 inf
12 inf
13 inf
14 inf
15 inf
16 inf
17 inf
18 inf
19 inf
20 inf
21 inf
22 inf
23 inf
24 inf
25 inf
26 inf
27 inf
28 inf
29 inf
30 inf
31 inf
32 inf
33 inf
34 inf
35 inf
36 inf
37 inf
38 inf
39 inf
40 inf
41 inf
42 inf
43 inf
44 inf
45 inf
46 inf
47 inf
48 inf
49 inf
50 inf
51 inf
52 inf
53 inf
54 inf
55 inf
56 inf
57 inf
58 inf
59 inf
60 inf
61 inf
62 inf
63 inf
64 inf
65 inf
66 inf
67 inf
68 41798213762392749671969805275003423312457456465932560541957526144309644909315976356238566919761253972904613537743032228070154845976764609865003948564315776590135132309625458610651190436047591242915950658883547283303884139176764424740892651314236460088128953892163912911333469473210368.000000
69 308370689177788741520373942109520270912504189774126742820604930193324853903213131899988657271038560666519957302203422396520832333649006887276161964368830625902539660290804024300845206520763885988161624091498256419438867493538926886517836087296.000000
70 47964363261420796032507030055913318890805919184886964531266315548698657490434953426779557688170532923101434132954803832231893227576827339823199333625119195910088816541082394863253960593981220814061568.000000
71 24969395150241939228751607131181214559675110658175229994703689937367481744554590536280874045462107551083599328299500405030034272676084600750927132810205593968865363442775621632.000000
72 47924726791061457017686806974252379533432904678733540281014161921958447554753833888269292895746683458868815735682684939846066124846259256982241280.000000
73 28932338536181778033379249751313501963608473923063940971483357155229528209343610688554488353791584416770516058112.000000
74 302193641564458255533718662646486961631264854709094405340448064056082541345505280.000000
75 722952650531186115097069096535930130257967841280.000000
76 233698867021219424.000000
77 64947.723569
78 47708.254414
79 37110.235131
80 30353.124387
81 27996.966167
82 24248.918027
83 21488.341074
84 19352.407036
85 17344.557669
86 15849.987373
87 14235.733494
88 12790.770113
89 11223.539668
90 9842.069353
91 8944.245246
92 8097.596215
93 7389.427640
94 6801.445447
95 6192.654076
96 5477.317684
97 5111.257504
98 4643.339482
99 4175.202336
100 3793.088356
101 3521.273889
102 3291.322365
103 2982.787059
104 2725.936448
105 2498.291886
106 2238.310213
107 2093.703172
108 1923.656193
109 1789.494648
110 1648.825688
111 1504.002307
112 1412.484512
113 1273.504962
114 1192.002008
115 1080.913894
116 1003.781669
117 912.187730
118 841.601165
119 773.784300
120 724.328099
121 667.973770
122 619.512834
123 572.525413
124 530.310765
125 494.999840
126 456.968439
127 427.828162
128 399.346690
129 354.453588
130 329.298614
131 312.170332
132 286.989279
133 269.272438
134 252.678175
135 235.193992
136 221.615566
137 204.288961
138 191.284549
139 177.448011
140 164.212907
141 153.180793
142 143.201176
143 134.975230
144 126.152242
145 117.969537
146 110.962087
147 102.918406
148 97.134487
149 90.530165
150 85.858811
151 80.424009
152 75.089840
153 70.727787
154 66.308397
155 62.374004
156 58.060219
157 54.966399
158 51.803323
159 48.574100
160 46.094191
161 43.544290
162 41.425302
163 39.156839
164 36.851257
165 35.102294
166 33.160004
167 31.514722
168 30.013001
169 28.477222
170 27.200015
171 25.789046
172 24.314733
173 22.863686
174 21.690951
175 20.276530
176 19.259202
177 18.243077
178 17.313725
179 16.500022
180 15.657095
181 14.969867
182 14.219114
183 13.488949
184 12.642211
185 12.139574
186 11.538911
187 11.039129
188 10.352251
189 9.964225
190 9.456495
191 9.044562
192 8.609615
193 8.244524
194 7.906416
195 7.583979
196 7.276713
197 6.882193
198 6.555243
199 6.302507
200 5.998911
201 5.678064
202 5.441725
203 5.163668
204 4.956839
205 4.758629
206 4.534522
207 4.367220
208 4.175520
209 4.004811
210 3.814034
211 3.657686
212 3.509107
213 3.349735
214 3.203864
215 3.073420
216 2.952385
217 2.841006
218 2.744034
219 2.630635
220 2.559068
221 2.446408
222 2.344281
223 2.262900
224 2.174950
225 2.096002
226 2.013345
227 1.943494
228 1.874477
229 1.804659
230 1.752135
231 1.699032
232 1.641495
233 1.578477
234 1.533531
235 1.485627
236 1.435869
237 1.394351
238 1.345689
239 1.299140
240 1.252419
241 1.221032
242 1.183530
243 1.147192
244 1.107807
245 1.069650
246 1.034310
247 1.003540
248 0.969380
249 0.940148
250 0.910580
251 0.882275
252 0.858098
253 0.831605
254 0.810208
255 0.783724
256 0.765416
257 0.741803
258 0.721054
259 0.702879
260 0.684793
261 0.665235
262 0.647865
263 0.629205
264 0.611366
265 0.590552
266 0.576098
267 0.557290
268 0.544375
269 0.530140
270 0.517059
271 0.503350
272 0.492003
273 0.480687
274 0.468779
275 0.456188
276 0.443959
277 0.432507
278 0.420320
279 0.410345
280 0.400490
281 0.390712
282 0.383298
283 0.374025
284 0.365714
285 0.356677
286 0.349492
287 0.341055
288 0.333646
289 0.326301
290 0.319304
291 0.312999
292 0.305823
293 0.298982
294 0.292315
295 0.286119
296 0.280386
297 0.274471
298 0.267955
299 0.262343
300 0.257225
301 0.252477
302 0.247166
303 0.241770
304 0.236834
305 0.232005
306 0.227483
307 0.223271
308 0.219431
309 0.215236
310 0.211489
311 0.207261
312 0.204023
313 0.199870
314 0.194793
315 0.191816
316 0.188537
317 0.184260
318 0.181561
319 0.178073
320 0.173696
321 0.171371
322 0.166951
323 0.164659
324 0.161884
325 0.158956
326 0.156001
327 0.154062
328 0.150849
329 0.148421
330 0.145665
331 0.143353
332 0.141166
333 0.138711
334 0.136953
335 0.134600
336 0.132342
337 0.130397
338 0.128386
339 0.125827
340 0.124219
341 0.122382
342 0.120672
343 0.119109
344 0.117315
345 0.115360
346 0.113849
347 0.112122
348 0.110375
349 0.108550
350 0.106901
351 0.105622
352 0.104229
353 0.102791
354 0.101518
355 0.100115
356 0.098732
357 0.097493
358 0.095627
359 0.094588
360 0.093471
361 0.092157
362 0.090779
363 0.089734
364 0.088686
365 0.087584
366 0.086494
367 0.085540
368 0.084256
369 0.083477
370 0.082489
371 0.080897
372 0.080469
373 0.079543
374 0.078591
375 0.077795
376 0.076775
377 0.075725
378 0.075024
379 0.074035
380 0.073503
381 0.072647
382 0.071907
383 0.071295
384 0.070520
385 0.069618
386 0.068976
387 0.068383
388 0.067422
389 0.066904
390 0.066180
391 0.065560
392 0.064970
393 0.064374
394 0.063774
395 0.063227
396 0.062573
397 0.062095
398 0.061467
399 0.060859
400 0.060306
401 0.059778
402 0.059347
403 0.058810
404 0.058278
405 0.057837
406 0.057354
407 0.056902
408 0.056416
409 0.056002
410 0.055468
411 0.055018
412 0.054678
413 0.054211
414 0.053836
415 0.053381
416 0.053004
417 0.052525
418 0.052219
419 0.051787
420 0.051481
421 0.051072
422 0.050749
423 0.050440
424 0.050070
425 0.049730
426 0.049442
427 0.049136
428 0.048853
429 0.048570
430 0.048295
431 0.047984
432 0.047648
433 0.047384
434 0.047109
435 0.046856
436 0.046624
437 0.046399
438 0.046155
439 0.045930
440 0.045672
441 0.045454
442 0.045202
443 0.045011
444 0.044795
445 0.044597
446 0.044360
447 0.044131
448 0.043966
449 0.043780
450 0.043608
451 0.043464
452 0.043260
453 0.043053
454 0.042912
455 0.042720
456 0.042592
457 0.042402
458 0.042263
459 0.042096
460 0.041968
461 0.041815
462 0.041684
463 0.041557
464 0.041403
465 0.041309
466 0.041186
467 0.041073
468 0.040964
469 0.040860
470 0.040764
471 0.040647
472 0.040555
473 0.040457
474 0.040355
475 0.040245
476 0.040169
477 0.040075
478 0.040030
479 0.039942
480 0.039860
481 0.039788
482 0.039732
483 0.039667
484 0.039613
485 0.039559
486 0.039508
487 0.039467
488 0.039426
489 0.039383
490 0.039349
491 0.039314
492 0.039285
493 0.039260
494 0.039240
495 0.039222
496 0.039203
497 0.039194
498 0.039183
499 0.039179
500 0.039175
