1 16653052.495155
2 25281611.558910
3 24785222.208453
4 35620428.469043
5 29960038.485102
6 43408941.026720
7 42367566.213365
8 68036909.143714
9 64242884.496509
10 107292664.484543
11 65737125.502114
12 97325390.359416
13 122397814.013462
14 136587412.934772
15 131378500.418121
16 151533138.220851
17 173984910.703107
18 172969958.023423
19 227775016.890275
20 207641171.444796
21 226263228.558666
22 279161390.470452
23 286229614.042659
24 234392850.797631
25 389200470.350493
26 320994102.615941
27 350649203.943407
28 401654048.458188
29 309788078.898950
30 333029814.300377
31 428228239.524418
32 369264611.170741
33 490152615.160777
34 411561100.950328
35 568715302.276367
36 560088743.224039
37 642346865.526668
38 553902496.767767
39 786022802.894616
40 782292404.231550
41 722763610.418285
42 679820167.865074
43 784658509.590831
44 856058197.464742
45 1016723883.365837
46 1102605489.557675
47 1222788821.782943
48 1189192708.177746
49 1027183112.351427
50 892395267.531287
51 956870950.789214
52 1059676485.112887
53 1119741410.107199
54 1059261214.460552
55 1091542318.819716
56 860540825.372496
57 905925176.944122
58 916033925.987568
59 754148137.892373
60 812652530.246785
61 1033590858.689694
62 856061566.555113
63 961555091.090292
64 722036209.236900
65 735831693.397169
66 598142309.630356
67 642310690.401689
68 846676659.716958
69 595165425.202182
70 515964473.579083
71 594626938.200983
72 600300863.620173
73 412975654.856916
74 546010447.842262
75 555098136.089228
76 504368195.692359
77 467106050.437327
78 492489723.136721
79 479555647.757670
80 439349960.560840
81 432362965.141997
82 542846939.863262
83 491688603.723739
84 445400601.576832
85 427711156.634320
86 462745383.718602
87 425307591.142840
88 347257676.647824
89 368990389.193669
90 372471533.730104
91 281866051.820152
92 322511152.944260
93 251270766.867713
94 314463804.276645
95 277130579.604682
96 244783537.296811
97 226886801.585065
98 253249467.011025
99 229792422.233621
100 260246601.390138
101 223262305.948351
102 221813618.526834
103 204667751.716855
104 140602759.033715
105 165883860.025011
106 196098048.047271
107 174203011.139266
108 139132156.358121
109 114983192.329679
110 121649828.448551
111 124145498.104511
112 98333460.299488
113 119670598.086105
114 104719938.901014
115 99594442.516771
116 93862325.419371
117 74576345.769987
118 78641366.774990
119 79283294.236542
120 78982226.617041
121 84456555.155085
122 55969534.413130
123 63097472.893602
124 50904831.107201
125 53753620.708722
126 39454854.205998
127 52987298.779733
128 41882832.569557
129 51841866.950398
130 45958098.390852
131 42295014.777371
132 41964478.265331
133 33280895.058206
134 34420364.631621
135 38809890.458015
136 43513923.656828
137 34540130.738404
138 42287093.642398
139 38834601.089105
140 38996967.964602
141 36094135.394148
142 39245990.364868
143 49721591.656805
144 42328784.701505
145 35341701.553743
146 32342746.826679
147 32281932.430304
148 32161820.655188
149 34186673.244894
150 23893537.535701
151 34778923.799543
152 35891024.863060
153 36424512.956457
154 31333284.120562
155 30942112.975768
156 25139857.797586
157 32173386.633754
158 21591981.996897
159 24176251.885737
160 24694077.917846
161 23046009.853347
162 23209301.285799
163 20324033.893178
164 23541954.513391
165 16612594.188976
166 15418773.576960
167 16123326.758104
168 13741346.064348
169 12819247.206103
170 13318601.399101
171 9893639.211405
172 12122096.555644
173 10349711.867951
174 10404468.010550
175 10479326.543868
176 8108238.067203
177 9274467.935979
178 8264876.232411
179 8194568.532584
180 7828960.627460
181 8888874.303942
182 6794786.180581
183 6686877.091899
184 5586766.470321
185 5650749.911455
186 4990598.010432
187 5816981.681609
188 5664228.602087
189 5142088.434998
190 6304101.380586
191 5635635.818905
192 4629054.045301
193 4914157.716820
194 4969146.823734
195 5130623.662859
196 3960001.390358
197 4147651.427270
198 4449969.337937
199 3819657.994257
200 3786596.579427
201 3708972.917342
202 3871600.805863
203 3916066.140793
204 4135552.823191
205 3171902.096702
206 3068554.331556
207 3305403.291639
208 3362181.366920
209 2960284.183103
210 3241748.025390
211 3500477.025647
212 3273098.942043
213 3038809.823417
214 3138668.691467
215 2326569.127751
216 2474356.085425
217 2317256.702994
218 2072938.530737
219 2121069.037694
220 2214355.470341
221 2503040.943708
222 2139619.865812
223 1966945.650135
224 2119301.330180
225 2227701.939410
226 1945687.809489
227 1861744.616354
228 1732298.968762
229 1953173.032309
230 1906440.027328
231 1889745.563983
232 1676939.439735
233 1725772.615497
234 1544265.291722
235 1556189.031347
236 1514974.472548
237 1594672.604880
238 1685880.817079
239 1411576.717738
240 1448908.932119
241 1397898.287801
242 1306353.146509
243 1223763.655724
244 1439017.614331
245 1245231.992350
246 1281956.764935
247 1138965.767910
248 1257412.377694
249 1060841.455473
250 1136039.688279
251 1126655.204032
252 934609.547610
253 1005611.011018
254 906124.562033
255 859286.996064
256 996677.262988
257 933589.323626
258 825378.798809
259 867934.785694
260 828540.722582
261 735271.726111
262 826901.012630
263 785293.460221
264 734424.149710
265 760394.754574
266 755686.646110
267 760599.564571
268 672746.024401
269 635627.563716
270 670741.103776
271 594818.502005
272 621555.899461
273 551550.710379
274 594920.408981
275 565025.239441
276 494554.719468
277 492467.292232
278 451249.331506
279 456922.647576
280 471369.501982
281 441462.850948
282 490715.945902
283 436001.102501
284 451646.719784
285 407655.725113
286 406679.850621
287 415740.103832
288 401100.558309
289 405821.927202
290 395838.036847
291 391225.945592
292 374495.880526
293 344361.603571
294 383670.847577
295 361218.130898
296 342512.181803
297 344823.941542
298 375109.046859
299 342649.959363
300 301503.487043
301 343172.134080
302 302130.249619
303 337871.981363
304 291413.267821
305 302321.511585
306 285711.302899
307 272190.198724
308 268905.515435
309 298329.555525
310 288535.037142
311 266538.547843
312 279608.807797
313 267118.298551
314 239221.826287
315 243667.870995
316 245231.044300
317 243008.146050
318 221756.016293
319 202030.760943
320 196818.597289
321 198106.328562
322 206324.315056
323 204423.127478
324 193414.352108
325 169044.770398
326 177993.338588
327 166627.230286
328 172068.161286
329 164760.441612
330 161491.431203
331 159156.065884
332 169109.931760
333 144943.203449
334 162783.090727
335 155339.341396
336 151543.923148
337 148638.367181
338 143843.705127
339 142134.909114
340 132985.075024
341 134728.152301
342 118227.213487
343 108655.668903
344 111414.889110
345 118051.171559
346 113249.192681
347 111195.338916
348 106534.692672
349 93691.259653
350 100482.417135
351 90407.982931
352 94698.478739
353 93719.048355
354 91840.393509
355 86138.104559
356 83918.154210
357 82971.013761
358 80950.525400
359 80082.218673
360 81748.319819
361 80793.964055
362 81721.715745
363 72068.539406
364 75143.078100
365 73801.031326
366 71111.581406
367 70166.926252
368 69146.424345
369 66965.755416
370 69141.020547
371 68271.202227
372 63744.023249
373 60328.845220
374 62567.527859
375 59519.699538
376 59414.843270
377 54742.028718
378 58346.536571
379 56853.521872
380 57069.331565
381 54308.257088
382 54158.457487
383 53557.646257
384 48956.727526
385 51288.616961
386 49105.657066
387 46875.079242
388 47306.242383
389 44975.217776
390 45074.862069
391 43873.264934
392 43659.207703
393 42346.474055
394 42057.036932
395 42156.033297
396 41104.381388
397 40152.759650
398 39208.606395
399 38435.758410
400 40253.312238
401 39665.392761
402 38182.029032
403 37804.794253
404 37452.237415
405 35729.098122
406 36200.182564
407 34806.523742
408 35313.492207
409 34478.154366
410 33573.366168
411 32789.943650
412 33086.729519
413 32741.104195
414 32213.290497
415 30878.543547
416 31348.985737
417 30786.708325
418 29655.562123
419 29448.402725
420 29768.318580
421 29223.283646
422 28457.823565
423 27882.017746
424 27868.977553
425 27082.280608
426 27035.858585
427 26205.530224
428 26495.920079
429 26147.150808
430 25586.044111
431 25233.013288
432 24713.105424
433 24443.060976
434 24009.515695
435 23008.000972
436 23450.904289
437 23058.313728
438 22508.560861
439 22836.356710
440 22367.299823
441 22163.806717
442 21570.402755
443 21163.374299
444 20988.176298
445 20816.916084
446 20577.154504
447 20163.966092
448 20056.295469
449 19748.765783
450 19493.401428
451 19485.486119
452 19334.206872
453 19093.686456
454 18727.379813
455 18608.337570
456 18523.932427
457 18255.445214
458 18192.051343
459 17892.825401
460 17530.224766
461 17523.626219
462 17266.835766
463 17223.488018
464 17115.786086
465 16919.088666
466 16706.017223
467 16511.992339
468 16343.245219
469 16356.022128
470 16189.893024
471 16118.885490
472 15947.748738
473 15871.277851
474 15770.718850
475 15631.969237
476 15598.539297
477 15449.196185
478 15402.013845
479 15306.664828
480 15185.139368
481 15124.557895
482 14996.926561
483 14911.212533
484 14873.716857
485 14750.014787
486 14715.323616
487 14661.353378
488 14587.395903
489 14514.294875
490 14471.072775
491 14420.352402
492 14352.845470
493 14320.378570
494 14279.392699
495 14254.963263
496 14220.661636
497 14197.108644
498 14178.633490
499 14166.440049
500 14158.555890
