1 19892131.058804
2 46048731.563596
3 83627382.372117
4 141686724.856543
5 398920528.405991
6 613659400.065857
7 955699889.499051
8 1918387830.719924
9 3482687055.486430
10 4228478496.201799
11 6420420397.961555
12 5755772189.195602
13 15579725603.463308
14 33706409885.216591
15 63174019600.465302
16 107255274053.946609
17 109720788264.035233
18 140441459549.492371
19 377097094364.235840
20 460334515628.728638
21 568334577321.688599
22 563143205715.590942
23 684172643357.283936
24 1082913917947.520386
25 1204960226212.030029
26 2199592947121.948242
27 3077766680567.043945
28 4353073008710.761230
29 5066573389480.070312
30 5211748516957.819336
31 8673015150924.094727
32 13206808855274.242188
33 17006110127425.232422
34 27110288175927.902344
35 53502118248537.906250
36 40352379672737.992188
37 65354190207853.890625
38 83948897615441.406250
39 70824415925199.265625
40 100248232062828.546875
41 115940735247108.750000
42 148054112726721.781250
43 206814342776525.406250
44 407138319871799.125000
45 569349143683933.125000
46 872107914789199.125000
47 831718612278961.250000
48 1325317213002190.500000
49 784808668893557.125000
50 1327479588701155.250000
51 1029914174147083.750000
52 1423150653521253.750000
53 2045683810201473.750000
54 2294240733322858.500000
55 3011838781959132.000000
56 3844490966292943.500000
57 5122028555537540.000000
58 6452691200401941.000000
59 6421474796317971.000000
60 10752796648100218.000000
61 9273777882094854.000000
62 16024872355672884.000000
63 13341807362507550.000000
64 28028819317185352.000000
65 26159640541339908.000000
66 37943778348467616.000000
67 34223650974783644.000000
68 48498131122634488.000000
69 59208485405067600.000000
70 45647631607560184.000000
71 78783955402770304.000000
72 70331649395580992.000000
73 91804124119157680.000000
74 127075508961001888.000000
75 149718315601582112.000000
76 240187404288490400.000000
77 343017090256769984.000000
78 357450126054707136.000000
79 454230560141385344.000000
80 568865150602818432.000000
81 365838148586520832.000000
82 581474981844532736.000000
83 746772624323061376.000000
84 633649234456447104.000000
85 813246967051760896.000000
86 884839893735537024.000000
87 821194600552472576.000000
88 1108261782851894400.000000
89 1023074489120101120.000000
90 1325907509947128576.000000
91 1068558267767970304.000000
92 1532867962049122304.000000
93 1727025847985514240.000000
94 1245369820980102144.000000
95 1618552915852454912.000000
96 1322715646386339328.000000
97 1160155269952386304.000000
98 1572107116854947072.000000
99 1832939734584270080.000000
100 1873785647979431680.000000
101 2530155774172908032.000000
102 3813534478464333312.000000
103 4111490885340560896.000000
104 3363721880800805888.000000
105 3431413002174809600.000000
106 3732771494025563136.000000
107 3231412245593396224.000000
108 4026160355524653568.000000
109 2750337825205053440.000000
110 4887422536538836992.000000
111 5679932940159565824.000000
112 5460563076438628352.000000
113 6115442832008318976.000000
114 6827156185275745280.000000
115 7259418792224473088.000000
116 9961038093407315968.000000
117 10388890492376858624.000000
118 9661172698954944512.000000
119 7264206582034154496.000000
120 7975518949313361920.000000
121 8783203035368474624.000000
122 6877255364016737280.000000
123 9092056738054403072.000000
124 7917432993891817472.000000
125 7915423118446232576.000000
126 9612463307680479232.000000
127 8447963931212940288.000000
128 8628195717018563584.000000
129 10313452132359098368.000000
130 8574941287222782976.000000
131 9918762640672210944.000000
132 7221455300618901504.000000
133 8847110661793128448.000000
134 10041098503217580032.000000
135 7254516824299803648.000000
136 8256641854124920832.000000
137 8493823374422210560.000000
138 8004466590078233600.000000
139 6229494381343168512.000000
140 6168311476402533376.000000
141 5724693970419282944.000000
142 7287931241095046144.000000
143 6723760160349531136.000000
144 5287044467725558784.000000
145 6284290813788798976.000000
146 5921234719255416832.000000
147 5754873457771661312.000000
148 7523500315632294912.000000
149 4897933049214653440.000000
150 4290898107883570176.000000
151 5743369263173417984.000000
152 6814292281264102400.000000
153 6657831508828989440.000000
154 4104668738726470656.000000
155 3871468072788551680.000000
156 4448349697119641600.000000
157 5206833246810902528.000000
158 3476750461212870656.000000
159 2416490837987434496.000000
160 2290359700854132224.000000
161 2022227559127662336.000000
162 1383713765395561216.000000
163 1371352389525265152.000000
164 1018705682492627072.000000
165 885203084249179904.000000
166 816494166959776128.000000
167 839315271245776128.000000
168 975413072311145984.000000
169 778007924039064192.000000
170 523440917079017856.000000
171 529565690065688512.000000
172 402239057196315328.000000
173 389968504525410624.000000
174 314012803562964288.000000
175 363791938811630208.000000
176 243233126089344640.000000
177 220284758915144224.000000
178 248062790904344928.000000
179 149179803250163968.000000
180 166594991509274400.000000
181 97710989802882912.000000
182 120576850867519264.000000
183 98576689562735072.000000
184 118748638738878176.000000
185 96381003322725056.000000
186 77999301449355568.000000
187 57084277392724976.000000
188 59506971401799448.000000
189 49015787318466112.000000
190 48408201269567432.000000
191 45358001517038144.000000
192 38981962239201192.000000
193 25371287571774776.000000
194 31112684811565060.000000
195 24335139477764636.000000
196 16776912493342706.000000
197 15860084868357738.000000
198 17110434775213716.000000
199 18099191912261920.000000
200 11721387456038108.000000
201 12678022341957626.000000
202 11251345795203904.000000
203 9615223853033254.000000
204 8189545036251435.000000
205 4718214312905178.000000
206 3912852227213909.500000
207 2646566601082586.500000
208 2050320563465693.750000
209 2176157086854473.500000
210 1379950200731972.500000
211 1608672721882962.750000
212 1419460796599140.500000
213 1035773766788232.375000
214 825753457106847.375000
215 619843661347867.375000
216 391705226022542.875000
217 353018006640250.000000
218 396296083245041.125000
219 328982341500187.750000
220 235867025735734.312500
221 246864617654228.718750
222 201934295293785.500000
223 134389921532875.453125
224 120979482762362.609375
225 115358118801641.500000
226 87997197436413.453125
227 75512747680078.031250
228 59134215468265.726562
229 35250379270332.695312
230 27997449701112.941406
231 24826983276683.800781
232 16433844875097.732422
233 14467649612076.109375
234 11876360358674.025391
235 8507910813804.668945
236 7532469618494.920898
237 5822520417935.929688
238 4994334192321.908203
239 3462612176542.107422
240 3018669435745.348633
241 2363276632282.219727
242 1858755872424.724365
243 1245288751299.942627
244 940176977926.622314
245 785558118688.848389
246 458460745960.048828
247 387759911299.026550
248 319736797585.484131
249 251941398259.857300
250 189697545888.472168
251 140119695316.292084
252 100183709827.871155
253 64919216244.438240
254 60572849267.726654
255 27906566522.395863
256 26358334823.768314
257 22650838103.738586
258 14603311400.209145
259 12397142198.171848
260 10484640086.944481
261 10597551295.042690
262 5740564997.592025
263 5036957294.685556
264 2877661169.583988
265 2165763041.841264
266 1995409749.656011
267 1669588270.246209
268 1456964487.634537
269 1169711612.772901
270 792135248.714042
271 389893031.404499
272 421472463.643625
273 369134641.520030
274 275691483.726361
275 225669377.138282
276 190602747.345751
277 134501540.117829
278 117348261.706089
279 106761211.462469
280 87515827.942288
281 57369326.775063
282 50679569.683944
283 28017304.848065
284 26713144.945746
285 17018616.088770
286 11739601.717261
287 9463709.251816
288 7282372.553689
289 6934020.795077
290 5195366.824692
291 4527481.853593
292 2629500.029601
293 2640811.511591
294 1686490.236345
295 1491265.729071
296 1279140.406238
297 979439.332529
298 690335.739789
299 499333.656581
300 429321.589157
301 350369.298641
302 281667.959539
303 214547.966873
304 162210.116944
305 133362.015421
306 112350.728605
307 100242.799870
308 71951.960450
309 58256.060852
310 45513.543830
311 35744.444516
312 25397.815080
313 16638.871881
314 12861.921108
315 10131.703371
316 7972.348568
317 5932.024124
318 5063.552691
319 3714.216953
320 3018.879341
321 2357.920541
322 1539.397837
323 1173.110103
324 982.378885
325 746.456537
326 571.155097
327 399.354647
328 317.814677
329 275.256900
330 191.936139
331 146.784492
332 122.039474
333 86.907493
334 68.062792
335 58.603869
336 40.749748
337 34.921544
338 27.063158
339 20.709823
340 17.002662
341 15.477226
342 10.994947
343 7.977930
344 6.692271
345 5.388070
346 4.486866
347 3.431381
348 2.779746
349 2.197242
350 1.822404
351 1.595545
352 1.184285
353 0.942187
354 0.645964
355 0.537337
356 0.442709
357 0.367396
358 0.279881
359 0.204274
360 0.155765
361 0.129340
362 0.111933
363 0.085499
364 0.068146
365 0.052390
366 0.044665
367 0.033297
368 0.029450
369 0.022726
370 0.017328
371 0.014199
372 0.013040
373 0.011110
374 0.008623
375 0.006929
376 0.005556
377 0.003818
378 0.003218
379 0.002605
380 0.001822
381 0.001639
382 0.001371
383 0.001115
384 0.000923
385 0.000711
386 0.000558
387 0.000451
388 0.000376
389 0.000292
390 0.000219
391 0.000187
392 0.000155
393 0.000125
394 0.000090
395 0.000070
396 0.000056
397 0.000042
398 0.000034
399 0.000026
400 0.000022
401 0.000018
402 0.000014
403 0.000011
404 0.000009
405 0.000007
406 0.000005
407 0.000004
408 0.000003
409 0.000002
410 0.000002
411 0.000002
412 0.000001
413 0.000001
414 0.000001
415 0.000001
416 0.000000
417 0.000000
418 0.000000
419 0.000000
420 0.000000
421 0.000000
422 0.000000
423 0.000000
424 0.000000
425 0.000000
426 0.000000
427 0.000000
428 0.000000
429 0.000000
430 0.000000
431 0.000000
432 0.000000
433 0.000000
434 0.000000
435 0.000000
436 0.000000
437 0.000000
438 0.000000
439 0.000000
440 0.000000
441 0.000000
442 0.000000
443 0.000000
444 0.000000
445 0.000000
446 0.000000
447 0.000000
448 0.000000
449 0.000000
450 0.000000
451 0.000000
452 0.000000
453 0.000000
454 0.000000
455 0.000000
456 0.000000
457 0.000000
458 0.000000
459 0.000000
460 0.000000
461 0.000000
462 0.000000
463 0.000000
464 0.000000
465 0.000000
466 0.000000
467 0.000000
468 0.000000
469 0.000000
470 0.000000
471 0.000000
472 0.000000
473 0.000000
474 0.000000
475 0.000000
476 0.000000
477 0.000000
478 0.000000
479 0.000000
480 0.000000
481 0.000000
482 0.000000
483 0.000000
484 0.000000
485 0.000000
486 0.000000
487 0.000000
488 0.000000
489 0.000000
490 0.000000
491 0.000000
492 0.000000
493 0.000000
494 0.000000
495 0.000000
496 0.000000
497 0.000000
498 0.000000
499 0.000000
500 0.000000
