1 2914588.847016
2 5978026.721610
3 5977261.303075
4 6545595.763720
5 7550567.271824
6 6799603.061737
7 7116569.250116
8 9100270.030485
9 10295709.857644
10 12739526.063278
11 11594265.643120
12 12184934.923270
13 14738961.794142
14 11249118.431721
15 14083496.340563
16 13830041.840829
17 16150221.940266
18 17080942.847280
19 23864463.221687
20 26182355.005220
21 24148294.050980
22 23141059.942286
23 24054621.087663
24 29391068.619443
25 26095977.141135
26 26272086.253632
27 27123912.261172
28 30890885.953273
29 27092800.157656
30 32728353.046023
31 29258942.235044
32 22872730.938900
33 35711186.299833
34 36146563.689882
35 35260088.608639
36 41933923.522786
37 37288641.416764
38 27781525.936931
39 19952931.048129
40 43029172.206690
41 39012336.245482
42 34731467.020394
43 37271733.265010
44 33100870.935422
45 50375663.111549
46 52115601.282088
47 36168773.782442
48 38405854.695629
49 36441974.957197
50 41609430.310271
51 32464035.707933
52 40321729.560154
53 38587995.578985
54 44459073.475286
55 39864452.430164
56 35755024.480543
57 41693662.100705
58 41031099.886093
59 36931260.758630
60 39872235.842903
61 42307343.733804
62 41303806.166279
63 31693686.947416
64 34504524.794068
65 33080017.182830
66 32096260.547386
67 37269078.160447
68 33434747.596863
69 31693007.617394
70 33551711.257621
71 33224281.419330
72 28650640.951994
73 24308073.905108
74 17002670.980116
75 19631110.106091
76 22127925.414436
77 16165072.664547
78 16812617.349052
79 13585212.705449
80 11938431.408504
81 14616019.596453
82 11403470.325253
83 12210583.302720
84 14430034.476890
85 9049829.892857
86 9301604.218807
87 10431277.930124
88 8546530.462493
89 8572024.068763
90 9481330.109533
91 10507628.244254
92 9097690.855623
93 9165542.445139
94 8127079.744498
95 7369969.346108
96 5955291.473587
97 5846471.374512
98 4947255.412171
99 4968589.781887
100 4466795.332957
101 4475397.568117
102 4263070.742962
103 3869942.909173
104 4072904.843462
105 3868831.385569
106 3568659.445951
107 3398782.805382
108 3071007.460012
109 2855992.136682
110 2358375.964322
111 2325007.752997
112 2364493.847051
113 1829074.051379
114 2065509.704019
115 1744082.637593
116 1665490.157344
117 1278323.977382
118 1090769.675687
119 1101602.846719
120 1078104.643757
121 749394.333966
122 774970.856397
123 748146.832135
124 657877.838025
125 698035.485663
126 582915.597380
127 640624.430037
128 501910.003422
129 492301.465744
130 455334.279364
131 532725.968705
132 533633.759364
133 463192.181211
134 466993.387414
135 405283.892191
136 330028.948860
137 316563.308690
138 309630.412937
139 324719.458311
140 298844.630452
141 255713.711826
142 224266.578774
143 193959.986969
144 225362.129049
145 207113.544126
146 230006.350234
147 252336.642676
148 242062.953769
149 225286.778653
150 189355.925695
151 199282.863005
152 182401.539483
153 161532.147488
154 157544.716603
155 159215.414925
156 152845.782428
157 166978.845170
158 156576.345657
159 142173.367132
160 102826.505147
161 114514.932723
162 77581.591867
163 95186.024127
164 74650.558169
165 64185.880007
166 55145.824206
167 50959.373297
168 54481.321873
169 31605.477744
170 35945.176427
171 23444.400592
172 33419.040058
173 34276.776297
174 30968.592878
175 34863.095713
176 23494.963829
177 31183.274275
178 31560.064370
179 29362.975907
180 29590.837025
181 26591.846701
182 34637.707713
183 24873.463285
184 27824.659041
185 25425.741358
186 23074.317720
187 19733.701468
188 21246.321985
189 15503.331175
190 21125.772201
191 19639.244091
192 22230.332390
193 16466.475785
194 16619.989397
195 15594.851526
196 13606.050154
197 12710.286050
198 12721.137920
199 12974.122034
200 9580.458450
201 10180.171580
202 12207.887909
203 9804.631513
204 9041.241946
205 9426.500406
206 7839.037283
207 7387.468172
208 6845.156604
209 6450.702851
210 6319.828711
211 6242.121700
212 5543.692951
213 6041.229417
214 5055.873823
215 4590.705135
216 4972.284844
217 4600.152358
218 4437.367169
219 3458.311057
220 4018.547581
221 3697.414024
222 3562.504213
223 2816.530565
224 2833.337419
225 2402.661885
226 2288.848268
227 2359.859836
228 2190.085576
229 1746.226575
230 1727.993079
231 1976.240889
232 1841.169331
233 1886.704435
234 1785.338339
235 1635.391801
236 1683.378142
237 1589.401085
238 1531.002039
239 1552.834477
240 1503.005930
241 1214.441172
242 1240.643295
243 1327.969440
244 1145.909137
245 1180.032962
246 1118.424994
247 1065.425313
248 991.761394
249 949.334539
250 957.035386
251 824.570872
252 800.836052
253 819.935918
254 845.708072
255 823.800171
256 742.865481
257 652.394344
258 637.704845
259 666.834407
260 624.233419
261 629.395793
262 619.901331
263 561.011979
264 581.255462
265 578.508573
266 530.210083
267 496.915034
268 489.667565
269 427.360596
270 339.856996
271 360.530958
272 346.929717
273 365.652191
274 324.603758
275 348.090095
276 329.972779
277 335.538000
278 290.194198
279 293.240903
280 263.234906
281 258.158927
282 269.524754
283 257.345284
284 259.637787
285 234.253563
286 229.065907
287 217.328290
288 219.248102
289 187.700149
290 198.325506
291 170.272462
292 162.883615
293 152.513008
294 140.725977
295 138.408738
296 138.956622
297 124.141077
298 137.366187
299 120.943514
300 117.726278
301 112.946203
302 119.691155
303 110.982833
304 112.180739
305 105.561979
306 100.784133
307 95.081753
308 94.441062
309 96.876010
310 98.895314
311 98.982932
312 98.533433
313 93.425044
314 84.622196
315 88.425795
316 82.057811
317 79.753101
318 81.472595
319 80.813142
320 78.812307
321 79.931299
322 76.629184
323 74.513417
324 74.974894
325 69.753575
326 74.257358
327 68.153184
328 71.873790
329 65.533551
330 65.178086
331 63.552190
332 61.979435
333 57.143200
334 53.700347
335 55.771509
336 55.548923
337 51.099021
338 52.085361
339 48.913016
340 44.575104
341 46.933823
342 44.061987
343 42.490113
344 42.280363
345 41.141245
346 40.376748
347 38.513851
348 38.356338
349 37.189041
350 38.142026
351 39.109432
352 36.347460
353 37.262503
354 36.101788
355 34.340439
356 35.535444
357 35.572476
358 34.402463
359 32.889270
360 32.775510
361 31.226613
362 31.306116
363 28.932139
364 29.434903
365 28.298777
366 28.272590
367 26.101333
368 26.918715
369 26.411172
370 25.904144
371 25.597696
372 24.871607
373 24.615437
374 22.764043
375 22.894125
376 22.727150
377 23.089132
378 22.768793
379 22.545453
380 22.271540
381 22.871812
382 22.759657
383 21.321854
384 21.201166
385 21.067188
386 20.813309
387 20.234817
388 19.359319
389 20.199089
390 18.683236
391 18.348112
392 17.490336
393 17.716306
394 17.316264
395 16.759519
396 16.135459
397 16.341734
398 16.531111
399 16.222416
400 15.790056
401 15.610178
402 15.248318
403 15.102236
404 14.703342
405 14.800734
406 14.306794
407 14.566089
408 14.390763
409 13.766798
410 13.787520
411 13.524696
412 13.190558
413 13.043727
414 12.628572
415 12.496020
416 12.047278
417 11.781212
418 11.617675
419 11.314815
420 11.301099
421 11.094512
422 10.955194
423 10.974270
424 10.752090
425 10.553067
426 10.242411
427 10.345261
428 9.716152
429 9.887533
430 9.594301
431 9.421401
432 9.262717
433 9.233033
434 9.020023
435 8.847945
436 8.770283
437 8.809311
438 8.593818
439 8.538440
440 8.445953
441 8.334058
442 8.227400
443 8.178526
444 8.042962
445 7.978536
446 7.845760
447 7.761344
448 7.678037
449 7.638720
450 7.562837
451 7.556729
452 7.432372
453 7.336027
454 7.208378
455 7.132682
456 6.997737
457 6.991464
458 6.931568
459 6.866982
460 6.822856
461 6.729350
462 6.673590
463 6.621311
464 6.573608
465 6.483727
466 6.462646
467 6.424105
468 6.352501
469 6.312240
470 6.239145
471 6.150743
472 6.120590
473 6.051134
474 6.020865
475 5.965846
476 5.915305
477 5.879290
478 5.844672
479 5.794980
480 5.757873
481 5.718242
482 5.693453
483 5.655121
484 5.629279
485 5.599971
486 5.568090
487 5.546797
488 5.528347
489 5.505411
490 5.484214
491 5.463714
492 5.447773
493 5.427372
494 5.414682
495 5.403705
496 5.395606
497 5.383923
498 5.379464
499 5.374183
500 5.371374
1 5297031.259989
2 4046502.693960
3 5949654.731851
4 7443017.336221
5 8709738.479038
6 8673238.444143
7 10659197.103131
8 11547535.527851
9 10774935.147319
10 12994694.893225
11 11703069.578758
12 11661599.866346
13 17125233.514571
14 18033078.733365
15 17444313.625775
16 20797021.901943
17 21989316.811610
18 27404928.733632
19 20667420.176664
20 29155134.346625
21 26702261.376067
22 27075469.019904
23 35139951.739668
24 29802267.264865
25 43313934.411133
26 42593920.965941
27 47048326.479807
28 48990817.682982
29 52805776.303878
30 50032670.282025
31 36076788.826246
32 49828083.649119
33 50990551.960086
34 47338938.992098
35 46516463.492104
36 45152200.508802
37 32843755.491900
38 35564870.437328
39 36303856.712749
40 32571813.305137
41 35589535.876534
42 32829569.220182
43 35181416.325595
44 38176079.238602
45 32091883.821257
46 25414698.140689
47 30614538.007576
48 23424225.905965
49 25386675.117230
50 23983697.402340
51 28041212.875416
52 23378650.688442
53 23487802.870843
54 21986277.673615
55 21186686.878192
56 23042296.871518
57 24310480.537968
58 23441901.902315
59 25052176.934852
60 23877491.213666
61 22082827.475215
62 26476927.887178
63 23683849.119114
64 27071293.345275
65 25643251.916224
66 24113483.407740
67 21081143.482307
68 21523051.384705
69 28239584.482211
70 22409903.817835
71 28820254.704103
72 21684273.236394
73 22105099.421707
74 20910980.302020
75 17016177.879530
76 17731635.624712
77 16751076.806065
78 16564312.420311
79 15536901.227224
80 15477603.139362
81 14756834.441763
82 14954280.310877
83 13634339.416053
84 15120316.755985
85 11872776.683292
86 12756373.225844
87 11793610.039983
88 12599023.637339
89 12247241.753072
90 10486600.592807
91 12828565.795175
92 12229121.869388
93 10963650.850196
94 10466525.540801
95 11582910.095350
96 9505339.775556
97 8651420.362522
98 7508420.257588
99 6679362.462507
100 7050153.218789
101 5936899.941466
102 5855413.485097
103 5594706.353547
104 5928244.315477
105 5835045.844974
106 5809305.970420
107 4998076.843247
108 5855617.233839
109 4838494.260677
110 4053464.051073
111 3609710.045084
112 3615628.836890
113 3018118.790985
114 2376522.517467
115 2316479.431283
116 2320566.662192
117 2038526.751839
118 2331044.649330
119 2114773.981631
120 1581191.456983
121 1945742.861019
122 1623374.201020
123 1830706.497801
124 1768258.555746
125 1276589.883779
126 1380537.614520
127 1379426.856549
128 1401407.797305
129 1429882.182307
130 1185730.908472
131 1180254.348211
132 1096767.429369
133 825615.368329
134 817655.828980
135 642018.054649
136 751908.074693
137 629023.950987
138 542999.520596
139 553502.663600
140 469462.784289
141 388082.666391
142 447176.218998
143 385990.521960
144 371886.958544
145 316521.618430
146 312984.818303
147 312613.216601
148 321621.123210
149 291728.214406
150 267952.030258
151 185399.921995
152 171084.722433
153 161823.948963
154 151709.102479
155 152125.336745
156 140261.397064
157 122794.403868
158 129936.782053
159 125934.354170
160 129151.787416
161 121778.930023
162 127555.706398
163 114139.721086
164 114387.065119
165 115338.206798
166 117266.630598
167 112589.295580
168 99550.150289
169 111694.269072
170 79936.415365
171 90778.299129
172 86038.495633
173 85321.844008
174 93311.571236
175 63627.930388
176 69635.319531
177 59334.569174
178 63089.395703
179 63951.865963
180 62134.365162
181 56378.835129
182 41446.684142
183 44030.176832
184 47881.854509
185 39121.772851
186 39620.188882
187 32047.971777
188 28319.256755
189 24896.692147
190 21172.858589
191 19067.914647
192 18474.851391
193 18519.391384
194 16324.649391
195 15126.847296
196 14730.615455
197 14907.446113
198 13762.664500
199 12378.281477
200 11782.115665
201 11402.028727
202 10675.544878
203 9689.060619
204 9217.474392
205 8974.902793
206 8017.077442
207 6638.585316
208 7546.942062
209 6256.727669
210 6432.734270
211 4965.124993
212 5400.803365
213 5284.793085
214 4887.707528
215 4556.692818
216 3719.798421
217 3829.527523
218 3389.599206
219 3685.773914
220 3049.246830
221 3033.287892
222 3031.423390
223 2596.760312
224 2603.821587
225 2764.223071
226 2549.053486
227 2591.854749
228 2166.490153
229 1970.870059
230 1885.297205
231 1583.829163
232 1871.561699
233 1463.430860
234 1453.243201
235 1364.310586
236 1241.670535
237 1178.012177
238 1163.768063
239 1093.475680
240 1042.723984
241 1046.245720
242 977.236099
243 797.149334
244 744.484647
245 788.213575
246 762.091468
247 707.612143
248 646.448574
249 622.665041
250 550.492820
251 487.248781
252 513.578064
253 493.315868
254 484.857747
255 459.874775
256 470.112891
257 424.628839
258 407.146153
259 396.105502
260 404.857520
261 380.685223
262 361.592472
263 341.103546
264 350.409624
265 292.169357
266 273.755335
267 264.900217
268 258.034679
269 219.287301
270 232.890982
271 219.115644
272 217.315224
273 188.088136
274 174.897094
275 177.069920
276 163.098482
277 157.854520
278 146.866501
279 134.318754
280 144.153607
281 137.388040
282 131.847048
283 135.942513
284 126.428989
285 127.646937
286 129.041435
287 124.838222
288 113.919380
289 111.506005
290 110.273718
291 108.554991
292 102.477918
293 97.812817
294 97.252412
295 95.777594
296 95.561645
297 88.501129
298 87.917931
299 87.895648
300 86.113433
301 79.818879
302 76.580842
303 77.895998
304 77.901896
305 71.889583
306 73.922065
307 71.964289
308 69.925655
309 68.453064
310 67.249158
311 64.334272
312 62.315711
313 58.670781
314 56.874370
315 56.496732
316 58.785668
317 53.582107
318 54.340327
319 51.309726
320 50.963513
321 47.407801
322 48.237977
323 47.160190
324 46.726922
325 45.190653
326 42.937484
327 42.355916
328 39.857738
329 41.566108
330 39.522778
331 38.481451
332 36.311284
333 37.490999
334 37.000586
335 33.807093
336 32.539274
337 32.746279
338 31.072309
339 30.620770
340 26.244465
341 29.335100
342 27.836475
343 26.265475
344 25.964570
345 25.766325
346 23.113351
347 23.955437
348 22.886827
349 21.950877
350 21.927398
351 21.544099
352 21.086498
353 20.548058
354 19.835595
355 19.805919
356 18.177503
357 17.562404
358 16.843261
359 16.426910
360 16.266458
361 15.662332
362 14.907031
363 14.766954
364 14.424087
365 14.040931
366 13.834916
367 13.207590
368 13.020229
369 12.589371
370 12.610009
371 12.513151
372 12.291258
373 11.994593
374 11.817354
375 11.623686
376 11.305398
377 10.884060
378 10.781042
379 10.522551
380 10.433193
381 10.008978
382 9.956882
383 9.135490
384 9.172311
385 9.251938
386 9.140149
387 9.015775
388 8.707832
389 8.347787
390 8.420881
391 8.400329
392 8.202453
393 7.860336
394 7.607998
395 7.511181
396 7.477789
397 7.504455
398 7.299092
399 7.076767
400 6.974645
401 6.849339
402 6.680803
403 6.625887
404 6.515226
405 6.330729
406 6.206397
407 6.028569
408 5.941470
409 5.865676
410 5.682442
411 5.429047
412 5.474834
413 5.405243
414 5.302883
415 5.294205
416 5.210548
417 5.111058
418 5.027453
419 5.015575
420 4.925041
421 4.850268
422 4.679366
423 4.628461
424 4.539193
425 4.589966
426 4.512653
427 4.395011
428 4.313486
429 4.206107
430 4.144469
431 4.139907
432 4.022754
433 3.983388
434 3.891481
435 3.906355
436 3.878285
437 3.836883
438 3.766788
439 3.718847
440 3.689116
441 3.637777
442 3.589340
443 3.563131
444 3.534035
445 3.479826
446 3.393981
447 3.358490
448 3.296131
449 3.227937
450 3.238931
451 3.186382
452 3.124913
453 3.098089
454 3.065253
455 3.037345
456 3.005846
457 2.987428
458 2.964210
459 2.950578
460 2.913726
461 2.892003
462 2.868704
463 2.830110
464 2.811765
465 2.785855
466 2.758661
467 2.731318
468 2.730598
469 2.715141
470 2.696785
471 2.656233
472 2.632235
473 2.608592
474 2.603431
475 2.583492
476 2.574852
477 2.557489
478 2.535233
479 2.528930
480 2.503833
481 2.492112
482 2.475610
483 2.461983
484 2.448452
485 2.431469
486 2.420051
487 2.410528
488 2.396441
489 2.393014
490 2.385185
491 2.375902
492 2.370035
493 2.363161
494 2.357306
495 2.351030
496 2.346248
497 2.342422
498 2.339726
499 2.337607
500 2.336669
