1 3108531.967560
2 3190566.430361
3 3439517.994520
4 3843884.621742
5 4195973.826136
6 4468304.839241
7 4942926.210721
8 5158922.989898
9 5298307.034766
10 6335779.842031
11 6579598.655436
12 6614855.472367
13 6697691.730249
14 6918985.934625
15 6911014.544442
16 6695922.425640
17 6958272.896829
18 6542149.251562
19 7059872.855482
20 7255193.522458
21 6884430.043982
22 6891292.275533
23 6752606.556920
24 6847819.924377
25 6696848.849056
26 6366638.662107
27 5897431.183177
28 5896336.543547
29 5432708.300228
30 5524336.683320
31 5365694.191929
32 5619744.748283
33 5220991.857940
34 4984029.621850
35 4871669.065685
36 4994382.029404
37 4802985.540094
38 4600956.614463
39 4351569.666360
40 3965705.824253
41 3878782.965642
42 3643026.423651
43 3391128.542523
44 3223956.812042
45 3380546.649052
46 3146225.963564
47 2993851.201926
48 2676098.974685
49 2501766.781142
50 2455977.838451
51 2243317.335442
52 2067284.584361
53 1956026.007967
54 1860332.575062
55 1844310.316254
56 1767528.682567
57 1717973.138310
58 1526937.275560
59 1370510.030074
60 1210145.532322
61 1144069.862832
62 1057952.544198
63 976409.631361
64 916579.442014
65 845359.963235
66 768850.835445
67 706098.284414
68 712501.847832
69 653763.093441
70 545039.253376
71 501321.567265
72 464137.420137
73 395240.503084
74 376922.138710
75 339171.156518
76 302530.016873
77 265652.158444
78 251162.645051
79 236061.861385
80 213514.077704
81 184248.142926
82 173696.136822
83 154642.507866
84 139338.429617
85 131485.305370
86 114926.772577
87 100902.936670
88 96795.455289
89 82300.391246
90 76249.834545
91 72853.230528
92 65842.070520
93 58166.590772
94 51161.377786
95 45572.451205
96 44590.992515
97 41111.421373
98 35350.138632
99 32103.622584
100 29218.759103
101 27964.735197
102 25330.002518
103 23381.660862
104 20353.743055
105 18708.299432
106 16073.642999
107 14070.618857
108 12051.366878
109 11443.629051
110 10321.890199
111 9420.434352
112 8578.104474
113 8187.019985
114 7562.763857
115 6687.529375
116 5710.005904
117 5189.762272
118 4422.515238
119 4129.947460
120 3590.161090
121 3365.543301
122 2901.164056
123 2645.906386
124 2507.393195
125 2262.124721
126 2033.998615
127 1823.881106
128 1535.486244
129 1459.955851
130 1316.405101
131 1174.286888
132 1064.170702
133 978.231497
134 830.960687
135 717.930590
136 650.621228
137 583.397957
138 497.653385
139 464.007886
140 411.708894
141 363.078445
142 311.379557
143 279.703088
144 243.507203
145 217.755434
146 193.312634
147 194.581522
148 170.941613
149 156.315845
150 137.808708
151 128.667645
152 115.245772
153 100.811255
154 94.822364
155 83.502658
156 75.069289
157 66.115811
158 64.889789
159 56.934580
160 52.044186
161 46.011820
162 43.350466
163 39.891327
164 35.453925
165 32.012068
166 29.753268
167 26.979233
168 23.956552
169 21.447566
170 19.569992
171 17.339468
172 15.839788
173 14.428789
174 13.083418
175 12.003707
176 10.970333
177 9.973500
178 9.142631
179 8.250646
180 7.858241
181 7.361180
182 6.438541
183 6.198502
184 5.793487
185 5.250658
186 4.827894
187 4.312553
188 4.025259
189 3.649542
190 3.226104
191 3.041136
192 2.743002
193 2.570606
194 2.297512
195 2.147978
196 1.984756
197 1.774716
198 1.658474
199 1.523803
200 1.432903
201 1.318681
202 1.197602
203 1.096355
204 1.001014
205 0.932242
206 0.840106
207 0.771249
208 0.711979
209 0.653314
210 0.604473
211 0.555590
212 0.502101
213 0.475854
214 0.431028
215 0.391893
216 0.368575
217 0.337475
218 0.305960
219 0.288428
220 0.263664
221 0.249884
222 0.229816
223 0.216931
224 0.204397
225 0.190937
226 0.178955
227 0.166824
228 0.156584
229 0.144332
230 0.133830
231 0.126235
232 0.117275
233 0.109378
234 0.103439
235 0.094596
236 0.089061
237 0.083203
238 0.079304
239 0.074718
240 0.066584
241 0.064415
242 0.060498
243 0.056616
244 0.052750
245 0.049066
246 0.046181
247 0.043697
248 0.040994
249 0.038799
250 0.036904
251 0.034492
252 0.032689
253 0.030461
254 0.029082
255 0.027735
256 0.026016
257 0.024123
258 0.022643
259 0.020834
260 0.019942
261 0.019065
262 0.017930
263 0.016800
264 0.016174
265 0.015675
266 0.014653
267 0.013857
268 0.012990
269 0.012627
270 0.011895
271 0.011166
272 0.010831
273 0.010249
274 0.009828
275 0.009211
276 0.008809
277 0.008408
278 0.007932
279 0.007562
280 0.007221
281 0.007044
282 0.006718
283 0.006298
284 0.006093
285 0.005744
286 0.005458
287 0.005252
288 0.005044
289 0.004836
290 0.004620
291 0.004429
292 0.004327
293 0.004122
294 0.003868
295 0.003761
296 0.003613
297 0.003415
298 0.003289
299 0.003129
300 0.003053
301 0.002920
302 0.002767
303 0.002705
304 0.002615
305 0.002456
306 0.002396
307 0.002279
308 0.002165
309 0.002096
310 0.002029
311 0.001920
312 0.001867
313 0.001786
314 0.001710
315 0.001651
316 0.001600
317 0.001543
318 0.001474
319 0.001420
320 0.001370
321 0.001314
322 0.001258
323 0.001217
324 0.001178
325 0.001151
326 0.001111
327 0.001071
328 0.001034
329 0.000988
330 0.000950
331 0.000925
332 0.000889
333 0.000873
334 0.000831
335 0.000815
336 0.000792
337 0.000764
338 0.000740
339 0.000711
340 0.000689
341 0.000672
342 0.000645
343 0.000627
344 0.000606
345 0.000591
346 0.000568
347 0.000546
348 0.000533
349 0.000516
350 0.000502
351 0.000488
352 0.000472
353 0.000459
354 0.000450
355 0.000435
356 0.000424
357 0.000409
358 0.000399
359 0.000389
360 0.000381
361 0.000370
362 0.000358
363 0.000350
364 0.000338
365 0.000329
366 0.000320
367 0.000314
368 0.000305
369 0.000298
370 0.000290
371 0.000285
372 0.000277
373 0.000273
374 0.000264
375 0.000260
376 0.000253
377 0.000248
378 0.000241
379 0.000237
380 0.000231
381 0.000225
382 0.000220
383 0.000216
384 0.000210
385 0.000207
386 0.000202
387 0.000197
388 0.000193
389 0.000189
390 0.000186
391 0.000181
392 0.000176
393 0.000172
394 0.000169
395 0.000166
396 0.000161
397 0.000158
398 0.000155
399 0.000151
400 0.000149
401 0.000146
402 0.000144
403 0.000141
404 0.000139
405 0.000136
406 0.000134
407 0.000132
408 0.000129
409 0.000127
410 0.000125
411 0.000123
412 0.000121
413 0.000119
414 0.000117
415 0.000115
416 0.000114
417 0.000112
418 0.000110
419 0.000108
420 0.000107
421 0.000106
422 0.000104
423 0.000103
424 0.000101
425 0.000099
426 0.000098
427 0.000097
428 0.000096
429 0.000095
430 0.000093
431 0.000092
432 0.000091
433 0.000090
434 0.000089
435 0.000088
436 0.000087
437 0.000086
438 0.000085
439 0.000084
440 0.000083
441 0.000082
442 0.000081
443 0.000080
444 0.000079
445 0.000078
446 0.000078
447 0.000077
448 0.000076
449 0.000075
450 0.000075
451 0.000074
452 0.000073
453 0.000073
454 0.000072
455 0.000071
456 0.000071
457 0.000070
458 0.000070
459 0.000069
460 0.000069
461 0.000068
462 0.000068
463 0.000067
464 0.000067
465 0.000066
466 0.000066
467 0.000066
468 0.000065
469 0.000065
470 0.000064
471 0.000064
472 0.000063
473 0.000063
474 0.000063
475 0.000063
476 0.000062
477 0.000062
478 0.000062
479 0.000061
480 0.000061
481 0.000061
482 0.000061
483 0.000061
484 0.000060
485 0.000060
486 0.000060
487 0.000060
488 0.000060
489 0.000060
490 0.000060
491 0.000059
492 0.000059
493 0.000059
494 0.000059
495 0.000059
496 0.000059
497 0.000059
498 0.000059
499 0.000059
500 0.000059
