1 3131024.361699
2 3053851.270407
3 3420734.846442
4 3688250.858573
5 4281807.727962
6 4365245.873053
7 4374125.719725
8 4695661.590228
9 4871756.530946
10 4984527.435158
11 4446459.845344
12 4636319.503694
13 4808493.164117
14 5166158.203384
15 5142814.529356
16 5233932.668568
17 5050477.403961
18 5294185.156659
19 5281747.850054
20 5357939.753941
21 5291206.633853
22 5149148.955112
23 4880366.707614
24 5041365.771374
25 4626830.806559
26 4771904.033160
27 5076770.721563
28 5082699.065105
29 4589881.959008
30 4660346.938380
31 4582785.198698
32 4664576.220370
33 4466429.974245
34 4345365.439283
35 4221748.577353
36 4078630.491714
37 3885259.175536
38 3721253.295371
39 3431017.239578
40 3389922.753451
41 3203228.356968
42 2936852.788223
43 2789780.224631
44 2712000.362386
45 2516375.376748
46 2329505.922580
47 2220696.902562
48 2120837.154399
49 1992548.928364
50 1909392.720692
51 1761173.670420
52 1626919.715595
53 1514696.428491
54 1401190.911875
55 1288483.574531
56 1206211.714257
57 1131587.969848
58 1081780.352453
59 987141.707131
60 941444.917216
61 861238.774843
62 783529.470091
63 694919.388760
64 668574.794075
65 565770.348214
66 555068.341897
67 491107.050505
68 462355.230222
69 400277.980272
70 372706.911777
71 329821.956105
72 302269.861242
73 289865.610530
74 263985.278636
75 236873.291517
76 218671.910503
77 205015.243358
78 187655.294189
79 170051.266761
80 153091.639590
81 134246.555260
82 121885.494327
83 110154.642375
84 96014.403588
85 86590.245182
86 79393.346244
87 72671.104846
88 63644.113940
89 58061.343006
90 52962.173693
91 46299.869055
92 43000.699602
93 39621.125660
94 34846.871602
95 32137.255829
96 27721.862362
97 24821.290818
98 23061.982879
99 21243.172426
100 19226.389586
101 17315.533645
102 15611.290326
103 14165.724458
104 12889.427732
105 11883.859416
106 9973.750958
107 9322.855754
108 8071.677989
109 7387.965576
110 6634.427153
111 5932.352599
112 5380.327074
113 4820.084957
114 4344.969333
115 3899.166333
116 3397.846804
117 3042.142716
118 2802.182002
119 2466.544372
120 2206.400455
121 1958.963585
122 1725.007309
123 1587.063829
124 1379.119963
125 1292.881775
126 1156.545978
127 1054.617686
128 930.364749
129 850.078871
130 749.054321
131 649.277367
132 562.870562
133 535.013557
134 486.755458
135 423.807642
136 387.122280
137 356.767294
138 324.955587
139 280.263349
140 247.494218
141 220.647092
142 200.939556
143 182.978218
144 164.613778
145 143.770325
146 133.710582
147 115.464287
148 107.877896
149 97.988678
150 89.273019
151 81.380093
152 73.845485
153 67.533213
154 59.993168
155 53.505183
156 49.720888
157 45.779313
158 41.033938
159 38.229463
160 35.758471
161 33.203569
162 30.250034
163 27.049265
164 23.961725
165 22.643863
166 20.371735
167 18.845706
168 17.368114
169 16.005844
170 13.927315
171 13.015350
172 12.077566
173 11.157094
174 10.177984
175 9.068519
176 8.325387
177 7.772513
178 7.161561
179 6.534116
180 6.001615
181 5.528383
182 4.907555
183 4.592675
184 4.179496
185 3.776620
186 3.475202
187 3.233358
188 2.982243
189 2.693402
190 2.445774
191 2.314203
192 2.137087
193 1.926146
194 1.844507
195 1.691214
196 1.549268
197 1.426339
198 1.333508
199 1.239566
200 1.147151
201 1.056586
202 0.988521
203 0.899600
204 0.827392
205 0.776853
206 0.702224
207 0.645702
208 0.610639
209 0.577402
210 0.539598
211 0.503052
212 0.474172
213 0.441172
214 0.405897
215 0.384200
216 0.355949
217 0.331506
218 0.309114
219 0.288470
220 0.268796
221 0.248986
222 0.233664
223 0.218233
224 0.202820
225 0.188445
226 0.177304
227 0.165180
228 0.152403
229 0.144956
230 0.136146
231 0.126879
232 0.119933
233 0.111928
234 0.106020
235 0.099393
236 0.093803
237 0.088794
238 0.082891
239 0.077200
240 0.072793
241 0.069546
242 0.062373
243 0.060081
244 0.055970
245 0.053274
246 0.049924
247 0.048169
248 0.045761
249 0.043122
250 0.040940
251 0.038232
252 0.036479
253 0.034608
254 0.032630
255 0.030667
256 0.029118
257 0.027883
258 0.026410
259 0.025037
260 0.023705
261 0.022128
262 0.021306
263 0.020241
264 0.019422
265 0.018448
266 0.017488
267 0.016687
268 0.015876
269 0.015156
270 0.014646
271 0.013911
272 0.013424
273 0.012801
274 0.012173
275 0.011653
276 0.011219
277 0.010827
278 0.010203
279 0.009678
280 0.009355
281 0.008947
282 0.008503
283 0.008047
284 0.007679
285 0.007382
286 0.007022
287 0.006708
288 0.006420
289 0.006148
290 0.005855
291 0.005660
292 0.005406
293 0.005248
294 0.005012
295 0.004818
296 0.004606
297 0.004457
298 0.004256
299 0.004071
300 0.003912
301 0.003786
302 0.003665
303 0.003535
304 0.003387
305 0.003250
306 0.003110
307 0.003015
308 0.002901
309 0.002813
310 0.002715
311 0.002620
312 0.002506
313 0.002441
314 0.002338
315 0.002269
316 0.002184
317 0.002096
318 0.002032
319 0.001957
320 0.001891
321 0.001836
322 0.001761
323 0.001694
324 0.001633
325 0.001591
326 0.001539
327 0.001486
328 0.001432
329 0.001391
330 0.001340
331 0.001278
332 0.001246
333 0.001211
334 0.001168
335 0.001141
336 0.001103
337 0.001065
338 0.001033
339 0.001002
340 0.000967
341 0.000948
342 0.000922
343 0.000889
344 0.000864
345 0.000843
346 0.000819
347 0.000796
348 0.000768
349 0.000744
350 0.000724
351 0.000707
352 0.000686
353 0.000673
354 0.000657
355 0.000638
356 0.000625
357 0.000610
358 0.000592
359 0.000581
360 0.000564
361 0.000553
362 0.000536
363 0.000524
364 0.000512
365 0.000499
366 0.000490
367 0.000478
368 0.000466
369 0.000455
370 0.000447
371 0.000437
372 0.000428
373 0.000417
374 0.000408
375 0.000398
376 0.000388
377 0.000379
378 0.000372
379 0.000364
380 0.000356
381 0.000348
382 0.000342
383 0.000335
384 0.000329
385 0.000322
386 0.000314
387 0.000309
388 0.000303
389 0.000298
390 0.000292
391 0.000286
392 0.000281
393 0.000275
394 0.000271
395 0.000266
396 0.000261
397 0.000257
398 0.000252
399 0.000247
400 0.000243
401 0.000239
402 0.000233
403 0.000231
404 0.000228
405 0.000223
406 0.000219
407 0.000216
408 0.000212
409 0.000208
410 0.000206
411 0.000203
412 0.000200
413 0.000197
414 0.000194
415 0.000191
416 0.000188
417 0.000186
418 0.000183
419 0.000180
420 0.000178
421 0.000175
422 0.000173
423 0.000171
424 0.000169
425 0.000167
426 0.000165
427 0.000163
428 0.000161
429 0.000159
430 0.000157
431 0.000155
432 0.000153
433 0.000151
434 0.000149
435 0.000148
436 0.000146
437 0.000145
438 0.000143
439 0.000142
440 0.000140
441 0.000139
442 0.000137
443 0.000136
444 0.000135
445 0.000134
446 0.000132
447 0.000131
448 0.000130
449 0.000129
450 0.000128
451 0.000127
452 0.000126
453 0.000124
454 0.000123
455 0.000122
456 0.000121
457 0.000121
458 0.000120
459 0.000119
460 0.000118
461 0.000117
462 0.000116
463 0.000115
464 0.000115
465 0.000114
466 0.000113
467 0.000113
468 0.000112
469 0.000112
470 0.000111
471 0.000111
472 0.000110
473 0.000109
474 0.000109
475 0.000108
476 0.000108
477 0.000107
478 0.000107
479 0.000107
480 0.000106
481 0.000106
482 0.000105
483 0.000105
484 0.000105
485 0.000105
486 0.000104
487 0.000104
488 0.000104
489 0.000104
490 0.000103
491 0.000103
492 0.000103
493 0.000103
494 0.000103
495 0.000103
496 0.000102
497 0.000102
498 0.000102
499 0.000102
500 0.000102
