1 49602357.736267
2 92589672.683819
3 135319365.983521
4 116710219.926096
5 117675910.889979
6 88557423.202004
7 206880425.058717
8 271618956.608849
9 230445504.625066
10 316879657.121508
11 348385494.379900
12 534389305.196551
13 607350409.067894
14 733455553.229807
15 909764886.393244
16 946505833.254806
17 820457274.419819
18 1064050529.752065
19 1087172505.544541
20 1434356546.194476
21 1610306907.434771
22 1565146272.547333
23 1658702469.017096
24 1826018002.627603
25 2220698488.407225
26 2567330245.589283
27 2670026787.164906
28 1983036632.436245
29 2616553859.153071
30 2772912978.576808
31 2959909345.052604
32 3569906858.624313
33 3865716784.128895
34 5534064829.585025
35 5634993878.626510
36 4397789702.372656
37 4894346456.734686
38 5755921102.000362
39 4983024010.221688
40 7597054258.715475
41 5775333543.278308
42 8025692262.867929
43 6520430128.615843
44 7766727090.937580
45 7724402292.633900
46 10303703060.432079
47 10006230529.714973
48 10531015507.544466
49 8544477382.348664
50 9490987074.911577
51 6457326518.954781
52 10654478224.174490
53 7822707924.075761
54 7711521640.955841
55 7391192270.557655
56 8006447354.273005
57 7072850863.887007
58 9424596612.267195
59 8952554601.936346
60 8097913604.034605
61 8604711749.086487
62 8242296439.741221
63 8727068181.398012
64 9156824570.577848
65 5693353951.253954
66 5489633017.553370
67 8853498959.136459
68 9031622145.578753
69 8710952157.342564
70 8879138473.156075
71 7075110886.720462
72 6627315511.665424
73 5711601600.404263
74 6371035085.123531
75 7935315107.217410
76 8676946968.034658
77 8140199686.453853
78 7965809432.142638
79 7058622143.829971
80 7977610988.486787
81 7500627306.986299
82 6409897080.569974
83 5611104494.648710
84 5854081718.423436
85 5586921154.305275
86 5327019178.911153
87 6053676806.036285
88 4572529141.898728
89 4450791899.085606
90 3880316614.234900
91 4772664196.817654
92 4301856908.000136
93 4003326732.880495
94 3417465770.617318
95 3375354654.664881
96 3772023157.261497
97 3469050240.751077
98 3722288351.858604
99 3723959902.207759
100 3414923634.896665
101 3401900614.289174
102 3211952084.434940
103 3181514295.466920
104 3117802724.130512
105 2865141972.253953
106 2186898198.320170
107 1609660956.660946
108 1529515966.526847
109 1860511541.035341
110 1670649499.412209
111 1751754703.436699
112 2258244960.917338
113 1640166079.047318
114 1420984450.125539
115 999590883.457987
116 1058353508.549219
117 1278542319.923133
118 1408026200.391930
119 1274776166.791454
120 999810785.427707
121 1007254541.267821
122 1106772087.851596
123 1242527898.305661
124 909027822.867620
125 1058626733.055709
126 939054359.467579
127 1163674569.608714
128 966820894.915461
129 1194861286.207734
130 1117829776.529549
131 940697957.914693
132 995910475.786466
133 1189420440.535082
134 950218462.642037
135 928740019.016022
136 863834388.762965
137 1077423400.587030
138 977569891.750225
139 940672586.142999
140 862393015.096812
141 811293482.800488
142 679276220.034205
143 738736027.788296
144 654740336.161054
145 569176752.802280
146 587087303.283169
147 585480621.911150
148 585105850.346777
149 494581568.591085
150 554600867.496435
151 476269861.630869
152 487280438.918181
153 470022654.081686
154 452061097.098849
155 493648660.105536
156 460180015.965806
157 493903415.280745
158 466629411.143420
159 467641423.133857
160 382787773.168431
161 425933244.239401
162 294765783.313780
163 310361957.785959
164 288317386.393441
165 278437114.675302
166 270449110.193696
167 211071642.660997
168 244358669.758673
169 175061835.174729
170 206736306.868985
171 153964683.386822
172 187965973.257644
173 184675903.530798
174 182899847.085988
175 158267317.729781
176 179574541.938002
177 188010823.175040
178 151983847.833930
179 136484520.830901
180 126009399.544038
181 127907670.425965
182 153013976.479524
183 142290304.877286
184 125114680.932418
185 126762686.024347
186 111523465.265561
187 111803846.504245
188 114900472.203873
189 102896490.584837
190 105722252.416971
191 73485709.945647
192 89679184.638575
193 81029569.891909
194 68558098.351896
195 64730461.072532
196 63565144.351356
197 59248322.310271
198 58502794.372157
199 56567591.230481
200 56846774.157275
201 48380571.984478
202 41972502.180476
203 42160146.100299
204 35903370.317708
205 43727568.860223
206 44713818.842617
207 47676463.872854
208 36516660.810970
209 37530646.517582
210 40851423.405555
211 35263041.659696
212 33092812.681000
213 33647428.735326
214 37087672.063086
215 30028983.962679
216 35291588.993945
217 31897964.842715
218 28120158.950901
219 31473203.258880
220 33029937.708971
221 31952147.037171
222 32653148.471900
223 31032277.261361
224 30909983.968425
225 26449442.533132
226 23887450.734335
227 27140711.620207
228 29258579.903063
229 27263717.291092
230 20480628.303796
231 22506795.690937
232 20095882.313220
233 19743810.448354
234 21891081.805744
235 20877498.173369
236 15701968.800460
237 17830759.645015
238 19448151.062995
239 16227135.219891
240 14463176.056897
241 15520836.139971
242 17976325.314289
243 16958140.784024
244 16535696.492660
245 15560179.404028
246 16267675.592569
247 14609080.207285
248 14016242.717351
249 15112242.051201
250 14084977.721180
251 13788696.204633
252 12401833.518751
253 13934940.742531
254 12220204.388347
255 12435773.345077
256 12671428.238992
257 11905376.659404
258 11057400.317212
259 11339646.257754
260 11662987.668382
261 9084808.438518
262 9088090.141689
263 9927098.567678
264 8999933.316509
265 8066197.773218
266 8331890.866034
267 9787286.982688
268 8518522.030399
269 8036345.562391
270 7766931.978375
271 7912134.187537
272 7776622.446793
273 6292475.064578
274 6172014.018038
275 6725347.787761
276 6073539.370700
277 5759347.447353
278 6654401.645620
279 6860430.906109
280 5179243.809428
281 5506697.718962
282 5788889.066691
283 5310376.116231
284 5025283.066069
285 5227779.925189
286 4735020.253810
287 5159607.284501
288 4859242.365732
289 4489682.474011
290 4977161.541017
291 4838104.235204
292 4634131.823459
293 4646449.892049
294 4233105.982054
295 4459936.227885
296 4270090.038845
297 4111015.747212
298 4156186.972410
299 4439564.407355
300 4481177.429736
301 3765730.802381
302 4051351.578309
303 3856299.247394
304 3939323.358967
305 3883092.279884
306 3693914.547389
307 3468229.187186
308 3724641.909912
309 3435027.426196
310 3439591.298190
311 3333698.760043
312 3163244.607361
313 3290000.202044
314 3078311.423232
315 3048299.575761
316 3281568.602703
317 2796716.029194
318 3115655.997647
319 2699033.060865
320 2793168.679439
321 2743469.616035
322 2664381.533936
323 2661243.699727
324 2794845.781761
325 2663348.047076
326 2717894.839179
327 2394350.344451
328 2223621.447781
329 2513093.016811
330 2290341.745745
331 2295994.352017
332 2396697.065187
333 2319769.381928
334 2378389.302212
335 2141731.129179
336 2008061.277508
337 2023345.023484
338 1975934.955243
339 1725942.266433
340 1884138.485206
341 1779804.100462
342 1791331.538795
343 1851918.333588
344 1711775.498317
345 1638797.592816
346 1832914.089544
347 1798860.616313
348 1608765.763310
349 1587861.706585
350 1476408.059338
351 1627000.428715
352 1563583.573238
353 1481794.246537
354 1469274.968196
355 1444846.977280
356 1426855.432541
357 1401850.061593
358 1389220.128605
359 1336968.632367
360 1384188.077369
361 1299860.564673
362 1374608.452105
363 1278584.072363
364 1276022.472188
365 1318877.015643
366 1202588.863252
367 1217506.557469
368 1243979.470498
369 1194714.881488
370 1224500.494147
371 1161351.507549
372 1168267.748043
373 1209841.593874
374 1137032.370841
375 1064694.723382
376 1150642.469901
377 1085561.820101
378 1066245.278671
379 1070648.739028
380 1030190.794755
381 1054149.718615
382 1012728.889140
383 1007703.224603
384 981692.529709
385 961434.813421
386 948894.369600
387 929201.275188
388 901476.961167
389 877660.022270
390 884752.977331
391 862430.552149
392 889591.869165
393 915188.951201
394 875739.346412
395 899119.921583
396 889101.700797
397 896999.300936
398 868322.267471
399 880240.142774
400 850839.883120
401 844055.002542
402 788044.199787
403 803951.027415
404 823998.428029
405 787861.390787
406 784480.340610
407 738663.698788
408 757432.024656
409 722550.222197
410 739806.420722
411 717996.679761
412 740028.418611
413 732991.849292
414 692070.918983
415 720239.924535
416 704965.482150
417 698467.985086
418 692150.670425
419 675194.465645
420 688472.818204
421 663465.629331
422 676475.683698
423 673618.141887
424 657967.358112
425 657730.491922
426 644596.831104
427 640278.619164
428 629612.366178
429 628406.275859
430 613453.556036
431 601194.587585
432 619245.323017
433 608799.009458
434 594981.227857
435 595146.019034
436 589221.426153
437 575012.262181
438 577584.695754
439 563755.284093
440 558461.130134
441 566067.367201
442 558348.284495
443 541604.006399
444 550701.077733
445 538667.101439
446 536807.892415
447 532147.607300
448 538955.668108
449 523475.770267
450 516052.993068
451 520210.402586
452 512428.043528
453 505562.292286
454 509043.644645
455 499589.399235
456 493118.627008
457 491152.530580
458 485259.773547
459 480164.194976
460 478549.663457
461 475137.418516
462 470691.128711
463 471069.280891
464 467418.007603
465 462568.579364
466 460060.998898
467 460979.676306
468 456786.676313
469 454592.633507
470 450669.738013
471 447939.024273
472 445798.651946
473 444341.509103
474 440584.186087
475 437420.894795
476 434899.599259
477 431351.117182
478 430153.908100
479 427740.594911
480 424765.084818
481 422315.507239
482 420556.221980
483 419978.012313
484 418324.474142
485 415147.762409
486 413686.505991
487 411749.398957
488 410552.460243
489 408818.113958
490 407607.885894
491 406413.063291
492 405519.371809
493 404722.405156
494 403934.179540
495 402958.705282
496 402451.464835
497 401945.441151
498 401465.986790
499 401186.660849
500 400980.563197
