1 1000000000000000019884624838656.000000
2 1000000000000000019884624838656.000000
3 1000000000000000019884624838656.000000
4 1000000000000000019884624838656.000000
5 1494814.145389
6 1494814.145389
7 1494814.145389
8 1494814.145389
9 1494814.145389
10 1556683.286445
11 1556683.286445
12 1556683.286445
13 1556683.286445
14 1556683.286445
15 1561279.038833
16 1561279.038833
17 1561279.038833
18 1561279.038833
19 1561279.038833
20 1509786.237390
21 1509786.237390
22 1509786.237390
23 1509786.237390
24 1509786.237390
25 1520536.659672
26 1520536.659672
27 1520536.659672
28 1520536.659672
29 1520536.659672
30 1445948.745774
31 1445948.745774
32 1445948.745774
33 1445948.745774
34 1445948.745774
35 1238041.368947
36 1238041.368947
37 1238041.368947
38 1238041.368947
39 1238041.368947
40 1135740.375612
41 1135740.375612
42 1135740.375612
43 1135740.375612
44 1135740.375612
45 1097688.235064
46 1097688.235064
47 1097688.235064
48 1097688.235064
49 1097688.235064
50 999934.240326
51 999934.240326
52 999934.240326
53 999934.240326
54 999934.240326
55 867567.681872
56 867567.681872
57 867567.681872
58 867567.681872
59 867567.681872
60 827592.157283
61 827592.157283
62 827592.157283
63 827592.157283
64 827592.157283
65 770386.218131
66 770386.218131
67 770386.218131
68 770386.218131
69 770386.218131
70 619805.294005
71 619805.294005
72 619805.294005
73 619805.294005
74 619805.294005
75 624147.482644
76 624147.482644
77 624147.482644
78 624147.482644
79 624147.482644
80 568060.644713
81 568060.644713
82 568060.644713
83 568060.644713
84 568060.644713
85 542592.993244
86 542592.993244
87 542592.993244
88 542592.993244
89 542592.993244
90 489085.388303
91 489085.388303
92 489085.388303
93 489085.388303
94 489085.388303
95 437240.920247
96 437240.920247
97 437240.920247
98 437240.920247
99 437240.920247
100 399032.317367
101 399032.317367
102 399032.317367
103 399032.317367
104 399032.317367
105 341558.465041
106 341558.465041
107 341558.465041
108 341558.465041
109 341558.465041
110 326183.025415
111 326183.025415
112 326183.025415
113 326183.025415
114 326183.025415
115 285129.629584
116 285129.629584
117 285129.629584
118 285129.629584
119 285129.629584
120 266894.721048
121 266894.721048
122 266894.721048
123 266894.721048
124 266894.721048
125 238900.483923
126 238900.483923
127 238900.483923
128 238900.483923
129 238900.483923
130 222186.654921
131 222186.654921
132 222186.654921
133 222186.654921
134 222186.654921
135 194103.107033
136 194103.107033
137 194103.107033
138 194103.107033
139 194103.107033
140 179807.726430
141 179807.726430
142 179807.726430
143 179807.726430
144 179807.726430
145 154773.076778
146 154773.076778
147 154773.076778
148 154773.076778
149 154773.076778
150 149640.655995
151 149640.655995
152 149640.655995
153 149640.655995
154 149640.655995
155 132676.262301
156 132676.262301
157 132676.262301
158 132676.262301
159 132676.262301
160 128181.420621
161 128181.420621
162 128181.420621
163 128181.420621
164 128181.420621
165 115619.747931
166 115619.747931
167 115619.747931
168 115619.747931
169 115619.747931
170 103625.060049
171 103625.060049
172 103625.060049
173 103625.060049
174 103625.060049
175 96488.363368
176 96488.363368
177 96488.363368
178 96488.363368
179 96488.363368
180 86925.707640
181 86925.707640
182 86925.707640
183 86925.707640
184 86925.707640
185 81058.272071
186 81058.272071
187 81058.272071
188 81058.272071
189 81058.272071
190 70453.326707
191 70453.326707
192 70453.326707
193 70453.326707
194 70453.326707
195 69424.977670
196 69424.977670
197 69424.977670
198 69424.977670
199 69424.977670
200 62644.359005
201 62644.359005
202 62644.359005
203 62644.359005
204 62644.359005
205 58393.442321
206 58393.442321
207 58393.442321
208 58393.442321
209 58393.442321
210 52181.324207
211 52181.324207
212 52181.324207
213 52181.324207
214 52181.324207
215 50595.940146
216 50595.940146
217 50595.940146
218 50595.940146
219 50595.940146
220 45308.210442
221 45308.210442
222 45308.210442
223 45308.210442
224 45308.210442
225 44284.057326
226 44284.057326
227 44284.057326
228 44284.057326
229 44284.057326
230 41898.693847
231 41898.693847
232 41898.693847
233 41898.693847
234 41898.693847
235 39346.943606
236 39346.943606
237 39346.943606
238 39346.943606
239 39346.943606
240 36030.682283
241 36030.682283
242 36030.682283
243 36030.682283
244 36030.682283
245 33470.889473
246 33470.889473
247 33470.889473
248 33470.889473
249 33470.889473
250 31013.180361
251 31013.180361
252 31013.180361
253 31013.180361
254 31013.180361
255 29410.163379
256 29410.163379
257 29410.163379
258 29410.163379
259 29410.163379
260 27796.253138
261 27796.253138
262 27796.253138
263 27796.253138
264 27796.253138
265 26358.692678
266 26358.692678
267 26358.692678
268 26358.692678
269 26358.692678
270 25263.264978
271 25263.264978
272 25263.264978
273 25263.264978
274 25263.264978
275 24372.658964
276 24372.658964
277 24372.658964
278 24372.658964
279 24372.658964
280 23298.711746
281 23298.711746
282 23298.711746
283 23298.711746
284 23298.711746
285 22109.521825
286 22109.521825
287 22109.521825
288 22109.521825
289 22109.521825
290 21202.477872
291 21202.477872
292 21202.477872
293 21202.477872
294 21202.477872
295 20447.664443
296 20447.664443
297 20447.664443
298 20447.664443
299 20447.664443
300 19277.063604
301 19277.063604
302 19277.063604
303 19277.063604
304 19277.063604
305 18453.271235
306 18453.271235
307 18453.271235
308 18453.271235
309 18453.271235
310 17524.805473
311 17524.805473
312 17524.805473
313 17524.805473
314 17524.805473
315 17212.225257
316 17212.225257
317 17212.225257
318 17212.225257
319 17212.225257
320 16270.671549
321 16270.671549
322 16270.671549
323 16270.671549
324 16270.671549
325 15813.546837
326 15813.546837
327 15813.546837
328 15813.546837
329 15813.546837
330 15027.009017
331 15027.009017
332 15027.009017
333 15027.009017
334 15027.009017
335 14572.906759
336 14572.906759
337 14572.906759
338 14572.906759
339 14572.906759
340 14042.273978
341 14042.273978
342 14042.273978
343 14042.273978
344 14042.273978
345 13302.178781
346 13302.178781
347 13302.178781
348 13302.178781
349 13302.178781
350 13061.938658
351 13061.938658
352 13061.938658
353 13061.938658
354 13061.938658
355 12647.238252
356 12647.238252
357 12647.238252
358 12647.238252
359 12647.238252
360 12227.582933
361 12227.582933
362 12227.582933
363 12227.582933
364 12227.582933
365 11932.693975
366 11932.693975
367 11932.693975
368 11932.693975
369 11932.693975
370 11644.247221
371 11644.247221
372 11644.247221
373 11644.247221
374 11644.247221
375 11402.788725
376 11402.788725
377 11402.788725
378 11402.788725
379 11402.788725
380 11075.464526
381 11075.464526
382 11075.464526
383 11075.464526
384 11075.464526
385 10907.740449
386 10907.740449
387 10907.740449
388 10907.740449
389 10907.740449
390 10654.615583
391 10654.615583
392 10654.615583
393 10654.615583
394 10654.615583
395 10470.433016
396 10470.433016
397 10470.433016
398 10470.433016
399 10470.433016
400 10264.745155
401 10264.745155
402 10264.745155
403 10264.745155
404 10264.745155
405 10033.400288
406 10033.400288
407 10033.400288
408 10033.400288
409 10033.400288
410 9845.943990
411 9845.943990
412 9845.943990
413 9845.943990
414 9845.943990
415 9685.208174
416 9685.208174
417 9685.208174
418 9685.208174
419 9685.208174
420 9517.959509
421 9517.959509
422 9517.959509
423 9517.959509
424 9517.959509
425 9379.000089
426 9379.000089
427 9379.000089
428 9379.000089
429 9379.000089
430 9260.077775
431 9260.077775
432 9260.077775
433 9260.077775
434 9260.077775
435 9140.528191
436 9140.528191
437 9140.528191
438 9140.528191
439 9140.528191
440 9028.542310
441 9028.542310
442 9028.542310
443 9028.542310
444 9028.542310
445 8938.556446
446 8938.556446
447 8938.556446
448 8938.556446
449 8938.556446
450 8780.673351
451 8780.673351
452 8780.673351
453 8780.673351
454 8780.673351
455 8665.462954
456 8665.462954
457 8665.462954
458 8665.462954
459 8665.462954
460 8634.455397
461 8634.455397
462 8634.455397
463 8634.455397
464 8634.455397
465 8567.977890
466 8567.977890
467 8567.977890
468 8567.977890
469 8567.977890
470 8505.211680
471 8505.211680
472 8505.211680
473 8505.211680
474 8505.211680
475 8474.374599
476 8474.374599
477 8474.374599
478 8474.374599
479 8474.374599
480 8434.736123
481 8434.736123
482 8434.736123
483 8434.736123
484 8434.736123
485 8406.127884
486 8406.127884
487 8406.127884
488 8406.127884
489 8406.127884
490 8390.352374
491 8390.352374
492 8390.352374
493 8390.352374
494 8390.352374
495 8377.710364
496 8377.710364
497 8377.710364
498 8377.710364
499 8377.710364
500 8378.749375
