1 1000000000000000019884624838656.000000
2 1000000000000000019884624838656.000000
3 1000000000000000019884624838656.000000
4 1000000000000000019884624838656.000000
5 2839348.603299
6 2839348.603299
7 2839348.603299
8 2839348.603299
9 2839348.603299
10 4671968.075381
11 4671968.075381
12 4671968.075381
13 4671968.075381
14 4671968.075381
15 6123495.699046
16 6123495.699046
17 6123495.699046
18 6123495.699046
19 6123495.699046
20 7119346.327459
21 7119346.327459
22 7119346.327459
23 7119346.327459
24 7119346.327459
25 8361472.253229
26 8361472.253229
27 8361472.253229
28 8361472.253229
29 8361472.253229
30 9170395.731336
31 9170395.731336
32 9170395.731336
33 9170395.731336
34 9170395.731336
35 8830830.801771
36 8830830.801771
37 8830830.801771
38 8830830.801771
39 8830830.801771
40 10260245.313568
41 10260245.313568
42 10260245.313568
43 10260245.313568
44 10260245.313568
45 9105468.517695
46 9105468.517695
47 9105468.517695
48 9105468.517695
49 9105468.517695
50 7485309.260513
51 7485309.260513
52 7485309.260513
53 7485309.260513
54 7485309.260513
55 7447378.453001
56 7447378.453001
57 7447378.453001
58 7447378.453001
59 7447378.453001
60 5495078.198002
61 5495078.198002
62 5495078.198002
63 5495078.198002
64 5495078.198002
65 4351279.473778
66 4351279.473778
67 4351279.473778
68 4351279.473778
69 4351279.473778
70 3372394.840118
71 3372394.840118
72 3372394.840118
73 3372394.840118
74 3372394.840118
75 2278403.668379
76 2278403.668379
77 2278403.668379
78 2278403.668379
79 2278403.668379
80 2013967.606520
81 2013967.606520
82 2013967.606520
83 2013967.606520
84 2013967.606520
85 1871072.768391
86 1871072.768391
87 1871072.768391
88 1871072.768391
89 1871072.768391
90 1633573.703976
91 1633573.703976
92 1633573.703976
93 1633573.703976
94 1633573.703976
95 1394947.990922
96 1394947.990922
97 1394947.990922
98 1394947.990922
99 1394947.990922
100 981292.946784
101 981292.946784
102 981292.946784
103 981292.946784
104 981292.946784
105 625090.505476
106 625090.505476
107 625090.505476
108 625090.505476
109 625090.505476
110 427305.484683
111 427305.484683
112 427305.484683
113 427305.484683
114 427305.484683
115 303401.322246
116 303401.322246
117 303401.322246
118 303401.322246
119 303401.322246
120 233174.075809
121 233174.075809
122 233174.075809
123 233174.075809
124 233174.075809
125 162718.384520
126 162718.384520
127 162718.384520
128 162718.384520
129 162718.384520
130 126333.129185
131 126333.129185
132 126333.129185
133 126333.129185
134 126333.129185
135 97139.618925
136 97139.618925
137 97139.618925
138 97139.618925
139 97139.618925
140 65601.513222
141 65601.513222
142 65601.513222
143 65601.513222
144 65601.513222
145 38126.045494
146 38126.045494
147 38126.045494
148 38126.045494
149 38126.045494
150 23762.794940
151 23762.794940
152 23762.794940
153 23762.794940
154 23762.794940
155 16450.897332
156 16450.897332
157 16450.897332
158 16450.897332
159 16450.897332
160 12975.714221
161 12975.714221
162 12975.714221
163 12975.714221
164 12975.714221
165 9410.516815
166 9410.516815
167 9410.516815
168 9410.516815
169 9410.516815
170 5703.431167
171 5703.431167
172 5703.431167
173 5703.431167
174 5703.431167
175 4248.223936
176 4248.223936
177 4248.223936
178 4248.223936
179 4248.223936
180 2625.013644
181 2625.013644
182 2625.013644
183 2625.013644
184 2625.013644
185 1845.672138
186 1845.672138
187 1845.672138
188 1845.672138
189 1845.672138
190 1170.357691
191 1170.357691
192 1170.357691
193 1170.357691
194 1170.357691
195 786.905169
196 786.905169
197 786.905169
198 786.905169
199 786.905169
200 485.210848
201 485.210848
202 485.210848
203 485.210848
204 485.210848
205 321.392174
206 321.392174
207 321.392174
208 321.392174
209 321.392174
210 202.803699
211 202.803699
212 202.803699
213 202.803699
214 202.803699
215 139.937383
216 139.937383
217 139.937383
218 139.937383
219 139.937383
220 98.865049
221 98.865049
222 98.865049
223 98.865049
224 98.865049
225 60.438012
226 60.438012
227 60.438012
228 60.438012
229 60.438012
230 40.529244
231 40.529244
232 40.529244
233 40.529244
234 40.529244
235 27.946236
236 27.946236
237 27.946236
238 27.946236
239 27.946236
240 19.307234
241 19.307234
242 19.307234
243 19.307234
244 19.307234
245 13.494245
246 13.494245
247 13.494245
248 13.494245
249 13.494245
250 9.468062
251 9.468062
252 9.468062
253 9.468062
254 9.468062
255 6.277959
256 6.277959
257 6.277959
258 6.277959
259 6.277959
260 4.172154
261 4.172154
262 4.172154
263 4.172154
264 4.172154
265 2.683371
266 2.683371
267 2.683371
268 2.683371
269 2.683371
270 1.809077
271 1.809077
272 1.809077
273 1.809077
274 1.809077
275 1.253788
276 1.253788
277 1.253788
278 1.253788
279 1.253788
280 0.875814
281 0.875814
282 0.875814
283 0.875814
284 0.875814
285 0.592367
286 0.592367
287 0.592367
288 0.592367
289 0.592367
290 0.428827
291 0.428827
292 0.428827
293 0.428827
294 0.428827
295 0.291707
296 0.291707
297 0.291707
298 0.291707
299 0.291707
300 0.206300
301 0.206300
302 0.206300
303 0.206300
304 0.206300
305 0.153500
306 0.153500
307 0.153500
308 0.153500
309 0.153500
310 0.108600
311 0.108600
312 0.108600
313 0.108600
314 0.108600
315 0.077102
316 0.077102
317 0.077102
318 0.077102
319 0.077102
320 0.055475
321 0.055475
322 0.055475
323 0.055475
324 0.055475
325 0.037510
326 0.037510
327 0.037510
328 0.037510
329 0.037510
330 0.027362
331 0.027362
332 0.027362
333 0.027362
334 0.027362
335 0.021012
336 0.021012
337 0.021012
338 0.021012
339 0.021012
340 0.015471
341 0.015471
342 0.015471
343 0.015471
344 0.015471
345 0.011715
346 0.011715
347 0.011715
348 0.011715
349 0.011715
350 0.008317
351 0.008317
352 0.008317
353 0.008317
354 0.008317
355 0.005996
356 0.005996
357 0.005996
358 0.005996
359 0.005996
360 0.004320
361 0.004320
362 0.004320
363 0.004320
364 0.004320
365 0.002947
366 0.002947
367 0.002947
368 0.002947
369 0.002947
370 0.002137
371 0.002137
372 0.002137
373 0.002137
374 0.002137
375 0.001616
376 0.001616
377 0.001616
378 0.001616
379 0.001616
380 0.001235
381 0.001235
382 0.001235
383 0.001235
384 0.001235
385 0.000933
386 0.000933
387 0.000933
388 0.000933
389 0.000933
390 0.000717
391 0.000717
392 0.000717
393 0.000717
394 0.000717
395 0.000541
396 0.000541
397 0.000541
398 0.000541
399 0.000541
400 0.000407
401 0.000407
402 0.000407
403 0.000407
404 0.000407
405 0.000312
406 0.000312
407 0.000312
408 0.000312
409 0.000312
410 0.000239
411 0.000239
412 0.000239
413 0.000239
414 0.000239
415 0.000183
416 0.000183
417 0.000183
418 0.000183
419 0.000183
420 0.000140
421 0.000140
422 0.000140
423 0.000140
424 0.000140
425 0.000109
426 0.000109
427 0.000109
428 0.000109
429 0.000109
430 0.000085
431 0.000085
432 0.000085
433 0.000085
434 0.000085
435 0.000066
436 0.000066
437 0.000066
438 0.000066
439 0.000066
440 0.000052
441 0.000052
442 0.000052
443 0.000052
444 0.000052
445 0.000041
446 0.000041
447 0.000041
448 0.000041
449 0.000041
450 0.000032
451 0.000032
452 0.000032
453 0.000032
454 0.000032
455 0.000026
456 0.000026
457 0.000026
458 0.000026
459 0.000026
460 0.000020
461 0.000020
462 0.000020
463 0.000020
464 0.000020
465 0.000016
466 0.000016
467 0.000016
468 0.000016
469 0.000016
470 0.000013
471 0.000013
472 0.000013
473 0.000013
474 0.000013
475 0.000010
476 0.000010
477 0.000010
478 0.000010
479 0.000010
480 0.000008
481 0.000008
482 0.000008
483 0.000008
484 0.000008
485 0.000007
486 0.000007
487 0.000007
488 0.000007
489 0.000007
490 0.000005
491 0.000005
492 0.000005
493 0.000005
494 0.000005
495 0.000004
496 0.000004
497 0.000004
498 0.000004
499 0.000004
500 0.000003
