1 1000000000000000019884624838656.000000
2 1000000000000000019884624838656.000000
3 1000000000000000019884624838656.000000
4 1000000000000000019884624838656.000000
5 1590991.753515
6 1590991.753515
7 1590991.753515
8 1590991.753515
9 1590991.753515
10 1618964.427675
11 1618964.427675
12 1618964.427675
13 1618964.427675
14 1618964.427675
15 1456110.623750
16 1456110.623750
17 1456110.623750
18 1456110.623750
19 1456110.623750
20 1349125.812644
21 1349125.812644
22 1349125.812644
23 1349125.812644
24 1349125.812644
25 1404864.540893
26 1404864.540893
27 1404864.540893
28 1404864.540893
29 1404864.540893
30 1289628.561234
31 1289628.561234
32 1289628.561234
33 1289628.561234
34 1289628.561234
35 1189310.899653
36 1189310.899653
37 1189310.899653
38 1189310.899653
39 1189310.899653
40 1158804.213573
41 1158804.213573
42 1158804.213573
43 1158804.213573
44 1158804.213573
45 1048508.934736
46 1048508.934736
47 1048508.934736
48 1048508.934736
49 1048508.934736
50 1038817.719537
51 1038817.719537
52 1038817.719537
53 1038817.719537
54 1038817.719537
55 961600.968123
56 961600.968123
57 961600.968123
58 961600.968123
59 961600.968123
60 860387.863820
61 860387.863820
62 860387.863820
63 860387.863820
64 860387.863820
65 785242.929128
66 785242.929128
67 785242.929128
68 785242.929128
69 785242.929128
70 689647.927866
71 689647.927866
72 689647.927866
73 689647.927866
74 689647.927866
75 655863.896124
76 655863.896124
77 655863.896124
78 655863.896124
79 655863.896124
80 599242.491335
81 599242.491335
82 599242.491335
83 599242.491335
84 599242.491335
85 480540.182598
86 480540.182598
87 480540.182598
88 480540.182598
89 480540.182598
90 465942.131101
91 465942.131101
92 465942.131101
93 465942.131101
94 465942.131101
95 428870.460203
96 428870.460203
97 428870.460203
98 428870.460203
99 428870.460203
100 391789.893821
101 391789.893821
102 391789.893821
103 391789.893821
104 391789.893821
105 351745.944768
106 351745.944768
107 351745.944768
108 351745.944768
109 351745.944768
110 315098.166271
111 315098.166271
112 315098.166271
113 315098.166271
114 315098.166271
115 290506.143004
116 290506.143004
117 290506.143004
118 290506.143004
119 290506.143004
120 256920.107778
121 256920.107778
122 256920.107778
123 256920.107778
124 256920.107778
125 210100.417354
126 210100.417354
127 210100.417354
128 210100.417354
129 210100.417354
130 200080.881392
131 200080.881392
132 200080.881392
133 200080.881392
134 200080.881392
135 187381.554950
136 187381.554950
137 187381.554950
138 187381.554950
139 187381.554950
140 170811.078872
141 170811.078872
142 170811.078872
143 170811.078872
144 170811.078872
145 151003.091381
146 151003.091381
147 151003.091381
148 151003.091381
149 151003.091381
150 128000.452196
151 128000.452196
152 128000.452196
153 128000.452196
154 128000.452196
155 124392.315461
156 124392.315461
157 124392.315461
158 124392.315461
159 124392.315461
160 106039.265194
161 106039.265194
162 106039.265194
163 106039.265194
164 106039.265194
165 100511.485273
166 100511.485273
167 100511.485273
168 100511.485273
169 100511.485273
170 94052.578568
171 94052.578568
172 94052.578568
173 94052.578568
174 94052.578568
175 86503.997546
176 86503.997546
177 86503.997546
178 86503.997546
179 86503.997546
180 80631.941308
181 80631.941308
182 80631.941308
183 80631.941308
184 80631.941308
185 74812.121753
186 74812.121753
187 74812.121753
188 74812.121753
189 74812.121753
190 68666.436663
191 68666.436663
192 68666.436663
193 68666.436663
194 68666.436663
195 64091.783843
196 64091.783843
197 64091.783843
198 64091.783843
199 64091.783843
200 58614.877783
201 58614.877783
202 58614.877783
203 58614.877783
204 58614.877783
205 55533.730125
206 55533.730125
207 55533.730125
208 55533.730125
209 55533.730125
210 51355.714308
211 51355.714308
212 51355.714308
213 51355.714308
214 51355.714308
215 46737.686305
216 46737.686305
217 46737.686305
218 46737.686305
219 46737.686305
220 45026.136125
221 45026.136125
222 45026.136125
223 45026.136125
224 45026.136125
225 41844.933460
226 41844.933460
227 41844.933460
228 41844.933460
229 41844.933460
230 38620.758813
231 38620.758813
232 38620.758813
233 38620.758813
234 38620.758813
235 36226.011793
236 36226.011793
237 36226.011793
238 36226.011793
239 36226.011793
240 34616.591391
241 34616.591391
242 34616.591391
243 34616.591391
244 34616.591391
245 32284.656132
246 32284.656132
247 32284.656132
248 32284.656132
249 32284.656132
250 30489.443630
251 30489.443630
252 30489.443630
253 30489.443630
254 30489.443630
255 28149.165342
256 28149.165342
257 28149.165342
258 28149.165342
259 28149.165342
260 26467.376764
261 26467.376764
262 26467.376764
263 26467.376764
264 26467.376764
265 25064.906378
266 25064.906378
267 25064.906378
268 25064.906378
269 25064.906378
270 23791.992841
271 23791.992841
272 23791.992841
273 23791.992841
274 23791.992841
275 22267.398344
276 22267.398344
277 22267.398344
278 22267.398344
279 22267.398344
280 21479.909646
281 21479.909646
282 21479.909646
283 21479.909646
284 21479.909646
285 20472.614978
286 20472.614978
287 20472.614978
288 20472.614978
289 20472.614978
290 19645.381311
291 19645.381311
292 19645.381311
293 19645.381311
294 19645.381311
295 18613.445011
296 18613.445011
297 18613.445011
298 18613.445011
299 18613.445011
300 17959.709208
301 17959.709208
302 17959.709208
303 17959.709208
304 17959.709208
305 16988.020252
306 16988.020252
307 16988.020252
308 16988.020252
309 16988.020252
310 16058.486946
311 16058.486946
312 16058.486946
313 16058.486946
314 16058.486946
315 15672.441122
316 15672.441122
317 15672.441122
318 15672.441122
319 15672.441122
320 14247.422720
321 14247.422720
322 14247.422720
323 14247.422720
324 14247.422720
325 14019.631049
326 14019.631049
327 14019.631049
328 14019.631049
329 14019.631049
330 13652.657071
331 13652.657071
332 13652.657071
333 13652.657071
334 13652.657071
335 13074.437669
336 13074.437669
337 13074.437669
338 13074.437669
339 13074.437669
340 12659.289858
341 12659.289858
342 12659.289858
343 12659.289858
344 12659.289858
345 12260.218190
346 12260.218190
347 12260.218190
348 12260.218190
349 12260.218190
350 11808.863461
351 11808.863461
352 11808.863461
353 11808.863461
354 11808.863461
355 11339.721456
356 11339.721456
357 11339.721456
358 11339.721456
359 11339.721456
360 11116.314961
361 11116.314961
362 11116.314961
363 11116.314961
364 11116.314961
365 10711.638327
366 10711.638327
367 10711.638327
368 10711.638327
369 10711.638327
370 10490.080848
371 10490.080848
372 10490.080848
373 10490.080848
374 10490.080848
375 10231.334239
376 10231.334239
377 10231.334239
378 10231.334239
379 10231.334239
380 9845.468662
381 9845.468662
382 9845.468662
383 9845.468662
384 9845.468662
385 9601.777589
386 9601.777589
387 9601.777589
388 9601.777589
389 9601.777589
390 9478.375955
391 9478.375955
392 9478.375955
393 9478.375955
394 9478.375955
395 9232.600912
396 9232.600912
397 9232.600912
398 9232.600912
399 9232.600912
400 9029.731540
401 9029.731540
402 9029.731540
403 9029.731540
404 9029.731540
405 8851.554692
406 8851.554692
407 8851.554692
408 8851.554692
409 8851.554692
410 8675.057181
411 8675.057181
412 8675.057181
413 8675.057181
414 8675.057181
415 8582.767087
416 8582.767087
417 8582.767087
418 8582.767087
419 8582.767087
420 8340.621088
421 8340.621088
422 8340.621088
423 8340.621088
424 8340.621088
425 8238.271991
426 8238.271991
427 8238.271991
428 8238.271991
429 8238.271991
430 8069.724761
431 8069.724761
432 8069.724761
433 8069.724761
434 8069.724761
435 7960.800264
436 7960.800264
437 7960.800264
438 7960.800264
439 7960.800264
440 7892.980131
441 7892.980131
442 7892.980131
443 7892.980131
444 7892.980131
445 7821.799576
446 7821.799576
447 7821.799576
448 7821.799576
449 7821.799576
450 7722.210945
451 7722.210945
452 7722.210945
453 7722.210945
454 7722.210945
455 7633.655203
456 7633.655203
457 7633.655203
458 7633.655203
459 7633.655203
460 7596.839196
461 7596.839196
462 7596.839196
463 7596.839196
464 7596.839196
465 7553.912761
466 7553.912761
467 7553.912761
468 7553.912761
469 7553.912761
470 7512.203762
471 7512.203762
472 7512.203762
473 7512.203762
474 7512.203762
475 7476.286268
476 7476.286268
477 7476.286268
478 7476.286268
479 7476.286268
480 7444.574494
481 7444.574494
482 7444.574494
483 7444.574494
484 7444.574494
485 7416.931955
486 7416.931955
487 7416.931955
488 7416.931955
489 7416.931955
490 7402.439759
491 7402.439759
492 7402.439759
493 7402.439759
494 7402.439759
495 7396.564707
496 7396.564707
497 7396.564707
498 7396.564707
499 7396.564707
500 7395.176003
