1 16201648.188416
2 53512455.415192
3 120223787.634089
4 202539375.590239
5 329900520.798987
6 797363468.517138
7 680943687.732488
8 1343328689.357742
9 1723564764.379544
10 3927599335.166193
11 7448959395.098366
12 6789598969.745818
13 16211648963.088358
14 16417428003.770243
15 26822808829.884418
16 36751539591.922791
17 42559750705.114960
18 68474311822.222679
19 141267548598.538818
20 109992370428.096924
21 201366832761.519318
22 262013709946.603455
23 306690314530.581177
24 355777132107.638733
25 726294524733.763062
26 1009397411002.787109
27 2012503216787.383545
28 2521936159924.967285
29 2952647467308.595703
30 3628265456094.161133
31 3798346606502.342285
32 6502320488144.150391
33 14852295836840.421875
34 26795978025746.210938
35 36249244771085.898438
36 40916445084004.898438
37 44244328193921.328125
38 65360065392921.578125
39 65432398438595.648438
40 87801646719663.343750
41 146349718844041.375000
42 179314561741985.906250
43 218869823056043.031250
44 343703919630919.750000
45 337424861996580.062500
46 528383748935873.062500
47 427446379331248.375000
48 571536443825594.375000
49 636740651652177.375000
50 549344382568977.125000
51 764902505243367.375000
52 957646232911164.000000
53 876484255302802.750000
54 982377873775867.750000
55 1538366053313837.000000
56 994853349052104.000000
57 1970771959597652.000000
58 2824771121686732.500000
59 3374486794620347.500000
60 4753194379675273.000000
61 5286459326489172.000000
62 4670792550531028.000000
63 6209133354595599.000000
64 8998203033235310.000000
65 14524816934218236.000000
66 12190054643513436.000000
67 14251208227924588.000000
68 8288634928293350.000000
69 15053664313016350.000000
70 16294240367852060.000000
71 15132686392091204.000000
72 25296605921110688.000000
73 30201345937980900.000000
74 45209182893307264.000000
75 68933090578345744.000000
76 66301761539856848.000000
77 88919143318184464.000000
78 62270658183397600.000000
79 102929414517372704.000000
80 97362416558232352.000000
81 111393505350627392.000000
82 151720445821585056.000000
83 114221610291919984.000000
84 139182879014666336.000000
85 127354523095774128.000000
86 252404658617628608.000000
87 361746157431400896.000000
88 491430327843492736.000000
89 388711302646743488.000000
90 419165906209800640.000000
91 444105283466520320.000000
92 602757770976634752.000000
93 645807097282360960.000000
94 533483102594519488.000000
95 616327615873900800.000000
96 852558735624551168.000000
97 896352337500630272.000000
98 840233526227222016.000000
99 746485853655099136.000000
100 1113704173762414592.000000
101 1199783500721633792.000000
102 1609001665424691712.000000
103 1356940518442224640.000000
104 1561578532667333888.000000
105 1510906636348019456.000000
106 1425589084702658048.000000
107 1218800514585030912.000000
108 1009994462238134656.000000
109 1507098951943900160.000000
110 1332245153591178752.000000
111 965287758413468288.000000
112 1072875148750366720.000000
113 1086322484706042624.000000
114 709648996382539264.000000
115 441484028505497920.000000
116 398517913071334400.000000
117 504732327211152192.000000
118 413286843968106176.000000
119 375018761754280320.000000
120 568517950552126848.000000
121 326801387967019712.000000
122 319643562368922752.000000
123 385818869478302784.000000
124 280848322158707776.000000
125 287781504196696128.000000
126 209816904272693376.000000
127 187070273115428288.000000
128 163627509732928832.000000
129 116786777071738672.000000
130 130687013704730976.000000
131 116692164419075888.000000
132 79368553992282592.000000
133 73572968229035216.000000
134 89526375612817584.000000
135 77049073803369488.000000
136 82954317292587792.000000
137 78027909562284080.000000
138 79111297605819968.000000
139 82334890226461792.000000
140 85659685709301168.000000
141 76076527513285376.000000
142 53019930197579808.000000
143 49822522011974584.000000
144 49374026644232040.000000
145 54758978918343336.000000
146 44011975430815608.000000
147 35877495509834400.000000
148 27442451460471572.000000
149 29402468733941064.000000
150 20766354118809452.000000
151 24889301343220712.000000
152 24570511048740856.000000
153 17211836427049544.000000
154 13696823012362056.000000
155 16391619368971316.000000
156 13037856963317630.000000
157 9474073526117518.000000
158 9194120870055712.000000
159 9980986670737942.000000
160 3783381323220243.500000
161 6017855273204505.000000
162 7158379842009967.000000
163 4762798084420428.000000
164 5877344944092577.000000
165 5617479292682660.000000
166 5103482763115502.000000
167 2909531155435972.500000
168 2853360884253613.000000
169 2410775422271577.500000
170 2110125037725684.750000
171 1541817854330728.750000
172 1051370659477586.750000
173 1008995944335387.250000
174 1140741838907605.750000
175 1083189764632434.000000
176 755463633440150.250000
177 431276217370315.062500
178 272136762249012.968750
179 208941668429516.125000
180 145226931401383.031250
181 113859728740041.812500
182 119995037758341.078125
183 92276329166778.140625
184 84903913662569.890625
185 77363156075049.593750
186 51208294666987.578125
187 41180218515390.320312
188 33671006552406.960938
189 19151787535918.949219
190 15721315399459.972656
191 12359549450117.443359
192 8758065532589.235352
193 5019684542082.021484
194 4652450125707.370117
195 3809538826579.452148
196 1981564304721.950684
197 1842801554031.035156
198 1939689936384.786865
199 1088594358371.816895
200 1074599027562.258911
201 686866745591.002441
202 627037743924.844238
203 528886064224.077148
204 317305072838.682007
205 280560162868.985474
206 157477132462.556091
207 114548047933.626007
208 123817004616.154404
209 75098367694.777740
210 71847126237.763565
211 22834612156.927673
212 20107308502.156666
213 18141985314.931797
214 13128708554.118029
215 9470540334.346430
216 6129843377.381716
217 3716316467.925740
218 2674492401.588735
219 1686640252.269563
220 949898516.106681
221 779867189.565016
222 526494862.466324
223 280966375.612702
224 213377482.061252
225 193678141.617095
226 152971505.584934
227 107155191.107033
228 82914070.096362
229 62885427.247532
230 51428240.930197
231 31848643.883261
232 21168656.771192
233 16618466.310434
234 10082107.766246
235 7580620.787391
236 4535390.821273
237 3192155.738908
238 1943730.821572
239 1210610.028444
240 999603.871717
241 848355.923401
242 568195.086192
243 382730.885967
244 268333.157490
245 203245.527772
246 158504.289227
247 93384.584347
248 86364.648102
249 58743.591001
250 25816.771115
251 16387.343719
252 13402.979373
253 11032.646655
254 9286.399804
255 4327.274528
256 3380.305741
257 2532.037296
258 1495.024611
259 1162.072221
260 540.259224
261 361.029658
262 275.997845
263 180.936169
264 123.220982
265 92.075438
266 45.221032
267 34.502995
268 23.982046
269 14.286002
270 11.797668
271 7.039279
272 4.046415
273 2.945236
274 1.701390
275 1.172003
276 0.697179
277 0.249082
278 0.182320
279 0.135292
280 0.073130
281 0.046001
282 0.024265
283 0.015988
284 0.009892
285 0.006581
286 0.003878
287 0.002558
288 0.001459
289 0.000761
290 0.000486
291 0.000265
292 0.000140
293 0.000082
294 0.000059
295 0.000034
296 0.000021
297 0.000014
298 0.000009
299 0.000006
300 0.000004
301 0.000002
302 0.000001
303 0.000001
304 0.000001
305 0.000000
306 0.000000
307 0.000000
308 0.000000
309 0.000000
310 0.000000
311 0.000000
312 0.000000
313 0.000000
314 0.000000
315 0.000000
316 0.000000
317 0.000000
318 0.000000
319 0.000000
320 0.000000
321 0.000000
322 0.000000
323 0.000000
324 0.000000
325 0.000000
326 0.000000
327 0.000000
328 0.000000
329 0.000000
330 0.000000
331 0.000000
332 0.000000
333 0.000000
334 0.000000
335 0.000000
336 0.000000
337 0.000000
338 0.000000
339 0.000000
340 0.000000
341 0.000000
342 0.000000
343 0.000000
344 0.000000
345 0.000000
346 0.000000
347 0.000000
348 0.000000
349 0.000000
350 0.000000
351 0.000000
352 0.000000
353 0.000000
354 0.000000
355 0.000000
356 0.000000
357 0.000000
358 0.000000
359 0.000000
360 0.000000
361 0.000000
362 0.000000
363 0.000000
364 0.000000
365 0.000000
366 0.000000
367 0.000000
368 0.000000
369 0.000000
370 0.000000
371 0.000000
372 0.000000
373 0.000000
374 0.000000
375 0.000000
376 0.000000
377 0.000000
378 0.000000
379 0.000000
380 0.000000
381 0.000000
382 0.000000
383 0.000000
384 0.000000
385 0.000000
386 0.000000
387 0.000000
388 0.000000
389 0.000000
390 0.000000
391 0.000000
392 0.000000
393 0.000000
394 0.000000
395 0.000000
396 0.000000
397 0.000000
398 0.000000
399 0.000000
400 0.000000
401 0.000000
402 0.000000
403 0.000000
404 0.000000
405 0.000000
406 0.000000
407 0.000000
408 0.000000
409 0.000000
410 0.000000
411 0.000000
412 0.000000
413 0.000000
414 0.000000
415 0.000000
416 0.000000
417 0.000000
418 0.000000
419 0.000000
420 0.000000
421 0.000000
422 0.000000
423 0.000000
424 0.000000
425 0.000000
426 0.000000
427 0.000000
428 0.000000
429 0.000000
430 0.000000
431 0.000000
432 0.000000
433 0.000000
434 0.000000
435 0.000000
436 0.000000
437 0.000000
438 0.000000
439 0.000000
440 0.000000
441 0.000000
442 0.000000
443 0.000000
444 0.000000
445 0.000000
446 0.000000
447 0.000000
448 0.000000
449 0.000000
450 0.000000
451 0.000000
452 0.000000
453 0.000000
454 0.000000
455 0.000000
456 0.000000
457 0.000000
458 0.000000
459 0.000000
460 0.000000
461 0.000000
462 0.000000
463 0.000000
464 0.000000
465 0.000000
466 0.000000
467 0.000000
468 0.000000
469 0.000000
470 0.000000
471 0.000000
472 0.000000
473 0.000000
474 0.000000
475 0.000000
476 0.000000
477 0.000000
478 0.000000
479 0.000000
480 0.000000
481 0.000000
482 0.000000
483 0.000000
484 0.000000
485 0.000000
486 0.000000
487 0.000000
488 0.000000
489 0.000000
490 0.000000
491 0.000000
492 0.000000
493 0.000000
494 0.000000
495 0.000000
496 0.000000
497 0.000000
498 0.000000
499 0.000000
500 0.000000
