1 3511676.940783
2 3887170.121093
3 5920862.475039
4 6955506.613098
5 5576768.501879
6 5867471.287715
7 4323328.108338
8 9235061.867200
9 11095982.924492
10 12242777.296204
11 9919740.187994
12 11456375.371617
13 8962700.279560
14 15676223.273455
15 15805254.274122
16 15746597.758397
17 16194371.567395
18 16159847.323097
19 19248185.264730
20 14861678.589977
21 14047189.050697
22 12883518.832004
23 18967201.572067
24 19249500.820524
25 20448972.437406
26 24522088.275309
27 35946839.034163
28 27221548.810608
29 27983194.956719
30 33807175.637241
31 27317969.803052
32 26421067.394690
33 31592772.825866
34 22868585.871155
35 20253526.410011
36 35074697.906393
37 31568269.951846
38 25262465.182225
39 25156712.485066
40 31039586.376075
41 29430582.175662
42 32907244.710859
43 28518070.946732
44 35327614.071121
45 32522641.559612
46 28413729.811249
47 32997760.628498
48 27027948.601331
49 31381274.575426
50 26436259.499834
51 26990559.895118
52 17693678.853243
53 21186501.869068
54 21874071.429791
55 10847535.669482
56 12435474.637260
57 13274415.369893
58 16446502.523825
59 14650939.869137
60 14043619.496360
61 15091309.307736
62 17775723.372736
63 18732565.917099
64 17126853.449476
65 15635489.710310
66 15228137.952600
67 14084078.637335
68 15308040.273862
69 14183160.399587
70 16556410.345988
71 10408188.674846
72 12154763.029901
73 10098338.833201
74 12033582.059033
75 12368349.077281
76 13556546.777201
77 11407190.487614
78 14794846.874032
79 12454714.460946
80 12350475.573447
81 9602309.873999
82 12124078.031686
83 10873657.786852
84 10114713.972585
85 10552394.955955
86 10474804.619906
87 9318113.729077
88 7929854.162847
89 6218297.516408
90 5594223.928140
91 5775384.282063
92 3801432.643393
93 4366206.054845
94 5066951.739443
95 4751927.812382
96 4191003.620478
97 5037205.432650
98 4856560.579601
99 4444015.260498
100 3769019.576792
101 4515189.376608
102 3598432.756608
103 3217901.345498
104 3274213.695728
105 2613774.067170
106 3109035.566403
107 2742659.703102
108 2324697.086358
109 2334534.542486
110 2446841.839392
111 2114386.118558
112 2084603.707313
113 2115585.549399
114 2269639.066960
115 2097524.588176
116 1994501.078901
117 2203682.846645
118 1959652.011298
119 2018839.036608
120 1650259.141431
121 1585103.696938
122 1458315.634025
123 1415945.919810
124 1432297.436381
125 1091285.753200
126 1088395.871906
127 997809.207483
128 713738.629278
129 655335.834806
130 681198.145167
131 706218.306019
132 710144.219993
133 509991.791648
134 536779.503271
135 531217.757019
136 522353.176839
137 482763.258234
138 455127.962333
139 467281.686834
140 420645.220120
141 378616.338591
142 338672.594884
143 351620.665394
144 382442.807462
145 344821.620566
146 309670.163555
147 272449.092913
148 293472.281865
149 227907.228968
150 219746.339379
151 223552.541231
152 184828.403489
153 171070.782997
154 175235.901027
155 165777.162214
156 155224.479432
157 113333.982521
158 160656.535491
159 131322.441164
160 133034.682888
161 99217.996157
162 133914.579654
163 101300.821071
164 110057.324563
165 117940.890292
166 96658.768738
167 95468.335090
168 86093.586964
169 95104.441666
170 86864.915640
171 101985.907288
172 108489.835799
173 103548.993970
174 61642.836658
175 79250.711473
176 66916.260167
177 72976.675813
178 69103.571144
179 61811.333273
180 61655.172690
181 50845.645209
182 45249.900558
183 40369.333087
184 33221.065602
185 33009.393222
186 26405.651038
187 28468.132703
188 24763.680324
189 24012.550377
190 25017.867665
191 23932.600058
192 21286.469544
193 20363.898245
194 17494.105096
195 17685.367141
196 16931.156326
197 16617.933672
198 15884.794946
199 15743.081381
200 14883.573600
201 13135.806457
202 15069.323158
203 13932.296928
204 15549.621749
205 12632.003848
206 12817.938630
207 10885.031823
208 11918.399733
209 12583.806835
210 12500.689927
211 10305.904771
212 10984.499551
213 9886.611562
214 10495.810671
215 10395.530960
216 8277.293136
217 8272.717420
218 7652.123098
219 7186.880710
220 7045.333027
221 6077.511194
222 5406.107215
223 5375.536981
224 4437.181760
225 4835.799651
226 4219.758427
227 4606.351567
228 4213.828104
229 3241.607616
230 3389.128117
231 3828.603031
232 3588.396828
233 3750.623674
234 3859.434856
235 3462.012716
236 3157.332272
237 2794.938445
238 2706.673802
239 2574.569218
240 2284.223632
241 2435.302933
242 1884.649502
243 2066.932094
244 2102.125772
245 2005.914493
246 1868.065328
247 1472.848850
248 1154.175544
249 1442.010006
250 1189.615052
251 1183.298671
252 906.848413
253 954.929321
254 912.281660
255 697.348395
256 666.848174
257 709.762761
258 608.937478
259 528.955750
260 470.013830
261 519.361076
262 484.310231
263 505.912673
264 490.590087
265 447.735979
266 466.605245
267 401.370615
268 387.496266
269 353.168185
270 351.721731
271 347.146575
272 328.828212
273 301.460606
274 270.384130
275 250.563047
276 248.730375
277 269.406614
278 253.784330
279 232.200047
280 257.627867
281 243.676074
282 239.522113
283 228.440583
284 228.182390
285 217.809122
286 197.264417
287 199.967111
288 207.866624
289 204.793049
290 205.008674
291 190.874709
292 187.346174
293 188.233257
294 185.151843
295 197.856982
296 170.645817
297 148.034882
298 131.987034
299 121.359001
300 133.113125
301 124.059830
302 112.564546
303 102.404476
304 94.168886
305 83.550101
306 79.058172
307 82.067300
308 75.641192
309 68.802918
310 70.028300
311 67.093827
312 61.897701
313 63.572565
314 61.553693
315 55.913560
316 51.600302
317 46.603693
318 49.999448
319 44.613395
320 45.621474
321 43.196975
322 43.742657
323 40.377633
324 36.037273
325 40.397908
326 36.908744
327 37.424868
328 35.672493
329 34.703260
330 34.228808
331 32.491739
332 31.581623
333 30.852436
334 29.698574
335 28.401206
336 26.468274
337 25.787926
338 25.215809
339 23.122796
340 23.196588
341 21.678424
342 23.214133
343 21.755868
344 21.915013
345 22.095791
346 21.104289
347 20.684448
348 20.044407
349 19.069807
350 17.999056
351 18.360236
352 18.979464
353 18.692799
354 16.267205
355 16.050213
356 15.704178
357 15.487921
358 15.763895
359 15.563566
360 14.909121
361 14.865217
362 13.672145
363 13.257704
364 13.101394
365 12.989134
366 12.691431
367 11.891286
368 11.124129
369 10.451126
370 10.736425
371 10.340956
372 10.273085
373 10.053357
374 9.826655
375 9.296422
376 8.932529
377 8.816822
378 8.648502
379 8.647352
380 8.502046
381 8.100724
382 8.145823
383 7.635146
384 7.448700
385 7.377649
386 7.356632
387 7.360423
388 7.300101
389 6.796517
390 6.868005
391 6.584787
392 6.673921
393 6.475391
394 6.354313
395 6.206668
396 5.884555
397 5.820142
398 5.944436
399 5.607946
400 5.639661
401 5.588071
402 5.522267
403 5.311516
404 5.327832
405 5.002059
406 5.169348
407 5.155589
408 5.085880
409 5.058439
410 5.015684
411 4.946592
412 4.962348
413 4.843788
414 4.764803
415 4.711894
416 4.654126
417 4.534926
418 4.516105
419 4.557354
420 4.481280
421 4.420738
422 4.297291
423 4.132478
424 4.034304
425 3.941141
426 3.939722
427 3.884799
428 3.826136
429 3.778371
430 3.759161
431 3.742432
432 3.761329
433 3.717859
434 3.723840
435 3.734520
436 3.631097
437 3.571604
438 3.543776
439 3.544579
440 3.451551
441 3.458439
442 3.389669
443 3.366001
444 3.331977
445 3.290562
446 3.181465
447 3.167392
448 3.186922
449 3.153333
450 3.120443
451 3.084705
452 3.046518
453 3.021305
454 2.981090
455 2.945474
456 2.921841
457 2.907923
458 2.869630
459 2.836290
460 2.818099
461 2.783047
462 2.786440
463 2.771117
464 2.747716
465 2.709957
466 2.700697
467 2.685812
468 2.649874
469 2.625894
470 2.607696
471 2.590730
472 2.583064
473 2.574682
474 2.546343
475 2.521070
476 2.499072
477 2.471385
478 2.465531
479 2.450182
480 2.438870
481 2.424288
482 2.417955
483 2.400200
484 2.388750
485 2.379684
486 2.371092
487 2.361193
488 2.356592
489 2.345202
490 2.335362
491 2.326007
492 2.315775
493 2.307989
494 2.302608
495 2.299964
496 2.296064
497 2.293523
498 2.290781
499 2.288603
500 2.287493
