1 1000000000000000019884624838656.000000
2 1000000000000000019884624838656.000000
3 1000000000000000019884624838656.000000
4 1000000000000000019884624838656.000000
5 9038.888191
6 9038.888191
7 9038.888191
8 9038.888191
9 9038.888191
10 5172.499306
11 5172.499306
12 5172.499306
13 5172.499306
14 5172.499306
15 4401.870101
16 4401.870101
17 4401.870101
18 4401.870101
19 4401.870101
20 3587.575300
21 3587.575300
22 3587.575300
23 3587.575300
24 3587.575300
25 3134.088479
26 3134.088479
27 3134.088479
28 3134.088479
29 3134.088479
30 2176.792846
31 2176.792846
32 2176.792846
33 2176.792846
34 2176.792846
35 1737.898767
36 1737.898767
37 1737.898767
38 1737.898767
39 1737.898767
40 1405.626156
41 1405.626156
42 1405.626156
43 1405.626156
44 1405.626156
45 1183.307212
46 1183.307212
47 1183.307212
48 1183.307212
49 1183.307212
50 903.929729
51 903.929729
52 903.929729
53 903.929729
54 903.929729
55 733.958752
56 733.958752
57 733.958752
58 733.958752
59 733.958752
60 612.551830
61 612.551830
62 612.551830
63 612.551830
64 612.551830
65 524.377988
66 524.377988
67 524.377988
68 524.377988
69 524.377988
70 372.696992
71 372.696992
72 372.696992
73 372.696992
74 372.696992
75 315.233641
76 315.233641
77 315.233641
78 315.233641
79 315.233641
80 227.389691
81 227.389691
82 227.389691
83 227.389691
84 227.389691
85 185.438057
86 185.438057
87 185.438057
88 185.438057
89 185.438057
90 170.035310
91 170.035310
92 170.035310
93 170.035310
94 170.035310
95 141.887422
96 141.887422
97 141.887422
98 141.887422
99 141.887422
100 120.618622
101 120.618622
102 120.618622
103 120.618622
104 120.618622
105 102.539191
106 102.539191
107 102.539191
108 102.539191
109 102.539191
110 83.453187
111 83.453187
112 83.453187
113 83.453187
114 83.453187
115 69.736938
116 69.736938
117 69.736938
118 69.736938
119 69.736938
120 57.953253
121 57.953253
122 57.953253
123 57.953253
124 57.953253
125 49.471181
126 49.471181
127 49.471181
128 49.471181
129 49.471181
130 36.744173
131 36.744173
132 36.744173
133 36.744173
134 36.744173
135 31.441226
136 31.441226
137 31.441226
138 31.441226
139 31.441226
140 24.966720
141 24.966720
142 24.966720
143 24.966720
144 24.966720
145 20.702344
146 20.702344
147 20.702344
148 20.702344
149 20.702344
150 18.147083
151 18.147083
152 18.147083
153 18.147083
154 18.147083
155 15.669508
156 15.669508
157 15.669508
158 15.669508
159 15.669508
160 13.580141
161 13.580141
162 13.580141
163 13.580141
164 13.580141
165 10.950530
166 10.950530
167 10.950530
168 10.950530
169 10.950530
170 9.922941
171 9.922941
172 9.922941
173 9.922941
174 9.922941
175 8.439022
176 8.439022
177 8.439022
178 8.439022
179 8.439022
180 7.165926
181 7.165926
182 7.165926
183 7.165926
184 7.165926
185 6.227959
186 6.227959
187 6.227959
188 6.227959
189 6.227959
190 4.823228
191 4.823228
192 4.823228
193 4.823228
194 4.823228
195 4.274853
196 4.274853
197 4.274853
198 4.274853
199 4.274853
200 3.683953
201 3.683953
202 3.683953
203 3.683953
204 3.683953
205 3.201262
206 3.201262
207 3.201262
208 3.201262
209 3.201262
210 2.738528
211 2.738528
212 2.738528
213 2.738528
214 2.738528
215 2.519737
216 2.519737
217 2.519737
218 2.519737
219 2.519737
220 2.224989
221 2.224989
222 2.224989
223 2.224989
224 2.224989
225 2.039540
226 2.039540
227 2.039540
228 2.039540
229 2.039540
230 1.794125
231 1.794125
232 1.794125
233 1.794125
234 1.794125
235 1.572487
236 1.572487
237 1.572487
238 1.572487
239 1.572487
240 1.422924
241 1.422924
242 1.422924
243 1.422924
244 1.422924
245 1.310943
246 1.310943
247 1.310943
248 1.310943
249 1.310943
250 1.113630
251 1.113630
252 1.113630
253 1.113630
254 1.113630
255 0.998689
256 0.998689
257 0.998689
258 0.998689
259 0.998689
260 0.899635
261 0.899635
262 0.899635
263 0.899635
264 0.899635
265 0.843401
266 0.843401
267 0.843401
268 0.843401
269 0.843401
270 0.768450
271 0.768450
272 0.768450
273 0.768450
274 0.768450
275 0.680989
276 0.680989
277 0.680989
278 0.680989
279 0.680989
280 0.633631
281 0.633631
282 0.633631
283 0.633631
284 0.633631
285 0.587234
286 0.587234
287 0.587234
288 0.587234
289 0.587234
290 0.550416
291 0.550416
292 0.550416
293 0.550416
294 0.550416
295 0.496632
296 0.496632
297 0.496632
298 0.496632
299 0.496632
300 0.457563
301 0.457563
302 0.457563
303 0.457563
304 0.457563
305 0.428524
306 0.428524
307 0.428524
308 0.428524
309 0.428524
310 0.393652
311 0.393652
312 0.393652
313 0.393652
314 0.393652
315 0.362319
316 0.362319
317 0.362319
318 0.362319
319 0.362319
320 0.340565
321 0.340565
322 0.340565
323 0.340565
324 0.340565
325 0.316657
326 0.316657
327 0.316657
328 0.316657
329 0.316657
330 0.296365
331 0.296365
332 0.296365
333 0.296365
334 0.296365
335 0.275271
336 0.275271
337 0.275271
338 0.275271
339 0.275271
340 0.263425
341 0.263425
342 0.263425
343 0.263425
344 0.263425
345 0.246678
346 0.246678
347 0.246678
348 0.246678
349 0.246678
350 0.233577
351 0.233577
352 0.233577
353 0.233577
354 0.233577
355 0.223223
356 0.223223
357 0.223223
358 0.223223
359 0.223223
360 0.211825
361 0.211825
362 0.211825
363 0.211825
364 0.211825
365 0.197239
366 0.197239
367 0.197239
368 0.197239
369 0.197239
370 0.187347
371 0.187347
372 0.187347
373 0.187347
374 0.187347
375 0.178879
376 0.178879
377 0.178879
378 0.178879
379 0.178879
380 0.171547
381 0.171547
382 0.171547
383 0.171547
384 0.171547
385 0.165050
386 0.165050
387 0.165050
388 0.165050
389 0.165050
390 0.159058
391 0.159058
392 0.159058
393 0.159058
394 0.159058
395 0.152831
396 0.152831
397 0.152831
398 0.152831
399 0.152831
400 0.147218
401 0.147218
402 0.147218
403 0.147218
404 0.147218
405 0.142085
406 0.142085
407 0.142085
408 0.142085
409 0.142085
410 0.137096
411 0.137096
412 0.137096
413 0.137096
414 0.137096
415 0.132594
416 0.132594
417 0.132594
418 0.132594
419 0.132594
420 0.128048
421 0.128048
422 0.128048
423 0.128048
424 0.128048
425 0.123857
426 0.123857
427 0.123857
428 0.123857
429 0.123857
430 0.120029
431 0.120029
432 0.120029
433 0.120029
434 0.120029
435 0.116114
436 0.116114
437 0.116114
438 0.116114
439 0.116114
440 0.113638
441 0.113638
442 0.113638
443 0.113638
444 0.113638
445 0.111296
446 0.111296
447 0.111296
448 0.111296
449 0.111296
450 0.109515
451 0.109515
452 0.109515
453 0.109515
454 0.109515
455 0.107364
456 0.107364
457 0.107364
458 0.107364
459 0.107364
460 0.105595
461 0.105595
462 0.105595
463 0.105595
464 0.105595
465 0.103689
466 0.103689
467 0.103689
468 0.103689
469 0.103689
470 0.102952
471 0.102952
472 0.102952
473 0.102952
474 0.102952
475 0.101809
476 0.101809
477 0.101809
478 0.101809
479 0.101809
480 0.100775
481 0.100775
482 0.100775
483 0.100775
484 0.100775
485 0.100449
486 0.100449
487 0.100449
488 0.100449
489 0.100449
490 0.099932
491 0.099932
492 0.099932
493 0.099932
494 0.099932
495 0.099698
496 0.099698
497 0.099698
498 0.099698
499 0.099698
500 0.099659
