1 1000000000000000019884624838656.000000
2 1000000000000000019884624838656.000000
3 1000000000000000019884624838656.000000
4 1000000000000000019884624838656.000000
5 187639.192952
6 187639.192952
7 187639.192952
8 187639.192952
9 187639.192952
10 186733.353452
11 186733.353452
12 186733.353452
13 186733.353452
14 186733.353452
15 147642.670153
16 147642.670153
17 147642.670153
18 147642.670153
19 147642.670153
20 122851.020038
21 122851.020038
22 122851.020038
23 122851.020038
24 122851.020038
25 90906.562434
26 90906.562434
27 90906.562434
28 90906.562434
29 90906.562434
30 58826.686820
31 58826.686820
32 58826.686820
33 58826.686820
34 58826.686820
35 47149.591621
36 47149.591621
37 47149.591621
38 47149.591621
39 47149.591621
40 25796.427816
41 25796.427816
42 25796.427816
43 25796.427816
44 25796.427816
45 19793.189850
46 19793.189850
47 19793.189850
48 19793.189850
49 19793.189850
50 14777.703390
51 14777.703390
52 14777.703390
53 14777.703390
54 14777.703390
55 10164.951086
56 10164.951086
57 10164.951086
58 10164.951086
59 10164.951086
60 5088.710658
61 5088.710658
62 5088.710658
63 5088.710658
64 5088.710658
65 3598.297746
66 3598.297746
67 3598.297746
68 3598.297746
69 3598.297746
70 2051.105990
71 2051.105990
72 2051.105990
73 2051.105990
74 2051.105990
75 1153.725701
76 1153.725701
77 1153.725701
78 1153.725701
79 1153.725701
80 623.895594
81 623.895594
82 623.895594
83 623.895594
84 623.895594
85 407.586345
86 407.586345
87 407.586345
88 407.586345
89 407.586345
90 240.123264
91 240.123264
92 240.123264
93 240.123264
94 240.123264
95 133.093722
96 133.093722
97 133.093722
98 133.093722
99 133.093722
100 81.076407
101 81.076407
102 81.076407
103 81.076407
104 81.076407
105 45.605316
106 45.605316
107 45.605316
108 45.605316
109 45.605316
110 28.204488
111 28.204488
112 28.204488
113 28.204488
114 28.204488
115 16.614278
116 16.614278
117 16.614278
118 16.614278
119 16.614278
120 6.473132
121 6.473132
122 6.473132
123 6.473132
124 6.473132
125 3.286635
126 3.286635
127 3.286635
128 3.286635
129 3.286635
130 1.538836
131 1.538836
132 1.538836
133 1.538836
134 1.538836
135 0.863608
136 0.863608
137 0.863608
138 0.863608
139 0.863608
140 0.453082
141 0.453082
142 0.453082
143 0.453082
144 0.453082
145 0.247147
146 0.247147
147 0.247147
148 0.247147
149 0.247147
150 0.094820
151 0.094820
152 0.094820
153 0.094820
154 0.094820
155 0.048967
156 0.048967
157 0.048967
158 0.048967
159 0.048967
160 0.024523
161 0.024523
162 0.024523
163 0.024523
164 0.024523
165 0.011873
166 0.011873
167 0.011873
168 0.011873
169 0.011873
170 0.006629
171 0.006629
172 0.006629
173 0.006629
174 0.006629
175 0.003708
176 0.003708
177 0.003708
178 0.003708
179 0.003708
180 0.001890
181 0.001890
182 0.001890
183 0.001890
184 0.001890
185 0.001015
186 0.001015
187 0.001015
188 0.001015
189 0.001015
190 0.000548
191 0.000548
192 0.000548
193 0.000548
194 0.000548
195 0.000232
196 0.000232
197 0.000232
198 0.000232
199 0.000232
200 0.000102
201 0.000102
202 0.000102
203 0.000102
204 0.000102
205 0.000052
206 0.000052
207 0.000052
208 0.000052
209 0.000052
210 0.000028
211 0.000028
212 0.000028
213 0.000028
214 0.000028
215 0.000012
216 0.000012
217 0.000012
218 0.000012
219 0.000012
220 0.000006
221 0.000006
222 0.000006
223 0.000006
224 0.000006
225 0.000003
226 0.000003
227 0.000003
228 0.000003
229 0.000003
230 0.000001
231 0.000001
232 0.000001
233 0.000001
234 0.000001
235 0.000001
236 0.000001
237 0.000001
238 0.000001
239 0.000001
240 0.000000
241 0.000000
242 0.000000
243 0.000000
244 0.000000
245 0.000000
246 0.000000
247 0.000000
248 0.000000
249 0.000000
250 0.000000
251 0.000000
252 0.000000
253 0.000000
254 0.000000
255 0.000000
256 0.000000
257 0.000000
258 0.000000
259 0.000000
260 0.000000
261 0.000000
262 0.000000
263 0.000000
264 0.000000
265 0.000000
266 0.000000
267 0.000000
268 0.000000
269 0.000000
270 0.000000
271 0.000000
272 0.000000
273 0.000000
274 0.000000
275 0.000000
276 0.000000
277 0.000000
278 0.000000
279 0.000000
280 0.000000
281 0.000000
282 0.000000
283 0.000000
284 0.000000
285 0.000000
286 0.000000
287 0.000000
288 0.000000
289 0.000000
290 0.000000
291 0.000000
292 0.000000
293 0.000000
294 0.000000
295 0.000000
296 0.000000
297 0.000000
298 0.000000
299 0.000000
300 0.000000
301 0.000000
302 0.000000
303 0.000000
304 0.000000
305 0.000000
306 0.000000
307 0.000000
308 0.000000
309 0.000000
310 0.000000
311 0.000000
312 0.000000
313 0.000000
314 0.000000
315 0.000000
316 0.000000
317 0.000000
318 0.000000
319 0.000000
320 0.000000
321 0.000000
322 0.000000
323 0.000000
324 0.000000
325 0.000000
326 0.000000
327 0.000000
328 0.000000
329 0.000000
330 0.000000
331 0.000000
332 0.000000
333 0.000000
334 0.000000
335 0.000000
336 0.000000
337 0.000000
338 0.000000
339 0.000000
340 0.000000
341 0.000000
342 0.000000
343 0.000000
344 0.000000
345 0.000000
346 0.000000
347 0.000000
348 0.000000
349 0.000000
350 0.000000
351 0.000000
352 0.000000
353 0.000000
354 0.000000
355 0.000000
356 0.000000
357 0.000000
358 0.000000
359 0.000000
360 0.000000
361 0.000000
362 0.000000
363 0.000000
364 0.000000
365 0.000000
366 0.000000
367 0.000000
368 0.000000
369 0.000000
370 0.000000
371 0.000000
372 0.000000
373 0.000000
374 0.000000
375 0.000000
376 0.000000
377 0.000000
378 0.000000
379 0.000000
380 0.000000
381 0.000000
382 0.000000
383 0.000000
384 0.000000
385 0.000000
386 0.000000
387 0.000000
388 0.000000
389 0.000000
390 0.000000
391 0.000000
392 0.000000
393 0.000000
394 0.000000
395 0.000000
396 0.000000
397 0.000000
398 0.000000
399 0.000000
400 0.000000
401 0.000000
402 0.000000
403 0.000000
404 0.000000
405 0.000000
406 0.000000
407 0.000000
408 0.000000
409 0.000000
410 0.000000
411 0.000000
412 0.000000
413 0.000000
414 0.000000
415 0.000000
416 0.000000
417 0.000000
418 0.000000
419 0.000000
420 0.000000
421 0.000000
422 0.000000
423 0.000000
424 0.000000
425 0.000000
426 0.000000
427 0.000000
428 0.000000
429 0.000000
430 0.000000
431 0.000000
432 0.000000
433 0.000000
434 0.000000
435 0.000000
436 0.000000
437 0.000000
438 0.000000
439 0.000000
440 0.000000
441 0.000000
442 0.000000
443 0.000000
444 0.000000
445 0.000000
446 0.000000
447 0.000000
448 0.000000
449 0.000000
450 0.000000
451 0.000000
452 0.000000
453 0.000000
454 0.000000
455 0.000000
456 0.000000
457 0.000000
458 0.000000
459 0.000000
460 0.000000
461 0.000000
462 0.000000
463 0.000000
464 0.000000
465 0.000000
466 0.000000
467 0.000000
468 0.000000
469 0.000000
470 0.000000
471 0.000000
472 0.000000
473 0.000000
474 0.000000
475 0.000000
476 0.000000
477 0.000000
478 0.000000
479 0.000000
480 0.000000
481 0.000000
482 0.000000
483 0.000000
484 0.000000
485 0.000000
486 0.000000
487 0.000000
488 0.000000
489 0.000000
490 0.000000
491 0.000000
492 0.000000
493 0.000000
494 0.000000
495 0.000000
496 0.000000
497 0.000000
498 0.000000
499 0.000000
500 0.000000
