1 1496743.717880
2 1450201.639851
3 1645855.672276
4 1684433.687894
5 1813097.441200
6 1765710.902583
7 1736036.104435
8 1761152.640294
9 1881430.222897
10 1675561.598861
11 1630708.607253
12 1623235.595372
13 1582424.582560
14 1496511.156957
15 1475608.463548
16 1407749.087164
17 1425314.254860
18 1329380.099469
19 1252653.047836
20 1214877.391635
21 1143546.130837
22 1142948.755317
23 1014711.636763
24 1005640.432790
25 944840.098817
26 812846.254747
27 768993.346813
28 761664.257649
29 709281.682508
30 604408.285383
31 592609.769351
32 543102.262892
33 500891.415516
34 465000.771292
35 445401.491993
36 389444.834201
37 374399.451462
38 325090.092544
39 323049.517311
40 290732.209214
41 278215.732062
42 259880.279720
43 233816.438519
44 205332.099242
45 174755.317936
46 162279.669242
47 146345.943682
48 131350.255818
49 122323.793862
50 103701.194930
51 97872.718410
52 86577.899625
53 75705.097086
54 65579.016444
55 65080.838830
56 59111.153831
57 52871.413015
58 48185.988061
59 42248.555450
60 37366.453093
61 31905.779779
62 27847.143380
63 25631.368651
64 23253.128635
65 19886.616089
66 17887.683583
67 16299.963080
68 13812.818477
69 12799.267580
70 11450.290673
71 10184.583550
72 9461.927717
73 8217.502155
74 7291.108955
75 6352.373691
76 5686.138987
77 4892.020812
78 4330.836461
79 3797.995149
80 3331.401367
81 2917.517621
82 2686.270419
83 2312.960675
84 1994.248584
85 1781.352719
86 1506.583549
87 1362.341489
88 1193.133291
89 1046.692373
90 877.324938
91 767.292843
92 689.128823
93 590.874148
94 499.007817
95 423.386209
96 385.586389
97 325.937557
98 282.608908
99 240.051139
100 202.509449
101 176.512414
102 154.267925
103 136.777749
104 116.787067
105 100.729030
106 88.312769
107 79.377376
108 62.576415
109 62.102580
110 53.401330
111 47.775735
112 37.785225
113 35.713975
114 29.550802
115 25.965753
116 23.590875
117 21.601529
118 18.566198
119 16.670024
120 14.559987
121 12.087125
122 9.955440
123 9.201198
124 7.674397
125 6.863625
126 5.977414
127 5.164573
128 4.214340
129 3.700487
130 3.234269
131 2.811113
132 2.477421
133 2.215582
134 1.947026
135 1.734054
136 1.492633
137 1.265395
138 1.134248
139 0.994420
140 0.810442
141 0.731843
142 0.656058
143 0.574919
144 0.500952
145 0.449791
146 0.410088
147 0.361551
148 0.309701
149 0.268205
150 0.232741
151 0.206409
152 0.180617
153 0.153612
154 0.135810
155 0.115481
156 0.101212
157 0.081160
158 0.075741
159 0.064033
160 0.059793
161 0.053056
162 0.046422
163 0.041381
164 0.035904
165 0.032639
166 0.028414
167 0.025581
168 0.022464
169 0.019882
170 0.017889
171 0.015593
172 0.013831
173 0.012309
174 0.010851
175 0.009629
176 0.008464
177 0.007632
178 0.006635
179 0.006105
180 0.005528
181 0.004818
182 0.004442
183 0.003960
184 0.003531
185 0.003191
186 0.002891
187 0.002674
188 0.002398
189 0.002106
190 0.001907
191 0.001751
192 0.001542
193 0.001431
194 0.001309
195 0.001127
196 0.001059
197 0.000954
198 0.000865
199 0.000770
200 0.000703
201 0.000631
202 0.000574
203 0.000506
204 0.000470
205 0.000425
206 0.000393
207 0.000348
208 0.000318
209 0.000291
210 0.000269
211 0.000241
212 0.000226
213 0.000204
214 0.000187
215 0.000171
216 0.000158
217 0.000142
218 0.000131
219 0.000122
220 0.000108
221 0.000100
222 0.000095
223 0.000087
224 0.000081
225 0.000073
226 0.000068
227 0.000062
228 0.000057
229 0.000053
230 0.000048
231 0.000045
232 0.000042
233 0.000038
234 0.000035
235 0.000033
236 0.000030
237 0.000028
238 0.000026
239 0.000024
240 0.000022
241 0.000020
242 0.000019
243 0.000017
244 0.000016
245 0.000015
246 0.000014
247 0.000013
248 0.000012
249 0.000011
250 0.000010
251 0.000010
252 0.000009
253 0.000009
254 0.000008
255 0.000007
256 0.000007
257 0.000006
258 0.000006
259 0.000005
260 0.000005
261 0.000005
262 0.000004
263 0.000004
264 0.000004
265 0.000004
266 0.000003
267 0.000003
268 0.000003
269 0.000003
270 0.000003
271 0.000002
272 0.000002
273 0.000002
274 0.000002
275 0.000002
276 0.000002
277 0.000002
278 0.000002
279 0.000002
280 0.000001
281 0.000001
282 0.000001
283 0.000001
284 0.000001
285 0.000001
286 0.000001
287 0.000001
288 0.000001
289 0.000001
290 0.000001
291 0.000001
292 0.000001
293 0.000001
294 0.000001
295 0.000001
296 0.000001
297 0.000001
298 0.000001
299 0.000001
300 0.000000
301 0.000000
302 0.000000
303 0.000000
304 0.000000
305 0.000000
306 0.000000
307 0.000000
308 0.000000
309 0.000000
310 0.000000
311 0.000000
312 0.000000
313 0.000000
314 0.000000
315 0.000000
316 0.000000
317 0.000000
318 0.000000
319 0.000000
320 0.000000
321 0.000000
322 0.000000
323 0.000000
324 0.000000
325 0.000000
326 0.000000
327 0.000000
328 0.000000
329 0.000000
330 0.000000
331 0.000000
332 0.000000
333 0.000000
334 0.000000
335 0.000000
336 0.000000
337 0.000000
338 0.000000
339 0.000000
340 0.000000
341 0.000000
342 0.000000
343 0.000000
344 0.000000
345 0.000000
346 0.000000
347 0.000000
348 0.000000
349 0.000000
350 0.000000
351 0.000000
352 0.000000
353 0.000000
354 0.000000
355 0.000000
356 0.000000
357 0.000000
358 0.000000
359 0.000000
360 0.000000
361 0.000000
362 0.000000
363 0.000000
364 0.000000
365 0.000000
366 0.000000
367 0.000000
368 0.000000
369 0.000000
370 0.000000
371 0.000000
372 0.000000
373 0.000000
374 0.000000
375 0.000000
376 0.000000
377 0.000000
378 0.000000
379 0.000000
380 0.000000
381 0.000000
382 0.000000
383 0.000000
384 0.000000
385 0.000000
386 0.000000
387 0.000000
388 0.000000
389 0.000000
390 0.000000
391 0.000000
392 0.000000
393 0.000000
394 0.000000
395 0.000000
396 0.000000
397 0.000000
398 0.000000
399 0.000000
400 0.000000
401 0.000000
402 0.000000
403 0.000000
404 0.000000
405 0.000000
406 0.000000
407 0.000000
408 0.000000
409 0.000000
410 0.000000
411 0.000000
412 0.000000
413 0.000000
414 0.000000
415 0.000000
416 0.000000
417 0.000000
418 0.000000
419 0.000000
420 0.000000
421 0.000000
422 0.000000
423 0.000000
424 0.000000
425 0.000000
426 0.000000
427 0.000000
428 0.000000
429 0.000000
430 0.000000
431 0.000000
432 0.000000
433 0.000000
434 0.000000
435 0.000000
436 0.000000
437 0.000000
438 0.000000
439 0.000000
440 0.000000
441 0.000000
442 0.000000
443 0.000000
444 0.000000
445 0.000000
446 0.000000
447 0.000000
448 0.000000
449 0.000000
450 0.000000
451 0.000000
452 0.000000
453 0.000000
454 0.000000
455 0.000000
456 0.000000
457 0.000000
458 0.000000
459 0.000000
460 0.000000
461 0.000000
462 0.000000
463 0.000000
464 0.000000
465 0.000000
466 0.000000
467 0.000000
468 0.000000
469 0.000000
470 0.000000
471 0.000000
472 0.000000
473 0.000000
474 0.000000
475 0.000000
476 0.000000
477 0.000000
478 0.000000
479 0.000000
480 0.000000
481 0.000000
482 0.000000
483 0.000000
484 0.000000
485 0.000000
486 0.000000
487 0.000000
488 0.000000
489 0.000000
490 0.000000
491 0.000000
492 0.000000
493 0.000000
494 0.000000
495 0.000000
496 0.000000
497 0.000000
498 0.000000
499 0.000000
500 0.000000
