1 1496743.717880
2 1505524.824192
3 1640990.700848
4 1692941.136381
5 1723764.856597
6 1747965.345929
7 1780078.657390
8 1850363.990016
9 1767463.191493
10 1717848.266507
11 1736197.736091
12 1681799.321442
13 1696391.505746
14 1680620.282406
15 1568039.895495
16 1530688.839344
17 1422503.316902
18 1364434.654263
19 1308328.536846
20 1267177.031474
21 1150688.481018
22 1203951.938994
23 1096494.126382
24 1007479.986719
25 970658.285566
26 948388.831548
27 945044.291989
28 855469.537416
29 825209.372971
30 761028.336340
31 713990.257251
32 660955.764133
33 625036.229902
34 580769.196336
35 562772.251306
36 522420.745285
37 460373.514922
38 444135.208870
39 405835.336788
40 384177.373992
41 364013.391641
42 314578.593610
43 307321.036329
44 264200.334566
45 262654.648964
46 239441.021048
47 213655.872158
48 197712.547263
49 168455.356621
50 157396.528561
51 144321.377606
52 124212.086319
53 114914.383980
54 103684.905894
55 94204.949912
56 87941.011397
57 80154.644811
58 68161.837182
59 64269.501141
60 57277.107577
61 50660.510901
62 44765.370962
63 39498.246682
64 35890.262066
65 31392.351785
66 27194.488122
67 26211.567416
68 21447.951461
69 17467.087077
70 16191.953176
71 14794.304278
72 13145.711318
73 12052.254122
74 10035.357484
75 9197.615403
76 7900.061248
77 7166.190200
78 6666.811338
79 5705.447498
80 5120.335591
81 4546.929807
82 3881.981325
83 3356.058139
84 3086.999507
85 2774.563063
86 2451.142816
87 2058.605109
88 1806.743425
89 1596.719553
90 1427.731458
91 1196.210395
92 1084.689009
93 918.066470
94 753.991815
95 665.998492
96 582.830733
97 486.184796
98 438.120881
99 393.566119
100 345.025043
101 288.234959
102 248.513231
103 216.189998
104 182.330350
105 160.609902
106 135.144439
107 116.227250
108 97.388636
109 83.722836
110 74.704365
111 63.753103
112 55.738561
113 49.019120
114 43.867486
115 36.085797
116 32.579137
117 28.447068
118 25.406971
119 21.865316
120 19.100751
121 17.504784
122 14.952231
123 12.941860
124 11.638990
125 9.717821
126 8.751277
127 7.704552
128 6.591422
129 5.747748
130 5.132541
131 4.282021
132 3.766138
133 3.280604
134 2.836923
135 2.348642
136 2.128303
137 1.787495
138 1.595630
139 1.394623
140 1.195435
141 1.048812
142 0.937320
143 0.821940
144 0.707713
145 0.623112
146 0.548631
147 0.496078
148 0.430450
149 0.382460
150 0.338210
151 0.294096
152 0.258678
153 0.232097
154 0.211343
155 0.191572
156 0.162374
157 0.142649
158 0.127148
159 0.112262
160 0.103515
161 0.088921
162 0.078537
163 0.069703
164 0.061121
165 0.054815
166 0.046757
167 0.042051
168 0.037052
169 0.032672
170 0.029771
171 0.026273
172 0.023721
173 0.020993
174 0.018932
175 0.016696
176 0.015250
177 0.013447
178 0.012237
179 0.010889
180 0.009702
181 0.008814
182 0.008012
183 0.007266
184 0.006528
185 0.005826
186 0.005328
187 0.004660
188 0.004281
189 0.003992
190 0.003574
191 0.003240
192 0.002966
193 0.002716
194 0.002498
195 0.002258
196 0.002012
197 0.001857
198 0.001649
199 0.001513
200 0.001401
201 0.001273
202 0.001125
203 0.001021
204 0.000946
205 0.000861
206 0.000797
207 0.000717
208 0.000651
209 0.000612
210 0.000554
211 0.000513
212 0.000459
213 0.000424
214 0.000382
215 0.000351
216 0.000324
217 0.000293
218 0.000269
219 0.000251
220 0.000228
221 0.000212
222 0.000196
223 0.000178
224 0.000165
225 0.000152
226 0.000140
227 0.000129
228 0.000121
229 0.000111
230 0.000105
231 0.000097
232 0.000091
233 0.000084
234 0.000077
235 0.000070
236 0.000065
237 0.000061
238 0.000057
239 0.000052
240 0.000049
241 0.000046
242 0.000042
243 0.000040
244 0.000037
245 0.000035
246 0.000032
247 0.000030
248 0.000028
249 0.000026
250 0.000024
251 0.000022
252 0.000021
253 0.000020
254 0.000018
255 0.000017
256 0.000016
257 0.000015
258 0.000014
259 0.000013
260 0.000012
261 0.000012
262 0.000011
263 0.000010
264 0.000010
265 0.000009
266 0.000008
267 0.000008
268 0.000007
269 0.000007
270 0.000007
271 0.000006
272 0.000006
273 0.000006
274 0.000005
275 0.000005
276 0.000005
277 0.000004
278 0.000004
279 0.000004
280 0.000004
281 0.000003
282 0.000003
283 0.000003
284 0.000003
285 0.000003
286 0.000003
287 0.000002
288 0.000002
289 0.000002
290 0.000002
291 0.000002
292 0.000002
293 0.000002
294 0.000002
295 0.000002
296 0.000002
297 0.000001
298 0.000001
299 0.000001
300 0.000001
301 0.000001
302 0.000001
303 0.000001
304 0.000001
305 0.000001
306 0.000001
307 0.000001
308 0.000001
309 0.000001
310 0.000001
311 0.000001
312 0.000001
313 0.000001
314 0.000001
315 0.000001
316 0.000001
317 0.000001
318 0.000001
319 0.000001
320 0.000000
321 0.000000
322 0.000000
323 0.000000
324 0.000000
325 0.000000
326 0.000000
327 0.000000
328 0.000000
329 0.000000
330 0.000000
331 0.000000
332 0.000000
333 0.000000
334 0.000000
335 0.000000
336 0.000000
337 0.000000
338 0.000000
339 0.000000
340 0.000000
341 0.000000
342 0.000000
343 0.000000
344 0.000000
345 0.000000
346 0.000000
347 0.000000
348 0.000000
349 0.000000
350 0.000000
351 0.000000
352 0.000000
353 0.000000
354 0.000000
355 0.000000
356 0.000000
357 0.000000
358 0.000000
359 0.000000
360 0.000000
361 0.000000
362 0.000000
363 0.000000
364 0.000000
365 0.000000
366 0.000000
367 0.000000
368 0.000000
369 0.000000
370 0.000000
371 0.000000
372 0.000000
373 0.000000
374 0.000000
375 0.000000
376 0.000000
377 0.000000
378 0.000000
379 0.000000
380 0.000000
381 0.000000
382 0.000000
383 0.000000
384 0.000000
385 0.000000
386 0.000000
387 0.000000
388 0.000000
389 0.000000
390 0.000000
391 0.000000
392 0.000000
393 0.000000
394 0.000000
395 0.000000
396 0.000000
397 0.000000
398 0.000000
399 0.000000
400 0.000000
401 0.000000
402 0.000000
403 0.000000
404 0.000000
405 0.000000
406 0.000000
407 0.000000
408 0.000000
409 0.000000
410 0.000000
411 0.000000
412 0.000000
413 0.000000
414 0.000000
415 0.000000
416 0.000000
417 0.000000
418 0.000000
419 0.000000
420 0.000000
421 0.000000
422 0.000000
423 0.000000
424 0.000000
425 0.000000
426 0.000000
427 0.000000
428 0.000000
429 0.000000
430 0.000000
431 0.000000
432 0.000000
433 0.000000
434 0.000000
435 0.000000
436 0.000000
437 0.000000
438 0.000000
439 0.000000
440 0.000000
441 0.000000
442 0.000000
443 0.000000
444 0.000000
445 0.000000
446 0.000000
447 0.000000
448 0.000000
449 0.000000
450 0.000000
451 0.000000
452 0.000000
453 0.000000
454 0.000000
455 0.000000
456 0.000000
457 0.000000
458 0.000000
459 0.000000
460 0.000000
461 0.000000
462 0.000000
463 0.000000
464 0.000000
465 0.000000
466 0.000000
467 0.000000
468 0.000000
469 0.000000
470 0.000000
471 0.000000
472 0.000000
473 0.000000
474 0.000000
475 0.000000
476 0.000000
477 0.000000
478 0.000000
479 0.000000
480 0.000000
481 0.000000
482 0.000000
483 0.000000
484 0.000000
485 0.000000
486 0.000000
487 0.000000
488 0.000000
489 0.000000
490 0.000000
491 0.000000
492 0.000000
493 0.000000
494 0.000000
495 0.000000
496 0.000000
497 0.000000
498 0.000000
499 0.000000
500 0.000000
