1 inf
2 inf
3 inf
4 inf
5 inf
6 inf
7 inf
8 inf
9 inf
10 inf
11 inf
12 inf
13 inf
14 inf
15 inf
16 inf
17 inf
18 inf
19 inf
20 inf
21 inf
22 inf
23 inf
24 inf
25 inf
26 inf
27 inf
28 inf
29 inf
30 inf
31 inf
32 inf
33 inf
34 inf
35 inf
36 inf
37 inf
38 inf
39 inf
40 inf
41 inf
42 inf
43 inf
44 inf
45 inf
46 inf
47 inf
48 inf
49 inf
50 inf
51 inf
52 inf
53 inf
54 inf
55 inf
56 inf
57 inf
58 inf
59 inf
60 inf
61 inf
62 inf
63 inf
64 inf
65 inf
66 32010728045598870914941732646662605416060716764661373408534141778323027868582892103911874539422047285391595831447626602405596863959009499931619320065720119726505225679963536808795901209546896120991410783047500631855131218068574187059754206719671751161477612920204390063935334645760.000000
67 1732047351770801699058105321214649530048148523161209473149133449348819009801961712891012254703126072966856637203145540466262162305906120765959765498154394898888254671057059211193124873398213868804265455846272916305552081051199108123125645734143611371520.000000
68 4512399836221592202359104042079147806116045783126343475119477268904417907524772504910032814139665293890642630415937645525205774532008803653040796331240721250393429619596246720868020605377279052712473385762816.000000
69 129087866485235086674214875570468118164863120908777881507197976853992003405416376141384980759261865540126834322783318530856221159084859056517947985190730573160395874095857664.000000
70 2894218077726301636095079849017548594968880107179449335843667010241238741580793374656384278609135853288233176664491045675982799713863729152.000000
71 46590062963468518967725592389139587535541575765517168323472966793274955444090045447084732226956333439693949996367872.000000
72 2469959880725788539724203492294597630719724968289101687413404414995076979250909171506929991680.000000
73 8811444568026949803759124183197117706900283324366848.000000
74 3005467045602762240.000000
75 40434.036737
76 32757.441826
77 28644.789052
78 24706.178529
79 21182.624851
80 18649.890961
81 16753.667157
82 15168.898401
83 14036.012250
84 12614.358480
85 11677.696040
86 10495.159449
87 9726.634187
88 8789.602455
89 7898.102582
90 7312.798118
91 6586.116351
92 6015.503458
93 5505.692294
94 5003.670439
95 4642.700448
96 4336.381410
97 3905.965053
98 3672.540508
99 3377.827358
100 3159.078930
101 2887.246470
102 2684.017110
103 2452.417174
104 2283.492097
105 2072.771463
106 1954.808095
107 1800.520489
108 1658.001430
109 1532.540432
110 1400.757079
111 1287.613927
112 1214.113301
113 1114.006494
114 1009.692703
115 942.244617
116 877.935290
117 818.458117
118 759.163243
119 697.139832
120 650.705331
121 603.732417
122 565.610745
123 530.781842
124 492.173589
125 465.803584
126 432.585008
127 404.554885
128 374.916720
129 348.087858
130 321.863559
131 301.170934
132 277.788896
133 261.524219
134 245.303900
135 229.848798
136 214.089783
137 197.607562
138 185.911186
139 171.587958
140 163.755873
141 149.941130
142 141.877690
143 133.217214
144 125.523610
145 117.196395
146 110.837479
147 103.847348
148 97.133442
149 90.769466
150 85.181048
151 80.074399
152 75.051160
153 70.675277
154 66.851563
155 63.292859
156 59.314243
157 55.673589
158 51.769904
159 49.533807
160 45.573282
161 43.293789
162 40.946024
163 38.765364
164 36.017575
165 34.342382
166 32.559647
167 30.795130
168 29.222019
169 27.569984
170 25.866864
171 24.688277
172 23.192410
173 22.102498
174 20.935482
175 19.935285
176 18.740673
177 17.936643
178 16.962869
179 16.020536
180 15.211234
181 14.537034
182 13.801736
183 13.064392
184 12.443387
185 11.653605
186 11.225004
187 10.730609
188 10.185069
189 9.667520
190 9.276725
191 8.859862
192 8.363444
193 8.014346
194 7.614192
195 7.275499
196 6.984904
197 6.609151
198 6.303995
199 6.023172
200 5.716536
201 5.510540
202 5.290656
203 5.050797
204 4.873421
205 4.642265
206 4.493467
207 4.306659
208 4.148753
209 3.980203
210 3.833550
211 3.677646
212 3.522966
213 3.395892
214 3.269599
215 3.099365
216 2.976657
217 2.841060
218 2.736774
219 2.618123
220 2.535366
221 2.433825
222 2.336498
223 2.230634
224 2.151192
225 2.083584
226 2.009087
227 1.933611
228 1.862585
229 1.803081
230 1.756192
231 1.700055
232 1.634988
233 1.576923
234 1.517046
235 1.468786
236 1.416918
237 1.375393
238 1.330547
239 1.285548
240 1.244177
241 1.197019
242 1.167435
243 1.129358
244 1.091431
245 1.053759
246 1.023382
247 0.995618
248 0.967608
249 0.941909
250 0.911928
251 0.888166
252 0.861338
253 0.839459
254 0.817371
255 0.791967
256 0.774256
257 0.750757
258 0.731599
259 0.708449
260 0.686571
261 0.670455
262 0.650222
263 0.630964
264 0.618984
265 0.598434
266 0.582737
267 0.568953
268 0.553892
269 0.533861
270 0.523410
271 0.510873
272 0.496348
273 0.483918
274 0.473055
275 0.459975
276 0.448135
277 0.436210
278 0.425279
279 0.414242
280 0.403533
281 0.393492
282 0.383904
283 0.376024
284 0.367838
285 0.358942
286 0.348935
287 0.341602
288 0.333798
289 0.327374
290 0.319178
291 0.311411
292 0.303643
293 0.296736
294 0.290410
295 0.284154
296 0.278181
297 0.271770
298 0.265309
299 0.260472
300 0.254248
301 0.249963
302 0.244086
303 0.238544
304 0.232394
305 0.228646
306 0.223367
307 0.219290
308 0.214141
309 0.210191
310 0.205754
311 0.201017
312 0.197449
313 0.193902
314 0.190285
315 0.185889
316 0.182197
317 0.179293
318 0.175962
319 0.172731
320 0.169874
321 0.166919
322 0.164049
323 0.160488
324 0.158220
325 0.155711
326 0.152230
327 0.150305
328 0.147712
329 0.145341
330 0.143118
331 0.140708
332 0.138207
333 0.135951
334 0.133821
335 0.131183
336 0.129086
337 0.127333
338 0.125461
339 0.123576
340 0.122022
341 0.119821
342 0.118033
343 0.116056
344 0.114298
345 0.112530
346 0.110714
347 0.109122
348 0.107420
349 0.105804
350 0.103881
351 0.102683
352 0.101199
353 0.099825
354 0.098468
355 0.097303
356 0.095739
357 0.094505
358 0.093236
359 0.091926
360 0.090429
361 0.089318
362 0.088179
363 0.087001
364 0.086084
365 0.085018
366 0.083678
367 0.082866
368 0.081631
369 0.080801
370 0.079794
371 0.078961
372 0.078112
373 0.076990
374 0.076149
375 0.075149
376 0.074505
377 0.073370
378 0.072727
379 0.072016
380 0.071172
381 0.070326
382 0.069646
383 0.068525
384 0.068001
385 0.067299
386 0.066749
387 0.066140
388 0.065360
389 0.064768
390 0.064099
391 0.063386
392 0.062887
393 0.062253
394 0.061741
395 0.061175
396 0.060669
397 0.060103
398 0.059555
399 0.058980
400 0.058424
401 0.057954
402 0.057483
403 0.056956
404 0.056511
405 0.055990
406 0.055409
407 0.054981
408 0.054498
409 0.054138
410 0.053715
411 0.053257
412 0.052832
413 0.052398
414 0.051976
415 0.051614
416 0.051197
417 0.050767
418 0.050416
419 0.050058
420 0.049694
421 0.049381
422 0.049043
423 0.048683
424 0.048391
425 0.048037
426 0.047753
427 0.047420
428 0.047102
429 0.046721
430 0.046477
431 0.046176
432 0.045885
433 0.045642
434 0.045338
435 0.045093
436 0.044862
437 0.044568
438 0.044313
439 0.044109
440 0.043899
441 0.043660
442 0.043484
443 0.043238
444 0.043042
445 0.042833
446 0.042629
447 0.042436
448 0.042241
449 0.042009
450 0.041889
451 0.041732
452 0.041535
453 0.041374
454 0.041158
455 0.041050
456 0.040898
457 0.040744
458 0.040583
459 0.040443
460 0.040287
461 0.040161
462 0.040041
463 0.039925
464 0.039793
465 0.039626
466 0.039547
467 0.039441
468 0.039344
469 0.039252
470 0.039153
471 0.039043
472 0.038958
473 0.038875
474 0.038787
475 0.038704
476 0.038613
477 0.038547
478 0.038476
479 0.038396
480 0.038344
481 0.038282
482 0.038214
483 0.038153
484 0.038089
485 0.038037
486 0.037983
487 0.037943
488 0.037903
489 0.037860
490 0.037831
491 0.037799
492 0.037769
493 0.037744
494 0.037722
495 0.037707
496 0.037686
497 0.037676
498 0.037664
499 0.037661
500 0.037658
