1 inf
2 inf
3 inf
4 inf
5 inf
6 inf
7 inf
8 inf
9 inf
10 inf
11 inf
12 inf
13 inf
14 inf
15 inf
16 inf
17 inf
18 inf
19 inf
20 inf
21 inf
22 inf
23 inf
24 inf
25 inf
26 inf
27 inf
28 inf
29 inf
30 inf
31 inf
32 inf
33 inf
34 inf
35 inf
36 inf
37 inf
38 inf
39 inf
40 inf
41 inf
42 inf
43 inf
44 inf
45 inf
46 inf
47 inf
48 inf
49 inf
50 inf
51 inf
52 inf
53 inf
54 inf
55 inf
56 inf
57 inf
58 inf
59 inf
60 inf
61 inf
62 inf
63 inf
64 inf
65 inf
66 inf
67 inf
68 inf
69 inf
70 inf
71 inf
72 7256233617037893289113306997227900332372730495309169413346477898566986415920842971028001783537935608256180062941236008435453821437372352035270374947601836092409407045520378670482828587813817858264707120948437449303422386026189090817167017422606013865551041459500514962807395133338780408344100208640.000000
73 663678844527952172679024823877791749419515374988928599903825191038714919655860272188954840988000449291739563290476408743198269163536600413566087182243618605481610222871828411068238467575574343880542716898424993413439603071449316266381517429734179936684474368.000000
74 3428963807556263782678904631721291717340402551811804411628199734039834010809733415190241410415110060642164680119322724986222814986494789906366531161421780970248661859244012921737119641919784116126996616344367218500973702938624.000000
75 65614275833031830133227914920765172094579604158089085133016386819661856613370450235128365735653948162884092097352254955926270203021512955752236226874552670292409711354925328425328012427264.000000
76 269838476155748866145569145253348044082624197103085985736350548504142111085689723291745931891581230146469525743266715406563284347358976185130641057988644700160.000000
77 1772252767614652001659403967970349472256174894877627202431319450033138048228048556352185469400306713789503427639030400432321069056.000000
78 556016369429367324719487514327823765420365015741548260347919105984922950235949951763343470664911650029568.000000
79 45172553551094105095221379919249338101266848665545866830141194240.000000
80 89184254876119791010013811572736.000000
81 55737.945469
82 45444.002168
83 39449.414177
84 34627.608571
85 30012.924861
86 25569.884802
87 22735.801060
88 19740.020695
89 17394.116808
90 15844.944108
91 14262.396855
92 12966.553875
93 11824.772817
94 10573.220188
95 9302.010498
96 8489.533157
97 7755.525759
98 6879.121155
99 6467.251436
100 5900.562652
101 5376.700157
102 4885.253931
103 4347.062105
104 3960.343984
105 3596.504001
106 3287.706939
107 3052.338921
108 2778.476278
109 2593.040614
110 2402.313337
111 2216.007639
112 2068.829956
113 1942.958390
114 1785.502055
115 1626.792658
116 1496.407948
117 1407.782304
118 1265.557073
119 1206.304776
120 1115.989142
121 1041.357485
122 966.833656
123 895.773588
124 813.703405
125 761.344827
126 712.079904
127 669.547034
128 612.989550
129 585.610592
130 542.763734
131 507.153255
132 479.662713
133 450.509850
134 423.856414
135 397.129342
136 370.384649
137 347.613191
138 326.720637
139 302.837267
140 283.749261
141 264.484403
142 247.175117
143 230.520433
144 215.343637
145 202.374464
146 185.411537
147 173.704646
148 160.995796
149 152.616328
150 143.340186
151 133.049927
152 124.017869
153 114.785996
154 107.183760
155 100.440575
156 95.016675
157 89.588163
158 84.328344
159 78.338201
160 74.129265
161 69.158997
162 65.682304
163 61.191078
164 57.764794
165 54.764963
166 50.863619
167 47.358898
168 44.939625
169 42.917931
170 40.801988
171 38.365602
172 36.392937
173 34.737213
174 33.001504
175 31.213460
176 29.530220
177 27.554706
178 26.310290
179 24.905777
180 23.628021
181 22.172382
182 21.175571
183 20.062203
184 18.979686
185 18.140240
186 17.310204
187 16.416069
188 15.699992
189 14.816052
190 14.098447
191 13.502167
192 12.837279
193 11.909109
194 11.649981
195 11.127676
196 10.666094
197 10.230135
198 9.732995
199 9.231878
200 8.889082
201 8.535109
202 8.186293
203 7.857004
204 7.454364
205 7.089154
206 6.792426
207 6.563635
208 6.277850
209 5.975692
210 5.755553
211 5.541769
212 5.275820
213 5.068786
214 4.871487
215 4.620972
216 4.449058
217 4.288173
218 4.124226
219 3.975816
220 3.803306
221 3.675715
222 3.531444
223 3.403937
224 3.291863
225 3.183765
226 3.043359
227 2.954720
228 2.849634
229 2.743319
230 2.629269
231 2.554861
232 2.464499
233 2.383193
234 2.284384
235 2.214819
236 2.142984
237 2.079239
238 2.011547
239 1.944890
240 1.887165
241 1.830935
242 1.770851
243 1.718658
244 1.664074
245 1.611636
246 1.570087
247 1.524959
248 1.472033
249 1.430685
250 1.388073
251 1.343468
252 1.308309
253 1.269052
254 1.227292
255 1.197995
256 1.154683
257 1.126446
258 1.090363
259 1.058900
260 1.026587
261 1.002056
262 0.973608
263 0.944240
264 0.918476
265 0.896199
266 0.862981
267 0.844137
268 0.817733
269 0.798639
270 0.774220
271 0.757230
272 0.736947
273 0.720044
274 0.701845
275 0.681788
276 0.668152
277 0.651841
278 0.637282
279 0.621814
280 0.609210
281 0.592118
282 0.579157
283 0.564799
284 0.548496
285 0.532757
286 0.524060
287 0.512041
288 0.499970
289 0.488472
290 0.477952
291 0.468359
292 0.457071
293 0.449417
294 0.439131
295 0.427668
296 0.420742
297 0.410470
298 0.400736
299 0.392188
300 0.380945
301 0.373354
302 0.366989
303 0.359440
304 0.352639
305 0.344512
306 0.337963
307 0.330323
308 0.325868
309 0.318471
310 0.312466
311 0.307372
312 0.301516
313 0.294713
314 0.290361
315 0.284483
316 0.278909
317 0.274358
318 0.268787
319 0.263755
320 0.258780
321 0.254136
322 0.247763
323 0.243209
324 0.239859
325 0.235694
326 0.232048
327 0.227993
328 0.224446
329 0.220843
330 0.216838
331 0.212714
332 0.209344
333 0.205490
334 0.201798
335 0.198445
336 0.195603
337 0.192235
338 0.189379
339 0.186421
340 0.183823
341 0.180932
342 0.178532
343 0.176148
344 0.173394
345 0.170897
346 0.168389
347 0.166063
348 0.163271
349 0.160542
350 0.158334
351 0.156060
352 0.154020
353 0.151725
354 0.149725
355 0.147950
356 0.146163
357 0.144431
358 0.142404
359 0.140700
360 0.139135
361 0.137150
362 0.135283
363 0.133664
364 0.131675
365 0.130348
366 0.128810
367 0.126959
368 0.125515
369 0.123766
370 0.122853
371 0.121071
372 0.119901
373 0.118079
374 0.116864
375 0.115469
376 0.113943
377 0.112664
378 0.111138
379 0.110275
380 0.109065
381 0.107858
382 0.106942
383 0.105935
384 0.104730
385 0.103609
386 0.102460
387 0.101544
388 0.100598
389 0.099482
390 0.098593
391 0.097706
392 0.096779
393 0.095935
394 0.095068
395 0.094235
396 0.093304
397 0.092538
398 0.091626
399 0.090761
400 0.090006
401 0.089219
402 0.088447
403 0.087759
404 0.086962
405 0.086345
406 0.085607
407 0.085008
408 0.084311
409 0.083674
410 0.083061
411 0.082355
412 0.081517
413 0.080946
414 0.080418
415 0.079725
416 0.079064
417 0.078538
418 0.078006
419 0.077501
420 0.076953
421 0.076389
422 0.075793
423 0.075367
424 0.074857
425 0.074408
426 0.073851
427 0.073363
428 0.072914
429 0.072505
430 0.072046
431 0.071682
432 0.071320
433 0.070876
434 0.070532
435 0.070164
436 0.069744
437 0.069297
438 0.068966
439 0.068665
440 0.068342
441 0.067933
442 0.067565
443 0.067147
444 0.066905
445 0.066525
446 0.066227
447 0.065956
448 0.065676
449 0.065353
450 0.064979
451 0.064793
452 0.064493
453 0.064174
454 0.063898
455 0.063672
456 0.063436
457 0.063264
458 0.063040
459 0.062754
460 0.062507
461 0.062334
462 0.062082
463 0.061917
464 0.061731
465 0.061548
466 0.061304
467 0.061165
468 0.060996
469 0.060849
470 0.060683
471 0.060524
472 0.060391
473 0.060239
474 0.060088
475 0.059988
476 0.059866
477 0.059735
478 0.059625
479 0.059517
480 0.059404
481 0.059327
482 0.059236
483 0.059154
484 0.059073
485 0.059005
486 0.058916
487 0.058858
488 0.058795
489 0.058744
490 0.058681
491 0.058643
492 0.058605
493 0.058565
494 0.058526
495 0.058492
496 0.058469
497 0.058451
498 0.058434
499 0.058424
500 0.058420
