1 1491200.997505
2 1621935.666458
3 1656460.768117
4 1646770.672800
5 1754279.662400
6 1851147.210829
7 1879402.765479
8 1845459.401182
9 1854470.460751
10 1779824.066853
11 1801003.587838
12 1844146.174087
13 1691454.989140
14 1585197.115373
15 1554093.746206
16 1550177.715975
17 1508263.604960
18 1419679.700354
19 1302772.460801
20 1238655.272500
21 1045399.213374
22 1055340.630497
23 1008391.521598
24 855361.118216
25 804091.986623
26 793532.464400
27 731512.269999
28 699903.332679
29 683856.456304
30 631489.712410
31 590597.754175
32 534653.529712
33 517877.496625
34 474644.259483
35 456484.242941
36 399597.803784
37 364719.296075
38 348282.023561
39 326085.324111
40 291187.237844
41 257491.733397
42 238651.773523
43 222972.675443
44 201461.923589
45 174369.106543
46 162200.488443
47 148332.349223
48 135997.449959
49 125122.567932
50 116875.440493
51 109281.220532
52 95011.550281
53 87781.059567
54 80238.716323
55 74735.237975
56 67407.085745
57 58505.910792
58 49869.940831
59 47570.802749
60 44852.147044
61 38681.589233
62 33886.057764
63 31406.490130
64 27120.001089
65 22637.568159
66 20267.624621
67 17945.502535
68 15989.550464
69 13711.318201
70 12376.070393
71 10915.405219
72 9970.410379
73 8702.385447
74 7561.058477
75 6774.949472
76 5784.001454
77 5166.278865
78 4632.642739
79 3901.597281
80 3381.017063
81 3034.305537
82 2566.993256
83 2168.045826
84 1990.908044
85 1752.822934
86 1449.944525
87 1328.257480
88 1144.660815
89 976.727483
90 926.875348
91 821.160520
92 738.995816
93 661.669796
94 589.494064
95 525.341225
96 448.736008
97 388.742899
98 308.079840
99 281.829684
100 248.272064
101 216.599885
102 187.159385
103 165.912055
104 146.102144
105 122.340697
106 107.702179
107 90.441774
108 80.705468
109 70.695732
110 62.969010
111 56.462209
112 47.872611
113 41.899547
114 37.412780
115 33.054369
116 28.936270
117 25.648394
118 22.658604
119 19.684524
120 18.098975
121 15.706802
122 13.952569
123 12.487222
124 10.507810
125 9.225348
126 7.448124
127 6.716710
128 5.549735
129 4.564732
130 3.985181
131 3.341731
132 2.835291
133 2.548110
134 2.239718
135 1.893272
136 1.633993
137 1.448332
138 1.263608
139 1.061397
140 0.975749
141 0.831153
142 0.736418
143 0.645887
144 0.576725
145 0.498391
146 0.440142
147 0.388627
148 0.350984
149 0.314426
150 0.277779
151 0.248665
152 0.215520
153 0.181177
154 0.169313
155 0.145661
156 0.131090
157 0.117192
158 0.105966
159 0.095625
160 0.086540
161 0.074235
162 0.067632
163 0.058804
164 0.053658
165 0.046859
166 0.040980
167 0.036427
168 0.032991
169 0.028934
170 0.025458
171 0.023013
172 0.020578
173 0.018284
174 0.016447
175 0.014761
176 0.013319
177 0.010893
178 0.010310
179 0.009225
180 0.008326
181 0.007401
182 0.006752
183 0.006071
184 0.005359
185 0.004703
186 0.004171
187 0.003816
188 0.003449
189 0.003107
190 0.002698
191 0.002418
192 0.002141
193 0.001928
194 0.001752
195 0.001600
196 0.001379
197 0.001252
198 0.001130
199 0.001023
200 0.000927
201 0.000837
202 0.000756
203 0.000664
204 0.000601
205 0.000546
206 0.000502
207 0.000452
208 0.000403
209 0.000373
210 0.000333
211 0.000308
212 0.000276
213 0.000258
214 0.000227
215 0.000203
216 0.000186
217 0.000169
218 0.000151
219 0.000145
220 0.000133
221 0.000122
222 0.000112
223 0.000101
224 0.000093
225 0.000085
226 0.000077
227 0.000070
228 0.000066
229 0.000061
230 0.000055
231 0.000053
232 0.000048
233 0.000044
234 0.000040
235 0.000037
236 0.000034
237 0.000032
238 0.000029
239 0.000027
240 0.000026
241 0.000024
242 0.000023
243 0.000021
244 0.000019
245 0.000018
246 0.000017
247 0.000015
248 0.000014
249 0.000013
250 0.000012
251 0.000012
252 0.000011
253 0.000010
254 0.000010
255 0.000009
256 0.000008
257 0.000008
258 0.000007
259 0.000007
260 0.000007
261 0.000006
262 0.000006
263 0.000005
264 0.000005
265 0.000005
266 0.000005
267 0.000004
268 0.000004
269 0.000004
270 0.000003
271 0.000003
272 0.000003
273 0.000003
274 0.000003
275 0.000002
276 0.000002
277 0.000002
278 0.000002
279 0.000002
280 0.000002
281 0.000002
282 0.000002
283 0.000002
284 0.000001
285 0.000001
286 0.000001
287 0.000001
288 0.000001
289 0.000001
290 0.000001
291 0.000001
292 0.000001
293 0.000001
294 0.000001
295 0.000001
296 0.000001
297 0.000001
298 0.000001
299 0.000001
300 0.000001
301 0.000001
302 0.000001
303 0.000001
304 0.000001
305 0.000000
306 0.000000
307 0.000000
308 0.000000
309 0.000000
310 0.000000
311 0.000000
312 0.000000
313 0.000000
314 0.000000
315 0.000000
316 0.000000
317 0.000000
318 0.000000
319 0.000000
320 0.000000
321 0.000000
322 0.000000
323 0.000000
324 0.000000
325 0.000000
326 0.000000
327 0.000000
328 0.000000
329 0.000000
330 0.000000
331 0.000000
332 0.000000
333 0.000000
334 0.000000
335 0.000000
336 0.000000
337 0.000000
338 0.000000
339 0.000000
340 0.000000
341 0.000000
342 0.000000
343 0.000000
344 0.000000
345 0.000000
346 0.000000
347 0.000000
348 0.000000
349 0.000000
350 0.000000
351 0.000000
352 0.000000
353 0.000000
354 0.000000
355 0.000000
356 0.000000
357 0.000000
358 0.000000
359 0.000000
360 0.000000
361 0.000000
362 0.000000
363 0.000000
364 0.000000
365 0.000000
366 0.000000
367 0.000000
368 0.000000
369 0.000000
370 0.000000
371 0.000000
372 0.000000
373 0.000000
374 0.000000
375 0.000000
376 0.000000
377 0.000000
378 0.000000
379 0.000000
380 0.000000
381 0.000000
382 0.000000
383 0.000000
384 0.000000
385 0.000000
386 0.000000
387 0.000000
388 0.000000
389 0.000000
390 0.000000
391 0.000000
392 0.000000
393 0.000000
394 0.000000
395 0.000000
396 0.000000
397 0.000000
398 0.000000
399 0.000000
400 0.000000
401 0.000000
402 0.000000
403 0.000000
404 0.000000
405 0.000000
406 0.000000
407 0.000000
408 0.000000
409 0.000000
410 0.000000
411 0.000000
412 0.000000
413 0.000000
414 0.000000
415 0.000000
416 0.000000
417 0.000000
418 0.000000
419 0.000000
420 0.000000
421 0.000000
422 0.000000
423 0.000000
424 0.000000
425 0.000000
426 0.000000
427 0.000000
428 0.000000
429 0.000000
430 0.000000
431 0.000000
432 0.000000
433 0.000000
434 0.000000
435 0.000000
436 0.000000
437 0.000000
438 0.000000
439 0.000000
440 0.000000
441 0.000000
442 0.000000
443 0.000000
444 0.000000
445 0.000000
446 0.000000
447 0.000000
448 0.000000
449 0.000000
450 0.000000
451 0.000000
452 0.000000
453 0.000000
454 0.000000
455 0.000000
456 0.000000
457 0.000000
458 0.000000
459 0.000000
460 0.000000
461 0.000000
462 0.000000
463 0.000000
464 0.000000
465 0.000000
466 0.000000
467 0.000000
468 0.000000
469 0.000000
470 0.000000
471 0.000000
472 0.000000
473 0.000000
474 0.000000
475 0.000000
476 0.000000
477 0.000000
478 0.000000
479 0.000000
480 0.000000
481 0.000000
482 0.000000
483 0.000000
484 0.000000
485 0.000000
486 0.000000
487 0.000000
488 0.000000
489 0.000000
490 0.000000
491 0.000000
492 0.000000
493 0.000000
494 0.000000
495 0.000000
496 0.000000
497 0.000000
498 0.000000
499 0.000000
500 0.000000
