1 1514964.310645
2 1511795.542827
3 1649604.074318
4 1804366.473722
5 1773205.621258
6 1864301.394503
7 2205580.883714
8 3253332.430050
9 4541225.976385
10 4539883.394640
11 3775755.227504
12 4692002.428089
13 3853215.273305
14 4681068.494224
15 3498038.329626
16 3141098.999480
17 3749010.587829
18 3383976.688657
19 4648020.362101
20 4792930.474276
21 5659648.295361
22 6286209.797698
23 5191830.240740
24 6932107.903687
25 7135575.935396
26 6288734.603578
27 6898088.746371
28 8502990.152947
29 7987379.481215
30 9540451.205055
31 10439352.637744
32 7178079.138873
33 9363933.307609
34 7257693.432147
35 8035103.541283
36 7595702.637062
37 6858725.876767
38 7375740.108432
39 7203900.300638
40 8507112.643477
41 6948123.775524
42 7938883.179027
43 8488323.882427
44 8508499.754098
45 7931979.380201
46 8407175.000456
47 7812383.701834
48 6335391.057101
49 6295096.030948
50 6196495.466101
51 5763134.195323
52 5205710.171791
53 5450283.200250
54 5481358.152046
55 4788542.090314
56 4287067.743654
57 3629048.542658
58 3923137.357485
59 3908633.683237
60 4398593.737517
61 4920446.265022
62 4333411.102154
63 4150487.905874
64 4402734.980053
65 4289135.395010
66 3916875.995715
67 4134550.508824
68 4334686.542959
69 5378931.084958
70 5750505.781489
71 4331403.707091
72 4168339.081850
73 3866376.514061
74 3744991.078295
75 3236695.601874
76 3677909.467883
77 3391711.449915
78 3103754.860977
79 2570691.259318
80 2505960.915117
81 2588421.268120
82 2359546.012731
83 2225941.096883
84 2010911.318773
85 1846443.502829
86 1794772.538246
87 1670667.759375
88 1439001.653361
89 1432768.813190
90 1079808.163965
91 881011.380894
92 670452.705319
93 572114.425224
94 567780.825200
95 446903.737937
96 368575.821362
97 346200.942208
98 317157.107830
99 301713.032948
100 311243.297946
101 305096.841360
102 335984.622163
103 335693.048965
104 316442.703648
105 296325.390323
106 282729.943756
107 268634.799644
108 237684.578226
109 216793.677392
110 194317.714739
111 156379.183103
112 127462.633426
113 103204.503076
114 97381.946305
115 85195.083338
116 82596.132990
117 56967.647085
118 51904.525000
119 41143.323687
120 36268.092518
121 25687.079478
122 18724.351903
123 16363.793214
124 14394.777603
125 13180.533330
126 12099.738998
127 10372.306279
128 9098.404248
129 7872.459065
130 6571.384194
131 4979.277852
132 4874.612377
133 4471.753510
134 4180.168897
135 3544.730948
136 3162.995718
137 3000.649435
138 2580.077884
139 2032.232204
140 1762.905045
141 1575.574153
142 1480.151935
143 1422.979097
144 1274.170215
145 1048.286100
146 925.742171
147 843.163572
148 743.721307
149 606.486608
150 544.655951
151 469.593737
152 367.217820
153 318.414286
154 275.227817
155 250.517721
156 216.468944
157 201.551418
158 155.632896
159 121.616060
160 103.649984
161 88.503224
162 73.101957
163 59.586033
164 51.257576
165 42.944606
166 36.222254
167 29.418874
168 20.959432
169 16.928755
170 13.682434
171 9.822850
172 8.500064
173 6.591704
174 5.630254
175 4.146157
176 3.124295
177 2.642176
178 2.042734
179 1.779573
180 1.556464
181 1.325225
182 1.140427
183 0.815638
184 0.692807
185 0.610277
186 0.488799
187 0.365740
188 0.296720
189 0.256247
190 0.188656
191 0.148878
192 0.111488
193 0.085058
194 0.062387
195 0.050409
196 0.037641
197 0.028189
198 0.021810
199 0.015673
200 0.012140
201 0.009616
202 0.008078
203 0.005936
204 0.004774
205 0.003474
206 0.002638
207 0.002104
208 0.001619
209 0.001338
210 0.001023
211 0.000809
212 0.000585
213 0.000447
214 0.000311
215 0.000226
216 0.000164
217 0.000126
218 0.000096
219 0.000071
220 0.000051
221 0.000039
222 0.000030
223 0.000022
224 0.000017
225 0.000013
226 0.000010
227 0.000008
228 0.000006
229 0.000005
230 0.000004
231 0.000003
232 0.000002
233 0.000001
234 0.000001
235 0.000001
236 0.000001
237 0.000000
238 0.000000
239 0.000000
240 0.000000
241 0.000000
242 0.000000
243 0.000000
244 0.000000
245 0.000000
246 0.000000
247 0.000000
248 0.000000
249 0.000000
250 0.000000
251 0.000000
252 0.000000
253 0.000000
254 0.000000
255 0.000000
256 0.000000
257 0.000000
258 0.000000
259 0.000000
260 0.000000
261 0.000000
262 0.000000
263 0.000000
264 0.000000
265 0.000000
266 0.000000
267 0.000000
268 0.000000
269 0.000000
270 0.000000
271 0.000000
272 0.000000
273 0.000000
274 0.000000
275 0.000000
276 0.000000
277 0.000000
278 0.000000
279 0.000000
280 0.000000
281 0.000000
282 0.000000
283 0.000000
284 0.000000
285 0.000000
286 0.000000
287 0.000000
288 0.000000
289 0.000000
290 0.000000
291 0.000000
292 0.000000
293 0.000000
294 0.000000
295 0.000000
296 0.000000
297 0.000000
298 0.000000
299 0.000000
300 0.000000
301 0.000000
302 0.000000
303 0.000000
304 0.000000
305 0.000000
306 0.000000
307 0.000000
308 0.000000
309 0.000000
310 0.000000
311 0.000000
312 0.000000
313 0.000000
314 0.000000
315 0.000000
316 0.000000
317 0.000000
318 0.000000
319 0.000000
320 0.000000
321 0.000000
322 0.000000
323 0.000000
324 0.000000
325 0.000000
326 0.000000
327 0.000000
328 0.000000
329 0.000000
330 0.000000
331 0.000000
332 0.000000
333 0.000000
334 0.000000
335 0.000000
336 0.000000
337 0.000000
338 0.000000
339 0.000000
340 0.000000
341 0.000000
342 0.000000
343 0.000000
344 0.000000
345 0.000000
346 0.000000
347 0.000000
348 0.000000
349 0.000000
350 0.000000
351 0.000000
352 0.000000
353 0.000000
354 0.000000
355 0.000000
356 0.000000
357 0.000000
358 0.000000
359 0.000000
360 0.000000
361 0.000000
362 0.000000
363 0.000000
364 0.000000
365 0.000000
366 0.000000
367 0.000000
368 0.000000
369 0.000000
370 0.000000
371 0.000000
372 0.000000
373 0.000000
374 0.000000
375 0.000000
376 0.000000
377 0.000000
378 0.000000
379 0.000000
380 0.000000
381 0.000000
382 0.000000
383 0.000000
384 0.000000
385 0.000000
386 0.000000
387 0.000000
388 0.000000
389 0.000000
390 0.000000
391 0.000000
392 0.000000
393 0.000000
394 0.000000
395 0.000000
396 0.000000
397 0.000000
398 0.000000
399 0.000000
400 0.000000
401 0.000000
402 0.000000
403 0.000000
404 0.000000
405 0.000000
406 0.000000
407 0.000000
408 0.000000
409 0.000000
410 0.000000
411 0.000000
412 0.000000
413 0.000000
414 0.000000
415 0.000000
416 0.000000
417 0.000000
418 0.000000
419 0.000000
420 0.000000
421 0.000000
422 0.000000
423 0.000000
424 0.000000
425 0.000000
426 0.000000
427 0.000000
428 0.000000
429 0.000000
430 0.000000
431 0.000000
432 0.000000
433 0.000000
434 0.000000
435 0.000000
436 0.000000
437 0.000000
438 0.000000
439 0.000000
440 0.000000
441 0.000000
442 0.000000
443 0.000000
444 0.000000
445 0.000000
446 0.000000
447 0.000000
448 0.000000
449 0.000000
450 0.000000
451 0.000000
452 0.000000
453 0.000000
454 0.000000
455 0.000000
456 0.000000
457 0.000000
458 0.000000
459 0.000000
460 0.000000
461 0.000000
462 0.000000
463 0.000000
464 0.000000
465 0.000000
466 0.000000
467 0.000000
468 0.000000
469 0.000000
470 0.000000
471 0.000000
472 0.000000
473 0.000000
474 0.000000
475 0.000000
476 0.000000
477 0.000000
478 0.000000
479 0.000000
480 0.000000
481 0.000000
482 0.000000
483 0.000000
484 0.000000
485 0.000000
486 0.000000
487 0.000000
488 0.000000
489 0.000000
490 0.000000
491 0.000000
492 0.000000
493 0.000000
494 0.000000
495 0.000000
496 0.000000
497 0.000000
498 0.000000
499 0.000000
500 0.000000
