1 1500027.487395
2 1486809.276794
3 1726838.075242
4 1861840.844435
5 1847981.398498
6 1860677.055751
7 1838456.904515
8 1919055.977316
9 1849387.449010
10 1781306.655752
11 1786023.301120
12 1748115.529474
13 1727160.007655
14 1611295.332195
15 1566553.765212
16 1567354.917646
17 1511530.330321
18 1415076.087586
19 1322979.595528
20 1239891.083373
21 1156097.467326
22 1112056.106781
23 1069775.596674
24 964170.992551
25 909686.135273
26 878571.311832
27 849731.859425
28 806270.848396
29 738548.847627
30 684803.091849
31 635148.126120
32 624613.335720
33 576939.069048
34 549300.910253
35 508680.456322
36 481203.091670
37 430468.182213
38 398812.950579
39 367485.850255
40 330895.520815
41 294381.638806
42 239443.302407
43 222640.851800
44 216462.805315
45 196244.658045
46 181197.627474
47 168296.881971
48 157935.467514
49 132379.401187
50 123356.654732
51 110263.522044
52 98011.482185
53 86948.363786
54 81374.606125
55 74622.032892
56 67880.498595
57 60132.128914
58 53027.934237
59 45907.276438
60 43802.935370
61 39797.210462
62 35925.848985
63 32334.245001
64 28412.194322
65 25235.716997
66 22341.420765
67 20039.443348
68 16273.170189
69 15295.534114
70 12697.868599
71 11406.625347
72 10374.218691
73 9268.574765
74 7932.273607
75 7043.294366
76 6217.502012
77 5473.390883
78 4803.997537
79 4306.613779
80 3738.902916
81 3201.342508
82 2943.119670
83 2626.910640
84 2259.431928
85 1970.495633
86 1768.748768
87 1517.986146
88 1353.097305
89 1155.379055
90 1017.609993
91 892.286142
92 792.508581
93 674.612675
94 587.047915
95 489.987690
96 436.601350
97 390.982765
98 345.606132
99 285.760438
100 249.864256
101 212.533740
102 188.056537
103 156.339454
104 144.418253
105 120.911837
106 103.269432
107 89.442922
108 78.941929
109 68.324073
110 58.606399
111 50.974704
112 45.112368
113 39.017378
114 34.364223
115 30.460570
116 26.943755
117 23.218757
118 20.454838
119 17.485450
120 15.852004
121 13.476268
122 11.776105
123 10.318616
124 9.036126
125 7.915780
126 6.451945
127 5.660107
128 4.899733
129 4.288143
130 3.805964
131 3.281627
132 2.916276
133 2.560468
134 2.228864
135 1.965295
136 1.659671
137 1.434690
138 1.268064
139 1.036371
140 0.958144
141 0.809027
142 0.724046
143 0.590167
144 0.537015
145 0.481582
146 0.405389
147 0.366447
148 0.328428
149 0.294879
150 0.258733
151 0.225502
152 0.203701
153 0.173641
154 0.157514
155 0.144462
156 0.126565
157 0.114680
158 0.095739
159 0.081771
160 0.071349
161 0.064350
162 0.058254
163 0.051245
164 0.045668
165 0.041462
166 0.036841
167 0.033343
168 0.028920
169 0.026598
170 0.023559
171 0.021288
172 0.019124
173 0.017011
174 0.015597
175 0.013978
176 0.012719
177 0.011149
178 0.009782
179 0.008933
180 0.008028
181 0.006990
182 0.006231
183 0.005494
184 0.005007
185 0.004493
186 0.003986
187 0.003554
188 0.003212
189 0.002875
190 0.002610
191 0.002323
192 0.002124
193 0.001943
194 0.001735
195 0.001603
196 0.001431
197 0.001284
198 0.001183
199 0.001096
200 0.000988
201 0.000895
202 0.000806
203 0.000741
204 0.000680
205 0.000628
206 0.000580
207 0.000524
208 0.000481
209 0.000426
210 0.000395
211 0.000352
212 0.000322
213 0.000297
214 0.000269
215 0.000252
216 0.000231
217 0.000208
218 0.000192
219 0.000176
220 0.000164
221 0.000150
222 0.000141
223 0.000125
224 0.000116
225 0.000108
226 0.000100
227 0.000092
228 0.000083
229 0.000079
230 0.000072
231 0.000066
232 0.000062
233 0.000058
234 0.000053
235 0.000049
236 0.000046
237 0.000043
238 0.000039
239 0.000036
240 0.000034
241 0.000032
242 0.000029
243 0.000027
244 0.000025
245 0.000023
246 0.000022
247 0.000020
248 0.000019
249 0.000018
250 0.000016
251 0.000015
252 0.000014
253 0.000013
254 0.000012
255 0.000012
256 0.000011
257 0.000010
258 0.000009
259 0.000009
260 0.000008
261 0.000008
262 0.000007
263 0.000007
264 0.000006
265 0.000006
266 0.000006
267 0.000005
268 0.000005
269 0.000005
270 0.000004
271 0.000004
272 0.000004
273 0.000004
274 0.000003
275 0.000003
276 0.000003
277 0.000003
278 0.000003
279 0.000003
280 0.000002
281 0.000002
282 0.000002
283 0.000002
284 0.000002
285 0.000002
286 0.000002
287 0.000002
288 0.000002
289 0.000001
290 0.000001
291 0.000001
292 0.000001
293 0.000001
294 0.000001
295 0.000001
296 0.000001
297 0.000001
298 0.000001
299 0.000001
300 0.000001
301 0.000001
302 0.000001
303 0.000001
304 0.000001
305 0.000001
306 0.000001
307 0.000001
308 0.000001
309 0.000001
310 0.000001
311 0.000000
312 0.000000
313 0.000000
314 0.000000
315 0.000000
316 0.000000
317 0.000000
318 0.000000
319 0.000000
320 0.000000
321 0.000000
322 0.000000
323 0.000000
324 0.000000
325 0.000000
326 0.000000
327 0.000000
328 0.000000
329 0.000000
330 0.000000
331 0.000000
332 0.000000
333 0.000000
334 0.000000
335 0.000000
336 0.000000
337 0.000000
338 0.000000
339 0.000000
340 0.000000
341 0.000000
342 0.000000
343 0.000000
344 0.000000
345 0.000000
346 0.000000
347 0.000000
348 0.000000
349 0.000000
350 0.000000
351 0.000000
352 0.000000
353 0.000000
354 0.000000
355 0.000000
356 0.000000
357 0.000000
358 0.000000
359 0.000000
360 0.000000
361 0.000000
362 0.000000
363 0.000000
364 0.000000
365 0.000000
366 0.000000
367 0.000000
368 0.000000
369 0.000000
370 0.000000
371 0.000000
372 0.000000
373 0.000000
374 0.000000
375 0.000000
376 0.000000
377 0.000000
378 0.000000
379 0.000000
380 0.000000
381 0.000000
382 0.000000
383 0.000000
384 0.000000
385 0.000000
386 0.000000
387 0.000000
388 0.000000
389 0.000000
390 0.000000
391 0.000000
392 0.000000
393 0.000000
394 0.000000
395 0.000000
396 0.000000
397 0.000000
398 0.000000
399 0.000000
400 0.000000
401 0.000000
402 0.000000
403 0.000000
404 0.000000
405 0.000000
406 0.000000
407 0.000000
408 0.000000
409 0.000000
410 0.000000
411 0.000000
412 0.000000
413 0.000000
414 0.000000
415 0.000000
416 0.000000
417 0.000000
418 0.000000
419 0.000000
420 0.000000
421 0.000000
422 0.000000
423 0.000000
424 0.000000
425 0.000000
426 0.000000
427 0.000000
428 0.000000
429 0.000000
430 0.000000
431 0.000000
432 0.000000
433 0.000000
434 0.000000
435 0.000000
436 0.000000
437 0.000000
438 0.000000
439 0.000000
440 0.000000
441 0.000000
442 0.000000
443 0.000000
444 0.000000
445 0.000000
446 0.000000
447 0.000000
448 0.000000
449 0.000000
450 0.000000
451 0.000000
452 0.000000
453 0.000000
454 0.000000
455 0.000000
456 0.000000
457 0.000000
458 0.000000
459 0.000000
460 0.000000
461 0.000000
462 0.000000
463 0.000000
464 0.000000
465 0.000000
466 0.000000
467 0.000000
468 0.000000
469 0.000000
470 0.000000
471 0.000000
472 0.000000
473 0.000000
474 0.000000
475 0.000000
476 0.000000
477 0.000000
478 0.000000
479 0.000000
480 0.000000
481 0.000000
482 0.000000
483 0.000000
484 0.000000
485 0.000000
486 0.000000
487 0.000000
488 0.000000
489 0.000000
490 0.000000
491 0.000000
492 0.000000
493 0.000000
494 0.000000
495 0.000000
496 0.000000
497 0.000000
498 0.000000
499 0.000000
500 0.000000
