1 inf
2 inf
3 inf
4 inf
5 inf
6 inf
7 inf
8 inf
9 inf
10 inf
11 inf
12 1368626299688137677605471944033458435381889178626998043297351930329058025889555390070082437830702476524059236285550140887735682360651064636375814158146342250550310044934017135888945991721926228583434536928098326905692380847379963995102291174087863753933612110276053984001537242824704.000000
13 204618348883424441977056558830579763324163277079253598889219157674236781238857222024936965637234171892976456559088262080208754306925853242687329991715527997043879676711911710996761149440.000000
14 580221207802487155762544919670792739556317651435918589152511340921963905895022538147888103424.000000
15 16387.034070
16 13772.250505
17 12552.061984
18 12117.688259
19 11628.571422
20 9801.336575
21 9667.912709
22 9456.225297
23 10109.182706
24 8163.168401
25 7342.772911
26 5409.052973
27 5948.964690
28 4341.555929
29 4120.665066
30 3984.569998
31 3192.325708
32 2347.223331
33 2173.702534
34 2088.963725
35 1742.589383
36 1759.231773
37 1512.767814
38 1548.130960
39 1377.836957
40 1192.981635
41 901.767640
42 725.811794
43 573.830934
44 506.192035
45 362.902845
46 314.352156
47 281.785508
48 271.112582
49 208.144539
50 196.442836
51 212.125958
52 154.462689
53 138.651439
54 99.570808
55 86.531949
56 76.006541
57 50.454465
58 44.898080
59 38.835982
60 29.780440
61 28.140451
62 23.306384
63 16.419506
64 12.472391
65 12.672896
66 12.102961
67 9.878502
68 9.070273
69 7.360545
70 6.073719
71 4.913377
72 3.825219
73 3.323155
74 2.743082
75 2.083998
76 1.487709
77 1.166837
78 0.881300
79 0.817461
80 0.714670
81 0.628618
82 0.554271
83 0.421322
84 0.385975
85 0.334014
86 0.256064
87 0.249782
88 0.193635
89 0.148613
90 0.107708
91 0.082816
92 0.055751
93 0.046092
94 0.041254
95 0.033857
96 0.025681
97 0.016926
98 0.014316
99 0.012928
100 0.009510
101 0.008974
102 0.007414
103 0.006038
104 0.004867
105 0.003329
106 0.002848
107 0.002336
108 0.001978
109 0.001541
110 0.001176
111 0.000980
112 0.000876
113 0.000792
114 0.000638
115 0.000597
116 0.000507
117 0.000435
118 0.000361
119 0.000282
120 0.000243
121 0.000188
122 0.000161
123 0.000136
124 0.000105
125 0.000088
126 0.000064
127 0.000052
128 0.000040
129 0.000031
130 0.000023
131 0.000020
132 0.000018
133 0.000016
134 0.000014
135 0.000012
136 0.000010
137 0.000008
138 0.000006
139 0.000005
140 0.000004
141 0.000003
142 0.000003
143 0.000003
144 0.000002
145 0.000002
146 0.000001
147 0.000001
148 0.000001
149 0.000001
150 0.000001
151 0.000000
152 0.000000
153 0.000000
154 0.000000
155 0.000000
156 0.000000
157 0.000000
158 0.000000
159 0.000000
160 0.000000
161 0.000000
162 0.000000
163 0.000000
164 0.000000
165 0.000000
166 0.000000
167 0.000000
168 0.000000
169 0.000000
170 0.000000
171 0.000000
172 0.000000
173 0.000000
174 0.000000
175 0.000000
176 0.000000
177 0.000000
178 0.000000
179 0.000000
180 0.000000
181 0.000000
182 0.000000
183 0.000000
184 0.000000
185 0.000000
186 0.000000
187 0.000000
188 0.000000
189 0.000000
190 0.000000
191 0.000000
192 0.000000
193 0.000000
194 0.000000
195 0.000000
196 0.000000
197 0.000000
198 0.000000
199 0.000000
200 0.000000
201 0.000000
202 0.000000
203 0.000000
204 0.000000
205 0.000000
206 0.000000
207 0.000000
208 0.000000
209 0.000000
210 0.000000
211 0.000000
212 0.000000
213 0.000000
214 0.000000
215 0.000000
216 0.000000
217 0.000000
218 0.000000
219 0.000000
220 0.000000
221 0.000000
222 0.000000
223 0.000000
224 0.000000
225 0.000000
226 0.000000
227 0.000000
228 0.000000
229 0.000000
230 0.000000
231 0.000000
232 0.000000
233 0.000000
234 0.000000
235 0.000000
236 0.000000
237 0.000000
238 0.000000
239 0.000000
240 0.000000
241 0.000000
242 0.000000
243 0.000000
244 0.000000
245 0.000000
246 0.000000
247 0.000000
248 0.000000
249 0.000000
250 0.000000
251 0.000000
252 0.000000
253 0.000000
254 0.000000
255 0.000000
256 0.000000
257 0.000000
258 0.000000
259 0.000000
260 0.000000
261 0.000000
262 0.000000
263 0.000000
264 0.000000
265 0.000000
266 0.000000
267 0.000000
268 0.000000
269 0.000000
270 0.000000
271 0.000000
272 0.000000
273 0.000000
274 0.000000
275 0.000000
276 0.000000
277 0.000000
278 0.000000
279 0.000000
280 0.000000
281 0.000000
282 0.000000
283 0.000000
284 0.000000
285 0.000000
286 0.000000
287 0.000000
288 0.000000
289 0.000000
290 0.000000
291 0.000000
292 0.000000
293 0.000000
294 0.000000
295 0.000000
296 0.000000
297 0.000000
298 0.000000
299 0.000000
300 0.000000
301 0.000000
302 0.000000
303 0.000000
304 0.000000
305 0.000000
306 0.000000
307 0.000000
308 0.000000
309 0.000000
310 0.000000
311 0.000000
312 0.000000
313 0.000000
314 0.000000
315 0.000000
316 0.000000
317 0.000000
318 0.000000
319 0.000000
320 0.000000
321 0.000000
322 0.000000
323 0.000000
324 0.000000
325 0.000000
326 0.000000
327 0.000000
328 0.000000
329 0.000000
330 0.000000
331 0.000000
332 0.000000
333 0.000000
334 0.000000
335 0.000000
336 0.000000
337 0.000000
338 0.000000
339 0.000000
340 0.000000
341 0.000000
342 0.000000
343 0.000000
344 0.000000
345 0.000000
346 0.000000
347 0.000000
348 0.000000
349 0.000000
350 0.000000
351 0.000000
352 0.000000
353 0.000000
354 0.000000
355 0.000000
356 0.000000
357 0.000000
358 0.000000
359 0.000000
360 0.000000
361 0.000000
362 0.000000
363 0.000000
364 0.000000
365 0.000000
366 0.000000
367 0.000000
368 0.000000
369 0.000000
370 0.000000
371 0.000000
372 0.000000
373 0.000000
374 0.000000
375 0.000000
376 0.000000
377 0.000000
378 0.000000
379 0.000000
380 0.000000
381 0.000000
382 0.000000
383 0.000000
384 0.000000
385 0.000000
386 0.000000
387 0.000000
388 0.000000
389 0.000000
390 0.000000
391 0.000000
392 0.000000
393 0.000000
394 0.000000
395 0.000000
396 0.000000
397 0.000000
398 0.000000
399 0.000000
400 0.000000
401 0.000000
402 0.000000
403 0.000000
404 0.000000
405 0.000000
406 0.000000
407 0.000000
408 0.000000
409 0.000000
410 0.000000
411 0.000000
412 0.000000
413 0.000000
414 0.000000
415 0.000000
416 0.000000
417 0.000000
418 0.000000
419 0.000000
420 0.000000
421 0.000000
422 0.000000
423 0.000000
424 0.000000
425 0.000000
426 0.000000
427 0.000000
428 0.000000
429 0.000000
430 0.000000
431 0.000000
432 0.000000
433 0.000000
434 0.000000
435 0.000000
436 0.000000
437 0.000000
438 0.000000
439 0.000000
440 0.000000
441 0.000000
442 0.000000
443 0.000000
444 0.000000
445 0.000000
446 0.000000
447 0.000000
448 0.000000
449 0.000000
450 0.000000
451 0.000000
452 0.000000
453 0.000000
454 0.000000
455 0.000000
456 0.000000
457 0.000000
458 0.000000
459 0.000000
460 0.000000
461 0.000000
462 0.000000
463 0.000000
464 0.000000
465 0.000000
466 0.000000
467 0.000000
468 0.000000
469 0.000000
470 0.000000
471 0.000000
472 0.000000
473 0.000000
474 0.000000
475 0.000000
476 0.000000
477 0.000000
478 0.000000
479 0.000000
480 0.000000
481 0.000000
482 0.000000
483 0.000000
484 0.000000
485 0.000000
486 0.000000
487 0.000000
488 0.000000
489 0.000000
490 0.000000
491 0.000000
492 0.000000
493 0.000000
494 0.000000
495 0.000000
496 0.000000
497 0.000000
498 0.000000
499 0.000000
500 0.000000
