1 inf
2 inf
3 inf
4 inf
5 inf
6 inf
7 inf
8 inf
9 inf
10 inf
11 inf
12 inf
13 inf
14 inf
15 inf
16 inf
17 inf
18 inf
19 inf
20 inf
21 inf
22 inf
23 inf
24 inf
25 inf
26 inf
27 inf
28 inf
29 inf
30 inf
31 inf
32 inf
33 inf
34 inf
35 inf
36 inf
37 inf
38 inf
39 inf
40 inf
41 inf
42 inf
43 inf
44 inf
45 inf
46 inf
47 inf
48 inf
49 inf
50 inf
51 inf
52 inf
53 inf
54 inf
55 inf
56 inf
57 inf
58 inf
59 inf
60 inf
61 inf
62 inf
63 inf
64 inf
65 6185002146809855887963287310287273572098203751645132873724238590735943579582870102155345104454175513785591952538101216139297322105639204298938260532719756067251581586463408891479503288649929337385804850566779760659834019471200687404864226377124500091124569583032076188155706256792630591488.000000
66 71416697018738544222059407985129415674251755411369615388590822170958830269979565215155590984239761359723884500126824283937099338587163152154605633332051230821118100234949987914729923235056780429269470172862778815567031873819211333027495082698815711125904171863305122480128.000000
67 118573791787368641052649964818285215587428237138580032351982167682109814097091280537207941389796659482247757703887446400231235060198356631316295183562830708279411187320168570881683338137512845000835898238922863900404616537802057803890688.000000
68 27720361449596114471083711760673010572392095784834688373236917046064958962600027063884881459417076776034917700893843175808514765502518029631002908968939500508071654664939120969430029641634021376.000000
69 662582567178761049756308462401589213163540853865659456616315089120043032367562716181250288685811430419238425496559814041118644499441002311284249784745984.000000
70 1536203050544635441547075076506007448438067402025850349446406111788057607270124204691754822795152030095219097600.000000
71 5737076151398924183137809376095048176136403503388555239364525928115863552.000000
72 112893326068010401609979243780286447616.000000
73 76372.106275
74 61248.633808
75 54848.002121
76 47063.507984
77 41422.942794
78 34207.187795
79 31378.800047
80 27140.055696
81 25221.543341
82 23874.456791
83 21396.897440
84 20155.809648
85 18892.125941
86 18397.367690
87 16295.429965
88 15963.004992
89 15250.874281
90 14583.793376
91 13635.578199
92 12341.969606
93 11511.697855
94 10448.864220
95 9959.382273
96 9456.100162
97 8820.536236
98 8455.474630
99 8103.020963
100 7709.712754
101 7223.323327
102 6753.670859
103 6347.945014
104 5814.343342
105 5439.722030
106 5099.245503
107 4869.825672
108 4436.854702
109 4183.878068
110 3939.847391
111 3559.173884
112 3235.756979
113 2976.336522
114 2799.848021
115 2572.592227
116 2457.600727
117 2269.130611
118 2128.850400
119 1954.614771
120 1864.756726
121 1709.361964
122 1586.766265
123 1465.033376
124 1401.226023
125 1353.514818
126 1269.419029
127 1219.480561
128 1119.597731
129 1052.210224
130 1004.962647
131 946.782258
132 888.184022
133 838.089641
134 786.674427
135 725.437542
136 687.566808
137 649.499213
138 611.640376
139 577.586895
140 544.844317
141 507.255714
142 470.023957
143 450.194805
144 434.466203
145 400.849700
146 372.422167
147 354.667423
148 323.756512
149 302.392514
150 281.413988
151 266.207741
152 249.220208
153 230.262646
154 213.946918
155 197.240704
156 181.692432
157 169.730519
158 157.296055
159 149.007911
160 139.700614
161 133.287877
162 123.699669
163 118.898084
164 112.480459
165 105.538804
166 100.208685
167 93.484837
168 87.853953
169 83.211650
170 79.790365
171 76.170934
172 71.412057
173 66.672950
174 62.178871
175 58.654052
176 55.905884
177 53.088656
178 51.048477
179 48.788353
180 46.419049
181 43.321320
182 40.917973
183 39.177799
184 37.383157
185 35.487899
186 33.572951
187 31.844225
188 29.903257
189 28.144788
190 26.346498
191 24.807262
192 23.755221
193 22.615050
194 20.957297
195 20.115411
196 19.243600
197 18.476944
198 17.514935
199 16.625398
200 15.878851
201 15.082698
202 14.388676
203 13.517057
204 12.826360
205 12.263009
206 11.623599
207 10.989068
208 10.589799
209 10.160676
210 9.642363
211 9.289311
212 8.911780
213 8.452281
214 8.030383
215 7.607544
216 7.241504
217 6.890081
218 6.520756
219 6.288502
220 6.020983
221 5.659736
222 5.448451
223 5.155520
224 4.957252
225 4.726649
226 4.469123
227 4.311997
228 4.117198
229 3.883569
230 3.734034
231 3.580780
232 3.424898
233 3.284126
234 3.175419
235 3.020511
236 2.906268
237 2.798863
238 2.664879
239 2.556765
240 2.458640
241 2.365872
242 2.274372
243 2.201333
244 2.107575
245 2.011972
246 1.902271
247 1.867113
248 1.787476
249 1.713678
250 1.654307
251 1.595947
252 1.549134
253 1.490062
254 1.423607
255 1.375870
256 1.339704
257 1.296842
258 1.257633
259 1.213096
260 1.164277
261 1.118080
262 1.092939
263 1.056611
264 1.019935
265 0.990758
266 0.948934
267 0.920945
268 0.887807
269 0.856680
270 0.828667
271 0.798507
272 0.770000
273 0.737448
274 0.714868
275 0.698439
276 0.679157
277 0.657424
278 0.635409
279 0.613457
280 0.580925
281 0.563149
282 0.544440
283 0.531729
284 0.509712
285 0.500491
286 0.489740
287 0.477129
288 0.463807
289 0.452610
290 0.439718
291 0.426168
292 0.412255
293 0.399353
294 0.388949
295 0.377822
296 0.366793
297 0.357546
298 0.348904
299 0.340810
300 0.330816
301 0.323552
302 0.316690
303 0.307374
304 0.300009
305 0.290415
306 0.284494
307 0.276450
308 0.269710
309 0.263949
310 0.256467
311 0.251629
312 0.244733
313 0.238364
314 0.231890
315 0.226796
316 0.221407
317 0.216442
318 0.211149
319 0.206989
320 0.200187
321 0.195911
322 0.191971
323 0.184899
324 0.179998
325 0.175502
326 0.171552
327 0.167799
328 0.162840
329 0.159237
330 0.155522
331 0.152036
332 0.148429
333 0.145462
334 0.142428
335 0.139127
336 0.136647
337 0.133721
338 0.131220
339 0.129042
340 0.126657
341 0.124151
342 0.121863
343 0.119746
344 0.117278
345 0.115162
346 0.112947
347 0.111428
348 0.109362
349 0.107293
350 0.105237
351 0.103500
352 0.101894
353 0.100304
354 0.098662
355 0.097428
356 0.095781
357 0.094179
358 0.092339
359 0.090784
360 0.089310
361 0.088220
362 0.086994
363 0.085844
364 0.084598
365 0.083312
366 0.082109
367 0.081063
368 0.079605
369 0.078601
370 0.077682
371 0.076585
372 0.075407
373 0.074317
374 0.073254
375 0.072411
376 0.071664
377 0.070748
378 0.069917
379 0.068942
380 0.068006
381 0.067320
382 0.066524
383 0.065793
384 0.065162
385 0.064320
386 0.063658
387 0.062775
388 0.062133
389 0.061363
390 0.060846
391 0.060149
392 0.059562
393 0.058913
394 0.058351
395 0.057769
396 0.057254
397 0.056659
398 0.056239
399 0.055677
400 0.055220
401 0.054720
402 0.054110
403 0.053667
404 0.053141
405 0.052656
406 0.052124
407 0.051744
408 0.051366
409 0.051011
410 0.050536
411 0.050034
412 0.049525
413 0.049189
414 0.048791
415 0.048332
416 0.048007
417 0.047588
418 0.047192
419 0.046789
420 0.046430
421 0.046019
422 0.045654
423 0.045237
424 0.044923
425 0.044571
426 0.044237
427 0.043889
428 0.043528
429 0.043276
430 0.042948
431 0.042667
432 0.042453
433 0.042274
434 0.042000
435 0.041764
436 0.041527
437 0.041316
438 0.040998
439 0.040777
440 0.040554
441 0.040335
442 0.040116
443 0.039938
444 0.039704
445 0.039508
446 0.039325
447 0.039119
448 0.038886
449 0.038669
450 0.038494
451 0.038320
452 0.038154
453 0.037999
454 0.037861
455 0.037690
456 0.037546
457 0.037357
458 0.037226
459 0.037071
460 0.036959
461 0.036830
462 0.036704
463 0.036578
464 0.036455
465 0.036333
466 0.036246
467 0.036134
468 0.036038
469 0.035935
470 0.035852
471 0.035755
472 0.035674
473 0.035546
474 0.035454
475 0.035368
476 0.035273
477 0.035202
478 0.035118
479 0.035053
480 0.035015
481 0.034938
482 0.034853
483 0.034813
484 0.034756
485 0.034694
486 0.034640
487 0.034586
488 0.034557
489 0.034519
490 0.034480
491 0.034454
492 0.034430
493 0.034402
494 0.034373
495 0.034351
496 0.034336
497 0.034324
498 0.034314
499 0.034309
500 0.034306
