1 3987715.469296
2 6724792.207172
3 9948439.988062
4 7677143.033094
5 8771563.256313
6 9984327.909192
7 10470025.297544
8 9443358.996045
9 13917227.257568
10 17657202.425385
11 14130331.049872
12 13860234.347211
13 14595947.325683
14 17964447.073496
15 22993339.790241
16 26962903.261226
17 37104253.453116
18 28202635.917476
19 32685466.651145
20 32392511.154454
21 32144175.121201
22 33198497.329030
23 23800070.465820
24 26456632.672352
25 43127331.768956
26 53502103.241988
27 62187406.347982
28 40610341.981592
29 44134867.592283
30 49331886.880536
31 48658245.077264
32 69718693.450935
33 47849112.859143
34 42556099.618807
35 43543386.968197
36 45164272.374552
37 44651304.979445
38 80639351.481982
39 55906748.243209
40 63611895.553064
41 71284239.918531
42 72971841.862574
43 69996285.754606
44 42964542.561648
45 63998136.112357
46 80888680.513705
47 66421931.021775
48 76791071.861395
49 58666588.141937
50 57870380.553631
51 64986690.886691
52 63500341.861679
53 37381346.542655
54 35139742.413806
55 32539032.723091
56 50171414.517939
57 40170330.919585
58 55582790.503653
59 47795024.208265
60 43491304.530208
61 48778839.844801
62 59767144.031779
63 42691710.362263
64 54721446.935970
65 58361367.578676
66 56529993.172602
67 34814328.558597
68 49372979.530601
69 40425774.191745
70 34202327.873013
71 40682281.878816
72 30122295.302914
73 37359999.355084
74 36966624.632927
75 28520222.669796
76 30096506.616512
77 32425943.472828
78 21025049.843781
79 14770525.393260
80 20564895.356900
81 17604945.580754
82 13840799.875120
83 15429469.632502
84 12526506.016958
85 12747503.382350
86 8848171.931069
87 10747294.429972
88 10541544.201062
89 6705532.437724
90 7683803.023117
91 7299048.421280
92 5274964.379207
93 4923789.126409
94 5023932.341596
95 5744465.193031
96 5470466.173173
97 4970519.311814
98 4285898.610425
99 3442134.906321
100 4481858.702050
101 4173930.998767
102 4756481.146650
103 4444753.836305
104 3266848.464911
105 2981300.965831
106 2550011.170194
107 3090583.285282
108 3507408.818204
109 2605219.235093
110 2355353.316863
111 2624704.063723
112 1974510.483645
113 2248253.383975
114 1709646.564334
115 2019408.245433
116 1957106.169388
117 2078151.562377
118 1786177.870873
119 1884973.310223
120 1415769.091375
121 1669106.032064
122 1364134.033186
123 1483722.302252
124 1713226.977075
125 1482055.821874
126 1017147.591961
127 1062528.268817
128 1082378.400958
129 981192.572842
130 843154.226088
131 807009.113280
132 845342.325917
133 643887.267760
134 677860.847308
135 782748.133426
136 872624.492065
137 710642.145236
138 736033.030726
139 968864.661279
140 785020.011338
141 720661.652248
142 600777.468548
143 553283.632544
144 455951.060510
145 361927.283995
146 387069.746053
147 359721.806694
148 326571.442835
149 364297.332271
150 372973.785306
151 406440.478645
152 295899.797281
153 281899.487580
154 281389.982063
155 194234.286153
156 216478.279037
157 173525.082911
158 141620.345244
159 93613.022389
160 118458.152275
161 124495.601554
162 94866.070605
163 74023.237523
164 92309.958529
165 60376.196807
166 65408.684343
167 68182.396217
168 73244.371917
169 65766.447270
170 69902.992071
171 64994.691561
172 50894.976848
173 50920.101900
174 52950.209465
175 48425.374201
176 40248.742500
177 41006.966422
178 42420.021765
179 45719.445898
180 46249.808909
181 36094.856143
182 32317.710805
183 28683.845240
184 25998.676619
185 20943.882396
186 22507.353206
187 21703.603657
188 19723.696061
189 20510.580053
190 20109.504840
191 18785.202791
192 15963.229718
193 12586.515553
194 9717.211319
195 10405.497914
196 11050.249449
197 7447.889129
198 8832.641287
199 6742.865155
200 6821.200076
201 7049.430293
202 5917.441938
203 6452.065432
204 6555.753172
205 6323.580476
206 5932.708638
207 5231.312307
208 4445.116393
209 4427.652136
210 4608.911089
211 3647.605694
212 4002.685316
213 3907.621106
214 3955.726122
215 3091.879308
216 2929.697846
217 2748.463558
218 3305.376887
219 3412.299531
220 3045.915553
221 3271.996493
222 2985.133569
223 2298.808716
224 1953.998776
225 2112.948020
226 1879.533861
227 2014.352249
228 1390.559233
229 1592.822388
230 1478.266050
231 1330.352004
232 1217.352532
233 1032.787167
234 1073.324994
235 983.446102
236 913.929676
237 861.924837
238 842.847499
239 836.660502
240 773.802239
241 774.114605
242 689.069887
243 684.856330
244 643.561838
245 539.431767
246 566.987272
247 509.288632
248 487.624619
249 446.496529
250 447.598969
251 368.909343
252 332.196438
253 277.826666
254 288.072576
255 229.185624
256 233.711819
257 242.935203
258 261.509293
259 213.063037
260 225.414956
261 194.068491
262 194.362346
263 196.112532
264 197.585183
265 146.383092
266 166.338591
267 134.190093
268 134.866449
269 110.816160
270 107.272869
271 113.197058
272 113.210358
273 108.529129
274 117.915633
275 136.396540
276 109.340782
277 106.717843
278 107.895780
279 102.723523
280 87.242733
281 84.961873
282 88.576733
283 82.992913
284 67.856860
285 76.833066
286 62.744714
287 64.015462
288 69.374078
289 59.428423
290 63.941118
291 69.983050
292 63.560487
293 54.604192
294 53.968953
295 51.054021
296 56.293236
297 40.195422
298 46.434854
299 41.952812
300 43.367224
301 39.255763
302 33.158221
303 40.128763
304 35.633108
305 34.391239
306 30.931529
307 34.322447
308 30.955262
309 39.228575
310 39.022497
311 36.260787
312 29.040531
313 29.441128
314 28.362079
315 26.529062
316 26.523647
317 21.814700
318 20.656394
319 20.205804
320 22.628658
321 19.940472
322 18.688528
323 19.992069
324 20.066695
325 20.124179
326 18.806040
327 19.236405
328 18.244130
329 18.399472
330 19.097291
331 16.213554
332 16.748627
333 16.062301
334 16.043844
335 16.404111
336 15.721113
337 15.310787
338 16.782599
339 17.413699
340 16.623738
341 16.594328
342 15.710417
343 14.667120
344 15.464823
345 14.797940
346 14.187472
347 13.650772
348 14.294878
349 14.420605
350 14.458831
351 15.386877
352 13.474469
353 13.085833
354 13.712965
355 12.236607
356 12.501503
357 11.502476
358 11.315109
359 11.502707
360 10.786317
361 10.505460
362 10.136364
363 9.929884
364 10.209360
365 9.315797
366 9.278151
367 10.221361
368 9.977155
369 9.736884
370 9.684982
371 8.926906
372 8.638737
373 9.161611
374 8.511356
375 7.828215
376 7.462970
377 7.240364
378 7.388699
379 6.954646
380 7.265891
381 7.151467
382 6.617237
383 6.973729
384 7.065369
385 6.477611
386 6.158042
387 5.896616
388 6.043539
389 6.189120
390 5.812587
391 6.118787
392 5.808182
393 5.882578
394 5.685950
395 5.857298
396 5.771058
397 5.593899
398 5.788984
399 5.612451
400 5.846351
401 5.803065
402 5.938627
403 5.955708
404 5.645369
405 5.473912
406 5.557870
407 5.364975
408 5.119656
409 5.052099
410 4.701793
411 4.759862
412 4.776111
413 4.594031
414 4.587673
415 4.208200
416 4.049971
417 3.928609
418 3.809417
419 3.758037
420 3.643020
421 3.448351
422 3.402164
423 3.479108
424 3.453546
425 3.402962
426 3.372661
427 3.280443
428 3.225047
429 3.192017
430 3.160537
431 3.143690
432 3.105774
433 3.042737
434 2.974866
435 2.953465
436 2.983398
437 2.952913
438 2.818264
439 2.810951
440 2.736002
441 2.646977
442 2.632251
443 2.570098
444 2.553073
445 2.513186
446 2.486474
447 2.406245
448 2.336578
449 2.279264
450 2.280665
451 2.295991
452 2.243448
453 2.223060
454 2.136926
455 2.138081
456 2.120108
457 2.112088
458 2.089371
459 2.068228
460 2.058298
461 2.048727
462 2.026989
463 2.006345
464 1.997606
465 1.990903
466 1.950437
467 1.931696
468 1.906750
469 1.890471
470 1.887252
471 1.852362
472 1.835822
473 1.813038
474 1.815253
475 1.802562
476 1.778638
477 1.763435
478 1.744225
479 1.712643
480 1.707275
481 1.700898
482 1.686851
483 1.680179
484 1.664115
485 1.651244
486 1.639846
487 1.623635
488 1.621079
489 1.609624
490 1.599499
491 1.589333
492 1.581343
493 1.576157
494 1.568477
495 1.564015
496 1.562364
497 1.557704
498 1.555945
499 1.554770
500 1.554088
