1 1000000000000000019884624838656.000000
2 1000000000000000019884624838656.000000
3 1000000000000000019884624838656.000000
4 1000000000000000019884624838656.000000
5 223427305.900231
6 223427305.900231
7 223427305.900231
8 223427305.900231
9 223427305.900231
10 300155217.992942
11 300155217.992942
12 300155217.992942
13 300155217.992942
14 300155217.992942
15 705311970.581668
16 705311970.581668
17 705311970.581668
18 705311970.581668
19 705311970.581668
20 1140778292.660025
21 1140778292.660025
22 1140778292.660025
23 1140778292.660025
24 1140778292.660025
25 1262095132.282442
26 1262095132.282442
27 1262095132.282442
28 1262095132.282442
29 1262095132.282442
30 1896511126.078169
31 1896511126.078169
32 1896511126.078169
33 1896511126.078169
34 1896511126.078169
35 2390963499.781825
36 2390963499.781825
37 2390963499.781825
38 2390963499.781825
39 2390963499.781825
40 4841068735.411541
41 4841068735.411541
42 4841068735.411541
43 4841068735.411541
44 4841068735.411541
45 3280831087.376768
46 3280831087.376768
47 3280831087.376768
48 3280831087.376768
49 3280831087.376768
50 3891290876.696599
51 3891290876.696599
52 3891290876.696599
53 3891290876.696599
54 3891290876.696599
55 3929491995.660199
56 3929491995.660199
57 3929491995.660199
58 3929491995.660199
59 3929491995.660199
60 4789883163.718908
61 4789883163.718908
62 4789883163.718908
63 4789883163.718908
64 4789883163.718908
65 5042715928.124690
66 5042715928.124690
67 5042715928.124690
68 5042715928.124690
69 5042715928.124690
70 6121392488.205139
71 6121392488.205139
72 6121392488.205139
73 6121392488.205139
74 6121392488.205139
75 6442825816.866423
76 6442825816.866423
77 6442825816.866423
78 6442825816.866423
79 6442825816.866423
80 4921526237.611582
81 4921526237.611582
82 4921526237.611582
83 4921526237.611582
84 4921526237.611582
85 3077425643.111468
86 3077425643.111468
87 3077425643.111468
88 3077425643.111468
89 3077425643.111468
90 2330781600.655283
91 2330781600.655283
92 2330781600.655283
93 2330781600.655283
94 2330781600.655283
95 1529127674.337436
96 1529127674.337436
97 1529127674.337436
98 1529127674.337436
99 1529127674.337436
100 1038031278.826989
101 1038031278.826989
102 1038031278.826989
103 1038031278.826989
104 1038031278.826989
105 839437136.783934
106 839437136.783934
107 839437136.783934
108 839437136.783934
109 839437136.783934
110 812283843.689810
111 812283843.689810
112 812283843.689810
113 812283843.689810
114 812283843.689810
115 573866101.947041
116 573866101.947041
117 573866101.947041
118 573866101.947041
119 573866101.947041
120 531645238.405415
121 531645238.405415
122 531645238.405415
123 531645238.405415
124 531645238.405415
125 281327430.703074
126 281327430.703074
127 281327430.703074
128 281327430.703074
129 281327430.703074
130 374261369.543051
131 374261369.543051
132 374261369.543051
133 374261369.543051
134 374261369.543051
135 403562240.677852
136 403562240.677852
137 403562240.677852
138 403562240.677852
139 403562240.677852
140 283117794.482115
141 283117794.482115
142 283117794.482115
143 283117794.482115
144 283117794.482115
145 174156437.442098
146 174156437.442098
147 174156437.442098
148 174156437.442098
149 174156437.442098
150 104204821.358723
151 104204821.358723
152 104204821.358723
153 104204821.358723
154 104204821.358723
155 99374901.527136
156 99374901.527136
157 99374901.527136
158 99374901.527136
159 99374901.527136
160 96495353.393727
161 96495353.393727
162 96495353.393727
163 96495353.393727
164 96495353.393727
165 65275003.723663
166 65275003.723663
167 65275003.723663
168 65275003.723663
169 65275003.723663
170 48631550.151141
171 48631550.151141
172 48631550.151141
173 48631550.151141
174 48631550.151141
175 38730555.325177
176 38730555.325177
177 38730555.325177
178 38730555.325177
179 38730555.325177
180 30786763.850208
181 30786763.850208
182 30786763.850208
183 30786763.850208
184 30786763.850208
185 22097087.649128
186 22097087.649128
187 22097087.649128
188 22097087.649128
189 22097087.649128
190 19601525.093069
191 19601525.093069
192 19601525.093069
193 19601525.093069
194 19601525.093069
195 17610172.625106
196 17610172.625106
197 17610172.625106
198 17610172.625106
199 17610172.625106
200 10156853.319205
201 10156853.319205
202 10156853.319205
203 10156853.319205
204 10156853.319205
205 5776263.831311
206 5776263.831311
207 5776263.831311
208 5776263.831311
209 5776263.831311
210 4194582.952271
211 4194582.952271
212 4194582.952271
213 4194582.952271
214 4194582.952271
215 2832357.746592
216 2832357.746592
217 2832357.746592
218 2832357.746592
219 2832357.746592
220 1974956.441285
221 1974956.441285
222 1974956.441285
223 1974956.441285
224 1974956.441285
225 1382142.596121
226 1382142.596121
227 1382142.596121
228 1382142.596121
229 1382142.596121
230 1039596.835608
231 1039596.835608
232 1039596.835608
233 1039596.835608
234 1039596.835608
235 619710.021191
236 619710.021191
237 619710.021191
238 619710.021191
239 619710.021191
240 427193.421503
241 427193.421503
242 427193.421503
243 427193.421503
244 427193.421503
245 354570.123501
246 354570.123501
247 354570.123501
248 354570.123501
249 354570.123501
250 280533.958424
251 280533.958424
252 280533.958424
253 280533.958424
254 280533.958424
255 185450.656717
256 185450.656717
257 185450.656717
258 185450.656717
259 185450.656717
260 105092.222792
261 105092.222792
262 105092.222792
263 105092.222792
264 105092.222792
265 71267.623246
266 71267.623246
267 71267.623246
268 71267.623246
269 71267.623246
270 49812.055754
271 49812.055754
272 49812.055754
273 49812.055754
274 49812.055754
275 38250.375058
276 38250.375058
277 38250.375058
278 38250.375058
279 38250.375058
280 28736.112947
281 28736.112947
282 28736.112947
283 28736.112947
284 28736.112947
285 17989.333764
286 17989.333764
287 17989.333764
288 17989.333764
289 17989.333764
290 11475.001318
291 11475.001318
292 11475.001318
293 11475.001318
294 11475.001318
295 8628.016228
296 8628.016228
297 8628.016228
298 8628.016228
299 8628.016228
300 6582.117530
301 6582.117530
302 6582.117530
303 6582.117530
304 6582.117530
305 3907.644034
306 3907.644034
307 3907.644034
308 3907.644034
309 3907.644034
310 3052.762144
311 3052.762144
312 3052.762144
313 3052.762144
314 3052.762144
315 2527.405929
316 2527.405929
317 2527.405929
318 2527.405929
319 2527.405929
320 1780.453167
321 1780.453167
322 1780.453167
323 1780.453167
324 1780.453167
325 1352.827062
326 1352.827062
327 1352.827062
328 1352.827062
329 1352.827062
330 1065.348122
331 1065.348122
332 1065.348122
333 1065.348122
334 1065.348122
335 789.389203
336 789.389203
337 789.389203
338 789.389203
339 789.389203
340 598.145299
341 598.145299
342 598.145299
343 598.145299
344 598.145299
345 406.004431
346 406.004431
347 406.004431
348 406.004431
349 406.004431
350 285.929495
351 285.929495
352 285.929495
353 285.929495
354 285.929495
355 191.663176
356 191.663176
357 191.663176
358 191.663176
359 191.663176
360 129.792257
361 129.792257
362 129.792257
363 129.792257
364 129.792257
365 101.337062
366 101.337062
367 101.337062
368 101.337062
369 101.337062
370 78.966576
371 78.966576
372 78.966576
373 78.966576
374 78.966576
375 57.134329
376 57.134329
377 57.134329
378 57.134329
379 57.134329
380 42.433172
381 42.433172
382 42.433172
383 42.433172
384 42.433172
385 30.017985
386 30.017985
387 30.017985
388 30.017985
389 30.017985
390 22.472418
391 22.472418
392 22.472418
393 22.472418
394 22.472418
395 17.693913
396 17.693913
397 17.693913
398 17.693913
399 17.693913
400 13.367115
401 13.367115
402 13.367115
403 13.367115
404 13.367115
405 9.859988
406 9.859988
407 9.859988
408 9.859988
409 9.859988
410 7.890326
411 7.890326
412 7.890326
413 7.890326
414 7.890326
415 5.734493
416 5.734493
417 5.734493
418 5.734493
419 5.734493
420 4.494820
421 4.494820
422 4.494820
423 4.494820
424 4.494820
425 3.515086
426 3.515086
427 3.515086
428 3.515086
429 3.515086
430 2.602168
431 2.602168
432 2.602168
433 2.602168
434 2.602168
435 1.953332
436 1.953332
437 1.953332
438 1.953332
439 1.953332
440 1.523874
441 1.523874
442 1.523874
443 1.523874
444 1.523874
445 1.193740
446 1.193740
447 1.193740
448 1.193740
449 1.193740
450 0.946263
451 0.946263
452 0.946263
453 0.946263
454 0.946263
455 0.740855
456 0.740855
457 0.740855
458 0.740855
459 0.740855
460 0.580195
461 0.580195
462 0.580195
463 0.580195
464 0.580195
465 0.461843
466 0.461843
467 0.461843
468 0.461843
469 0.461843
470 0.356559
471 0.356559
472 0.356559
473 0.356559
474 0.356559
475 0.281548
476 0.281548
477 0.281548
478 0.281548
479 0.281548
480 0.222895
481 0.222895
482 0.222895
483 0.222895
484 0.222895
485 0.176743
486 0.176743
487 0.176743
488 0.176743
489 0.176743
490 0.141249
491 0.141249
492 0.141249
493 0.141249
494 0.141249
495 0.113886
496 0.113886
497 0.113886
498 0.113886
499 0.113886
500 0.091781
