1 10892721.770985
2 53495413.030410
3 78352955.969004
4 151374531.048195
5 255316668.020654
6 431435238.827791
7 378119721.699426
8 674227042.459202
9 1213423025.993415
10 1849567383.936913
11 2449815016.979174
12 4185554025.233595
13 7786196174.347757
14 6956053849.729974
15 9119862917.015612
16 20246817685.867619
17 41217649012.005325
18 59151429256.246391
19 46702567384.271179
20 68567096711.160263
21 94344003532.829971
22 91111858783.312454
23 77442959149.282974
24 123619593158.243759
25 196949320383.327820
26 287414489037.316284
27 598814701942.255859
28 608961660003.350830
29 876763574986.787598
30 852354001111.935547
31 1345479984072.031006
32 1578531466445.827393
33 2594718267474.823730
34 3035172324444.540527
35 1890775188700.167969
36 1559623559139.091797
37 1431754255106.801270
38 2384295467371.318848
39 3613228836898.736328
40 3443316511890.774902
41 3651974921728.586914
42 4245957935997.133789
43 4682939812862.286133
44 6511364404932.742188
45 8133938560197.219727
46 8076653451914.192383
47 5621759649954.053711
48 12454135682817.494141
49 19178988700205.796875
50 17969360641058.859375
51 40563335750054.859375
52 44111508743276.664062
53 54654215823268.023438
54 60448298141949.609375
55 96564163178052.656250
56 89293670387052.859375
57 89675802190662.125000
58 262598406269543.031250
59 223228803583642.593750
60 297904751665367.625000
61 402911252585628.687500
62 260132453335311.375000
63 253364895327940.906250
64 352217309322522.312500
65 330897314134809.312500
66 341077437962110.875000
67 659094075137462.750000
68 487182447394352.625000
69 1154490579891165.250000
70 830143247438441.875000
71 621313414026286.250000
72 972939458194355.375000
73 887728191116820.875000
74 717998960095830.750000
75 461389878718021.687500
76 692924546079826.375000
77 850546034430423.375000
78 1050000339301367.000000
79 1084409337130211.375000
80 1003733005792377.625000
81 1047735875539471.000000
82 1271619319406040.750000
83 940080007540008.250000
84 1185353072669551.750000
85 1847149295457249.000000
86 1206107224092739.000000
87 2560203181684679.000000
88 2477836571217121.500000
89 2573673785092053.500000
90 4606867418654116.000000
91 5167948444341133.000000
92 4452922624813588.500000
93 6560575666864226.000000
94 7760053801948492.000000
95 6457061414265739.000000
96 6352213499932017.000000
97 7106536292625991.000000
98 10299425709742460.000000
99 10683871667952094.000000
100 9364504274786006.000000
101 7643549293072735.000000
102 7869252700738886.000000
103 5224280947514830.000000
104 7848831924420237.000000
105 4585201891265982.000000
106 4953447478711500.000000
107 7426742346868378.000000
108 6760251260046115.000000
109 7314218815003099.000000
110 6467610324033895.000000
111 4942997849712847.000000
112 2876381446680309.500000
113 3522879552927565.000000
114 3341784749800992.500000
115 3568921547830580.000000
116 2049752206484394.750000
117 2677349463422976.500000
118 1562732551337429.750000
119 2216118060208923.750000
120 2059269476507518.750000
121 1970723378287227.250000
122 1953501702984782.000000
123 2285994803909961.000000
124 2321435745028948.500000
125 1569252004939583.250000
126 1550068911605508.000000
127 955201440883101.000000
128 1184800143167459.000000
129 1388892745451894.500000
130 980751599821532.750000
131 905373546503286.375000
132 758675615936683.000000
133 582278756747364.000000
134 457187069923207.187500
135 376966766601863.500000
136 448069118294617.625000
137 319652548794218.625000
138 379719538647385.750000
139 255883660992007.312500
140 177588351202485.812500
141 219034373192329.687500
142 148832360877573.500000
143 148699104151789.562500
144 143400431789517.312500
145 142328775829917.468750
146 83982946884086.296875
147 66771731866325.890625
148 57187087481386.335938
149 46818554928677.523438
150 49905172300178.031250
151 48721917481511.539062
152 44123053552936.546875
153 29544613690803.648438
154 23616209105828.738281
155 27680148532155.152344
156 20668883430611.164062
157 14023450757160.068359
158 11950363980510.751953
159 8471706188887.038086
160 7849798741249.018555
161 4958176455752.503906
162 5170413496413.039062
163 4002152096596.687012
164 3134210684709.062012
165 2635525703336.166504
166 1572650138419.243164
167 1315075144905.002686
168 1009456963876.416016
169 750756035015.766724
170 908454781443.767700
171 756411113203.753906
172 670025895319.900513
173 517059363599.034302
174 305760553208.688416
175 265776911537.558807
176 215643158635.269470
177 165640391607.664825
178 82774699751.738571
179 69107558723.265106
180 63754139290.517693
181 61188271689.998154
182 28677887271.390697
183 19794460526.484135
184 16707541875.437332
185 15693603437.566740
186 10020387035.091627
187 6160988014.861788
188 5015697529.934212
189 3629594545.570775
190 2411683578.311103
191 2728676893.826510
192 1862741622.475995
193 1788313024.809331
194 1059268237.024704
195 687069377.223432
196 595625416.242618
197 326109598.287389
198 330481632.819584
199 217305088.483416
200 166420343.697972
201 140133789.420378
202 133160601.184885
203 101440588.925573
204 64743687.631992
205 59067597.840271
206 29184402.466131
207 22626876.939214
208 17429320.127179
209 8703496.159938
210 7512802.429016
211 4086892.111325
212 2994829.049966
213 2540925.811640
214 2233239.122012
215 1480931.676158
216 1272805.025835
217 1027597.906912
218 934382.921084
219 748093.873292
220 333285.377884
221 294716.946397
222 235159.898778
223 135679.028077
224 73738.411139
225 61323.364804
226 32182.445839
227 15212.216817
228 15264.488648
229 8256.755944
230 4707.502952
231 3086.697228
232 1911.541024
233 1075.982596
234 878.959416
235 453.885641
236 283.086494
237 170.271770
238 157.374470
239 103.810646
240 77.281434
241 42.481334
242 26.851700
243 18.376534
244 9.739982
245 6.192597
246 3.683172
247 2.638358
248 1.119063
249 0.680940
250 0.505553
251 0.322868
252 0.173212
253 0.104081
254 0.072901
255 0.042320
256 0.025454
257 0.018202
258 0.012771
259 0.009269
260 0.005399
261 0.003310
262 0.001955
263 0.000899
264 0.000576
265 0.000377
266 0.000208
267 0.000165
268 0.000085
269 0.000055
270 0.000034
271 0.000019
272 0.000010
273 0.000006
274 0.000003
275 0.000002
276 0.000001
277 0.000001
278 0.000000
279 0.000000
280 0.000000
281 0.000000
282 0.000000
283 0.000000
284 0.000000
285 0.000000
286 0.000000
287 0.000000
288 0.000000
289 0.000000
290 0.000000
291 0.000000
292 0.000000
293 0.000000
294 0.000000
295 0.000000
296 0.000000
297 0.000000
298 0.000000
299 0.000000
300 0.000000
301 0.000000
302 0.000000
303 0.000000
304 0.000000
305 0.000000
306 0.000000
307 0.000000
308 0.000000
309 0.000000
310 0.000000
311 0.000000
312 0.000000
313 0.000000
314 0.000000
315 0.000000
316 0.000000
317 0.000000
318 0.000000
319 0.000000
320 0.000000
321 0.000000
322 0.000000
323 0.000000
324 0.000000
325 0.000000
326 0.000000
327 0.000000
328 0.000000
329 0.000000
330 0.000000
331 0.000000
332 0.000000
333 0.000000
334 0.000000
335 0.000000
336 0.000000
337 0.000000
338 0.000000
339 0.000000
340 0.000000
341 0.000000
342 0.000000
343 0.000000
344 0.000000
345 0.000000
346 0.000000
347 0.000000
348 0.000000
349 0.000000
350 0.000000
351 0.000000
352 0.000000
353 0.000000
354 0.000000
355 0.000000
356 0.000000
357 0.000000
358 0.000000
359 0.000000
360 0.000000
361 0.000000
362 0.000000
363 0.000000
364 0.000000
365 0.000000
366 0.000000
367 0.000000
368 0.000000
369 0.000000
370 0.000000
371 0.000000
372 0.000000
373 0.000000
374 0.000000
375 0.000000
376 0.000000
377 0.000000
378 0.000000
379 0.000000
380 0.000000
381 0.000000
382 0.000000
383 0.000000
384 0.000000
385 0.000000
386 0.000000
387 0.000000
388 0.000000
389 0.000000
390 0.000000
391 0.000000
392 0.000000
393 0.000000
394 0.000000
395 0.000000
396 0.000000
397 0.000000
398 0.000000
399 0.000000
400 0.000000
401 0.000000
402 0.000000
403 0.000000
404 0.000000
405 0.000000
406 0.000000
407 0.000000
408 0.000000
409 0.000000
410 0.000000
411 0.000000
412 0.000000
413 0.000000
414 0.000000
415 0.000000
416 0.000000
417 0.000000
418 0.000000
419 0.000000
420 0.000000
421 0.000000
422 0.000000
423 0.000000
424 0.000000
425 0.000000
426 0.000000
427 0.000000
428 0.000000
429 0.000000
430 0.000000
431 0.000000
432 0.000000
433 0.000000
434 0.000000
435 0.000000
436 0.000000
437 0.000000
438 0.000000
439 0.000000
440 0.000000
441 0.000000
442 0.000000
443 0.000000
444 0.000000
445 0.000000
446 0.000000
447 0.000000
448 0.000000
449 0.000000
450 0.000000
451 0.000000
452 0.000000
453 0.000000
454 0.000000
455 0.000000
456 0.000000
457 0.000000
458 0.000000
459 0.000000
460 0.000000
461 0.000000
462 0.000000
463 0.000000
464 0.000000
465 0.000000
466 0.000000
467 0.000000
468 0.000000
469 0.000000
470 0.000000
471 0.000000
472 0.000000
473 0.000000
474 0.000000
475 0.000000
476 0.000000
477 0.000000
478 0.000000
479 0.000000
480 0.000000
481 0.000000
482 0.000000
483 0.000000
484 0.000000
485 0.000000
486 0.000000
487 0.000000
488 0.000000
489 0.000000
490 0.000000
491 0.000000
492 0.000000
493 0.000000
494 0.000000
495 0.000000
496 0.000000
497 0.000000
498 0.000000
499 0.000000
500 0.000000
