1 55176971.076109
2 56078616.865773
3 116563266.614636
4 132560906.109278
5 141990785.601199
6 117356052.127451
7 204999541.584208
8 190621326.756139
9 203465509.897433
10 271564213.342290
11 325821159.532714
12 332219598.194045
13 430728295.547225
14 415828529.346932
15 524958456.232185
16 820781347.142711
17 581496524.357859
18 713569126.075383
19 822360346.624534
20 802360787.459850
21 1098629553.488800
22 1265425473.587906
23 1113477078.191954
24 1289780171.988788
25 1338451770.952218
26 1149171028.615334
27 1599641871.668580
28 1842791132.642791
29 1961864884.519904
30 2112633014.025075
31 1731377012.684102
32 2157574065.256670
33 2180387697.137057
34 2028885390.059655
35 2135732601.380519
36 2335184457.233222
37 2154071505.799874
38 2508428068.269860
39 3193648879.524057
40 3129245929.616899
41 2984070235.699898
42 2795446845.563996
43 3899870395.740759
44 4626451369.747301
45 2396762758.095198
46 3640931971.477087
47 3109860767.621792
48 3390082481.180123
49 3354376123.639818
50 3879960241.378256
51 4656188753.382142
52 5048665828.147760
53 6175357000.566292
54 5126123920.319740
55 5095050235.128869
56 4401847692.061498
57 6334684970.307713
58 5697405747.376148
59 5818756174.558177
60 6263371511.149790
61 5236579368.102742
62 4694392856.680552
63 4581934151.805422
64 5665955899.400182
65 5625117949.510376
66 5486992029.984477
67 4385280756.223090
68 5143010140.733026
69 4806571089.556392
70 4562028984.942085
71 4862442422.213861
72 4128197409.510850
73 3748550946.884545
74 5233552797.150730
75 4951737870.632815
76 5108889572.267091
77 5433558434.518548
78 4706837365.630923
79 4755686966.851336
80 4700835897.651168
81 4436776218.526585
82 3630158086.361622
83 2870057851.318140
84 3800484211.951937
85 3607306065.758436
86 2902218032.083060
87 3525271834.076623
88 3240514100.061114
89 3990737707.205646
90 3656469143.527160
91 3904521787.387136
92 3958874735.482399
93 4109222967.187721
94 3154445555.394324
95 3542991940.575250
96 3625682496.925175
97 3906869575.150580
98 3870700997.427784
99 4490588906.912204
100 3329905896.908835
101 3460808714.862727
102 3060146093.427771
103 3653727426.394507
104 3223713422.189792
105 3038645366.999929
106 3865940075.227320
107 2872072003.752100
108 3312618676.405071
109 2662469146.978839
110 2331116284.690310
111 1762697374.683939
112 2108335344.220271
113 2161970197.035390
114 1770962771.625507
115 1787576962.060408
116 1325308678.882115
117 1509733877.875075
118 1716315969.628641
119 1712629909.852343
120 1664003208.341116
121 1699385278.397187
122 1448640832.376676
123 1407788063.014566
124 1150478038.751545
125 1283673317.854930
126 1044213880.785212
127 1196404178.170439
128 1416505731.726886
129 1370540702.151731
130 1253509818.555105
131 1039644575.377478
132 1317826737.511353
133 1202037357.615206
134 1069682572.625427
135 1120126307.087165
136 756778984.457698
137 915175012.757208
138 831892346.777336
139 811818763.780567
140 723322922.336919
141 682313391.145580
142 612653474.089844
143 600396375.309591
144 524786715.639805
145 491434259.237617
146 504732540.211217
147 373471056.150061
148 366878468.458598
149 359514462.749577
150 333958762.716473
151 391188777.735037
152 310176998.209753
153 222763377.990915
154 251684039.132170
155 299733693.248104
156 213455357.767240
157 270005005.862389
158 258680047.148165
159 223373245.216355
160 204262049.311004
161 212828096.588066
162 170725077.036009
163 173074697.457403
164 161069968.823905
165 165571510.048285
166 158471155.364019
167 135796367.699813
168 154761443.076714
169 140076965.714912
170 127461429.016290
171 132695834.295164
172 108462600.522958
173 139159130.414779
174 131754172.538277
175 122336354.288833
176 122821217.481099
177 112983742.975920
178 92965268.775757
179 94687523.029889
180 88762621.287356
181 81019724.620084
182 88175829.520740
183 87531625.738071
184 94648613.382164
185 89945134.400637
186 70543223.715192
187 74150117.952957
188 61213416.960756
189 64551720.955500
190 71553858.342068
191 59645699.154914
192 67800192.365956
193 63397837.863968
194 56807302.297145
195 55824077.634384
196 55093323.428737
197 55361566.669229
198 46695816.560226
199 48508954.688707
200 43885290.509757
201 43354347.671311
202 41673783.763930
203 38548833.440383
204 35266559.864233
205 34720752.739768
206 33093492.975784
207 36378379.552955
208 29937804.378307
209 29777209.353029
210 30379551.904762
211 28013990.800130
212 30866163.443664
213 28971496.086632
214 27914443.640384
215 27727123.967207
216 24403466.543204
217 24309057.164904
218 23301077.982791
219 20575275.008747
220 19894860.947460
221 19637154.364679
222 18683325.919787
223 19417936.576986
224 20416062.408825
225 18453487.110654
226 19817679.676219
227 17676067.645404
228 17226062.872198
229 15390281.695160
230 15601982.309991
231 16042659.350288
232 17466576.526874
233 16300786.818005
234 15423032.614537
235 14505255.071133
236 13290023.886077
237 13328668.503138
238 13362722.142569
239 13908985.705325
240 13103477.727353
241 12555687.952970
242 13021316.215748
243 12143970.782226
244 10298265.353137
245 10435560.447495
246 9447012.732264
247 9841319.325329
248 9214728.229296
249 8781077.602956
250 7633954.287420
251 7669892.885032
252 6039139.068664
253 6423871.490387
254 5929708.676161
255 5312642.530252
256 5043841.518215
257 5413004.976078
258 5346835.345088
259 5304040.800919
260 5115344.323714
261 4303209.633113
262 4727423.038608
263 4717015.874832
264 3571804.249188
265 4276248.407369
266 4181013.763620
267 3914148.163943
268 4178483.797279
269 3998364.330496
270 3671305.396863
271 3997119.296450
272 3219760.200058
273 3676307.632853
274 3861055.098568
275 3451079.715831
276 3679874.431092
277 3417974.037888
278 3372031.634083
279 2990545.688027
280 2996173.578617
281 3197595.574699
282 2955641.902836
283 2930224.960217
284 2887196.805387
285 2690655.304711
286 2592048.376959
287 2444831.974791
288 2505417.030440
289 2274607.650990
290 2040529.250766
291 2213647.176044
292 2012200.932766
293 1923687.064132
294 1930208.387226
295 2011504.660376
296 1872798.109776
297 1887290.779894
298 2009976.232920
299 2153651.724472
300 1875925.584088
301 1947723.737635
302 1922741.021816
303 1955723.642177
304 1959925.558476
305 1776265.620735
306 1972084.919232
307 1778217.328436
308 1643065.079699
309 1793203.702816
310 1740149.080672
311 1760495.022599
312 1601079.744517
313 1743467.526691
314 1787711.631964
315 1727415.752703
316 1693392.089325
317 1598196.445042
318 1415018.800815
319 1509250.521092
320 1639994.997052
321 1663486.804484
322 1420268.331246
323 1403985.053174
324 1541078.531598
325 1324497.839852
326 1428131.893530
327 1355181.127837
328 1456179.604488
329 1263872.727772
330 1256752.395026
331 1321082.635535
332 1231863.322753
333 1323539.145983
334 1174813.107740
335 1173047.525417
336 1216816.877829
337 1017717.459877
338 1068976.959422
339 1177487.895950
340 1114410.317142
341 1009458.299274
342 1010359.244908
343 1010707.263953
344 1021752.905805
345 1005112.945425
346 970487.946154
347 897853.622739
348 906011.042573
349 907179.678914
350 930868.875153
351 876235.272029
352 867654.624448
353 869932.619674
354 834735.324668
355 822717.302592
356 790508.654267
357 777536.020651
358 843105.223341
359 828742.437906
360 840283.273889
361 803247.881521
362 800604.032732
363 770275.234212
364 778183.496804
365 760658.800903
366 778522.369933
367 727820.833960
368 731727.593772
369 704637.428825
370 704101.100895
371 673279.151276
372 710064.150768
373 676168.204853
374 729278.082152
375 681049.945339
376 650895.542408
377 649004.299231
378 626475.521070
379 618527.918619
380 579097.099152
381 558619.232193
382 605716.890365
383 591175.661520
384 549782.362933
385 561038.593321
386 553262.440790
387 546035.990647
388 509044.696457
389 529619.099305
390 521843.117505
391 509571.496233
392 510007.947720
393 522440.273998
394 508890.005746
395 496935.341649
396 490958.238295
397 472929.838864
398 468577.367433
399 458269.013002
400 471494.353885
401 470386.554227
402 447145.393470
403 441536.281261
404 436588.324982
405 433316.935762
406 423677.727303
407 413275.268116
408 404635.107333
409 404833.094803
410 397654.534698
411 383311.602770
412 382513.082207
413 375373.375094
414 379258.942428
415 364278.110218
416 360100.064126
417 354644.354096
418 360992.266402
419 359602.269992
420 351005.478567
421 343773.137676
422 337271.921354
423 332583.433691
424 332054.248956
425 327142.993503
426 316469.365978
427 315613.279073
428 307611.802836
429 307588.870719
430 300162.982515
431 299776.497115
432 298386.196350
433 289271.603985
434 291041.683469
435 286327.464787
436 286370.004553
437 281086.017036
438 274576.862800
439 271533.338210
440 271316.533599
441 270317.382831
442 264657.243915
443 267586.220894
444 263529.023055
445 261665.104043
446 257431.282660
447 256325.191772
448 256980.169542
449 253364.285379
450 250713.783689
451 250872.102325
452 250314.599959
453 248499.560173
454 247667.090938
455 245668.507944
456 242192.282340
457 239474.868077
458 235596.082934
459 235373.961803
460 233249.851014
461 229334.664770
462 227657.297242
463 224118.107652
464 223913.624737
465 223242.064219
466 222530.722654
467 220102.176841
468 218906.676456
469 217751.779768
470 216842.169841
471 214886.902247
472 212370.462360
473 211466.809589
474 211164.221504
475 210322.155015
476 207861.194647
477 206047.006504
478 206158.702277
479 205296.440972
480 203883.436187
481 201751.120972
482 200910.468228
483 199645.531065
484 199260.692667
485 198366.385092
486 197216.349608
487 196082.174060
488 195366.158117
489 194793.571768
490 194056.934282
491 193332.086597
492 192747.996418
493 192335.447852
494 191845.026927
495 191517.661259
496 191197.630770
497 190854.098731
498 190470.098546
499 190374.190496
500 190274.713902
