1 64526858.083102
2 65586519.971709
3 52298781.091547
4 45106128.527625
5 35792704.046722
6 22344461.480306
7 22134306.046776
8 19720283.160703
9 13216421.578783
10 13071637.434377
11 10655774.588539
12 8898679.788738
13 7110831.546824
14 7229271.348808
15 7750906.685267
16 6403294.519492
17 4431287.107795
18 4359968.787478
19 3258844.530666
20 3090146.670062
21 2085759.589039
22 2384657.439363
23 1765750.405487
24 1848085.594547
25 1118231.374238
26 1051887.855798
27 854992.903463
28 639241.740415
29 483250.720035
30 500507.780986
31 353438.565567
32 369018.697526
33 304291.476736
34 266572.838933
35 149380.048554
36 154205.782979
37 127583.458957
38 108747.071183
39 94960.785878
40 76352.242072
41 68264.965068
42 54428.322812
43 42428.671973
44 49808.222482
45 40700.394066
46 22841.658837
47 22941.156532
48 18860.255502
49 17003.150774
50 18419.166968
51 10865.315419
52 9666.438961
53 7839.423884
54 7232.354910
55 5727.846241
56 4419.019062
57 2669.430431
58 3012.119500
59 2592.398697
60 1626.750408
61 1457.731224
62 1275.773244
63 936.631025
64 843.296564
65 624.717465
66 397.515544
67 378.795615
68 289.138454
69 306.628381
70 259.912186
71 201.980340
72 118.034107
73 140.681031
74 84.816375
75 69.835972
76 58.592193
77 40.140796
78 31.172410
79 23.710264
80 22.258078
81 17.832968
82 13.608220
83 12.769458
84 10.411467
85 8.734064
86 6.704939
87 4.929663
88 3.956209
89 3.712190
90 2.343193
91 2.403425
92 1.898596
93 1.581502
94 1.180767
95 0.970476
96 0.861341
97 0.722275
98 0.655963
99 0.468324
100 0.380871
101 0.267500
102 0.250285
103 0.210895
104 0.214407
105 0.150452
106 0.120207
107 0.099905
108 0.093276
109 0.070949
110 0.047309
111 0.035243
112 0.027703
113 0.022428
114 0.018345
115 0.016019
116 0.014416
117 0.010260
118 0.008427
119 0.007436
120 0.004990
121 0.004362
122 0.002994
123 0.002522
124 0.001894
125 0.001892
126 0.001287
127 0.001157
128 0.000819
129 0.000732
130 0.000546
131 0.000456
132 0.000329
133 0.000281
134 0.000213
135 0.000169
136 0.000155
137 0.000148
138 0.000121
139 0.000081
140 0.000063
141 0.000056
142 0.000047
143 0.000036
144 0.000024
145 0.000022
146 0.000018
147 0.000010
148 0.000012
149 0.000011
150 0.000008
151 0.000007
152 0.000006
153 0.000004
154 0.000004
155 0.000003
156 0.000002
157 0.000002
158 0.000002
159 0.000001
160 0.000001
161 0.000001
162 0.000001
163 0.000000
164 0.000000
165 0.000000
166 0.000000
167 0.000000
168 0.000000
169 0.000000
170 0.000000
171 0.000000
172 0.000000
173 0.000000
174 0.000000
175 0.000000
176 0.000000
177 0.000000
178 0.000000
179 0.000000
180 0.000000
181 0.000000
182 0.000000
183 0.000000
184 0.000000
185 0.000000
186 0.000000
187 0.000000
188 0.000000
189 0.000000
190 0.000000
191 0.000000
192 0.000000
193 0.000000
194 0.000000
195 0.000000
196 0.000000
197 0.000000
198 0.000000
199 0.000000
200 0.000000
201 0.000000
202 0.000000
203 0.000000
204 0.000000
205 0.000000
206 0.000000
207 0.000000
208 0.000000
209 0.000000
210 0.000000
211 0.000000
212 0.000000
213 0.000000
214 0.000000
215 0.000000
216 0.000000
217 0.000000
218 0.000000
219 0.000000
220 0.000000
221 0.000000
222 0.000000
223 0.000000
224 0.000000
225 0.000000
226 0.000000
227 0.000000
228 0.000000
229 0.000000
230 0.000000
231 0.000000
232 0.000000
233 0.000000
234 0.000000
235 0.000000
236 0.000000
237 0.000000
238 0.000000
239 0.000000
240 0.000000
241 0.000000
242 0.000000
243 0.000000
244 0.000000
245 0.000000
246 0.000000
247 0.000000
248 0.000000
249 0.000000
250 0.000000
251 0.000000
252 0.000000
253 0.000000
254 0.000000
255 0.000000
256 0.000000
257 0.000000
258 0.000000
259 0.000000
260 0.000000
261 0.000000
262 0.000000
263 0.000000
264 0.000000
265 0.000000
266 0.000000
267 0.000000
268 0.000000
269 0.000000
270 0.000000
271 0.000000
272 0.000000
273 0.000000
274 0.000000
275 0.000000
276 0.000000
277 0.000000
278 0.000000
279 0.000000
280 0.000000
281 0.000000
282 0.000000
283 0.000000
284 0.000000
285 0.000000
286 0.000000
287 0.000000
288 0.000000
289 0.000000
290 0.000000
291 0.000000
292 0.000000
293 0.000000
294 0.000000
295 0.000000
296 0.000000
297 0.000000
298 0.000000
299 0.000000
300 0.000000
301 0.000000
302 0.000000
303 0.000000
304 0.000000
305 0.000000
306 0.000000
307 0.000000
308 0.000000
309 0.000000
310 0.000000
311 0.000000
312 0.000000
313 0.000000
314 0.000000
315 0.000000
316 0.000000
317 0.000000
318 0.000000
319 0.000000
320 0.000000
321 0.000000
322 0.000000
323 0.000000
324 0.000000
325 0.000000
326 0.000000
327 0.000000
328 0.000000
329 0.000000
330 0.000000
331 0.000000
332 0.000000
333 0.000000
334 0.000000
335 0.000000
336 0.000000
337 0.000000
338 0.000000
339 0.000000
340 0.000000
341 0.000000
342 0.000000
343 0.000000
344 0.000000
345 0.000000
346 0.000000
347 0.000000
348 0.000000
349 0.000000
350 0.000000
351 0.000000
352 0.000000
353 0.000000
354 0.000000
355 0.000000
356 0.000000
357 0.000000
358 0.000000
359 0.000000
360 0.000000
361 0.000000
362 0.000000
363 0.000000
364 0.000000
365 0.000000
366 0.000000
367 0.000000
368 0.000000
369 0.000000
370 0.000000
371 0.000000
372 0.000000
373 0.000000
374 0.000000
375 0.000000
376 0.000000
377 0.000000
378 0.000000
379 0.000000
380 0.000000
381 0.000000
382 0.000000
383 0.000000
384 0.000000
385 0.000000
386 0.000000
387 0.000000
388 0.000000
389 0.000000
390 0.000000
391 0.000000
392 0.000000
393 0.000000
394 0.000000
395 0.000000
396 0.000000
397 0.000000
398 0.000000
399 0.000000
400 0.000000
401 0.000000
402 0.000000
403 0.000000
404 0.000000
405 0.000000
406 0.000000
407 0.000000
408 0.000000
409 0.000000
410 0.000000
411 0.000000
412 0.000000
413 0.000000
414 0.000000
415 0.000000
416 0.000000
417 0.000000
418 0.000000
419 0.000000
420 0.000000
421 0.000000
422 0.000000
423 0.000000
424 0.000000
425 0.000000
426 0.000000
427 0.000000
428 0.000000
429 0.000000
430 0.000000
431 0.000000
432 0.000000
433 0.000000
434 0.000000
435 0.000000
436 0.000000
437 0.000000
438 0.000000
439 0.000000
440 0.000000
441 0.000000
442 0.000000
443 0.000000
444 0.000000
445 0.000000
446 0.000000
447 0.000000
448 0.000000
449 0.000000
450 0.000000
451 0.000000
452 0.000000
453 0.000000
454 0.000000
455 0.000000
456 0.000000
457 0.000000
458 0.000000
459 0.000000
460 0.000000
461 0.000000
462 0.000000
463 0.000000
464 0.000000
465 0.000000
466 0.000000
467 0.000000
468 0.000000
469 0.000000
470 0.000000
471 0.000000
472 0.000000
473 0.000000
474 0.000000
475 0.000000
476 0.000000
477 0.000000
478 0.000000
479 0.000000
480 0.000000
481 0.000000
482 0.000000
483 0.000000
484 0.000000
485 0.000000
486 0.000000
487 0.000000
488 0.000000
489 0.000000
490 0.000000
491 0.000000
492 0.000000
493 0.000000
494 0.000000
495 0.000000
496 0.000000
497 0.000000
498 0.000000
499 0.000000
500 0.000000
