1 inf
2 inf
3 inf
4 inf
5 inf
6 inf
7 inf
8 inf
9 inf
10 inf
11 inf
12 inf
13 inf
14 inf
15 inf
16 inf
17 inf
18 inf
19 inf
20 inf
21 inf
22 inf
23 inf
24 inf
25 inf
26 inf
27 inf
28 inf
29 inf
30 inf
31 inf
32 inf
33 inf
34 inf
35 inf
36 inf
37 inf
38 inf
39 inf
40 inf
41 inf
42 inf
43 inf
44 inf
45 inf
46 287952306252329934861242395247341562070870699999738760316009819325912370750696464979758211753859712188296823758666745658179989074355804452455522074312736692357010648099232720376598735180582861612146772213682626458342966414807375906668924199638973761368578211155952075996779098680257274707968.000000
47 153368985051268290770719004344913627092683637827541683826491235670917213317610958215122703028902912963942723258199312260248344179222542806932657805392064782668615670210984485719992367343554984898960039531163792957656721908500977474017114572599400193335657360116018824871936.000000
48 2829475688508492953389965669641159512181493570015604490696041845139582708370839570669891805144953498684103620772663543463589117064824334136640064110152049480784385044659475543396098636187276893270918466221156721578125294365706090619028927111626458398720.000000
49 11335055253032606817646037244595126538872306222654937620017669022555997197907934083516019207548111695350555829138395338936349387065171827495354326993660048319586611663881967624256117829845740863628236719095989813114749145501164495699968.000000
50 2555398870002700680473911173480175394630629905595960621470809062252855668268604314274180814922683862432328402171053881533468952611206501315986753033245829200097026549881542014802333277710448127452854469263360.000000
51 52020597239646921931427802822100564732666363657437861114761853903182486067520628751798033082955222608518939771746231725786884148089142501553198330059622291784045169858223802806544078323530405091737600.000000
52 5379735809048703599168694589538049426698762499525672109105992025936116425518854900119249704750836989256299854345659053450259011793903829319983785944646808921450075301403464564736.000000
53 117037814730692443077439644278358889243453686595837645567534665249697348240822810121124418756401875333453592078309029003746004772226849051641916999270465397587968.000000
54 7513771981141532628110621332242706835819875948428028072363994653857613240119894784856316610085297600834054558204059584037537554284242488262656.000000
55 268707996259888462542402440223296091485189214318921197964433778237116046201190128420460693023670139425895278322092341349842944.000000
56 5633857894350765732170606118413654815125011651200988190145394723616482098457869361061264746155317441682317468762112.000000
57 7366837796336103790188590037079436743906409165138610144412016784042816068733492295161538936832.000000
58 114613143640978709898679531157093485954835433103776975883532512631207726702552477073408.000000
59 16476278971816918600898566042260914361492402781516518117081088.000000
60 114332991979833832714034982224727933670811238400.000000
61 254350331427512456744900830441044820623360.000000
62 149314473753290989522386944.000000
63 1932962665951537408.000000
64 34411.377800
65 18287.061161
66 14174.582777
67 11870.278551
68 10207.938756
69 8609.874095
70 7475.811591
71 6262.378174
72 5448.903407
73 4735.952069
74 4145.181819
75 3676.283996
76 3183.476219
77 2871.551184
78 2550.580356
79 2278.577694
80 1899.511718
81 1723.338260
82 1562.769206
83 1434.141410
84 1264.170543
85 1125.816708
86 1033.925425
87 912.058368
88 787.208137
89 730.926341
90 650.249304
91 592.424155
92 527.636481
93 484.247094
94 441.472510
95 404.604785
96 359.559466
97 329.022148
98 295.162585
99 261.576525
100 234.430242
101 212.364513
102 195.688432
103 178.246736
104 163.352210
105 151.175228
106 137.552731
107 124.667484
108 111.963153
109 102.576023
110 92.733900
111 84.620231
112 74.174346
113 69.680361
114 64.418175
115 59.172841
116 54.279076
117 48.530142
118 44.862421
119 41.763580
120 38.501985
121 34.857897
122 32.200117
123 29.156597
124 26.680047
125 24.059169
126 22.274422
127 20.385622
128 18.861741
129 17.035585
130 15.466115
131 14.186005
132 13.060413
133 12.021173
134 11.010179
135 9.993682
136 9.241630
137 8.478499
138 7.835859
139 7.209437
140 6.629569
141 6.031745
142 5.548223
143 5.203834
144 4.762709
145 4.328465
146 4.006657
147 3.632391
148 3.407382
149 3.090268
150 2.866206
151 2.644947
152 2.445113
153 2.217696
154 2.007705
155 1.900478
156 1.749155
157 1.614407
158 1.507662
159 1.393627
160 1.289528
161 1.198749
162 1.108907
163 1.044232
164 0.952422
165 0.877942
166 0.835859
167 0.780619
168 0.722836
169 0.677761
170 0.624390
171 0.588988
172 0.551926
173 0.517144
174 0.480644
175 0.452592
176 0.426779
177 0.398733
178 0.368107
179 0.347780
180 0.330591
181 0.311308
182 0.294912
183 0.275912
184 0.258205
185 0.244288
186 0.228680
187 0.216654
188 0.200929
189 0.189472
190 0.178276
191 0.167357
192 0.156323
193 0.147500
194 0.140614
195 0.131680
196 0.125941
197 0.117660
198 0.112137
199 0.106073
200 0.099450
201 0.094253
202 0.089691
203 0.084199
204 0.078433
205 0.074747
206 0.070379
207 0.066734
208 0.063906
209 0.059830
210 0.057419
211 0.055063
212 0.052708
213 0.049811
214 0.047234
215 0.044929
216 0.042888
217 0.041136
218 0.038743
219 0.037169
220 0.035385
221 0.033654
222 0.032067
223 0.030545
224 0.029245
225 0.027825
226 0.026593
227 0.025100
228 0.024030
229 0.023000
230 0.022084
231 0.020860
232 0.020099
233 0.019360
234 0.018464
235 0.017522
236 0.016718
237 0.016008
238 0.015449
239 0.014705
240 0.013966
241 0.013499
242 0.012980
243 0.012445
244 0.011840
245 0.011438
246 0.011037
247 0.010497
248 0.010167
249 0.009739
250 0.009347
251 0.009035
252 0.008759
253 0.008413
254 0.008014
255 0.007741
256 0.007403
257 0.007159
258 0.006901
259 0.006603
260 0.006381
261 0.006169
262 0.005862
263 0.005671
264 0.005507
265 0.005332
266 0.005154
267 0.004964
268 0.004811
269 0.004654
270 0.004497
271 0.004336
272 0.004201
273 0.004078
274 0.003946
275 0.003838
276 0.003717
277 0.003615
278 0.003515
279 0.003396
280 0.003296
281 0.003186
282 0.003102
283 0.002994
284 0.002919
285 0.002825
286 0.002750
287 0.002675
288 0.002580
289 0.002518
290 0.002423
291 0.002375
292 0.002311
293 0.002252
294 0.002194
295 0.002115
296 0.002049
297 0.001991
298 0.001942
299 0.001878
300 0.001844
301 0.001777
302 0.001747
303 0.001694
304 0.001653
305 0.001611
306 0.001571
307 0.001532
308 0.001493
309 0.001455
310 0.001414
311 0.001375
312 0.001347
313 0.001311
314 0.001280
315 0.001250
316 0.001220
317 0.001189
318 0.001154
319 0.001124
320 0.001100
321 0.001070
322 0.001049
323 0.001020
324 0.001001
325 0.000977
326 0.000956
327 0.000934
328 0.000915
329 0.000893
330 0.000874
331 0.000848
332 0.000834
333 0.000816
334 0.000799
335 0.000783
336 0.000769
337 0.000752
338 0.000736
339 0.000721
340 0.000707
341 0.000694
342 0.000677
343 0.000664
344 0.000652
345 0.000640
346 0.000628
347 0.000618
348 0.000607
349 0.000597
350 0.000586
351 0.000574
352 0.000563
353 0.000553
354 0.000543
355 0.000532
356 0.000523
357 0.000515
358 0.000506
359 0.000496
360 0.000489
361 0.000481
362 0.000471
363 0.000464
364 0.000455
365 0.000448
366 0.000439
367 0.000435
368 0.000427
369 0.000419
370 0.000413
371 0.000406
372 0.000400
373 0.000394
374 0.000388
375 0.000383
376 0.000378
377 0.000372
378 0.000367
379 0.000362
380 0.000356
381 0.000351
382 0.000347
383 0.000342
384 0.000337
385 0.000332
386 0.000328
387 0.000323
388 0.000318
389 0.000315
390 0.000311
391 0.000307
392 0.000303
393 0.000299
394 0.000295
395 0.000291
396 0.000289
397 0.000285
398 0.000282
399 0.000279
400 0.000275
401 0.000272
402 0.000269
403 0.000266
404 0.000263
405 0.000259
406 0.000257
407 0.000255
408 0.000252
409 0.000250
410 0.000247
411 0.000244
412 0.000242
413 0.000239
414 0.000237
415 0.000235
416 0.000232
417 0.000230
418 0.000228
419 0.000226
420 0.000224
421 0.000222
422 0.000220
423 0.000218
424 0.000216
425 0.000214
426 0.000212
427 0.000210
428 0.000209
429 0.000207
430 0.000206
431 0.000204
432 0.000203
433 0.000201
434 0.000199
435 0.000198
436 0.000196
437 0.000195
438 0.000194
439 0.000192
440 0.000191
441 0.000189
442 0.000188
443 0.000187
444 0.000186
445 0.000185
446 0.000183
447 0.000182
448 0.000181
449 0.000180
450 0.000179
451 0.000178
452 0.000177
453 0.000177
454 0.000176
455 0.000174
456 0.000174
457 0.000173
458 0.000172
459 0.000171
460 0.000171
461 0.000170
462 0.000169
463 0.000168
464 0.000168
465 0.000167
466 0.000166
467 0.000166
468 0.000165
469 0.000165
470 0.000164
471 0.000163
472 0.000163
473 0.000162
474 0.000162
475 0.000161
476 0.000161
477 0.000160
478 0.000160
479 0.000160
480 0.000159
481 0.000159
482 0.000159
483 0.000158
484 0.000158
485 0.000158
486 0.000157
487 0.000157
488 0.000157
489 0.000157
490 0.000157
491 0.000156
492 0.000156
493 0.000156
494 0.000156
495 0.000156
496 0.000156
497 0.000156
498 0.000156
499 0.000156
500 0.000156
