1 inf
2 inf
3 inf
4 inf
5 inf
6 inf
7 inf
8 inf
9 inf
10 inf
11 inf
12 inf
13 inf
14 inf
15 inf
16 inf
17 inf
18 inf
19 inf
20 inf
21 inf
22 inf
23 inf
24 inf
25 inf
26 inf
27 inf
28 inf
29 inf
30 inf
31 inf
32 inf
33 inf
34 inf
35 inf
36 inf
37 inf
38 inf
39 inf
40 inf
41 inf
42 inf
43 inf
44 inf
45 inf
46 inf
47 inf
48 inf
49 inf
50 inf
51 inf
52 inf
53 58011208668660888719363979448059895107894969680756831576230646146057720218418821035014026583723668676796245102790776830548328427536058102694580617859810896250056558204459345511163319608524432120973998290652313336912384766481062221328056008043679926515419178438778633977271594657934662838073969941361459200.000000
54 253237028820233537883346749719483745894076464428519935463294400634231485994089981135035668519591675498246795557522821875350591221080409024396746452454629174360304822437194532690945965840521193967469666650072034996136427480307497711371307670466169473477508398833280859881629445515116544.000000
55 7868858940869694930116355989461550639439000876586484418461938604613311719644363186624158169881381688913139156725196182366687241973020229435693349259492566220362474089317686347048433786779782960128641459377707299427554278631744991394089585850628557698346854775783424.000000
56 1583187490009651112790013983790461422223371701720056506688895837765596186920476720141698874323468846145961689449064926026803961750853779569015284296438018081750716303334605091344955997365301554226023462678888160325791561319337925915100293154040795103232.000000
57 1422421343867728516351862392505943227541780097339374700979772988349599433570018596468638773296002603930731788859344583146391016107328888854951938858665526561356040043446004402622051827783214091443637680788260763104968704.000000
58 2841354005303636658234255829693134902042221176819139216818835733152057992014966673109933060689360561985492040845925722253163819536990418553773496065873929266309679207154182219791729400951405951719965720576.000000
59 595854354063431055405736240287025728821566359835011898830898960566190012310935167569174622807949867591671348271614966949425966442428937797640574681948766289033300220207546900385614336418629908692992.000000
60 67298126404102028889815681763204785991065518500513573804081606655282934301050407146109036758245772186797616274836714049875581493103207926560782881398508509883273835550894718976.000000
61 1786675062344383535404386688266243278529825604347179791060711019669352019490834964338733644501664374394528946580460416522335312528091640289116554648136967742554112.000000
62 2738251663274552493115224087814432576749681541374538170021687502002915993960006743662381937181723762164555771776534604152387313697650900992.000000
63 8082734148155779895249306912410845977119083392799668591014267839358931315821990533482814298064202816725096476716327076622237696.000000
64 277538032708829372057722396291049286478970665452635329631127909235544904833815979038076914409179787974148096.000000
65 2678333582704713730737059469324980338774019159380365621916971012025565606576128.000000
66 1769927906138685853709650737301386595809832298710723509220278272.000000
67 567758340779084426135091810897970069504.000000
68 1368720839355015364608.000000
69 29445.714504
70 20927.037860
71 16783.308539
72 13092.810833
73 10606.414501
74 8767.289223
75 7678.237739
76 6421.590829
77 5765.229356
78 4800.061699
79 4322.229008
80 3798.493970
81 3422.952994
82 3199.297776
83 2851.246024
84 2601.325140
85 2230.678140
86 2023.115662
87 1796.506075
88 1530.116476
89 1367.384468
90 1252.089879
91 1124.340347
92 1019.949124
93 912.975406
94 829.176908
95 728.016008
96 649.408857
97 590.205391
98 513.255177
99 453.516289
100 417.367650
101 380.001246
102 347.466058
103 314.018567
104 284.218201
105 258.258839
106 230.574399
107 217.466748
108 200.532803
109 181.896683
110 164.414491
111 147.735073
112 135.059913
113 121.746418
114 110.828518
115 101.295961
116 92.579286
117 85.525309
118 76.919476
119 70.108393
120 63.462166
121 57.439445
122 53.902073
123 49.348550
124 45.672682
125 41.619368
126 38.378130
127 35.083150
128 32.369994
129 29.343002
130 26.356225
131 24.514462
132 22.539908
133 20.638533
134 18.637667
135 16.842469
136 15.418292
137 14.180595
138 12.844411
139 11.723952
140 11.001834
141 10.169842
142 9.303532
143 8.567126
144 7.858363
145 7.137757
146 6.727950
147 6.153231
148 5.725234
149 5.281420
150 4.764282
151 4.510964
152 4.159234
153 3.808751
154 3.536047
155 3.323162
156 3.091763
157 2.888609
158 2.675975
159 2.471788
160 2.303692
161 2.120676
162 1.975738
163 1.826620
164 1.714432
165 1.587613
166 1.476429
167 1.357568
168 1.258324
169 1.177365
170 1.099040
171 1.035675
172 0.942466
173 0.887562
174 0.833421
175 0.766272
176 0.727964
177 0.678408
178 0.628705
179 0.590116
180 0.554602
181 0.520188
182 0.486542
183 0.461217
184 0.430772
185 0.402210
186 0.379116
187 0.359799
188 0.334337
189 0.317385
190 0.295826
191 0.279312
192 0.260879
193 0.242009
194 0.227006
195 0.215551
196 0.203298
197 0.187700
198 0.181033
199 0.172331
200 0.163054
201 0.153940
202 0.147388
203 0.138146
204 0.130863
205 0.124396
206 0.116934
207 0.111099
208 0.105289
209 0.099334
210 0.093736
211 0.089643
212 0.084609
213 0.079687
214 0.076029
215 0.072051
216 0.068659
217 0.064986
218 0.062114
219 0.058898
220 0.055950
221 0.053076
222 0.050876
223 0.048173
224 0.046347
225 0.044123
226 0.041828
227 0.040206
228 0.038584
229 0.037097
230 0.035222
231 0.033407
232 0.032249
233 0.030802
234 0.029391
235 0.028243
236 0.027035
237 0.025659
238 0.024732
239 0.023707
240 0.022356
241 0.021399
242 0.020669
243 0.019917
244 0.019118
245 0.018317
246 0.017705
247 0.017048
248 0.016408
249 0.015707
250 0.015097
251 0.014565
252 0.014013
253 0.013488
254 0.013033
255 0.012587
256 0.012053
257 0.011607
258 0.011167
259 0.010745
260 0.010387
261 0.010022
262 0.009627
263 0.009345
264 0.008980
265 0.008734
266 0.008438
267 0.008141
268 0.007914
269 0.007585
270 0.007371
271 0.007134
272 0.006937
273 0.006726
274 0.006513
275 0.006293
276 0.006080
277 0.005883
278 0.005703
279 0.005554
280 0.005402
281 0.005239
282 0.005080
283 0.004920
284 0.004770
285 0.004617
286 0.004493
287 0.004373
288 0.004246
289 0.004128
290 0.003992
291 0.003879
292 0.003786
293 0.003695
294 0.003580
295 0.003462
296 0.003330
297 0.003272
298 0.003161
299 0.003108
300 0.003047
301 0.002969
302 0.002887
303 0.002814
304 0.002733
305 0.002661
306 0.002588
307 0.002528
308 0.002460
309 0.002391
310 0.002335
311 0.002275
312 0.002220
313 0.002165
314 0.002117
315 0.002067
316 0.002004
317 0.001968
318 0.001922
319 0.001882
320 0.001842
321 0.001787
322 0.001753
323 0.001709
324 0.001675
325 0.001635
326 0.001603
327 0.001569
328 0.001539
329 0.001504
330 0.001473
331 0.001442
332 0.001415
333 0.001385
334 0.001352
335 0.001326
336 0.001299
337 0.001274
338 0.001246
339 0.001226
340 0.001203
341 0.001174
342 0.001150
343 0.001134
344 0.001111
345 0.001088
346 0.001061
347 0.001046
348 0.001024
349 0.001004
350 0.000986
351 0.000968
352 0.000952
353 0.000935
354 0.000919
355 0.000898
356 0.000887
357 0.000873
358 0.000860
359 0.000846
360 0.000833
361 0.000818
362 0.000803
363 0.000785
364 0.000776
365 0.000761
366 0.000749
367 0.000738
368 0.000725
369 0.000715
370 0.000705
371 0.000695
372 0.000683
373 0.000674
374 0.000664
375 0.000654
376 0.000643
377 0.000635
378 0.000626
379 0.000617
380 0.000608
381 0.000599
382 0.000591
383 0.000585
384 0.000577
385 0.000569
386 0.000562
387 0.000555
388 0.000547
389 0.000541
390 0.000534
391 0.000525
392 0.000519
393 0.000512
394 0.000506
395 0.000497
396 0.000494
397 0.000488
398 0.000482
399 0.000477
400 0.000472
401 0.000465
402 0.000460
403 0.000456
404 0.000451
405 0.000446
406 0.000440
407 0.000436
408 0.000431
409 0.000427
410 0.000423
411 0.000418
412 0.000414
413 0.000411
414 0.000406
415 0.000401
416 0.000398
417 0.000394
418 0.000391
419 0.000387
420 0.000383
421 0.000380
422 0.000376
423 0.000373
424 0.000369
425 0.000367
426 0.000364
427 0.000361
428 0.000358
429 0.000356
430 0.000352
431 0.000350
432 0.000347
433 0.000345
434 0.000341
435 0.000339
436 0.000337
437 0.000335
438 0.000332
439 0.000330
440 0.000328
441 0.000326
442 0.000324
443 0.000321
444 0.000320
445 0.000318
446 0.000316
447 0.000314
448 0.000312
449 0.000310
450 0.000308
451 0.000307
452 0.000305
453 0.000304
454 0.000302
455 0.000300
456 0.000299
457 0.000297
458 0.000296
459 0.000295
460 0.000294
461 0.000292
462 0.000291
463 0.000290
464 0.000289
465 0.000288
466 0.000286
467 0.000285
468 0.000284
469 0.000283
470 0.000282
471 0.000282
472 0.000281
473 0.000280
474 0.000279
475 0.000278
476 0.000277
477 0.000277
478 0.000276
479 0.000275
480 0.000275
481 0.000274
482 0.000274
483 0.000273
484 0.000273
485 0.000272
486 0.000272
487 0.000271
488 0.000271
489 0.000271
490 0.000270
491 0.000270
492 0.000270
493 0.000270
494 0.000269
495 0.000269
496 0.000269
497 0.000269
498 0.000269
499 0.000269
500 0.000269
