1 3064342.148022
2 3089467.511102
3 3507841.383921
4 3671091.078778
5 4239783.068457
6 4568386.272887
7 4612618.381572
8 5090048.033403
9 4942428.047790
10 5305512.239778
11 5589304.375390
12 5810346.663306
13 5980820.542959
14 5832331.431179
15 6099859.462802
16 6192476.606051
17 6483394.067878
18 6314240.847942
19 6314046.837747
20 6484670.446152
21 6382020.028649
22 6511664.546335
23 6416269.462923
24 6475221.803194
25 5982699.140122
26 6066962.016560
27 5730998.948077
28 5663907.940655
29 5683190.981678
30 5366679.941530
31 5141648.080913
32 5044109.325195
33 4913167.797309
34 4618448.616087
35 4493339.939631
36 4199762.998898
37 4299356.915458
38 3809785.536014
39 3721118.814338
40 3633922.767130
41 3413104.978723
42 3323182.344452
43 3205166.716974
44 3038158.278675
45 2709142.424281
46 2755161.082212
47 2622026.353306
48 2455741.165707
49 2416340.314409
50 2302210.630351
51 2239519.124208
52 2059078.927921
53 1903852.508156
54 1740411.246418
55 1703233.466465
56 1545730.861767
57 1417148.181416
58 1381687.046502
59 1221172.243973
60 1123885.184036
61 1078602.002962
62 1046055.496003
63 976871.690362
64 846301.328795
65 808152.694771
66 749519.183193
67 701565.005160
68 624155.995083
69 556430.700908
70 524215.290538
71 500760.436140
72 469701.823148
73 428482.696258
74 398848.597666
75 366100.065279
76 333820.907979
77 304229.941302
78 272684.487821
79 246918.454943
80 221664.270361
81 198344.553010
82 186023.179568
83 163144.814086
84 149524.664163
85 140611.489797
86 127279.417767
87 117815.122990
88 104260.956265
89 96581.025420
90 86189.222653
91 77407.230788
92 68567.309736
93 61256.743447
94 56718.245569
95 49615.363727
96 45302.770669
97 41444.978877
98 37534.077379
99 31971.544920
100 29405.559267
101 26155.676364
102 23923.767016
103 21314.201899
104 19860.476240
105 17218.880390
106 15999.865535
107 14678.403021
108 13503.998354
109 11982.354407
110 10836.382023
111 9893.760559
112 8838.095162
113 8135.034022
114 7282.684333
115 6597.088613
116 5911.361513
117 5414.778201
118 5042.265448
119 4444.497466
120 4109.091783
121 3740.296586
122 3278.336582
123 2901.929047
124 2614.602479
125 2391.795622
126 2109.827586
127 1861.697443
128 1675.145613
129 1501.749178
130 1376.782117
131 1210.810124
132 1109.322602
133 1014.600631
134 901.171204
135 846.244545
136 751.573073
137 685.172884
138 607.507119
139 549.442812
140 494.356779
141 436.635602
142 385.849618
143 348.528936
144 321.646206
145 289.856547
146 267.571646
147 240.999701
148 218.114519
149 198.831074
150 182.813174
151 166.036922
152 147.764517
153 135.109486
154 120.846324
155 109.664079
156 101.507218
157 88.861694
158 80.436594
159 71.734264
160 67.410734
161 61.090265
162 56.746297
163 51.710612
164 46.914571
165 41.944371
166 36.911585
167 32.085482
168 29.888083
169 28.060085
170 25.579636
171 23.218678
172 21.096088
173 19.873503
174 18.507084
175 16.984094
176 14.997917
177 14.211360
178 13.139439
179 11.802203
180 11.018498
181 9.979354
182 9.212051
183 8.436918
184 7.649393
185 7.167438
186 6.610592
187 6.128831
188 5.510185
189 5.065360
190 4.674197
191 4.261307
192 3.981717
193 3.630201
194 3.298527
195 3.125006
196 2.843810
197 2.700194
198 2.511809
199 2.344676
200 2.201454
201 2.065148
202 1.884375
203 1.750045
204 1.626218
205 1.512026
206 1.404544
207 1.297335
208 1.208546
209 1.130216
210 1.053203
211 0.949605
212 0.875935
213 0.816747
214 0.773766
215 0.718621
216 0.664815
217 0.622408
218 0.580833
219 0.550399
220 0.509947
221 0.482316
222 0.451165
223 0.415217
224 0.390291
225 0.358525
226 0.344586
227 0.323001
228 0.301090
229 0.281957
230 0.261783
231 0.246233
232 0.232216
233 0.215892
234 0.200852
235 0.190589
236 0.178903
237 0.168770
238 0.159036
239 0.151560
240 0.143472
241 0.133805
242 0.126623
243 0.122273
244 0.113868
245 0.109431
246 0.103234
247 0.097674
248 0.090011
249 0.087121
250 0.081597
251 0.077458
252 0.072649
253 0.067847
254 0.064335
255 0.062018
256 0.058409
257 0.055597
258 0.052923
259 0.049933
260 0.047725
261 0.045208
262 0.043347
263 0.040739
264 0.038883
265 0.036863
266 0.034907
267 0.032972
268 0.031590
269 0.029956
270 0.028836
271 0.027457
272 0.025955
273 0.024359
274 0.023426
275 0.022303
276 0.020301
277 0.019601
278 0.018952
279 0.018005
280 0.017082
281 0.016269
282 0.015543
283 0.014801
284 0.014356
285 0.013703
286 0.013110
287 0.012634
288 0.012092
289 0.011656
290 0.011274
291 0.010605
292 0.010200
293 0.009787
294 0.009240
295 0.009022
296 0.008625
297 0.008315
298 0.008115
299 0.007841
300 0.007550
301 0.007312
302 0.007037
303 0.006787
304 0.006533
305 0.006297
306 0.006106
307 0.005849
308 0.005667
309 0.005457
310 0.005278
311 0.005069
312 0.004875
313 0.004708
314 0.004549
315 0.004392
316 0.004234
317 0.004103
318 0.003971
319 0.003838
320 0.003702
321 0.003586
322 0.003475
323 0.003356
324 0.003262
325 0.003164
326 0.003048
327 0.002937
328 0.002858
329 0.002754
330 0.002662
331 0.002571
332 0.002504
333 0.002422
334 0.002344
335 0.002285
336 0.002219
337 0.002148
338 0.002074
339 0.002020
340 0.001949
341 0.001906
342 0.001844
343 0.001798
344 0.001752
345 0.001708
346 0.001655
347 0.001611
348 0.001554
349 0.001509
350 0.001477
351 0.001439
352 0.001398
353 0.001365
354 0.001322
355 0.001286
356 0.001255
357 0.001220
358 0.001178
359 0.001153
360 0.001125
361 0.001097
362 0.001070
363 0.001044
364 0.001018
365 0.000995
366 0.000976
367 0.000957
368 0.000935
369 0.000919
370 0.000896
371 0.000876
372 0.000857
373 0.000834
374 0.000816
375 0.000797
376 0.000781
377 0.000765
378 0.000748
379 0.000729
380 0.000708
381 0.000696
382 0.000683
383 0.000670
384 0.000652
385 0.000641
386 0.000628
387 0.000612
388 0.000598
389 0.000588
390 0.000576
391 0.000563
392 0.000551
393 0.000540
394 0.000529
395 0.000520
396 0.000512
397 0.000503
398 0.000495
399 0.000486
400 0.000476
401 0.000467
402 0.000460
403 0.000450
404 0.000444
405 0.000433
406 0.000426
407 0.000419
408 0.000410
409 0.000403
410 0.000396
411 0.000390
412 0.000383
413 0.000378
414 0.000373
415 0.000366
416 0.000362
417 0.000357
418 0.000352
419 0.000347
420 0.000340
421 0.000336
422 0.000332
423 0.000328
424 0.000323
425 0.000319
426 0.000315
427 0.000310
428 0.000307
429 0.000303
430 0.000299
431 0.000295
432 0.000292
433 0.000289
434 0.000286
435 0.000283
436 0.000280
437 0.000277
438 0.000274
439 0.000271
440 0.000268
441 0.000266
442 0.000263
443 0.000261
444 0.000258
445 0.000255
446 0.000253
447 0.000251
448 0.000249
449 0.000247
450 0.000244
451 0.000242
452 0.000240
453 0.000238
454 0.000237
455 0.000235
456 0.000233
457 0.000231
458 0.000229
459 0.000228
460 0.000226
461 0.000225
462 0.000223
463 0.000222
464 0.000221
465 0.000219
466 0.000218
467 0.000216
468 0.000215
469 0.000214
470 0.000213
471 0.000212
472 0.000211
473 0.000210
474 0.000209
475 0.000208
476 0.000207
477 0.000206
478 0.000206
479 0.000205
480 0.000204
481 0.000203
482 0.000203
483 0.000202
484 0.000202
485 0.000201
486 0.000200
487 0.000200
488 0.000199
489 0.000199
490 0.000199
491 0.000198
492 0.000198
493 0.000198
494 0.000197
495 0.000197
496 0.000197
497 0.000197
498 0.000197
499 0.000197
500 0.000197
