1 inf
2 inf
3 inf
4 inf
5 inf
6 inf
7 inf
8 inf
9 inf
10 inf
11 inf
12 inf
13 40566568644786678670915876187664280311687045342451960768744393491974699069424825544180534023787366523113616286500941694890097697404232492061537602332016987919406018602877975713939479473142693974460221671321061780448164409174939046050059473405216774475396566636292334365248266191054379628810938071822368768.000000
14 21929154754954558579399933210960221888646537488867468296841241170962788263711364228348963863201566886213532714925388264618678792160271909883760303460938354215740324652581954066729849348393884801725850640466448299002214781610627407563156048064689958685243424285529722463228781125561665491338241071120384.000000
15 22032513167959455535758131070133982303463773982121332588634020743979165054621509758564585011091209809668738092121399143566169824115481537547484270341444931881589742113438465298258106957662428962683578419205524688916527600691487091672263723818696343161237917576438386598590189404411965733888589824.000000
16 12603310015803190540585702893609782281318818911963397378530173722726820773999358731161460398026271785741825247106880209579918329738145693630810798367755994124895609119218358946777621246102973101918538453216280686982206196415554011332355159200883355940850152543114183332485996255511576576.000000
17 922799663866194769261027725367805486381949800464635599565581711923640041780203315903188505561535861785950583645831317794198391427505401645470295924224128910429778006336760435519701768043872064333294516304478062392976473252412365772707483954683906807178194769733450490009616384.000000
18 49602327318933751370521176915191018025205270876158022738185099158260311269172447851656207600998382649665129089910635563897699251715155465172834447021612655736233461580333076247243130970338137706887355006142194605195264181684200030520638517312580075865144605954991966350475264.000000
19 198394647157935950788226524037278614618489584309838488262099971526248840467168724461140322944908195434568016303010125356236916092079724123009877012137916712232922988536159354340708679886715725133023484756663601183853286212981451113665254250903719447568719020032.000000
20 352720024931761854941030356469036355571658703050474400287484359500339486014060957910527554720020475361438248843485055179192199005046451844467822388013373868311778848689443864094018848048745103594538143889737078636764441199346245800268538963861010644992.000000
21 93786275176131789052578741048341946380706677429145935010806868681245771733477878789962986333459944254071987183743289137648159274046842539400888743338949676015104568951440113737621485130054636966194074309463137612700207457089591327866644820408664064.000000
22 1020300097798600214330039177630893540381972294605629957566715584871380850674134173435810424222050669790594935234615486905883039509733138386789087479999638464832088882576808300349472632002140120037814982730962854878364441776690001983674777600.000000
23 22639917625262144825133503414669770770977887989241856117304926016526658564629727679310241908888806402043229161449603469363851792149935129711312604931276942190668064763122695064465635701176657544140046913162951763986220721498677575680.000000
24 5165510271569855909759029247409011153864784951765255741452788915774025589120992150294105786296070190581393708907533978286470902798237603731213048283232064517518373586081321768166084766262522305780755120066538045326431132581888.000000
25 13346600280115843175959882088569181289688817567888165387634627050086502451608061368920352573590524322794114002359089680574808504686557350364511003951226045671701239612098397486866839381077025283317498934329886306729984.000000
26 3509695900849436538278744306473893584855089811168753639787790134050988836538501947696085203434767287349699596347087345485661679866797789275030050277529456982801416731556783304172096487168657794536780595200.000000
27 77083897607425136388359433009862100258592966495752899841788072817210405008190976220264496921699968400836598573107595874746571617159941421839862803313025048975869698350215634322300047077829895046299648.000000
28 1526428512093179236994657272207632126460740292448029840689189348704340012534752455421858378000598621974974387111322567681195389056085938192127212468602951610959259534420546744903810778568840970240.000000
29 32522890245082466105673333436367464177148220003946436080615158285501991508040293355988347060085434575602115181862647882091027662488521859504692482189945418358891495342248043379784513748992.000000
30 2292289872889876261212440473855812730333829055924584877101817609233664932935297454648197915840814892414816195889721339546001203167895328912787805065028445585706997540301972147535872.000000
31 130118210812833134100791111920919003694783714616538697192345064176028661729897421107687901602385813778720799448656896506349880139032917376769100369891420122714522425447415808.000000
32 66219000848991687215064684354055772047079645307337869637796961881500730233035005490737670403618036692801629310949910178330909044557742993893382444375559110656.000000
33 61754943446848860769531427359859875047449178906048492556255892443072280026669272600863152697620123932641429541458110092958081982072372735193671179735924736.000000
34 1239405640305819354583834462187707966235323568858855959217887714473467504837436973993165947927625670507737308071740572896638753843321015896113152.000000
35 3456322215329681103541550669100842293537606254180772667609379524397199998944755543661233252466384635590195685300283460511003345799872512.000000
36 92690714113835574351259091109780484601790868891676440119515889466917718666027265006087770732092588888193183462572050094227456.000000
37 13353953348043064198445729731426378468933471858772520972666932707753464952329210781295980208592704692958493933568.000000
38 2715276726567377042086511577667864644915680210347073476351121762700681344734263972504865882228287246172160.000000
39 411011533972726170196153153340732320897047952839928092043037053760298927234329714411431780147338936320.000000
40 17118204975224875204375640163808005479719389458814111675070514282889514228594407710241325056.000000
41 985524088894518021434350467646401868663309048499542077842308551370622744058134528.000000
42 233737171011688853037690802340482309498527477318330882480826675256885248.000000
43 216758602987146098446159163583416439293041851850334538589370580992.000000
44 35528561093736235785436035582812093315674458292224.000000
45 51526867977649309267072809338837650271895552.000000
46 1558621965421070356282831322218496.000000
47 48730607161197304.000000
48 2216157.817084
49 3717.860760
50 2579.617067
51 2106.796007
52 1815.862767
53 1347.253093
54 1277.432153
55 1074.219663
56 939.671931
57 780.558870
58 700.289585
59 575.864505
60 503.489994
61 440.078719
62 411.706049
63 368.522856
64 314.001995
65 282.643688
66 252.178215
67 224.371179
68 195.735052
69 174.812931
70 151.256963
71 132.482252
72 117.112527
73 103.311508
74 92.404701
75 85.378705
76 76.651901
77 69.119901
78 60.977415
79 56.541527
80 49.822327
81 44.980894
82 39.559846
83 34.109285
84 30.852553
85 27.826862
86 23.826473
87 20.874452
88 19.557544
89 17.578364
90 15.763945
91 14.083567
92 12.253632
93 10.981120
94 9.715659
95 8.542764
96 7.542504
97 6.710460
98 5.986060
99 5.229876
100 4.803568
101 4.308816
102 3.877244
103 3.367914
104 3.027424
105 2.630409
106 2.359475
107 2.163826
108 1.932662
109 1.708182
110 1.462270
111 1.361657
112 1.195543
113 1.059160
114 0.954409
115 0.860157
116 0.757241
117 0.706846
118 0.617860
119 0.559351
120 0.498119
121 0.443095
122 0.395336
123 0.359675
124 0.323153
125 0.284177
126 0.250168
127 0.230887
128 0.202693
129 0.185158
130 0.162992
131 0.144960
132 0.131085
133 0.117205
134 0.105710
135 0.094651
136 0.086926
137 0.076883
138 0.068142
139 0.062464
140 0.055325
141 0.049408
142 0.045182
143 0.040332
144 0.035707
145 0.031390
146 0.029072
147 0.025935
148 0.023316
149 0.021172
150 0.019338
151 0.017332
152 0.015680
153 0.014174
154 0.012913
155 0.011600
156 0.010595
157 0.009531
158 0.008677
159 0.007908
160 0.007141
161 0.006607
162 0.005925
163 0.005358
164 0.004846
165 0.004461
166 0.004065
167 0.003729
168 0.003418
169 0.003144
170 0.002842
171 0.002629
172 0.002393
173 0.002200
174 0.001978
175 0.001844
176 0.001711
177 0.001564
178 0.001438
179 0.001291
180 0.001199
181 0.001111
182 0.000991
183 0.000929
184 0.000836
185 0.000765
186 0.000705
187 0.000650
188 0.000607
189 0.000564
190 0.000516
191 0.000480
192 0.000442
193 0.000411
194 0.000380
195 0.000355
196 0.000317
197 0.000299
198 0.000273
199 0.000243
200 0.000231
201 0.000209
202 0.000198
203 0.000182
204 0.000168
205 0.000156
206 0.000145
207 0.000134
208 0.000125
209 0.000116
210 0.000109
211 0.000101
212 0.000094
213 0.000087
214 0.000080
215 0.000076
216 0.000071
217 0.000066
218 0.000062
219 0.000058
220 0.000054
221 0.000050
222 0.000047
223 0.000044
224 0.000042
225 0.000039
226 0.000036
227 0.000034
228 0.000032
229 0.000030
230 0.000029
231 0.000027
232 0.000025
233 0.000024
234 0.000022
235 0.000021
236 0.000020
237 0.000019
238 0.000018
239 0.000017
240 0.000016
241 0.000015
242 0.000014
243 0.000014
244 0.000013
245 0.000012
246 0.000012
247 0.000011
248 0.000010
249 0.000010
250 0.000009
251 0.000009
252 0.000008
253 0.000008
254 0.000008
255 0.000007
256 0.000007
257 0.000007
258 0.000006
259 0.000006
260 0.000006
261 0.000005
262 0.000005
263 0.000005
264 0.000005
265 0.000004
266 0.000004
267 0.000004
268 0.000004
269 0.000004
270 0.000004
271 0.000003
272 0.000003
273 0.000003
274 0.000003
275 0.000003
276 0.000003
277 0.000003
278 0.000002
279 0.000002
280 0.000002
281 0.000002
282 0.000002
283 0.000002
284 0.000002
285 0.000002
286 0.000002
287 0.000002
288 0.000002
289 0.000002
290 0.000002
291 0.000001
292 0.000001
293 0.000001
294 0.000001
295 0.000001
296 0.000001
297 0.000001
298 0.000001
299 0.000001
300 0.000001
301 0.000001
302 0.000001
303 0.000001
304 0.000001
305 0.000001
306 0.000001
307 0.000001
308 0.000001
309 0.000001
310 0.000001
311 0.000001
312 0.000001
313 0.000001
314 0.000001
315 0.000001
316 0.000001
317 0.000001
318 0.000001
319 0.000001
320 0.000001
321 0.000001
322 0.000000
323 0.000000
324 0.000000
325 0.000000
326 0.000000
327 0.000000
328 0.000000
329 0.000000
330 0.000000
331 0.000000
332 0.000000
333 0.000000
334 0.000000
335 0.000000
336 0.000000
337 0.000000
338 0.000000
339 0.000000
340 0.000000
341 0.000000
342 0.000000
343 0.000000
344 0.000000
345 0.000000
346 0.000000
347 0.000000
348 0.000000
349 0.000000
350 0.000000
351 0.000000
352 0.000000
353 0.000000
354 0.000000
355 0.000000
356 0.000000
357 0.000000
358 0.000000
359 0.000000
360 0.000000
361 0.000000
362 0.000000
363 0.000000
364 0.000000
365 0.000000
366 0.000000
367 0.000000
368 0.000000
369 0.000000
370 0.000000
371 0.000000
372 0.000000
373 0.000000
374 0.000000
375 0.000000
376 0.000000
377 0.000000
378 0.000000
379 0.000000
380 0.000000
381 0.000000
382 0.000000
383 0.000000
384 0.000000
385 0.000000
386 0.000000
387 0.000000
388 0.000000
389 0.000000
390 0.000000
391 0.000000
392 0.000000
393 0.000000
394 0.000000
395 0.000000
396 0.000000
397 0.000000
398 0.000000
399 0.000000
400 0.000000
401 0.000000
402 0.000000
403 0.000000
404 0.000000
405 0.000000
406 0.000000
407 0.000000
408 0.000000
409 0.000000
410 0.000000
411 0.000000
412 0.000000
413 0.000000
414 0.000000
415 0.000000
416 0.000000
417 0.000000
418 0.000000
419 0.000000
420 0.000000
421 0.000000
422 0.000000
423 0.000000
424 0.000000
425 0.000000
426 0.000000
427 0.000000
428 0.000000
429 0.000000
430 0.000000
431 0.000000
432 0.000000
433 0.000000
434 0.000000
435 0.000000
436 0.000000
437 0.000000
438 0.000000
439 0.000000
440 0.000000
441 0.000000
442 0.000000
443 0.000000
444 0.000000
445 0.000000
446 0.000000
447 0.000000
448 0.000000
449 0.000000
450 0.000000
451 0.000000
452 0.000000
453 0.000000
454 0.000000
455 0.000000
456 0.000000
457 0.000000
458 0.000000
459 0.000000
460 0.000000
461 0.000000
462 0.000000
463 0.000000
464 0.000000
465 0.000000
466 0.000000
467 0.000000
468 0.000000
469 0.000000
470 0.000000
471 0.000000
472 0.000000
473 0.000000
474 0.000000
475 0.000000
476 0.000000
477 0.000000
478 0.000000
479 0.000000
480 0.000000
481 0.000000
482 0.000000
483 0.000000
484 0.000000
485 0.000000
486 0.000000
487 0.000000
488 0.000000
489 0.000000
490 0.000000
491 0.000000
492 0.000000
493 0.000000
494 0.000000
495 0.000000
496 0.000000
497 0.000000
498 0.000000
499 0.000000
500 0.000000
