1 1527265.174284
2 1681921.466699
3 1717688.913301
4 1904977.164783
5 1862420.472790
6 2124637.673110
7 2062278.857220
8 2234579.049390
9 2374244.907748
10 2299152.466134
11 2313324.042666
12 2325547.391983
13 2237041.196751
14 2314864.633697
15 2341920.270420
16 2354389.793345
17 2272305.182646
18 2200966.990884
19 2179599.923514
20 2130092.117540
21 2090690.733318
22 1959046.657829
23 1839822.890549
24 1793134.815836
25 1648292.980525
26 1659390.270296
27 1534037.379669
28 1463008.446642
29 1294574.169917
30 1339499.496970
31 1386468.175639
32 1338007.700189
33 1343215.638975
34 1367481.389586
35 1414740.723725
36 1215417.329904
37 1286014.169786
38 1161404.093783
39 1080083.401748
40 1124306.553224
41 1073465.987175
42 1026688.841990
43 988040.495533
44 950420.938448
45 887267.097677
46 848020.637629
47 835204.359827
48 689446.629656
49 584902.214431
50 585516.130310
51 513786.067011
52 471350.957772
53 497155.859432
54 473451.489293
55 443467.602711
56 388419.092327
57 362447.540584
58 299876.788467
59 249467.194775
60 230703.318214
61 233603.807811
62 211574.028085
63 200311.927560
64 160963.061781
65 146398.045685
66 142860.348602
67 135144.552275
68 119545.502804
69 114001.598530
70 98806.638586
71 79967.565285
72 76956.342672
73 69851.332261
74 57930.257922
75 57794.541277
76 52219.566705
77 43537.115969
78 42157.793924
79 41274.896481
80 40046.317602
81 31739.696086
82 33181.277607
83 28891.233949
84 30596.885748
85 28382.891886
86 27397.345731
87 26090.685814
88 24656.414018
89 21633.160980
90 18021.487884
91 16440.321090
92 15434.254554
93 13593.127594
94 13028.644506
95 11659.688366
96 11761.461353
97 10312.042636
98 8355.537751
99 8009.816297
100 7272.326966
101 6192.058846
102 5891.986125
103 5212.867484
104 4696.391656
105 4023.289663
106 3782.617295
107 3256.578002
108 3330.801765
109 2886.338982
110 2436.411510
111 2222.181189
112 2089.462683
113 1791.048443
114 1762.508193
115 1714.094280
116 1542.954489
117 1435.349431
118 1252.437335
119 1111.502295
120 915.940120
121 823.786793
122 765.839756
123 632.385895
124 603.935673
125 542.815149
126 493.764519
127 435.694865
128 389.828790
129 330.991923
130 300.487370
131 252.153832
132 229.252169
133 190.484603
134 171.990103
135 150.060388
136 129.630200
137 122.382660
138 117.323322
139 112.588002
140 98.222161
141 90.882799
142 75.729811
143 73.827504
144 63.587200
145 51.571138
146 49.901603
147 43.537052
148 35.126456
149 30.388157
150 27.534659
151 27.105436
152 24.982298
153 21.240676
154 18.413000
155 16.927037
156 15.014992
157 12.270251
158 10.861541
159 9.997296
160 9.232454
161 8.062867
162 6.812431
163 6.415542
164 5.376491
165 4.855782
166 4.291813
167 3.815694
168 3.154710
169 2.728267
170 2.558735
171 2.307175
172 2.098933
173 1.774497
174 1.707971
175 1.586702
176 1.372215
177 1.266595
178 1.120284
179 1.007724
180 0.884760
181 0.784177
182 0.713405
183 0.664627
184 0.585577
185 0.549925
186 0.467965
187 0.431325
188 0.391479
189 0.351440
190 0.327712
191 0.290071
192 0.272613
193 0.252787
194 0.237961
195 0.205607
196 0.183721
197 0.166342
198 0.156090
199 0.147736
200 0.127117
201 0.119220
202 0.105043
203 0.097721
204 0.090162
205 0.082825
206 0.073917
207 0.068373
208 0.060885
209 0.055027
210 0.049012
211 0.044678
212 0.040709
213 0.035332
214 0.030931
215 0.029273
216 0.026674
217 0.023867
218 0.021692
219 0.019832
220 0.018846
221 0.017077
222 0.015854
223 0.013652
224 0.012155
225 0.011506
226 0.010652
227 0.009792
228 0.009168
229 0.008030
230 0.007708
231 0.006871
232 0.006612
233 0.006110
234 0.005475
235 0.004890
236 0.004484
237 0.004137
238 0.003845
239 0.003459
240 0.003162
241 0.002893
242 0.002677
243 0.002426
244 0.002278
245 0.002101
246 0.002003
247 0.001866
248 0.001761
249 0.001601
250 0.001507
251 0.001409
252 0.001283
253 0.001210
254 0.001144
255 0.001080
256 0.001023
257 0.000958
258 0.000862
259 0.000784
260 0.000722
261 0.000652
262 0.000622
263 0.000581
264 0.000548
265 0.000501
266 0.000447
267 0.000420
268 0.000398
269 0.000382
270 0.000356
271 0.000338
272 0.000323
273 0.000299
274 0.000270
275 0.000257
276 0.000237
277 0.000224
278 0.000214
279 0.000198
280 0.000183
281 0.000171
282 0.000154
283 0.000147
284 0.000136
285 0.000128
286 0.000120
287 0.000105
288 0.000102
289 0.000096
290 0.000090
291 0.000083
292 0.000078
293 0.000075
294 0.000071
295 0.000066
296 0.000062
297 0.000059
298 0.000054
299 0.000051
300 0.000049
301 0.000046
302 0.000043
303 0.000040
304 0.000038
305 0.000037
306 0.000035
307 0.000033
308 0.000032
309 0.000030
310 0.000028
311 0.000027
312 0.000026
313 0.000024
314 0.000023
315 0.000022
316 0.000021
317 0.000020
318 0.000020
319 0.000019
320 0.000018
321 0.000017
322 0.000017
323 0.000016
324 0.000015
325 0.000015
326 0.000014
327 0.000014
328 0.000013
329 0.000012
330 0.000012
331 0.000011
332 0.000011
333 0.000010
334 0.000010
335 0.000009
336 0.000009
337 0.000009
338 0.000008
339 0.000008
340 0.000008
341 0.000007
342 0.000007
343 0.000007
344 0.000007
345 0.000006
346 0.000006
347 0.000006
348 0.000006
349 0.000006
350 0.000006
351 0.000005
352 0.000005
353 0.000005
354 0.000005
355 0.000005
356 0.000005
357 0.000004
358 0.000004
359 0.000004
360 0.000004
361 0.000004
362 0.000004
363 0.000004
364 0.000004
365 0.000004
366 0.000003
367 0.000003
368 0.000003
369 0.000003
370 0.000003
371 0.000003
372 0.000003
373 0.000003
374 0.000003
375 0.000003
376 0.000003
377 0.000002
378 0.000002
379 0.000002
380 0.000002
381 0.000002
382 0.000002
383 0.000002
384 0.000002
385 0.000002
386 0.000002
387 0.000002
388 0.000002
389 0.000002
390 0.000002
391 0.000002
392 0.000002
393 0.000002
394 0.000002
395 0.000002
396 0.000002
397 0.000002
398 0.000002
399 0.000001
400 0.000001
401 0.000001
402 0.000001
403 0.000001
404 0.000001
405 0.000001
406 0.000001
407 0.000001
408 0.000001
409 0.000001
410 0.000001
411 0.000001
412 0.000001
413 0.000001
414 0.000001
415 0.000001
416 0.000001
417 0.000001
418 0.000001
419 0.000001
420 0.000001
421 0.000001
422 0.000001
423 0.000001
424 0.000001
425 0.000001
426 0.000001
427 0.000001
428 0.000001
429 0.000001
430 0.000001
431 0.000001
432 0.000001
433 0.000001
434 0.000001
435 0.000001
436 0.000001
437 0.000001
438 0.000001
439 0.000001
440 0.000001
441 0.000001
442 0.000001
443 0.000001
444 0.000001
445 0.000001
446 0.000001
447 0.000001
448 0.000001
449 0.000001
450 0.000001
451 0.000001
452 0.000001
453 0.000001
454 0.000001
455 0.000001
456 0.000001
457 0.000001
458 0.000001
459 0.000001
460 0.000001
461 0.000001
462 0.000001
463 0.000001
464 0.000001
465 0.000001
466 0.000001
467 0.000001
468 0.000001
469 0.000001
470 0.000001
471 0.000001
472 0.000001
473 0.000001
474 0.000001
475 0.000001
476 0.000001
477 0.000001
478 0.000001
479 0.000001
480 0.000001
481 0.000001
482 0.000001
483 0.000001
484 0.000001
485 0.000001
486 0.000001
487 0.000001
488 0.000001
489 0.000001
490 0.000001
491 0.000001
492 0.000001
493 0.000001
494 0.000001
495 0.000000
496 0.000000
497 0.000000
498 0.000000
499 0.000000
500 0.000000
