1 1452005.308456
2 1595328.637051
3 1724319.769105
4 1889432.569694
5 1951122.348208
6 2027650.235145
7 1968833.110845
8 1943303.136553
9 2064265.362787
10 2070456.696390
11 1932164.317227
12 1946615.363177
13 1812510.255124
14 1848310.036621
15 1695322.087188
16 1726948.048302
17 1631624.436133
18 1536954.387326
19 1535814.547327
20 1444287.968830
21 1408249.409324
22 1337135.586366
23 1284017.939782
24 1247744.717191
25 1224926.587185
26 1174689.241970
27 1126972.803293
28 1049715.315183
29 879379.257963
30 816223.409744
31 763364.541097
32 682487.963904
33 621277.872179
34 612238.084722
35 606983.537784
36 562147.768602
37 486911.039962
38 461280.153726
39 391929.264163
40 378096.504979
41 346141.851881
42 321094.746351
43 289778.982356
44 255977.884797
45 230957.397723
46 206482.129492
47 182438.611390
48 158440.606817
49 152851.748246
50 135993.620349
51 123959.191319
52 110720.301556
53 97297.655827
54 80731.787276
55 73073.663951
56 67411.786573
57 59323.183429
58 51784.731663
59 47846.211621
60 43391.591269
61 39998.372916
62 36904.749821
63 34381.790857
64 31459.933154
65 28313.255077
66 25131.466298
67 22509.679595
68 19295.185263
69 17809.417221
70 15815.296440
71 14233.246587
72 12407.041262
73 10564.591189
74 9468.192393
75 8496.114972
76 7442.572138
77 6722.851721
78 6110.535129
79 5035.778420
80 4552.177092
81 4076.833933
82 3257.768450
83 3100.038121
84 2783.223242
85 2342.455249
86 2039.823259
87 1836.459796
88 1605.737994
89 1358.161940
90 1151.102435
91 1029.784391
92 910.882227
93 733.047588
94 650.892067
95 587.901624
96 506.836478
97 441.438430
98 398.983732
99 331.395797
100 282.582154
101 218.194248
102 198.334513
103 165.911436
104 138.986388
105 120.975750
106 104.971492
107 85.638798
108 75.206787
109 67.467203
110 57.776708
111 49.078281
112 43.022239
113 35.634846
114 30.731500
115 27.038042
116 23.981903
117 20.896958
118 17.710980
119 16.000619
120 13.826148
121 11.513831
122 10.219162
123 9.188786
124 7.552857
125 6.730404
126 5.747069
127 5.016322
128 4.257238
129 3.778452
130 3.397770
131 2.946462
132 2.539110
133 2.168256
134 1.868830
135 1.598827
136 1.450418
137 1.294567
138 1.150203
139 0.980883
140 0.834619
141 0.738225
142 0.648100
143 0.562466
144 0.505030
145 0.445556
146 0.404450
147 0.366168
148 0.322904
149 0.279640
150 0.245093
151 0.227199
152 0.194026
153 0.170687
154 0.153658
155 0.136775
156 0.121276
157 0.103174
158 0.091695
159 0.081478
160 0.072904
161 0.061445
162 0.055268
163 0.048889
164 0.044097
165 0.039501
166 0.034552
167 0.031936
168 0.028225
169 0.025546
170 0.023043
171 0.020322
172 0.018190
173 0.016119
174 0.014529
175 0.012641
176 0.011456
177 0.009722
178 0.008998
179 0.008100
180 0.007205
181 0.006358
182 0.005718
183 0.005167
184 0.004550
185 0.004098
186 0.003775
187 0.003398
188 0.003098
189 0.002747
190 0.002465
191 0.002201
192 0.001987
193 0.001768
194 0.001696
195 0.001515
196 0.001360
197 0.001241
198 0.001117
199 0.001016
200 0.000925
201 0.000822
202 0.000724
203 0.000688
204 0.000616
205 0.000562
206 0.000509
207 0.000465
208 0.000426
209 0.000383
210 0.000346
211 0.000321
212 0.000293
213 0.000267
214 0.000249
215 0.000227
216 0.000206
217 0.000184
218 0.000173
219 0.000158
220 0.000142
221 0.000132
222 0.000121
223 0.000111
224 0.000102
225 0.000095
226 0.000087
227 0.000081
228 0.000073
229 0.000068
230 0.000062
231 0.000057
232 0.000053
233 0.000049
234 0.000045
235 0.000042
236 0.000039
237 0.000036
238 0.000034
239 0.000032
240 0.000030
241 0.000028
242 0.000026
243 0.000024
244 0.000022
245 0.000021
246 0.000020
247 0.000018
248 0.000017
249 0.000016
250 0.000014
251 0.000014
252 0.000013
253 0.000012
254 0.000011
255 0.000010
256 0.000010
257 0.000009
258 0.000008
259 0.000008
260 0.000007
261 0.000007
262 0.000006
263 0.000006
264 0.000006
265 0.000005
266 0.000005
267 0.000005
268 0.000004
269 0.000004
270 0.000004
271 0.000004
272 0.000003
273 0.000003
274 0.000003
275 0.000003
276 0.000003
277 0.000002
278 0.000002
279 0.000002
280 0.000002
281 0.000002
282 0.000002
283 0.000002
284 0.000002
285 0.000002
286 0.000002
287 0.000001
288 0.000001
289 0.000001
290 0.000001
291 0.000001
292 0.000001
293 0.000001
294 0.000001
295 0.000001
296 0.000001
297 0.000001
298 0.000001
299 0.000001
300 0.000001
301 0.000001
302 0.000001
303 0.000001
304 0.000001
305 0.000001
306 0.000001
307 0.000001
308 0.000000
309 0.000000
310 0.000000
311 0.000000
312 0.000000
313 0.000000
314 0.000000
315 0.000000
316 0.000000
317 0.000000
318 0.000000
319 0.000000
320 0.000000
321 0.000000
322 0.000000
323 0.000000
324 0.000000
325 0.000000
326 0.000000
327 0.000000
328 0.000000
329 0.000000
330 0.000000
331 0.000000
332 0.000000
333 0.000000
334 0.000000
335 0.000000
336 0.000000
337 0.000000
338 0.000000
339 0.000000
340 0.000000
341 0.000000
342 0.000000
343 0.000000
344 0.000000
345 0.000000
346 0.000000
347 0.000000
348 0.000000
349 0.000000
350 0.000000
351 0.000000
352 0.000000
353 0.000000
354 0.000000
355 0.000000
356 0.000000
357 0.000000
358 0.000000
359 0.000000
360 0.000000
361 0.000000
362 0.000000
363 0.000000
364 0.000000
365 0.000000
366 0.000000
367 0.000000
368 0.000000
369 0.000000
370 0.000000
371 0.000000
372 0.000000
373 0.000000
374 0.000000
375 0.000000
376 0.000000
377 0.000000
378 0.000000
379 0.000000
380 0.000000
381 0.000000
382 0.000000
383 0.000000
384 0.000000
385 0.000000
386 0.000000
387 0.000000
388 0.000000
389 0.000000
390 0.000000
391 0.000000
392 0.000000
393 0.000000
394 0.000000
395 0.000000
396 0.000000
397 0.000000
398 0.000000
399 0.000000
400 0.000000
401 0.000000
402 0.000000
403 0.000000
404 0.000000
405 0.000000
406 0.000000
407 0.000000
408 0.000000
409 0.000000
410 0.000000
411 0.000000
412 0.000000
413 0.000000
414 0.000000
415 0.000000
416 0.000000
417 0.000000
418 0.000000
419 0.000000
420 0.000000
421 0.000000
422 0.000000
423 0.000000
424 0.000000
425 0.000000
426 0.000000
427 0.000000
428 0.000000
429 0.000000
430 0.000000
431 0.000000
432 0.000000
433 0.000000
434 0.000000
435 0.000000
436 0.000000
437 0.000000
438 0.000000
439 0.000000
440 0.000000
441 0.000000
442 0.000000
443 0.000000
444 0.000000
445 0.000000
446 0.000000
447 0.000000
448 0.000000
449 0.000000
450 0.000000
451 0.000000
452 0.000000
453 0.000000
454 0.000000
455 0.000000
456 0.000000
457 0.000000
458 0.000000
459 0.000000
460 0.000000
461 0.000000
462 0.000000
463 0.000000
464 0.000000
465 0.000000
466 0.000000
467 0.000000
468 0.000000
469 0.000000
470 0.000000
471 0.000000
472 0.000000
473 0.000000
474 0.000000
475 0.000000
476 0.000000
477 0.000000
478 0.000000
479 0.000000
480 0.000000
481 0.000000
482 0.000000
483 0.000000
484 0.000000
485 0.000000
486 0.000000
487 0.000000
488 0.000000
489 0.000000
490 0.000000
491 0.000000
492 0.000000
493 0.000000
494 0.000000
495 0.000000
496 0.000000
497 0.000000
498 0.000000
499 0.000000
500 0.000000
