1 1000000000000000019884624838656.000000
2 1000000000000000019884624838656.000000
3 1000000000000000019884624838656.000000
4 1000000000000000019884624838656.000000
5 5332707.692664
6 5332707.692664
7 5332707.692664
8 5332707.692664
9 5332707.692664
10 8967225.043633
11 8967225.043633
12 8967225.043633
13 8967225.043633
14 8967225.043633
15 13810262.083570
16 13810262.083570
17 13810262.083570
18 13810262.083570
19 13810262.083570
20 18182203.099127
21 18182203.099127
22 18182203.099127
23 18182203.099127
24 18182203.099127
25 17808691.634573
26 17808691.634573
27 17808691.634573
28 17808691.634573
29 17808691.634573
30 19786987.327353
31 19786987.327353
32 19786987.327353
33 19786987.327353
34 19786987.327353
35 23419373.960761
36 23419373.960761
37 23419373.960761
38 23419373.960761
39 23419373.960761
40 29201498.231543
41 29201498.231543
42 29201498.231543
43 29201498.231543
44 29201498.231543
45 30372614.956638
46 30372614.956638
47 30372614.956638
48 30372614.956638
49 30372614.956638
50 28001620.385742
51 28001620.385742
52 28001620.385742
53 28001620.385742
54 28001620.385742
55 24274140.327804
56 24274140.327804
57 24274140.327804
58 24274140.327804
59 24274140.327804
60 24602666.811711
61 24602666.811711
62 24602666.811711
63 24602666.811711
64 24602666.811711
65 23779548.737464
66 23779548.737464
67 23779548.737464
68 23779548.737464
69 23779548.737464
70 21824639.208641
71 21824639.208641
72 21824639.208641
73 21824639.208641
74 21824639.208641
75 19212147.699315
76 19212147.699315
77 19212147.699315
78 19212147.699315
79 19212147.699315
80 15822085.777246
81 15822085.777246
82 15822085.777246
83 15822085.777246
84 15822085.777246
85 13336916.809867
86 13336916.809867
87 13336916.809867
88 13336916.809867
89 13336916.809867
90 8834975.427791
91 8834975.427791
92 8834975.427791
93 8834975.427791
94 8834975.427791
95 7515607.270612
96 7515607.270612
97 7515607.270612
98 7515607.270612
99 7515607.270612
100 5789185.207718
101 5789185.207718
102 5789185.207718
103 5789185.207718
104 5789185.207718
105 4631299.786232
106 4631299.786232
107 4631299.786232
108 4631299.786232
109 4631299.786232
110 3809989.675300
111 3809989.675300
112 3809989.675300
113 3809989.675300
114 3809989.675300
115 2942696.343471
116 2942696.343471
117 2942696.343471
118 2942696.343471
119 2942696.343471
120 2441538.287369
121 2441538.287369
122 2441538.287369
123 2441538.287369
124 2441538.287369
125 1710374.003346
126 1710374.003346
127 1710374.003346
128 1710374.003346
129 1710374.003346
130 1376276.467449
131 1376276.467449
132 1376276.467449
133 1376276.467449
134 1376276.467449
135 1014000.819884
136 1014000.819884
137 1014000.819884
138 1014000.819884
139 1014000.819884
140 795779.986021
141 795779.986021
142 795779.986021
143 795779.986021
144 795779.986021
145 532478.268433
146 532478.268433
147 532478.268433
148 532478.268433
149 532478.268433
150 364829.003798
151 364829.003798
152 364829.003798
153 364829.003798
154 364829.003798
155 265952.706482
156 265952.706482
157 265952.706482
158 265952.706482
159 265952.706482
160 196696.642851
161 196696.642851
162 196696.642851
163 196696.642851
164 196696.642851
165 153357.234197
166 153357.234197
167 153357.234197
168 153357.234197
169 153357.234197
170 111024.077307
171 111024.077307
172 111024.077307
173 111024.077307
174 111024.077307
175 90346.636364
176 90346.636364
177 90346.636364
178 90346.636364
179 90346.636364
180 60321.163532
181 60321.163532
182 60321.163532
183 60321.163532
184 60321.163532
185 39221.388851
186 39221.388851
187 39221.388851
188 39221.388851
189 39221.388851
190 26517.559268
191 26517.559268
192 26517.559268
193 26517.559268
194 26517.559268
195 18662.451145
196 18662.451145
197 18662.451145
198 18662.451145
199 18662.451145
200 13631.688896
201 13631.688896
202 13631.688896
203 13631.688896
204 13631.688896
205 9959.808439
206 9959.808439
207 9959.808439
208 9959.808439
209 9959.808439
210 7325.822331
211 7325.822331
212 7325.822331
213 7325.822331
214 7325.822331
215 4863.753474
216 4863.753474
217 4863.753474
218 4863.753474
219 4863.753474
220 3548.935344
221 3548.935344
222 3548.935344
223 3548.935344
224 3548.935344
225 2253.969958
226 2253.969958
227 2253.969958
228 2253.969958
229 2253.969958
230 1560.337235
231 1560.337235
232 1560.337235
233 1560.337235
234 1560.337235
235 1061.247759
236 1061.247759
237 1061.247759
238 1061.247759
239 1061.247759
240 782.113113
241 782.113113
242 782.113113
243 782.113113
244 782.113113
245 560.080414
246 560.080414
247 560.080414
248 560.080414
249 560.080414
250 400.938228
251 400.938228
252 400.938228
253 400.938228
254 400.938228
255 289.798197
256 289.798197
257 289.798197
258 289.798197
259 289.798197
260 200.240223
261 200.240223
262 200.240223
263 200.240223
264 200.240223
265 146.409750
266 146.409750
267 146.409750
268 146.409750
269 146.409750
270 99.975983
271 99.975983
272 99.975983
273 99.975983
274 99.975983
275 72.524361
276 72.524361
277 72.524361
278 72.524361
279 72.524361
280 51.372185
281 51.372185
282 51.372185
283 51.372185
284 51.372185
285 33.103891
286 33.103891
287 33.103891
288 33.103891
289 33.103891
290 24.489352
291 24.489352
292 24.489352
293 24.489352
294 24.489352
295 17.448830
296 17.448830
297 17.448830
298 17.448830
299 17.448830
300 12.197782
301 12.197782
302 12.197782
303 12.197782
304 12.197782
305 8.969282
306 8.969282
307 8.969282
308 8.969282
309 8.969282
310 6.318572
311 6.318572
312 6.318572
313 6.318572
314 6.318572
315 4.516684
316 4.516684
317 4.516684
318 4.516684
319 4.516684
320 3.528617
321 3.528617
322 3.528617
323 3.528617
324 3.528617
325 2.461603
326 2.461603
327 2.461603
328 2.461603
329 2.461603
330 1.803391
331 1.803391
332 1.803391
333 1.803391
334 1.803391
335 1.383249
336 1.383249
337 1.383249
338 1.383249
339 1.383249
340 1.055187
341 1.055187
342 1.055187
343 1.055187
344 1.055187
345 0.812575
346 0.812575
347 0.812575
348 0.812575
349 0.812575
350 0.593835
351 0.593835
352 0.593835
353 0.593835
354 0.593835
355 0.462323
356 0.462323
357 0.462323
358 0.462323
359 0.462323
360 0.346920
361 0.346920
362 0.346920
363 0.346920
364 0.346920
365 0.258042
366 0.258042
367 0.258042
368 0.258042
369 0.258042
370 0.189055
371 0.189055
372 0.189055
373 0.189055
374 0.189055
375 0.136858
376 0.136858
377 0.136858
378 0.136858
379 0.136858
380 0.103143
381 0.103143
382 0.103143
383 0.103143
384 0.103143
385 0.077843
386 0.077843
387 0.077843
388 0.077843
389 0.077843
390 0.058923
391 0.058923
392 0.058923
393 0.058923
394 0.058923
395 0.046419
396 0.046419
397 0.046419
398 0.046419
399 0.046419
400 0.036573
401 0.036573
402 0.036573
403 0.036573
404 0.036573
405 0.027006
406 0.027006
407 0.027006
408 0.027006
409 0.027006
410 0.020670
411 0.020670
412 0.020670
413 0.020670
414 0.020670
415 0.016129
416 0.016129
417 0.016129
418 0.016129
419 0.016129
420 0.012669
421 0.012669
422 0.012669
423 0.012669
424 0.012669
425 0.009822
426 0.009822
427 0.009822
428 0.009822
429 0.009822
430 0.007612
431 0.007612
432 0.007612
433 0.007612
434 0.007612
435 0.005972
436 0.005972
437 0.005972
438 0.005972
439 0.005972
440 0.004701
441 0.004701
442 0.004701
443 0.004701
444 0.004701
445 0.003707
446 0.003707
447 0.003707
448 0.003707
449 0.003707
450 0.002933
451 0.002933
452 0.002933
453 0.002933
454 0.002933
455 0.002317
456 0.002317
457 0.002317
458 0.002317
459 0.002317
460 0.001835
461 0.001835
462 0.001835
463 0.001835
464 0.001835
465 0.001456
466 0.001456
467 0.001456
468 0.001456
469 0.001456
470 0.001162
471 0.001162
472 0.001162
473 0.001162
474 0.001162
475 0.000920
476 0.000920
477 0.000920
478 0.000920
479 0.000920
480 0.000738
481 0.000738
482 0.000738
483 0.000738
484 0.000738
485 0.000592
486 0.000592
487 0.000592
488 0.000592
489 0.000592
490 0.000475
491 0.000475
492 0.000475
493 0.000475
494 0.000475
495 0.000384
496 0.000384
497 0.000384
498 0.000384
499 0.000384
500 0.000311
