1 5517531.626665
2 3332914.978824
3 5520678.130438
4 7155382.336136
5 6957480.149779
6 4941085.480206
7 8850719.876495
8 10595858.796206
9 10232227.173102
10 12606232.100760
11 11942518.742000
12 12135849.694617
13 15799738.375807
14 16526921.104638
15 17404462.149399
16 20447837.242584
17 15085436.890701
18 18745898.948645
19 20843460.674465
20 19316339.770390
21 23834896.341991
22 23786883.671103
23 22809179.369152
24 24760667.655015
25 20007654.187421
26 18645529.874924
27 24183464.472037
28 22892613.140071
29 20234379.946201
30 21028552.952686
31 28150016.390563
32 25071183.459432
33 26106576.239083
34 19245359.530557
35 28572883.507047
36 22327639.324110
37 22209083.836433
38 27784274.758352
39 28349713.961349
40 39888364.442431
41 35678905.799629
42 32197504.619243
43 41698603.080618
44 33009464.781532
45 31297343.579886
46 28029601.861005
47 29639704.176764
48 26019811.680247
49 32882431.727256
50 31228154.313656
51 27321433.140283
52 26409867.976800
53 28216222.291234
54 21222021.919283
55 22426505.529904
56 24666655.774506
57 27640080.829328
58 27696294.466484
59 20270922.639324
60 24280947.653824
61 25279451.672734
62 24344866.667696
63 16791342.995216
64 23409122.753104
65 24299701.785871
66 22755362.369915
67 22832539.808556
68 24982776.086313
69 16979225.411791
70 11852849.977550
71 12986390.667957
72 16254437.121947
73 15135991.306493
74 13303305.349721
75 10788558.700432
76 9487179.670565
77 11862254.670180
78 11308898.409231
79 10214174.716460
80 8619998.421087
81 7960993.912572
82 7702579.083183
83 7928874.945186
84 10909034.884162
85 8233104.501266
86 8542789.779711
87 7879736.690771
88 7717261.926022
89 6959685.627543
90 7874474.863630
91 7397012.117197
92 6776349.843998
93 6638606.854233
94 6099445.568431
95 6259738.857548
96 5108598.620358
97 4540127.479420
98 4960366.405045
99 4775912.446513
100 4024582.760286
101 2981099.774726
102 3144020.503600
103 2604185.913061
104 2707515.669979
105 2171186.092487
106 1842519.069583
107 2066269.930241
108 1913326.893894
109 1859662.858408
110 1658450.724597
111 1671211.554519
112 1357459.063426
113 1483526.811793
114 1793997.590857
115 1795606.812714
116 1379168.899774
117 1515254.962506
118 1107972.673501
119 1036704.568356
120 1058516.692933
121 970609.363051
122 1107923.253867
123 987347.446231
124 777893.678877
125 878209.717790
126 659119.824461
127 669865.617590
128 802355.562035
129 888503.478412
130 666447.550709
131 560961.445940
132 576702.204556
133 575177.314373
134 639818.769499
135 574306.494301
136 512693.966351
137 546352.200832
138 474049.085576
139 327248.809917
140 361600.011401
141 329647.529817
142 309369.637708
143 277785.511377
144 294250.276346
145 408216.631219
146 281527.232199
147 271577.771976
148 243260.351256
149 245645.932674
150 271027.442239
151 212936.972500
152 227605.121124
153 239822.925678
154 203898.194150
155 166363.711056
156 187196.659075
157 204955.826633
158 173410.074613
159 159395.792717
160 142897.622737
161 107296.111792
162 134051.050605
163 101807.007695
164 106450.615095
165 122913.162172
166 88307.379991
167 88776.443137
168 79738.932982
169 79078.169028
170 82385.892513
171 60771.957288
172 68934.495770
173 64931.692468
174 53157.682770
175 54540.961224
176 43633.952333
177 43675.407007
178 40079.966880
179 32635.069401
180 35715.624163
181 29792.069566
182 29926.661897
183 30269.244209
184 21798.112377
185 21382.536613
186 21654.144225
187 23174.841339
188 21032.631562
189 20108.544305
190 18786.100977
191 16199.415588
192 16333.912198
193 14195.898203
194 14122.415706
195 13460.232849
196 11473.825633
197 11821.125971
198 12111.885474
199 12041.422130
200 10174.762514
201 8548.460888
202 9264.166434
203 9768.752146
204 8606.649476
205 9473.024961
206 8520.671518
207 7450.018291
208 7258.773020
209 7107.903898
210 6929.959564
211 6916.452740
212 6049.987472
213 5991.940058
214 6257.123637
215 5565.463636
216 5090.341185
217 5395.385340
218 4980.306524
219 5275.136247
220 5022.180358
221 4554.744871
222 4947.347769
223 4571.416000
224 5067.588509
225 4390.416659
226 3989.855208
227 3650.514914
228 3371.780722
229 3489.694824
230 2864.543729
231 3350.921420
232 3082.430679
233 3046.672335
234 2898.215593
235 2458.652243
236 2560.156220
237 2029.067202
238 2126.443302
239 1807.437981
240 1864.109017
241 1627.335420
242 1315.793292
243 1519.241686
244 1398.662894
245 1511.824182
246 1381.309796
247 1349.341152
248 1379.902062
249 1347.894425
250 1384.650941
251 1547.341530
252 1328.496757
253 1215.843281
254 1200.676035
255 1269.337340
256 1142.048294
257 1166.544744
258 1213.216074
259 1275.475744
260 1218.109472
261 1144.678951
262 1075.862554
263 955.110254
264 1071.133000
265 995.248818
266 978.353436
267 991.979884
268 867.504718
269 908.445165
270 883.527192
271 849.594199
272 810.360398
273 739.791218
274 747.999010
275 759.529354
276 702.116718
277 703.101932
278 728.619405
279 665.917032
280 682.815600
281 644.760113
282 540.075361
283 601.914667
284 514.362887
285 492.283760
286 447.811074
287 431.778927
288 479.570300
289 451.197528
290 412.153318
291 408.815366
292 400.589529
293 384.040285
294 371.734860
295 340.099265
296 322.343694
297 301.284247
298 283.333657
299 289.624515
300 282.590030
301 280.360064
302 259.472652
303 256.889783
304 262.497399
305 242.201247
306 232.959724
307 236.609465
308 216.592596
309 210.232340
310 187.349611
311 174.756582
312 179.958062
313 183.119671
314 174.215634
315 174.072696
316 156.828815
317 138.213334
318 151.587133
319 146.886875
320 142.091787
321 145.693383
322 145.488010
323 135.360995
324 127.353192
325 125.680534
326 120.646602
327 119.332032
328 113.275957
329 116.719310
330 113.150780
331 101.977154
332 101.053165
333 99.236126
334 98.096070
335 100.739128
336 102.603608
337 93.017036
338 86.094965
339 86.238758
340 84.511912
341 77.758831
342 81.060143
343 78.263283
344 81.622554
345 78.058250
346 76.741536
347 73.032630
348 71.257012
349 68.747985
350 69.861024
351 67.348872
352 66.704879
353 66.055361
354 61.763128
355 62.781109
356 60.525542
357 59.582738
358 57.332523
359 57.762038
360 56.527175
361 54.100222
362 53.692260
363 53.603612
364 54.656195
365 55.431284
366 53.496056
367 52.211466
368 51.064792
369 49.177549
370 49.557638
371 47.392885
372 48.879804
373 47.406224
374 44.687156
375 41.745662
376 41.586450
377 40.501022
378 39.108742
379 37.495698
380 38.264553
381 35.915086
382 36.143148
383 33.543661
384 33.482466
385 32.837044
386 32.392218
387 30.980145
388 30.058221
389 29.260950
390 29.842600
391 28.564488
392 28.371217
393 28.308893
394 27.629589
395 27.634466
396 27.338076
397 27.252946
398 26.706486
399 26.082184
400 25.952766
401 25.605069
402 25.134711
403 25.151526
404 24.950387
405 24.735788
406 24.023517
407 23.829321
408 22.964659
409 23.034755
410 22.758628
411 22.300546
412 21.821683
413 21.059953
414 21.163733
415 20.549551
416 20.750265
417 20.220360
418 19.907933
419 19.987051
420 19.811067
421 19.398338
422 19.129667
423 18.871422
424 18.483533
425 18.041171
426 17.905454
427 17.641010
428 17.131603
429 16.883416
430 16.785606
431 16.375641
432 16.167493
433 15.979493
434 15.504166
435 15.598447
436 15.387529
437 15.334467
438 15.231197
439 14.898314
440 14.864994
441 14.435108
442 14.494316
443 14.234062
444 14.164941
445 14.046065
446 13.781458
447 13.735828
448 13.621287
449 13.568429
450 13.426118
451 13.211083
452 13.152574
453 12.975638
454 12.863962
455 12.614726
456 12.462859
457 12.371210
458 12.309846
459 12.107599
460 12.015232
461 11.974981
462 11.876725
463 11.784116
464 11.596600
465 11.563527
466 11.388071
467 11.413793
468 11.247171
469 11.187375
470 11.080468
471 11.006873
472 10.879148
473 10.820391
474 10.743444
475 10.623476
476 10.561117
477 10.495225
478 10.390189
479 10.296491
480 10.240947
481 10.159436
482 10.125779
483 10.070692
484 10.005253
485 9.944904
486 9.916922
487 9.855059
488 9.822963
489 9.779131
490 9.732598
491 9.669489
492 9.645985
493 9.630098
494 9.602860
495 9.585602
496 9.563211
497 9.549078
498 9.539320
499 9.531794
500 9.527159
