1 inf
2 inf
3 inf
4 inf
5 inf
6 inf
7 inf
8 inf
9 inf
10 inf
11 inf
12 inf
13 inf
14 inf
15 inf
16 inf
17 inf
18 inf
19 inf
20 inf
21 inf
22 inf
23 inf
24 inf
25 inf
26 inf
27 inf
28 inf
29 inf
30 inf
31 inf
32 inf
33 inf
34 inf
35 inf
36 inf
37 inf
38 inf
39 inf
40 inf
41 inf
42 inf
43 inf
44 inf
45 inf
46 inf
47 inf
48 inf
49 inf
50 inf
51 inf
52 inf
53 inf
54 17721291733766616701200613063498144442711431194854063110772908316542867801465394400817395496750347434429644403069593126365706483681724734625584132155423051200293733807436887885555744369206376371761907599287363620411078190115041993536305059642665610596227475500292287471893117184074194678305833451782144.000000
55 36203224165632388048767717144590246737718643287438996432994460645007654973904942636908528240191912925452012148160323870002922122104997359348384134288333748132659175974746046773076121134523667104847163688334142618644670786097010618591057463173580487849452498872104538788777728841411985408.000000
56 20292109726306013280870988810899320723097750332779889143199787180686009088313667416960283353083426103082218870310004076354496675695183623598744787664381681173814411466012332280448632129670084542307970121276911785392148863379485787732068454805892203306105509695717376.000000
57 1933702816023053567302680242315479475354768811363413650480384821835737445349133932529930963186959854916940417530844037620040318510960402302300188116597899070667581720940203367242453244717080241033137697825962212408490860935644757837581488488448.000000
58 24038661428350179467404668586556014803118620467306557837572434755325156726775212324673101441618430171142450854960570609027071364678458466883136940084685670839316343886949181209768165500058780246336160474546157695050711040.000000
59 8536803497880776795966984329864343657632201158175653159065698061500060858522200450587086669343905221325572650331710322652561615996755749667101645270043745252764128178504554567051134429787324416.000000
60 93199860685763881148289622171021065661245319214479243278331106896320817100124474671003252637249458553404499287842349731257112796330993465328081704796167592474430041030131712.000000
61 14131039136968333224659950444606334166688509011450369903996249736465283710247616309746994348898062106281982773576668327186909896805072399288283663695872.000000
62 2362588521746459673677085867906265854842843944385484167253447844233587863703802498896991455108235983569969186939277901037568.000000
63 98937892522627511694499416309466301870494808421252681195772067701197963287309503572469323735190159807741952.000000
64 40390472641440449325271733647773172156922928504796682447921525938173902202798162980110336.000000
65 514250258885760604458178866876421745342943778001378363243541561344.000000
66 2139158168014747379610369830133268749923259514880.000000
67 842664895959667117212851991740416.000000
68 19547018914890334208.000000
69 32599.961265
70 26406.178925
71 19707.982617
72 17350.899083
73 15732.060159
74 13427.134677
75 12296.678476
76 11346.431283
77 10506.969858
78 9593.173010
79 8136.648545
80 7231.463128
81 6578.992774
82 5772.488957
83 5112.427776
84 4508.896394
85 4096.079308
86 3765.996374
87 3569.458691
88 3365.740213
89 3084.172471
90 2885.357402
91 2630.646812
92 2433.312656
93 2161.763162
94 1944.160674
95 1715.148754
96 1522.553520
97 1441.463607
98 1312.194153
99 1222.045053
100 1105.201800
101 999.729797
102 945.894163
103 886.513616
104 837.253040
105 716.099652
106 675.640098
107 608.345976
108 536.993046
109 502.666195
110 449.242963
111 421.826101
112 385.001722
113 363.410949
114 325.154050
115 298.563236
116 281.124768
117 254.006053
118 237.030294
119 222.351600
120 202.620084
121 184.442199
122 167.945812
123 159.396495
124 149.289014
125 137.790599
126 126.643582
127 115.012434
128 106.839357
129 99.506901
130 92.531010
131 86.515462
132 76.503944
133 72.272584
134 67.164767
135 58.839205
136 55.297254
137 50.856132
138 47.137098
139 43.361868
140 40.576172
141 37.819985
142 34.621337
143 32.232848
144 29.175717
145 26.286992
146 24.324460
147 22.615701
148 20.607019
149 18.941281
150 17.245068
151 16.093621
152 14.751168
153 13.399060
154 12.413866
155 11.279114
156 10.652081
157 9.718471
158 8.990433
159 8.430057
160 7.596374
161 7.125849
162 6.668201
163 6.164780
164 5.597229
165 5.248223
166 4.796206
167 4.437771
168 4.064736
169 3.805923
170 3.568719
171 3.280171
172 3.008562
173 2.782473
174 2.604577
175 2.432521
176 2.267627
177 2.122705
178 1.995635
179 1.839767
180 1.732510
181 1.608211
182 1.490889
183 1.379731
184 1.276947
185 1.198816
186 1.137383
187 1.065391
188 0.999305
189 0.940803
190 0.885798
191 0.827336
192 0.773380
193 0.727003
194 0.679129
195 0.631139
196 0.583414
197 0.551269
198 0.516239
199 0.485715
200 0.447179
201 0.416605
202 0.389216
203 0.362162
204 0.342589
205 0.318649
206 0.299302
207 0.287817
208 0.270145
209 0.255055
210 0.239138
211 0.229102
212 0.216504
213 0.202881
214 0.190748
215 0.176647
216 0.167226
217 0.157304
218 0.149012
219 0.141523
220 0.130902
221 0.123863
222 0.117865
223 0.111463
224 0.105207
225 0.098593
226 0.091852
227 0.086297
228 0.081071
229 0.077485
230 0.073028
231 0.069201
232 0.065461
233 0.061604
234 0.058659
235 0.054926
236 0.052512
237 0.050114
238 0.047141
239 0.045250
240 0.043173
241 0.041205
242 0.038941
243 0.037138
244 0.035003
245 0.033515
246 0.031871
247 0.030408
248 0.029104
249 0.027753
250 0.026684
251 0.025158
252 0.023834
253 0.022673
254 0.021804
255 0.020608
256 0.019565
257 0.018784
258 0.017793
259 0.017097
260 0.016301
261 0.015572
262 0.014908
263 0.014326
264 0.013617
265 0.013066
266 0.012533
267 0.012132
268 0.011658
269 0.011192
270 0.010776
271 0.010422
272 0.010007
273 0.009613
274 0.009149
275 0.008764
276 0.008437
277 0.008078
278 0.007776
279 0.007431
280 0.007177
281 0.006926
282 0.006712
283 0.006497
284 0.006291
285 0.006049
286 0.005816
287 0.005592
288 0.005397
289 0.005222
290 0.005045
291 0.004902
292 0.004727
293 0.004581
294 0.004419
295 0.004261
296 0.004157
297 0.003998
298 0.003906
299 0.003790
300 0.003671
301 0.003531
302 0.003419
303 0.003324
304 0.003238
305 0.003138
306 0.003063
307 0.002959
308 0.002882
309 0.002801
310 0.002719
311 0.002632
312 0.002567
313 0.002501
314 0.002434
315 0.002373
316 0.002303
317 0.002247
318 0.002189
319 0.002124
320 0.002063
321 0.002009
322 0.001959
323 0.001908
324 0.001855
325 0.001800
326 0.001751
327 0.001707
328 0.001670
329 0.001622
330 0.001584
331 0.001546
332 0.001512
333 0.001475
334 0.001436
335 0.001384
336 0.001362
337 0.001328
338 0.001298
339 0.001263
340 0.001233
341 0.001203
342 0.001175
343 0.001141
344 0.001116
345 0.001093
346 0.001066
347 0.001039
348 0.001012
349 0.000992
350 0.000973
351 0.000954
352 0.000936
353 0.000917
354 0.000899
355 0.000885
356 0.000868
357 0.000853
358 0.000837
359 0.000823
360 0.000802
361 0.000786
362 0.000773
363 0.000756
364 0.000742
365 0.000727
366 0.000715
367 0.000702
368 0.000690
369 0.000678
370 0.000665
371 0.000653
372 0.000641
373 0.000631
374 0.000622
375 0.000611
376 0.000599
377 0.000589
378 0.000581
379 0.000573
380 0.000564
381 0.000556
382 0.000546
383 0.000539
384 0.000530
385 0.000522
386 0.000513
387 0.000507
388 0.000499
389 0.000493
390 0.000485
391 0.000478
392 0.000471
393 0.000466
394 0.000459
395 0.000452
396 0.000446
397 0.000440
398 0.000435
399 0.000429
400 0.000424
401 0.000418
402 0.000413
403 0.000408
404 0.000402
405 0.000398
406 0.000394
407 0.000390
408 0.000385
409 0.000379
410 0.000375
411 0.000371
412 0.000368
413 0.000364
414 0.000359
415 0.000355
416 0.000351
417 0.000348
418 0.000343
419 0.000341
420 0.000337
421 0.000334
422 0.000331
423 0.000327
424 0.000325
425 0.000321
426 0.000319
427 0.000316
428 0.000314
429 0.000311
430 0.000309
431 0.000307
432 0.000304
433 0.000301
434 0.000298
435 0.000297
436 0.000294
437 0.000292
438 0.000290
439 0.000288
440 0.000286
441 0.000284
442 0.000282
443 0.000280
444 0.000278
445 0.000276
446 0.000274
447 0.000272
448 0.000271
449 0.000268
450 0.000267
451 0.000266
452 0.000264
453 0.000262
454 0.000261
455 0.000259
456 0.000258
457 0.000256
458 0.000255
459 0.000254
460 0.000252
461 0.000251
462 0.000250
463 0.000249
464 0.000248
465 0.000247
466 0.000246
467 0.000245
468 0.000244
469 0.000243
470 0.000242
471 0.000242
472 0.000241
473 0.000240
474 0.000239
475 0.000238
476 0.000238
477 0.000237
478 0.000236
479 0.000236
480 0.000235
481 0.000234
482 0.000234
483 0.000233
484 0.000233
485 0.000232
486 0.000232
487 0.000232
488 0.000231
489 0.000231
490 0.000231
491 0.000230
492 0.000230
493 0.000230
494 0.000230
495 0.000229
496 0.000229
497 0.000229
498 0.000229
499 0.000229
500 0.000229
