1 1000000000000000019884624838656.000000
2 1000000000000000019884624838656.000000
3 1000000000000000019884624838656.000000
4 1000000000000000019884624838656.000000
5 inf
6 inf
7 inf
8 inf
9 inf
10 inf
11 inf
12 inf
13 inf
14 inf
15 inf
16 inf
17 inf
18 inf
19 inf
20 inf
21 inf
22 inf
23 inf
24 inf
25 inf
26 inf
27 inf
28 inf
29 inf
30 inf
31 inf
32 inf
33 inf
34 inf
35 inf
36 inf
37 inf
38 inf
39 inf
40 inf
41 inf
42 inf
43 inf
44 inf
45 inf
46 inf
47 inf
48 inf
49 inf
50 inf
51 inf
52 inf
53 inf
54 inf
55 inf
56 inf
57 inf
58 inf
59 inf
60 749200699383475647223957864896877364773221754804254684425909113683774310689015348615200230404689085902462874692981808039733416610898304137247475342502086719141504511955247750368239693914958755947958814347085213590471998646990639280333291655104009093306332835623542340417873598249225304933844889829900288.000000
61 749200699383475647223957864896877364773221754804254684425909113683774310689015348615200230404689085902462874692981808039733416610898304137247475342502086719141504511955247750368239693914958755947958814347085213590471998646990639280333291655104009093306332835623542340417873598249225304933844889829900288.000000
62 749200699383475647223957864896877364773221754804254684425909113683774310689015348615200230404689085902462874692981808039733416610898304137247475342502086719141504511955247750368239693914958755947958814347085213590471998646990639280333291655104009093306332835623542340417873598249225304933844889829900288.000000
63 749200699383475647223957864896877364773221754804254684425909113683774310689015348615200230404689085902462874692981808039733416610898304137247475342502086719141504511955247750368239693914958755947958814347085213590471998646990639280333291655104009093306332835623542340417873598249225304933844889829900288.000000
64 749200699383475647223957864896877364773221754804254684425909113683774310689015348615200230404689085902462874692981808039733416610898304137247475342502086719141504511955247750368239693914958755947958814347085213590471998646990639280333291655104009093306332835623542340417873598249225304933844889829900288.000000
65 2368067255080981149197103136985226459119236257670927708753266704627768034726321207226969860282644794877437113580656101065666846463310053548373805373959357072911862567646947992922604173722215799422145960335668056219060830032259297983004357427200.000000
66 2368067255080981149197103136985226459119236257670927708753266704627768034726321207226969860282644794877437113580656101065666846463310053548373805373959357072911862567646947992922604173722215799422145960335668056219060830032259297983004357427200.000000
67 2368067255080981149197103136985226459119236257670927708753266704627768034726321207226969860282644794877437113580656101065666846463310053548373805373959357072911862567646947992922604173722215799422145960335668056219060830032259297983004357427200.000000
68 2368067255080981149197103136985226459119236257670927708753266704627768034726321207226969860282644794877437113580656101065666846463310053548373805373959357072911862567646947992922604173722215799422145960335668056219060830032259297983004357427200.000000
69 2368067255080981149197103136985226459119236257670927708753266704627768034726321207226969860282644794877437113580656101065666846463310053548373805373959357072911862567646947992922604173722215799422145960335668056219060830032259297983004357427200.000000
70 101779277629097629656010888451136643721379969054563018585480596378996293112356935966591176927593201265069643722196247537290576282596434548531421619636556861288119518572101774547615744.000000
71 101779277629097629656010888451136643721379969054563018585480596378996293112356935966591176927593201265069643722196247537290576282596434548531421619636556861288119518572101774547615744.000000
72 101779277629097629656010888451136643721379969054563018585480596378996293112356935966591176927593201265069643722196247537290576282596434548531421619636556861288119518572101774547615744.000000
73 101779277629097629656010888451136643721379969054563018585480596378996293112356935966591176927593201265069643722196247537290576282596434548531421619636556861288119518572101774547615744.000000
74 101779277629097629656010888451136643721379969054563018585480596378996293112356935966591176927593201265069643722196247537290576282596434548531421619636556861288119518572101774547615744.000000
75 89900051993171020125391421714522147400286634545000285329202013661221581612430513989169672487065633693738257612800.000000
76 89900051993171020125391421714522147400286634545000285329202013661221581612430513989169672487065633693738257612800.000000
77 89900051993171020125391421714522147400286634545000285329202013661221581612430513989169672487065633693738257612800.000000
78 89900051993171020125391421714522147400286634545000285329202013661221581612430513989169672487065633693738257612800.000000
79 89900051993171020125391421714522147400286634545000285329202013661221581612430513989169672487065633693738257612800.000000
80 77550574266464326268839982130471076024499044352.000000
81 77550574266464326268839982130471076024499044352.000000
82 77550574266464326268839982130471076024499044352.000000
83 77550574266464326268839982130471076024499044352.000000
84 77550574266464326268839982130471076024499044352.000000
85 26634.696730
86 26634.696730
87 26634.696730
88 26634.696730
89 26634.696730
90 18399.860468
91 18399.860468
92 18399.860468
93 18399.860468
94 18399.860468
95 13252.730417
96 13252.730417
97 13252.730417
98 13252.730417
99 13252.730417
100 9905.729702
101 9905.729702
102 9905.729702
103 9905.729702
104 9905.729702
105 7401.977753
106 7401.977753
107 7401.977753
108 7401.977753
109 7401.977753
110 5703.803277
111 5703.803277
112 5703.803277
113 5703.803277
114 5703.803277
115 4422.949943
116 4422.949943
117 4422.949943
118 4422.949943
119 4422.949943
120 3522.502822
121 3522.502822
122 3522.502822
123 3522.502822
124 3522.502822
125 2663.951890
126 2663.951890
127 2663.951890
128 2663.951890
129 2663.951890
130 2038.715623
131 2038.715623
132 2038.715623
133 2038.715623
134 2038.715623
135 1537.634344
136 1537.634344
137 1537.634344
138 1537.634344
139 1537.634344
140 1218.018465
141 1218.018465
142 1218.018465
143 1218.018465
144 1218.018465
145 957.083802
146 957.083802
147 957.083802
148 957.083802
149 957.083802
150 744.096491
151 744.096491
152 744.096491
153 744.096491
154 744.096491
155 584.325224
156 584.325224
157 584.325224
158 584.325224
159 584.325224
160 447.566312
161 447.566312
162 447.566312
163 447.566312
164 447.566312
165 349.347825
166 349.347825
167 349.347825
168 349.347825
169 349.347825
170 256.270966
171 256.270966
172 256.270966
173 256.270966
174 256.270966
175 192.892618
176 192.892618
177 192.892618
178 192.892618
179 192.892618
180 143.727937
181 143.727937
182 143.727937
183 143.727937
184 143.727937
185 111.955223
186 111.955223
187 111.955223
188 111.955223
189 111.955223
190 87.982592
191 87.982592
192 87.982592
193 87.982592
194 87.982592
195 70.136842
196 70.136842
197 70.136842
198 70.136842
199 70.136842
200 55.725740
201 55.725740
202 55.725740
203 55.725740
204 55.725740
205 42.877387
206 42.877387
207 42.877387
208 42.877387
209 42.877387
210 34.051341
211 34.051341
212 34.051341
213 34.051341
214 34.051341
215 26.333250
216 26.333250
217 26.333250
218 26.333250
219 26.333250
220 20.887721
221 20.887721
222 20.887721
223 20.887721
224 20.887721
225 16.677095
226 16.677095
227 16.677095
228 16.677095
229 16.677095
230 13.378919
231 13.378919
232 13.378919
233 13.378919
234 13.378919
235 10.652409
236 10.652409
237 10.652409
238 10.652409
239 10.652409
240 8.633337
241 8.633337
242 8.633337
243 8.633337
244 8.633337
245 6.948552
246 6.948552
247 6.948552
248 6.948552
249 6.948552
250 5.614190
251 5.614190
252 5.614190
253 5.614190
254 5.614190
255 4.452651
256 4.452651
257 4.452651
258 4.452651
259 4.452651
260 3.477751
261 3.477751
262 3.477751
263 3.477751
264 3.477751
265 2.725673
266 2.725673
267 2.725673
268 2.725673
269 2.725673
270 2.199826
271 2.199826
272 2.199826
273 2.199826
274 2.199826
275 1.751132
276 1.751132
277 1.751132
278 1.751132
279 1.751132
280 1.385597
281 1.385597
282 1.385597
283 1.385597
284 1.385597
285 1.135564
286 1.135564
287 1.135564
288 1.135564
289 1.135564
290 0.944467
291 0.944467
292 0.944467
293 0.944467
294 0.944467
295 0.773433
296 0.773433
297 0.773433
298 0.773433
299 0.773433
300 0.635766
301 0.635766
302 0.635766
303 0.635766
304 0.635766
305 0.532906
306 0.532906
307 0.532906
308 0.532906
309 0.532906
310 0.444701
311 0.444701
312 0.444701
313 0.444701
314 0.444701
315 0.375257
316 0.375257
317 0.375257
318 0.375257
319 0.375257
320 0.315106
321 0.315106
322 0.315106
323 0.315106
324 0.315106
325 0.259726
326 0.259726
327 0.259726
328 0.259726
329 0.259726
330 0.216754
331 0.216754
332 0.216754
333 0.216754
334 0.216754
335 0.181926
336 0.181926
337 0.181926
338 0.181926
339 0.181926
340 0.154261
341 0.154261
342 0.154261
343 0.154261
344 0.154261
345 0.131992
346 0.131992
347 0.131992
348 0.131992
349 0.131992
350 0.112979
351 0.112979
352 0.112979
353 0.112979
354 0.112979
355 0.096364
356 0.096364
357 0.096364
358 0.096364
359 0.096364
360 0.082913
361 0.082913
362 0.082913
363 0.082913
364 0.082913
365 0.070321
366 0.070321
367 0.070321
368 0.070321
369 0.070321
370 0.060386
371 0.060386
372 0.060386
373 0.060386
374 0.060386
375 0.052262
376 0.052262
377 0.052262
378 0.052262
379 0.052262
380 0.045325
381 0.045325
382 0.045325
383 0.045325
384 0.045325
385 0.039183
386 0.039183
387 0.039183
388 0.039183
389 0.039183
390 0.034104
391 0.034104
392 0.034104
393 0.034104
394 0.034104
395 0.029832
396 0.029832
397 0.029832
398 0.029832
399 0.029832
400 0.026152
401 0.026152
402 0.026152
403 0.026152
404 0.026152
405 0.022861
406 0.022861
407 0.022861
408 0.022861
409 0.022861
410 0.020021
411 0.020021
412 0.020021
413 0.020021
414 0.020021
415 0.017553
416 0.017553
417 0.017553
418 0.017553
419 0.017553
420 0.015474
421 0.015474
422 0.015474
423 0.015474
424 0.015474
425 0.013619
426 0.013619
427 0.013619
428 0.013619
429 0.013619
430 0.012058
431 0.012058
432 0.012058
433 0.012058
434 0.012058
435 0.010617
436 0.010617
437 0.010617
438 0.010617
439 0.010617
440 0.009371
441 0.009371
442 0.009371
443 0.009371
444 0.009371
445 0.008277
446 0.008277
447 0.008277
448 0.008277
449 0.008277
450 0.007328
451 0.007328
452 0.007328
453 0.007328
454 0.007328
455 0.006508
456 0.006508
457 0.006508
458 0.006508
459 0.006508
460 0.005783
461 0.005783
462 0.005783
463 0.005783
464 0.005783
465 0.005147
466 0.005147
467 0.005147
468 0.005147
469 0.005147
470 0.004592
471 0.004592
472 0.004592
473 0.004592
474 0.004592
475 0.004099
476 0.004099
477 0.004099
478 0.004099
479 0.004099
480 0.003669
481 0.003669
482 0.003669
483 0.003669
484 0.003669
485 0.003287
486 0.003287
487 0.003287
488 0.003287
489 0.003287
490 0.002949
491 0.002949
492 0.002949
493 0.002949
494 0.002949
495 0.002650
496 0.002650
497 0.002650
498 0.002650
499 0.002650
500 0.002384
