1 3784899.156352
2 5722624.489064
3 5774487.068155
4 8033549.615125
5 7716663.730347
6 6531356.901936
7 10706798.758074
8 11250011.472677
9 15534187.635024
10 14868695.866187
11 16043405.358720
12 10489787.686206
13 19298413.709092
14 13102707.413293
15 14475190.115543
16 15511782.272892
17 20342795.540242
18 18882440.455291
19 15989178.811182
20 13825143.156865
21 17255767.617738
22 20522215.706857
23 22144891.753085
24 21780200.764931
25 27865428.237422
26 24670340.535537
27 30654405.781529
28 28062818.159613
29 27131384.820485
30 30512243.633102
31 30581490.921715
32 33462701.135001
33 26090837.880148
34 29382274.044789
35 34007062.522412
36 31045445.717755
37 29015675.806898
38 32070025.546055
39 31572592.112047
40 39307960.062871
41 41522219.817970
42 29344846.782137
43 36747982.312189
44 43333731.137925
45 41679592.046348
46 29348324.551930
47 35980987.728570
48 34744393.773889
49 24810347.669732
50 36538401.496305
51 26848310.056971
52 32791391.839891
53 28245856.960678
54 23756511.144554
55 29166175.786890
56 22169036.717930
57 24208015.688239
58 20422811.127612
59 23013313.340575
60 18719083.497040
61 20696194.256827
62 18758959.889105
63 18541898.592933
64 20555924.186074
65 23409812.484624
66 15247486.810401
67 18776430.656760
68 22045772.238717
69 20329218.705632
70 23475641.830074
71 21409504.508309
72 22027759.858498
73 20826846.525019
74 21974605.639357
75 21181416.584631
76 23196799.787417
77 16151608.862317
78 17499937.696772
79 13419077.170928
80 18324811.791628
81 16527089.709295
82 18189971.873480
83 17736045.559154
84 17266310.378085
85 16307989.632587
86 14758187.484153
87 13061511.102305
88 11287837.028819
89 9259936.621875
90 11975614.544521
91 11960070.462077
92 9905105.929717
93 9226870.956028
94 6714022.572434
95 7176576.983698
96 6880908.180989
97 7733666.628103
98 6939386.461266
99 6581304.756525
100 7605394.135356
101 7489293.532535
102 8324331.665852
103 8291959.270912
104 5299919.505668
105 6604656.717975
106 6389203.470909
107 7543966.480700
108 6335581.747411
109 5679278.019979
110 5408433.693463
111 5229398.358159
112 5249481.455047
113 4461046.345277
114 3695404.110060
115 3012953.427997
116 2785280.103617
117 2965178.540155
118 2617014.712556
119 2561582.545116
120 2582266.471079
121 2080615.335247
122 2168658.642082
123 2035036.167963
124 2027784.024050
125 1591450.717099
126 1446082.494915
127 1288675.868577
128 1103643.186217
129 692665.021065
130 780775.036850
131 849768.507842
132 707654.443838
133 632845.332580
134 582601.330318
135 572240.451545
136 636969.650582
137 615836.855370
138 546428.822795
139 484671.318277
140 366761.536992
141 441327.170547
142 364907.000206
143 303904.712700
144 264954.153973
145 274779.292789
146 286829.194231
147 297432.379557
148 199281.558232
149 197294.215798
150 212051.846825
151 181527.638382
152 175534.823854
153 186376.774432
154 182646.691033
155 134005.094255
156 131398.747855
157 127140.869426
158 144515.111721
159 120841.928597
160 153572.850696
161 128543.638084
162 134393.792195
163 129948.150699
164 119715.666438
165 119402.894913
166 84499.235461
167 85284.682733
168 86412.871277
169 75122.271526
170 69635.543575
171 71087.771052
172 65246.024958
173 65171.372987
174 65111.853303
175 56116.594105
176 45037.533644
177 39099.336372
178 40389.939900
179 38477.734363
180 41843.213114
181 38722.599465
182 37171.065351
183 35105.188445
184 28236.750464
185 27747.098398
186 24267.928137
187 25678.239231
188 23149.309190
189 18980.982048
190 18259.057547
191 18402.373974
192 16962.552441
193 15904.893513
194 13588.023903
195 14557.803224
196 12487.927062
197 14612.471366
198 11646.626055
199 10967.260746
200 11925.895489
201 12135.891171
202 11338.940971
203 10500.361947
204 11151.995782
205 9774.219287
206 10536.643808
207 9360.834060
208 9441.095105
209 9271.204603
210 8977.507914
211 8463.318352
212 7258.715965
213 6846.383224
214 8131.690118
215 7526.008634
216 6862.938825
217 6686.022232
218 6552.258991
219 5518.876684
220 5371.717668
221 5877.330929
222 5983.476225
223 6295.961115
224 5850.991227
225 5679.865124
226 5581.292377
227 4666.222891
228 4565.745454
229 4000.619832
230 4005.181340
231 3947.119184
232 3873.803170
233 3510.019974
234 3664.358980
235 3055.104486
236 3208.769211
237 3301.483572
238 3394.723383
239 3460.048977
240 3297.716631
241 3203.726586
242 3374.650512
243 3147.126784
244 3366.127060
245 3028.192740
246 2891.197767
247 2657.456105
248 2543.591517
249 2440.659661
250 2338.020417
251 1876.131086
252 1819.915549
253 1725.495561
254 1431.063049
255 1612.841012
256 1504.008691
257 1310.266382
258 1357.384470
259 1401.149393
260 1143.378254
261 1199.000374
262 1206.663639
263 1126.358062
264 1133.242037
265 1039.961987
266 1090.153885
267 1018.239891
268 982.115478
269 998.478107
270 915.445419
271 909.810905
272 869.359817
273 821.090860
274 712.024013
275 681.675880
276 643.945130
277 652.660421
278 634.359072
279 629.284643
280 590.297755
281 615.339867
282 555.754792
283 575.392654
284 502.816257
285 515.317313
286 476.368233
287 471.442563
288 457.632048
289 452.485411
290 437.029157
291 426.703288
292 428.679378
293 405.673464
294 400.748244
295 415.896933
296 359.230924
297 366.715168
298 397.887363
299 375.758539
300 359.974291
301 365.487005
302 308.205177
303 330.844274
304 310.802875
305 298.165922
306 276.438111
307 292.263163
308 290.373765
309 275.919422
310 275.493435
311 270.243205
312 257.805798
313 254.319967
314 262.745106
315 227.376084
316 232.883684
317 214.275557
318 198.328442
319 198.687262
320 198.165484
321 189.378291
322 181.443387
323 167.657929
324 164.060252
325 153.558370
326 153.351285
327 150.630674
328 145.758137
329 143.207209
330 135.481569
331 132.543639
332 135.138235
333 124.330700
334 125.692089
335 118.118272
336 110.275631
337 113.705219
338 112.244936
339 109.293808
340 104.930163
341 107.938229
342 100.441435
343 98.871734
344 91.270864
345 88.360610
346 85.791300
347 85.960664
348 84.034454
349 82.924437
350 79.188369
351 77.425537
352 73.829529
353 72.728293
354 66.962020
355 62.597649
356 62.102368
357 59.830098
358 60.016623
359 59.262543
360 60.526017
361 56.542257
362 53.494714
363 52.218843
364 50.788998
365 50.311438
366 48.965574
367 47.056678
368 45.737452
369 45.236192
370 43.992339
371 43.461219
372 45.757763
373 43.309753
374 42.821898
375 41.996115
376 41.957988
377 40.994191
378 39.773667
379 39.477834
380 36.675640
381 37.286211
382 35.629008
383 35.560154
384 34.920892
385 35.083363
386 34.235414
387 34.239406
388 34.780828
389 34.195749
390 33.252638
391 31.309492
392 30.813492
393 30.578341
394 30.620578
395 30.043257
396 29.449271
397 29.841292
398 28.168133
399 27.966566
400 27.903863
401 27.608629
402 26.976336
403 26.425282
404 26.050947
405 25.225074
406 24.811347
407 24.517469
408 24.155369
409 23.507130
410 23.292491
411 22.804399
412 22.348545
413 21.910269
414 21.520628
415 21.446453
416 20.741963
417 20.880683
418 20.704590
419 20.325195
420 20.436585
421 19.549229
422 19.434454
423 19.071170
424 18.838192
425 18.472483
426 18.259952
427 17.895035
428 17.606496
429 17.440939
430 17.386639
431 17.140992
432 16.996427
433 16.636755
434 16.556637
435 16.307235
436 15.973696
437 15.886789
438 15.586916
439 15.505292
440 15.241126
441 14.985103
442 14.721224
443 14.648279
444 14.442573
445 14.431492
446 14.272348
447 14.049922
448 13.815842
449 13.673938
450 13.478825
451 13.116711
452 13.095942
453 12.999030
454 12.833341
455 12.694774
456 12.388330
457 12.420156
458 12.245929
459 12.098191
460 11.892664
461 11.810131
462 11.639279
463 11.565185
464 11.483466
465 11.402424
466 11.305497
467 11.167453
468 11.014692
469 10.921094
470 10.792285
471 10.783005
472 10.665047
473 10.570719
474 10.491970
475 10.406003
476 10.321539
477 10.282390
478 10.194352
479 10.099602
480 10.025224
481 9.930688
482 9.867867
483 9.811448
484 9.741731
485 9.678475
486 9.622544
487 9.579227
488 9.545558
489 9.503065
490 9.463003
491 9.430120
492 9.401419
493 9.367895
494 9.348110
495 9.328406
496 9.310118
497 9.292104
498 9.280017
499 9.271501
500 9.267734
1 5327050.082653
2 6486317.148797
3 5282363.925056
4 6525974.970111
5 7345843.085086
6 9474234.555607
7 11875475.079881
8 11345656.604775
9 11480780.530080
10 14270219.993005
11 13730661.469367
12 17784823.111438
13 17214004.700163
14 22157139.877919
15 18900211.226269
16 28048442.443901
17 21799270.631580
18 19825883.364039
19 24469262.451724
20 25832861.975903
21 35354079.444167
22 31453736.525880
23 39461814.444888
24 34822538.547427
25 33336305.422047
26 34694564.555853
27 24558946.087132
28 31983876.403673
29 29859389.683428
30 31119743.174250
31 31740759.819652
32 40894791.514754
33 36193356.116402
34 45908226.167401
35 34008524.286062
36 38568014.707635
37 32799563.231756
38 32770190.425899
39 29960640.514489
40 37900936.257384
41 36417138.434083
42 37147283.823131
43 38334383.165472
44 34335141.519126
45 38013737.509703
46 31773281.509430
47 38606152.541104
48 35422979.436705
49 42307936.523578
50 38228028.457308
51 44687731.630149
52 42442926.957862
53 40604701.117440
54 32614872.660808
55 37814377.112392
56 39940616.461387
57 42354834.933165
58 32603865.488720
59 30134657.050344
60 26690305.894431
61 22352745.581928
62 28512347.819895
63 24284921.959796
64 27286146.738142
65 25594819.566465
66 19629369.368260
67 21326076.551136
68 16762647.723791
69 14972609.945440
70 14956476.220996
71 17150432.770234
72 14204878.338994
73 14540418.035139
74 13036619.345379
75 10565007.561574
76 10041733.768224
77 8112110.075886
78 7163054.819523
79 8289304.570387
80 8559270.091983
81 8521222.223973
82 8756466.896233
83 10273308.985396
84 10656312.180806
85 10546394.020573
86 12619435.671912
87 9672887.026819
88 10195148.512884
89 7912573.305492
90 7852980.296215
91 6360811.223294
92 8155649.061670
93 7561032.357593
94 7595194.844038
95 5806814.119953
96 5346428.512082
97 4953138.427322
98 4786128.010091
99 5377068.738089
100 4637268.890614
101 4265355.371385
102 4376745.471576
103 3540615.557539
104 3804810.806337
105 2943534.369285
106 2896271.484279
107 2742242.331509
108 2410434.134032
109 2270495.332232
110 2425305.504549
111 2179268.135310
112 2657121.274289
113 2101074.662283
114 1609134.308327
115 1963556.820845
116 2177629.529329
117 1654714.932061
118 1484507.922817
119 1593915.567734
120 1405821.719714
121 1219005.198132
122 1283686.873409
123 1169457.395149
124 1097478.591997
125 1174472.059970
126 1177676.044705
127 831291.062275
128 806607.021867
129 880275.802271
130 750135.113479
131 613085.593728
132 633357.792208
133 467513.287859
134 509731.923204
135 403602.967317
136 365137.306220
137 336068.096302
138 257477.135262
139 232471.323149
140 220696.157128
141 199538.576939
142 224582.596254
143 208072.785625
144 182260.836618
145 169238.280690
146 158116.505390
147 156286.179061
148 115755.524034
149 109546.845983
150 127680.037116
151 104315.755397
152 106392.181917
153 98223.713413
154 91091.705587
155 89951.366257
156 103880.414567
157 97723.861179
158 94209.030929
159 68429.655237
160 75568.050343
161 61873.290912
162 55244.672845
163 52743.643150
164 58810.741768
165 59284.236297
166 51434.024904
167 47447.671645
168 45969.544470
169 49483.036543
170 50410.805212
171 47223.258977
172 44747.263788
173 42630.827101
174 50065.774952
175 46301.236140
176 46790.039446
177 42812.998768
178 33455.120455
179 35459.215333
180 34547.911616
181 34861.593559
182 32147.099589
183 30103.141416
184 26233.046168
185 28815.603150
186 26171.869157
187 22424.390621
188 25878.733320
189 22039.821311
190 18887.196996
191 18948.632806
192 18935.070935
193 20697.782048
194 16723.550979
195 16336.431089
196 15984.149880
197 13534.821225
198 14827.611868
199 12787.289993
200 12586.362963
201 13749.135579
202 12235.752175
203 12394.648352
204 10035.268395
205 9088.217900
206 10455.464972
207 8416.926128
208 9246.970355
209 8939.211418
210 8530.086170
211 7623.890738
212 7720.725231
213 7003.273176
214 7144.011505
215 6549.163060
216 5532.596733
217 5494.277903
218 5573.129063
219 5363.646022
220 4944.264353
221 5069.483880
222 3956.469283
223 4069.307312
224 4071.780111
225 3746.053759
226 3426.056233
227 3226.990330
228 2778.566979
229 2996.016894
230 2676.684950
231 2640.211446
232 2937.498199
233 2738.173841
234 2753.008250
235 2441.037908
236 2537.759782
237 2290.970016
238 2051.712593
239 1989.423433
240 2002.196959
241 2058.039724
242 1832.874100
243 1746.940381
244 1782.385371
245 1775.481858
246 1795.857372
247 1560.810428
248 1711.975797
249 1525.716520
250 1325.873921
251 1223.569258
252 1296.309303
253 1149.361487
254 1339.185676
255 1171.407494
256 1099.715433
257 1056.491576
258 1048.443522
259 1077.206904
260 922.798095
261 876.074447
262 867.167026
263 704.874094
264 740.774517
265 747.594571
266 796.751290
267 752.758093
268 737.304802
269 687.829434
270 702.460839
271 660.992134
272 677.156087
273 619.699433
274 627.997028
275 617.193875
276 636.835601
277 600.849515
278 519.980936
279 516.936637
280 488.809311
281 504.512826
282 450.798759
283 460.088505
284 431.417769
285 426.598042
286 445.978986
287 439.936838
288 463.273864
289 439.762721
290 461.514338
291 404.085015
292 402.395240
293 424.008425
294 406.577515
295 407.423614
296 369.526880
297 353.037304
298 347.117685
299 335.166361
300 343.117739
301 345.864615
302 314.326738
303 299.992397
304 288.646781
305 296.127376
306 283.683360
307 240.324291
308 245.125526
309 240.385390
310 260.268129
311 233.605000
312 242.456064
313 213.217036
314 219.400529
315 198.428114
316 201.908914
317 202.207218
318 189.851762
319 184.668600
320 172.899429
321 177.277874
322 164.224085
323 156.777228
324 155.085283
325 143.671294
326 153.201614
327 144.417326
328 144.344189
329 142.423773
330 133.810887
331 133.132517
332 132.340477
333 126.382716
334 125.588663
335 115.951817
336 120.138113
337 116.383326
338 116.992406
339 118.808099
340 107.855056
341 105.161646
342 107.925662
343 102.876336
344 106.337072
345 100.699798
346 95.574400
347 93.361672
348 87.400177
349 90.186364
350 87.356684
351 85.018496
352 82.541070
353 82.759507
354 80.172898
355 74.059386
356 74.451170
357 70.884812
358 68.865030
359 69.197116
360 69.127152
361 67.349713
362 60.267989
363 62.850337
364 62.810263
365 61.100096
366 61.698938
367 59.117229
368 58.966654
369 60.270609
370 57.353138
371 59.677913
372 56.140191
373 55.572525
374 53.475651
375 53.039509
376 52.940232
377 50.863695
378 47.663526
379 48.031193
380 46.912494
381 45.945194
382 46.326636
383 44.968490
384 42.495969
385 41.099763
386 41.301939
387 40.580630
388 38.490745
389 39.198388
390 36.525614
391 36.662128
392 35.232763
393 35.818098
394 33.813649
395 33.866494
396 32.705866
397 33.568051
398 31.854673
399 31.775522
400 31.524765
401 31.742524
402 31.260012
403 30.112516
404 29.688186
405 29.548215
406 28.860834
407 29.147423
408 28.366133
409 28.221777
410 27.316300
411 26.978875
412 27.185382
413 26.503057
414 26.197052
415 26.433057
416 25.971429
417 24.849518
418 24.646609
419 24.659923
420 24.049109
421 24.121765
422 23.490130
423 23.470431
424 22.771650
425 22.526608
426 22.573774
427 21.719727
428 21.561447
429 20.907315
430 20.722322
431 20.181374
432 20.079668
433 19.737403
434 19.683718
435 19.713756
436 19.329160
437 19.229940
438 18.721816
439 18.668413
440 18.440897
441 18.354180
442 18.110529
443 17.933226
444 17.717064
445 17.514459
446 17.330377
447 17.124057
448 16.807177
449 16.606611
450 16.560441
451 16.409061
452 16.189906
453 16.009167
454 15.879423
455 15.736776
456 15.572377
457 15.374578
458 15.189474
459 15.080719
460 14.839693
461 14.752779
462 14.550685
463 14.425889
464 14.307313
465 14.215651
466 14.124088
467 13.788264
468 13.787650
469 13.678569
470 13.464262
471 13.459981
472 13.279626
473 13.148373
474 13.072269
475 13.007703
476 12.922308
477 12.853929
478 12.732140
479 12.631265
480 12.594259
481 12.528478
482 12.425692
483 12.373128
484 12.309135
485 12.236072
486 12.178449
487 12.093380
488 12.017664
489 11.981383
490 11.940529
491 11.886498
492 11.862384
493 11.818202
494 11.779778
495 11.762773
496 11.737813
497 11.718736
498 11.709655
499 11.697720
500 11.692888
