1 726901.461702
2 908353.667036
3 957482.909270
4 1076541.896312
5 866316.790838
6 719858.820144
7 708234.306075
8 697007.493167
9 607348.492815
10 346131.978470
11 369979.222210
12 521769.987530
13 463064.794099
14 678740.910688
15 949852.121040
16 951747.285703
17 798064.668278
18 747872.124759
19 674652.365201
20 802649.228297
21 866022.275722
22 1085352.650272
23 1060315.721012
24 1097944.207201
25 1429845.316124
26 1538370.395124
27 1232747.884497
28 1074990.562195
29 1159088.780599
30 1214718.268223
31 1130557.127533
32 1356659.599787
33 1172552.338122
34 1038391.406631
35 1135872.233562
36 1359916.806978
37 1160346.305010
38 1214672.402936
39 1294291.715385
40 1038593.542921
41 936533.495678
42 917507.050353
43 837310.038476
44 617117.469864
45 540670.031700
46 570166.228034
47 566113.766860
48 504281.896887
49 440187.406795
50 317534.248612
51 323672.688135
52 335270.197172
53 301499.768607
54 266840.654868
55 218581.396606
56 228172.469522
57 266298.832520
58 246688.930599
59 192068.709917
60 191489.998809
61 193044.108550
62 138543.377549
63 137818.160931
64 110360.706167
65 105872.004412
66 100179.236451
67 112154.658749
68 84900.563353
69 98302.253136
70 87912.507495
71 65834.602489
72 62113.354679
73 48261.285242
74 43544.313087
75 39147.530948
76 35180.159742
77 39012.799805
78 40549.559570
79 38521.550773
80 39202.172356
81 35176.902078
82 25634.959974
83 29641.525097
84 28729.868831
85 30831.827530
86 25468.263916
87 25345.877515
88 26602.309114
89 23800.658410
90 18930.313223
91 18105.560539
92 14431.320164
93 10324.220892
94 10075.177946
95 8474.208249
96 8368.135261
97 7837.082469
98 6709.164190
99 6274.642456
100 6102.323440
101 5291.583102
102 5131.299329
103 4435.166766
104 4151.259229
105 3562.388666
106 2374.813815
107 1843.656885
108 1562.521593
109 1502.055462
110 1264.945257
111 1177.720284
112 1079.592474
113 1004.356483
114 1006.812135
115 857.968944
116 619.273712
117 466.730698
118 412.700787
119 362.884170
120 343.268927
121 282.420444
122 280.354181
123 253.388901
124 238.994356
125 192.222508
126 156.437650
127 142.036364
128 129.298925
129 90.459253
130 72.839905
131 55.562579
132 48.315059
133 41.560650
134 35.199784
135 30.030384
136 24.170047
137 18.325587
138 17.508718
139 15.714011
140 13.568659
141 11.313333
142 8.855714
143 7.373702
144 6.074985
145 5.402515
146 4.576443
147 3.718284
148 3.149548
149 2.375105
150 2.167136
151 1.570849
152 1.130186
153 0.983931
154 0.628973
155 0.539053
156 0.455728
157 0.361663
158 0.294322
159 0.227933
160 0.194325
161 0.172850
162 0.135816
163 0.111935
164 0.091528
165 0.074914
166 0.061788
167 0.049705
168 0.032983
169 0.028127
170 0.021938
171 0.015920
172 0.013440
173 0.010254
174 0.006669
175 0.005358
176 0.004359
177 0.003635
178 0.002097
179 0.001768
180 0.001439
181 0.001155
182 0.000926
183 0.000742
184 0.000600
185 0.000470
186 0.000341
187 0.000272
188 0.000189
189 0.000143
190 0.000112
191 0.000088
192 0.000072
193 0.000055
194 0.000041
195 0.000030
196 0.000024
197 0.000017
198 0.000014
199 0.000010
200 0.000008
201 0.000006
202 0.000004
203 0.000003
204 0.000002
205 0.000002
206 0.000001
207 0.000001
208 0.000001
209 0.000001
210 0.000000
211 0.000000
212 0.000000
213 0.000000
214 0.000000
215 0.000000
216 0.000000
217 0.000000
218 0.000000
219 0.000000
220 0.000000
221 0.000000
222 0.000000
223 0.000000
224 0.000000
225 0.000000
226 0.000000
227 0.000000
228 0.000000
229 0.000000
230 0.000000
231 0.000000
232 0.000000
233 0.000000
234 0.000000
235 0.000000
236 0.000000
237 0.000000
238 0.000000
239 0.000000
240 0.000000
241 0.000000
242 0.000000
243 0.000000
244 0.000000
245 0.000000
246 0.000000
247 0.000000
248 0.000000
249 0.000000
250 0.000000
251 0.000000
252 0.000000
253 0.000000
254 0.000000
255 0.000000
256 0.000000
257 0.000000
258 0.000000
259 0.000000
260 0.000000
261 0.000000
262 0.000000
263 0.000000
264 0.000000
265 0.000000
266 0.000000
267 0.000000
268 0.000000
269 0.000000
270 0.000000
271 0.000000
272 0.000000
273 0.000000
274 0.000000
275 0.000000
276 0.000000
277 0.000000
278 0.000000
279 0.000000
280 0.000000
281 0.000000
282 0.000000
283 0.000000
284 0.000000
285 0.000000
286 0.000000
287 0.000000
288 0.000000
289 0.000000
290 0.000000
291 0.000000
292 0.000000
293 0.000000
294 0.000000
295 0.000000
296 0.000000
297 0.000000
298 0.000000
299 0.000000
300 0.000000
301 0.000000
302 0.000000
303 0.000000
304 0.000000
305 0.000000
306 0.000000
307 0.000000
308 0.000000
309 0.000000
310 0.000000
311 0.000000
312 0.000000
313 0.000000
314 0.000000
315 0.000000
316 0.000000
317 0.000000
318 0.000000
319 0.000000
320 0.000000
321 0.000000
322 0.000000
323 0.000000
324 0.000000
325 0.000000
326 0.000000
327 0.000000
328 0.000000
329 0.000000
330 0.000000
331 0.000000
332 0.000000
333 0.000000
334 0.000000
335 0.000000
336 0.000000
337 0.000000
338 0.000000
339 0.000000
340 0.000000
341 0.000000
342 0.000000
343 0.000000
344 0.000000
345 0.000000
346 0.000000
347 0.000000
348 0.000000
349 0.000000
350 0.000000
351 0.000000
352 0.000000
353 0.000000
354 0.000000
355 0.000000
356 0.000000
357 0.000000
358 0.000000
359 0.000000
360 0.000000
361 0.000000
362 0.000000
363 0.000000
364 0.000000
365 0.000000
366 0.000000
367 0.000000
368 0.000000
369 0.000000
370 0.000000
371 0.000000
372 0.000000
373 0.000000
374 0.000000
375 0.000000
376 0.000000
377 0.000000
378 0.000000
379 0.000000
380 0.000000
381 0.000000
382 0.000000
383 0.000000
384 0.000000
385 0.000000
386 0.000000
387 0.000000
388 0.000000
389 0.000000
390 0.000000
391 0.000000
392 0.000000
393 0.000000
394 0.000000
395 0.000000
396 0.000000
397 0.000000
398 0.000000
399 0.000000
400 0.000000
401 0.000000
402 0.000000
403 0.000000
404 0.000000
405 0.000000
406 0.000000
407 0.000000
408 0.000000
409 0.000000
410 0.000000
411 0.000000
412 0.000000
413 0.000000
414 0.000000
415 0.000000
416 0.000000
417 0.000000
418 0.000000
419 0.000000
420 0.000000
421 0.000000
422 0.000000
423 0.000000
424 0.000000
425 0.000000
426 0.000000
427 0.000000
428 0.000000
429 0.000000
430 0.000000
431 0.000000
432 0.000000
433 0.000000
434 0.000000
435 0.000000
436 0.000000
437 0.000000
438 0.000000
439 0.000000
440 0.000000
441 0.000000
442 0.000000
443 0.000000
444 0.000000
445 0.000000
446 0.000000
447 0.000000
448 0.000000
449 0.000000
450 0.000000
451 0.000000
452 0.000000
453 0.000000
454 0.000000
455 0.000000
456 0.000000
457 0.000000
458 0.000000
459 0.000000
460 0.000000
461 0.000000
462 0.000000
463 0.000000
464 0.000000
465 0.000000
466 0.000000
467 0.000000
468 0.000000
469 0.000000
470 0.000000
471 0.000000
472 0.000000
473 0.000000
474 0.000000
475 0.000000
476 0.000000
477 0.000000
478 0.000000
479 0.000000
480 0.000000
481 0.000000
482 0.000000
483 0.000000
484 0.000000
485 0.000000
486 0.000000
487 0.000000
488 0.000000
489 0.000000
490 0.000000
491 0.000000
492 0.000000
493 0.000000
494 0.000000
495 0.000000
496 0.000000
497 0.000000
498 0.000000
499 0.000000
500 0.000000
