1 1528714.648437
2 1634783.647310
3 1861437.411799
4 1917729.692350
5 2014246.823183
6 1967490.562355
7 1922129.124171
8 2051041.656123
9 2120643.050914
10 1972532.912660
11 2017316.719055
12 1917025.560170
13 1886172.091850
14 1849027.416630
15 1719200.313720
16 1692563.306475
17 1605008.956821
18 1570433.780665
19 1548181.194888
20 1455214.900627
21 1363143.765583
22 1335311.237376
23 1251402.028917
24 1169868.757287
25 1150469.476316
26 1105071.242338
27 1024527.033478
28 958292.280381
29 875493.750217
30 845597.986869
31 772491.523558
32 747327.682659
33 681345.553997
34 660594.801471
35 617263.585692
36 548813.294310
37 509373.685722
38 479075.597890
39 436815.676746
40 371276.284831
41 351948.329895
42 300242.865942
43 280323.236475
44 249243.305460
45 222030.489578
46 200572.554838
47 190220.683397
48 177763.221628
49 163223.337011
50 145741.452839
51 135625.172208
52 118731.232659
53 101108.180184
54 93057.086442
55 87619.817975
56 78335.817565
57 67975.435951
58 61971.681060
59 55885.254937
60 48919.718744
61 41419.882436
62 38189.033850
63 34379.470595
64 30101.775654
65 24939.977319
66 22663.503337
67 19960.055887
68 18323.192471
69 15879.106426
70 14144.511157
71 13017.895374
72 11478.128565
73 9876.257877
74 8719.736587
75 7721.556003
76 6515.916160
77 5470.857830
78 5230.044580
79 4605.263968
80 3982.994445
81 3580.531036
82 3129.740249
83 2716.018316
84 2433.450047
85 2261.133837
86 1814.254164
87 1606.573935
88 1365.228623
89 1211.932389
90 1107.076497
91 932.543799
92 827.460393
93 698.623453
94 626.258138
95 548.287526
96 472.431386
97 408.243693
98 358.979528
99 313.282252
100 285.751816
101 247.742315
102 204.866066
103 178.454458
104 159.825159
105 139.139981
106 121.098353
107 102.306652
108 84.175694
109 78.368690
110 67.338900
111 56.947373
112 48.499696
113 41.529235
114 34.777962
115 31.708463
116 28.405476
117 24.515105
118 21.386341
119 19.269802
120 16.826710
121 14.672146
122 13.112878
123 11.965766
124 10.078381
125 9.295372
126 7.910041
127 6.729762
128 5.947048
129 5.026930
130 4.676961
131 4.106708
132 3.703263
133 3.219837
134 2.775676
135 2.417005
136 2.053117
137 1.869997
138 1.552413
139 1.405923
140 1.250137
141 1.110131
142 0.968384
143 0.838729
144 0.738598
145 0.647164
146 0.584029
147 0.520065
148 0.445738
149 0.403301
150 0.357538
151 0.310458
152 0.276499
153 0.243976
154 0.216656
155 0.199917
156 0.176358
157 0.153997
158 0.137136
159 0.122445
160 0.108610
161 0.097082
162 0.087858
163 0.077740
164 0.066079
165 0.058740
166 0.051117
167 0.045499
168 0.040029
169 0.035248
170 0.030695
171 0.027089
172 0.024792
173 0.021621
174 0.019939
175 0.017566
176 0.015867
177 0.013973
178 0.012662
179 0.011042
180 0.010089
181 0.008849
182 0.008192
183 0.007352
184 0.006637
185 0.005968
186 0.005269
187 0.004753
188 0.004270
189 0.003841
190 0.003479
191 0.003135
192 0.002793
193 0.002528
194 0.002245
195 0.001981
196 0.001804
197 0.001629
198 0.001486
199 0.001333
200 0.001216
201 0.001098
202 0.000981
203 0.000897
204 0.000818
205 0.000748
206 0.000680
207 0.000619
208 0.000560
209 0.000503
210 0.000473
211 0.000436
212 0.000389
213 0.000357
214 0.000325
215 0.000294
216 0.000272
217 0.000249
218 0.000223
219 0.000207
220 0.000187
221 0.000174
222 0.000159
223 0.000148
224 0.000136
225 0.000124
226 0.000115
227 0.000105
228 0.000097
229 0.000089
230 0.000083
231 0.000076
232 0.000071
233 0.000066
234 0.000060
235 0.000056
236 0.000052
237 0.000047
238 0.000044
239 0.000041
240 0.000037
241 0.000034
242 0.000032
243 0.000030
244 0.000027
245 0.000025
246 0.000023
247 0.000022
248 0.000021
249 0.000019
250 0.000018
251 0.000017
252 0.000016
253 0.000014
254 0.000014
255 0.000013
256 0.000012
257 0.000011
258 0.000011
259 0.000010
260 0.000009
261 0.000009
262 0.000008
263 0.000008
264 0.000007
265 0.000007
266 0.000006
267 0.000006
268 0.000006
269 0.000005
270 0.000005
271 0.000005
272 0.000004
273 0.000004
274 0.000004
275 0.000004
276 0.000003
277 0.000003
278 0.000003
279 0.000003
280 0.000003
281 0.000003
282 0.000002
283 0.000002
284 0.000002
285 0.000002
286 0.000002
287 0.000002
288 0.000002
289 0.000002
290 0.000002
291 0.000002
292 0.000001
293 0.000001
294 0.000001
295 0.000001
296 0.000001
297 0.000001
298 0.000001
299 0.000001
300 0.000001
301 0.000001
302 0.000001
303 0.000001
304 0.000001
305 0.000001
306 0.000001
307 0.000001
308 0.000001
309 0.000001
310 0.000001
311 0.000001
312 0.000001
313 0.000001
314 0.000000
315 0.000000
316 0.000000
317 0.000000
318 0.000000
319 0.000000
320 0.000000
321 0.000000
322 0.000000
323 0.000000
324 0.000000
325 0.000000
326 0.000000
327 0.000000
328 0.000000
329 0.000000
330 0.000000
331 0.000000
332 0.000000
333 0.000000
334 0.000000
335 0.000000
336 0.000000
337 0.000000
338 0.000000
339 0.000000
340 0.000000
341 0.000000
342 0.000000
343 0.000000
344 0.000000
345 0.000000
346 0.000000
347 0.000000
348 0.000000
349 0.000000
350 0.000000
351 0.000000
352 0.000000
353 0.000000
354 0.000000
355 0.000000
356 0.000000
357 0.000000
358 0.000000
359 0.000000
360 0.000000
361 0.000000
362 0.000000
363 0.000000
364 0.000000
365 0.000000
366 0.000000
367 0.000000
368 0.000000
369 0.000000
370 0.000000
371 0.000000
372 0.000000
373 0.000000
374 0.000000
375 0.000000
376 0.000000
377 0.000000
378 0.000000
379 0.000000
380 0.000000
381 0.000000
382 0.000000
383 0.000000
384 0.000000
385 0.000000
386 0.000000
387 0.000000
388 0.000000
389 0.000000
390 0.000000
391 0.000000
392 0.000000
393 0.000000
394 0.000000
395 0.000000
396 0.000000
397 0.000000
398 0.000000
399 0.000000
400 0.000000
401 0.000000
402 0.000000
403 0.000000
404 0.000000
405 0.000000
406 0.000000
407 0.000000
408 0.000000
409 0.000000
410 0.000000
411 0.000000
412 0.000000
413 0.000000
414 0.000000
415 0.000000
416 0.000000
417 0.000000
418 0.000000
419 0.000000
420 0.000000
421 0.000000
422 0.000000
423 0.000000
424 0.000000
425 0.000000
426 0.000000
427 0.000000
428 0.000000
429 0.000000
430 0.000000
431 0.000000
432 0.000000
433 0.000000
434 0.000000
435 0.000000
436 0.000000
437 0.000000
438 0.000000
439 0.000000
440 0.000000
441 0.000000
442 0.000000
443 0.000000
444 0.000000
445 0.000000
446 0.000000
447 0.000000
448 0.000000
449 0.000000
450 0.000000
451 0.000000
452 0.000000
453 0.000000
454 0.000000
455 0.000000
456 0.000000
457 0.000000
458 0.000000
459 0.000000
460 0.000000
461 0.000000
462 0.000000
463 0.000000
464 0.000000
465 0.000000
466 0.000000
467 0.000000
468 0.000000
469 0.000000
470 0.000000
471 0.000000
472 0.000000
473 0.000000
474 0.000000
475 0.000000
476 0.000000
477 0.000000
478 0.000000
479 0.000000
480 0.000000
481 0.000000
482 0.000000
483 0.000000
484 0.000000
485 0.000000
486 0.000000
487 0.000000
488 0.000000
489 0.000000
490 0.000000
491 0.000000
492 0.000000
493 0.000000
494 0.000000
495 0.000000
496 0.000000
497 0.000000
498 0.000000
499 0.000000
500 0.000000
