1 1000000000000000019884624838656.000000
2 1000000000000000019884624838656.000000
3 1000000000000000019884624838656.000000
4 1000000000000000019884624838656.000000
5 698051894825985207567614381176290352246479971318810163181122313108626827044673228407602790798134363691376710746332200960.000000
6 698051894825985207567614381176290352246479971318810163181122313108626827044673228407602790798134363691376710746332200960.000000
7 698051894825985207567614381176290352246479971318810163181122313108626827044673228407602790798134363691376710746332200960.000000
8 698051894825985207567614381176290352246479971318810163181122313108626827044673228407602790798134363691376710746332200960.000000
9 698051894825985207567614381176290352246479971318810163181122313108626827044673228407602790798134363691376710746332200960.000000
10 30182320580905556544354253241018736834038952407072058675287279550176025779685380956499873012476746326703597523704114008475828224.000000
11 30182320580905556544354253241018736834038952407072058675287279550176025779685380956499873012476746326703597523704114008475828224.000000
12 30182320580905556544354253241018736834038952407072058675287279550176025779685380956499873012476746326703597523704114008475828224.000000
13 30182320580905556544354253241018736834038952407072058675287279550176025779685380956499873012476746326703597523704114008475828224.000000
14 30182320580905556544354253241018736834038952407072058675287279550176025779685380956499873012476746326703597523704114008475828224.000000
15 1758561353695302277491240020996987306553498963218204898077198411543061995405264865266934964271081062400.000000
16 1758561353695302277491240020996987306553498963218204898077198411543061995405264865266934964271081062400.000000
17 1758561353695302277491240020996987306553498963218204898077198411543061995405264865266934964271081062400.000000
18 1758561353695302277491240020996987306553498963218204898077198411543061995405264865266934964271081062400.000000
19 1758561353695302277491240020996987306553498963218204898077198411543061995405264865266934964271081062400.000000
20 3707244725653586152414168838622611709191555964535767987965847777837056.000000
21 3707244725653586152414168838622611709191555964535767987965847777837056.000000
22 3707244725653586152414168838622611709191555964535767987965847777837056.000000
23 3707244725653586152414168838622611709191555964535767987965847777837056.000000
24 3707244725653586152414168838622611709191555964535767987965847777837056.000000
25 796620740471443126779508108034048.000000
26 796620740471443126779508108034048.000000
27 796620740471443126779508108034048.000000
28 796620740471443126779508108034048.000000
29 796620740471443126779508108034048.000000
30 7342.002089
31 7342.002089
32 7342.002089
33 7342.002089
34 7342.002089
35 2728.168426
36 2728.168426
37 2728.168426
38 2728.168426
39 2728.168426
40 1820.520220
41 1820.520220
42 1820.520220
43 1820.520220
44 1820.520220
45 1352.173310
46 1352.173310
47 1352.173310
48 1352.173310
49 1352.173310
50 964.713149
51 964.713149
52 964.713149
53 964.713149
54 964.713149
55 713.809558
56 713.809558
57 713.809558
58 713.809558
59 713.809558
60 489.889086
61 489.889086
62 489.889086
63 489.889086
64 489.889086
65 346.323909
66 346.323909
67 346.323909
68 346.323909
69 346.323909
70 262.637333
71 262.637333
72 262.637333
73 262.637333
74 262.637333
75 194.432842
76 194.432842
77 194.432842
78 194.432842
79 194.432842
80 139.972622
81 139.972622
82 139.972622
83 139.972622
84 139.972622
85 101.599946
86 101.599946
87 101.599946
88 101.599946
89 101.599946
90 69.347941
91 69.347941
92 69.347941
93 69.347941
94 69.347941
95 48.351882
96 48.351882
97 48.351882
98 48.351882
99 48.351882
100 34.117042
101 34.117042
102 34.117042
103 34.117042
104 34.117042
105 23.871833
106 23.871833
107 23.871833
108 23.871833
109 23.871833
110 16.209116
111 16.209116
112 16.209116
113 16.209116
114 16.209116
115 10.612445
116 10.612445
117 10.612445
118 10.612445
119 10.612445
120 7.375680
121 7.375680
122 7.375680
123 7.375680
124 7.375680
125 5.017672
126 5.017672
127 5.017672
128 5.017672
129 5.017672
130 3.287410
131 3.287410
132 3.287410
133 3.287410
134 3.287410
135 1.996923
136 1.996923
137 1.996923
138 1.996923
139 1.996923
140 1.351542
141 1.351542
142 1.351542
143 1.351542
144 1.351542
145 0.864634
146 0.864634
147 0.864634
148 0.864634
149 0.864634
150 0.589290
151 0.589290
152 0.589290
153 0.589290
154 0.589290
155 0.392669
156 0.392669
157 0.392669
158 0.392669
159 0.392669
160 0.268514
161 0.268514
162 0.268514
163 0.268514
164 0.268514
165 0.174728
166 0.174728
167 0.174728
168 0.174728
169 0.174728
170 0.115993
171 0.115993
172 0.115993
173 0.115993
174 0.115993
175 0.078785
176 0.078785
177 0.078785
178 0.078785
179 0.078785
180 0.053182
181 0.053182
182 0.053182
183 0.053182
184 0.053182
185 0.035144
186 0.035144
187 0.035144
188 0.035144
189 0.035144
190 0.022938
191 0.022938
192 0.022938
193 0.022938
194 0.022938
195 0.015113
196 0.015113
197 0.015113
198 0.015113
199 0.015113
200 0.009685
201 0.009685
202 0.009685
203 0.009685
204 0.009685
205 0.006471
206 0.006471
207 0.006471
208 0.006471
209 0.006471
210 0.004096
211 0.004096
212 0.004096
213 0.004096
214 0.004096
215 0.002630
216 0.002630
217 0.002630
218 0.002630
219 0.002630
220 0.001809
221 0.001809
222 0.001809
223 0.001809
224 0.001809
225 0.001248
226 0.001248
227 0.001248
228 0.001248
229 0.001248
230 0.000839
231 0.000839
232 0.000839
233 0.000839
234 0.000839
235 0.000568
236 0.000568
237 0.000568
238 0.000568
239 0.000568
240 0.000394
241 0.000394
242 0.000394
243 0.000394
244 0.000394
245 0.000249
246 0.000249
247 0.000249
248 0.000249
249 0.000249
250 0.000173
251 0.000173
252 0.000173
253 0.000173
254 0.000173
255 0.000123
256 0.000123
257 0.000123
258 0.000123
259 0.000123
260 0.000086
261 0.000086
262 0.000086
263 0.000086
264 0.000086
265 0.000060
266 0.000060
267 0.000060
268 0.000060
269 0.000060
270 0.000042
271 0.000042
272 0.000042
273 0.000042
274 0.000042
275 0.000029
276 0.000029
277 0.000029
278 0.000029
279 0.000029
280 0.000021
281 0.000021
282 0.000021
283 0.000021
284 0.000021
285 0.000014
286 0.000014
287 0.000014
288 0.000014
289 0.000014
290 0.000010
291 0.000010
292 0.000010
293 0.000010
294 0.000010
295 0.000007
296 0.000007
297 0.000007
298 0.000007
299 0.000007
300 0.000005
301 0.000005
302 0.000005
303 0.000005
304 0.000005
305 0.000003
306 0.000003
307 0.000003
308 0.000003
309 0.000003
310 0.000002
311 0.000002
312 0.000002
313 0.000002
314 0.000002
315 0.000002
316 0.000002
317 0.000002
318 0.000002
319 0.000002
320 0.000001
321 0.000001
322 0.000001
323 0.000001
324 0.000001
325 0.000001
326 0.000001
327 0.000001
328 0.000001
329 0.000001
330 0.000001
331 0.000001
332 0.000001
333 0.000001
334 0.000001
335 0.000000
336 0.000000
337 0.000000
338 0.000000
339 0.000000
340 0.000000
341 0.000000
342 0.000000
343 0.000000
344 0.000000
345 0.000000
346 0.000000
347 0.000000
348 0.000000
349 0.000000
350 0.000000
351 0.000000
352 0.000000
353 0.000000
354 0.000000
355 0.000000
356 0.000000
357 0.000000
358 0.000000
359 0.000000
360 0.000000
361 0.000000
362 0.000000
363 0.000000
364 0.000000
365 0.000000
366 0.000000
367 0.000000
368 0.000000
369 0.000000
370 0.000000
371 0.000000
372 0.000000
373 0.000000
374 0.000000
375 0.000000
376 0.000000
377 0.000000
378 0.000000
379 0.000000
380 0.000000
381 0.000000
382 0.000000
383 0.000000
384 0.000000
385 0.000000
386 0.000000
387 0.000000
388 0.000000
389 0.000000
390 0.000000
391 0.000000
392 0.000000
393 0.000000
394 0.000000
395 0.000000
396 0.000000
397 0.000000
398 0.000000
399 0.000000
400 0.000000
401 0.000000
402 0.000000
403 0.000000
404 0.000000
405 0.000000
406 0.000000
407 0.000000
408 0.000000
409 0.000000
410 0.000000
411 0.000000
412 0.000000
413 0.000000
414 0.000000
415 0.000000
416 0.000000
417 0.000000
418 0.000000
419 0.000000
420 0.000000
421 0.000000
422 0.000000
423 0.000000
424 0.000000
425 0.000000
426 0.000000
427 0.000000
428 0.000000
429 0.000000
430 0.000000
431 0.000000
432 0.000000
433 0.000000
434 0.000000
435 0.000000
436 0.000000
437 0.000000
438 0.000000
439 0.000000
440 0.000000
441 0.000000
442 0.000000
443 0.000000
444 0.000000
445 0.000000
446 0.000000
447 0.000000
448 0.000000
449 0.000000
450 0.000000
451 0.000000
452 0.000000
453 0.000000
454 0.000000
455 0.000000
456 0.000000
457 0.000000
458 0.000000
459 0.000000
460 0.000000
461 0.000000
462 0.000000
463 0.000000
464 0.000000
465 0.000000
466 0.000000
467 0.000000
468 0.000000
469 0.000000
470 0.000000
471 0.000000
472 0.000000
473 0.000000
474 0.000000
475 0.000000
476 0.000000
477 0.000000
478 0.000000
479 0.000000
480 0.000000
481 0.000000
482 0.000000
483 0.000000
484 0.000000
485 0.000000
486 0.000000
487 0.000000
488 0.000000
489 0.000000
490 0.000000
491 0.000000
492 0.000000
493 0.000000
494 0.000000
495 0.000000
496 0.000000
497 0.000000
498 0.000000
499 0.000000
500 0.000000
