1 1000000000000000019884624838656.000000
2 1000000000000000019884624838656.000000
3 1000000000000000019884624838656.000000
4 1000000000000000019884624838656.000000
5 701.551189
6 701.551189
7 701.551189
8 701.551189
9 701.551189
10 713.998940
11 713.998940
12 713.998940
13 713.998940
14 713.998940
15 594.025619
16 594.025619
17 594.025619
18 594.025619
19 594.025619
20 517.988442
21 517.988442
22 517.988442
23 517.988442
24 517.988442
25 427.008796
26 427.008796
27 427.008796
28 427.008796
29 427.008796
30 376.098362
31 376.098362
32 376.098362
33 376.098362
34 376.098362
35 318.494438
36 318.494438
37 318.494438
38 318.494438
39 318.494438
40 268.633096
41 268.633096
42 268.633096
43 268.633096
44 268.633096
45 226.047290
46 226.047290
47 226.047290
48 226.047290
49 226.047290
50 183.250492
51 183.250492
52 183.250492
53 183.250492
54 183.250492
55 162.151266
56 162.151266
57 162.151266
58 162.151266
59 162.151266
60 140.633194
61 140.633194
62 140.633194
63 140.633194
64 140.633194
65 118.165032
66 118.165032
67 118.165032
68 118.165032
69 118.165032
70 107.024529
71 107.024529
72 107.024529
73 107.024529
74 107.024529
75 93.312002
76 93.312002
77 93.312002
78 93.312002
79 93.312002
80 79.996154
81 79.996154
82 79.996154
83 79.996154
84 79.996154
85 70.532985
86 70.532985
87 70.532985
88 70.532985
89 70.532985
90 61.759804
91 61.759804
92 61.759804
93 61.759804
94 61.759804
95 54.133928
96 54.133928
97 54.133928
98 54.133928
99 54.133928
100 48.471473
101 48.471473
102 48.471473
103 48.471473
104 48.471473
105 43.075902
106 43.075902
107 43.075902
108 43.075902
109 43.075902
110 37.909262
111 37.909262
112 37.909262
113 37.909262
114 37.909262
115 33.127473
116 33.127473
117 33.127473
118 33.127473
119 33.127473
120 29.864558
121 29.864558
122 29.864558
123 29.864558
124 29.864558
125 25.699623
126 25.699623
127 25.699623
128 25.699623
129 25.699623
130 23.355064
131 23.355064
132 23.355064
133 23.355064
134 23.355064
135 21.356584
136 21.356584
137 21.356584
138 21.356584
139 21.356584
140 19.136983
141 19.136983
142 19.136983
143 19.136983
144 19.136983
145 17.098042
146 17.098042
147 17.098042
148 17.098042
149 17.098042
150 15.437694
151 15.437694
152 15.437694
153 15.437694
154 15.437694
155 14.242298
156 14.242298
157 14.242298
158 14.242298
159 14.242298
160 12.908897
161 12.908897
162 12.908897
163 12.908897
164 12.908897
165 11.730048
166 11.730048
167 11.730048
168 11.730048
169 11.730048
170 10.722082
171 10.722082
172 10.722082
173 10.722082
174 10.722082
175 9.759787
176 9.759787
177 9.759787
178 9.759787
179 9.759787
180 9.045063
181 9.045063
182 9.045063
183 9.045063
184 9.045063
185 8.357658
186 8.357658
187 8.357658
188 8.357658
189 8.357658
190 7.803488
191 7.803488
192 7.803488
193 7.803488
194 7.803488
195 7.250966
196 7.250966
197 7.250966
198 7.250966
199 7.250966
200 6.814177
201 6.814177
202 6.814177
203 6.814177
204 6.814177
205 6.375828
206 6.375828
207 6.375828
208 6.375828
209 6.375828
210 5.958598
211 5.958598
212 5.958598
213 5.958598
214 5.958598
215 5.590256
216 5.590256
217 5.590256
218 5.590256
219 5.590256
220 5.245354
221 5.245354
222 5.245354
223 5.245354
224 5.245354
225 4.892669
226 4.892669
227 4.892669
228 4.892669
229 4.892669
230 4.662783
231 4.662783
232 4.662783
233 4.662783
234 4.662783
235 4.410820
236 4.410820
237 4.410820
238 4.410820
239 4.410820
240 4.158431
241 4.158431
242 4.158431
243 4.158431
244 4.158431
245 3.917207
246 3.917207
247 3.917207
248 3.917207
249 3.917207
250 3.739762
251 3.739762
252 3.739762
253 3.739762
254 3.739762
255 3.544913
256 3.544913
257 3.544913
258 3.544913
259 3.544913
260 3.369819
261 3.369819
262 3.369819
263 3.369819
264 3.369819
265 3.189884
266 3.189884
267 3.189884
268 3.189884
269 3.189884
270 3.070259
271 3.070259
272 3.070259
273 3.070259
274 3.070259
275 2.911913
276 2.911913
277 2.911913
278 2.911913
279 2.911913
280 2.758538
281 2.758538
282 2.758538
283 2.758538
284 2.758538
285 2.643252
286 2.643252
287 2.643252
288 2.643252
289 2.643252
290 2.536045
291 2.536045
292 2.536045
293 2.536045
294 2.536045
295 2.438059
296 2.438059
297 2.438059
298 2.438059
299 2.438059
300 2.356854
301 2.356854
302 2.356854
303 2.356854
304 2.356854
305 2.255754
306 2.255754
307 2.255754
308 2.255754
309 2.255754
310 2.170184
311 2.170184
312 2.170184
313 2.170184
314 2.170184
315 2.108888
316 2.108888
317 2.108888
318 2.108888
319 2.108888
320 2.035625
321 2.035625
322 2.035625
323 2.035625
324 2.035625
325 1.981568
326 1.981568
327 1.981568
328 1.981568
329 1.981568
330 1.922790
331 1.922790
332 1.922790
333 1.922790
334 1.922790
335 1.870542
336 1.870542
337 1.870542
338 1.870542
339 1.870542
340 1.826008
341 1.826008
342 1.826008
343 1.826008
344 1.826008
345 1.758239
346 1.758239
347 1.758239
348 1.758239
349 1.758239
350 1.722774
351 1.722774
352 1.722774
353 1.722774
354 1.722774
355 1.679352
356 1.679352
357 1.679352
358 1.679352
359 1.679352
360 1.636583
361 1.636583
362 1.636583
363 1.636583
364 1.636583
365 1.599757
366 1.599757
367 1.599757
368 1.599757
369 1.599757
370 1.555122
371 1.555122
372 1.555122
373 1.555122
374 1.555122
375 1.529283
376 1.529283
377 1.529283
378 1.529283
379 1.529283
380 1.497757
381 1.497757
382 1.497757
383 1.497757
384 1.497757
385 1.471548
386 1.471548
387 1.471548
388 1.471548
389 1.471548
390 1.441103
391 1.441103
392 1.441103
393 1.441103
394 1.441103
395 1.419351
396 1.419351
397 1.419351
398 1.419351
399 1.419351
400 1.394516
401 1.394516
402 1.394516
403 1.394516
404 1.394516
405 1.372265
406 1.372265
407 1.372265
408 1.372265
409 1.372265
410 1.351482
411 1.351482
412 1.351482
413 1.351482
414 1.351482
415 1.335090
416 1.335090
417 1.335090
418 1.335090
419 1.335090
420 1.317069
421 1.317069
422 1.317069
423 1.317069
424 1.317069
425 1.298250
426 1.298250
427 1.298250
428 1.298250
429 1.298250
430 1.282740
431 1.282740
432 1.282740
433 1.282740
434 1.282740
435 1.268513
436 1.268513
437 1.268513
438 1.268513
439 1.268513
440 1.255962
441 1.255962
442 1.255962
443 1.255962
444 1.255962
445 1.240600
446 1.240600
447 1.240600
448 1.240600
449 1.240600
450 1.232333
451 1.232333
452 1.232333
453 1.232333
454 1.232333
455 1.222350
456 1.222350
457 1.222350
458 1.222350
459 1.222350
460 1.215376
461 1.215376
462 1.215376
463 1.215376
464 1.215376
465 1.209715
466 1.209715
467 1.209715
468 1.209715
469 1.209715
470 1.202742
471 1.202742
472 1.202742
473 1.202742
474 1.202742
475 1.198578
476 1.198578
477 1.198578
478 1.198578
479 1.198578
480 1.194122
481 1.194122
482 1.194122
483 1.194122
484 1.194122
485 1.191312
486 1.191312
487 1.191312
488 1.191312
489 1.191312
490 1.189062
491 1.189062
492 1.189062
493 1.189062
494 1.189062
495 1.188086
496 1.188086
497 1.188086
498 1.188086
499 1.188086
500 1.187900
