1 inf
2 inf
3 inf
4 inf
5 189953046280647856261675424117607092536116913584564217258875680410528660222146570117221098794621389328771492156029951214785865528543101629994531401139142142988483294769962917051355886244931556344771490938590982669056333265213418973874675698217518282487119190498368454590484971520.000000
6 250203854787158595507326799273900049028972258427733069926390950723463356496077817034299547536007141268754332298431806594159551441719758366310290911921423424381284140797231352348030466808369323763546692006807816989377838495323127063645347020370083840.000000
7 910802079630462701657297287594643267333001875451337882847567703128287661856265546325953493373351786953484271778839040809253638591533618180818526619748402010011984389578568514899061386954695969815241223913362475850924032.000000
8 70689713929618144373914466040138186716152749252804858684637844816837739174752427148596493755236306645252755343995090912923157110878520396987899079471953508318492966835460297367503241216.000000
9 1245982974201578753016326180025595210040338313054252200667552384910535608751986714766952625970720606402124869680786442414585173430845237875052064602221191364608.000000
10 36145736598719264313048471964577473810910175639558422459734634969753661287270604130316705928288730255625479458938491213850441135685632.000000
11 2255809033816090370958058696622085462770778884429965039856501396911816327345765181301543359019472331472896.000000
12 540773799392176907276348094027593721789559759140839700317613561821003776.000000
13 58462551466978318267409920061363959365632.000000
14 225183403418084471472128.000000
15 3621.354574
16 4047.752169
17 4143.633067
18 3540.797555
19 2886.663055
20 2146.288314
21 2399.322255
22 2737.533491
23 2359.391212
24 1793.926471
25 1184.566549
26 797.404282
27 633.831557
28 579.730964
29 543.033217
30 420.543539
31 404.218257
32 275.695562
33 185.053582
34 141.236748
35 137.748217
36 140.604464
37 120.477446
38 89.829438
39 77.690444
40 67.253368
41 59.208302
42 51.099071
43 38.523644
44 25.742886
45 20.540729
46 17.782200
47 13.901004
48 9.554010
49 8.764829
50 5.195746
51 4.671782
52 4.811470
53 2.376063
54 2.785295
55 1.931016
56 2.282750
57 1.966749
58 1.380610
59 0.963852
60 0.761720
61 0.495733
62 0.373561
63 0.246048
64 0.186279
65 0.144808
66 0.107392
67 0.086158
68 0.071896
69 0.070437
70 0.037137
71 0.022748
72 0.022204
73 0.015221
74 0.010107
75 0.008101
76 0.006506
77 0.005338
78 0.003982
79 0.003488
80 0.002889
81 0.002295
82 0.001437
83 0.001148
84 0.000751
85 0.000414
86 0.000377
87 0.000356
88 0.000235
89 0.000181
90 0.000137
91 0.000105
92 0.000073
93 0.000056
94 0.000035
95 0.000029
96 0.000019
97 0.000012
98 0.000009
99 0.000008
100 0.000006
101 0.000004
102 0.000003
103 0.000003
104 0.000002
105 0.000002
106 0.000001
107 0.000001
108 0.000001
109 0.000001
110 0.000001
111 0.000000
112 0.000000
113 0.000000
114 0.000000
115 0.000000
116 0.000000
117 0.000000
118 0.000000
119 0.000000
120 0.000000
121 0.000000
122 0.000000
123 0.000000
124 0.000000
125 0.000000
126 0.000000
127 0.000000
128 0.000000
129 0.000000
130 0.000000
131 0.000000
132 0.000000
133 0.000000
134 0.000000
135 0.000000
136 0.000000
137 0.000000
138 0.000000
139 0.000000
140 0.000000
141 0.000000
142 0.000000
143 0.000000
144 0.000000
145 0.000000
146 0.000000
147 0.000000
148 0.000000
149 0.000000
150 0.000000
151 0.000000
152 0.000000
153 0.000000
154 0.000000
155 0.000000
156 0.000000
157 0.000000
158 0.000000
159 0.000000
160 0.000000
161 0.000000
162 0.000000
163 0.000000
164 0.000000
165 0.000000
166 0.000000
167 0.000000
168 0.000000
169 0.000000
170 0.000000
171 0.000000
172 0.000000
173 0.000000
174 0.000000
175 0.000000
176 0.000000
177 0.000000
178 0.000000
179 0.000000
180 0.000000
181 0.000000
182 0.000000
183 0.000000
184 0.000000
185 0.000000
186 0.000000
187 0.000000
188 0.000000
189 0.000000
190 0.000000
191 0.000000
192 0.000000
193 0.000000
194 0.000000
195 0.000000
196 0.000000
197 0.000000
198 0.000000
199 0.000000
200 0.000000
201 0.000000
202 0.000000
203 0.000000
204 0.000000
205 0.000000
206 0.000000
207 0.000000
208 0.000000
209 0.000000
210 0.000000
211 0.000000
212 0.000000
213 0.000000
214 0.000000
215 0.000000
216 0.000000
217 0.000000
218 0.000000
219 0.000000
220 0.000000
221 0.000000
222 0.000000
223 0.000000
224 0.000000
225 0.000000
226 0.000000
227 0.000000
228 0.000000
229 0.000000
230 0.000000
231 0.000000
232 0.000000
233 0.000000
234 0.000000
235 0.000000
236 0.000000
237 0.000000
238 0.000000
239 0.000000
240 0.000000
241 0.000000
242 0.000000
243 0.000000
244 0.000000
245 0.000000
246 0.000000
247 0.000000
248 0.000000
249 0.000000
250 0.000000
251 0.000000
252 0.000000
253 0.000000
254 0.000000
255 0.000000
256 0.000000
257 0.000000
258 0.000000
259 0.000000
260 0.000000
261 0.000000
262 0.000000
263 0.000000
264 0.000000
265 0.000000
266 0.000000
267 0.000000
268 0.000000
269 0.000000
270 0.000000
271 0.000000
272 0.000000
273 0.000000
274 0.000000
275 0.000000
276 0.000000
277 0.000000
278 0.000000
279 0.000000
280 0.000000
281 0.000000
282 0.000000
283 0.000000
284 0.000000
285 0.000000
286 0.000000
287 0.000000
288 0.000000
289 0.000000
290 0.000000
291 0.000000
292 0.000000
293 0.000000
294 0.000000
295 0.000000
296 0.000000
297 0.000000
298 0.000000
299 0.000000
300 0.000000
301 0.000000
302 0.000000
303 0.000000
304 0.000000
305 0.000000
306 0.000000
307 0.000000
308 0.000000
309 0.000000
310 0.000000
311 0.000000
312 0.000000
313 0.000000
314 0.000000
315 0.000000
316 0.000000
317 0.000000
318 0.000000
319 0.000000
320 0.000000
321 0.000000
322 0.000000
323 0.000000
324 0.000000
325 0.000000
326 0.000000
327 0.000000
328 0.000000
329 0.000000
330 0.000000
331 0.000000
332 0.000000
333 0.000000
334 0.000000
335 0.000000
336 0.000000
337 0.000000
338 0.000000
339 0.000000
340 0.000000
341 0.000000
342 0.000000
343 0.000000
344 0.000000
345 0.000000
346 0.000000
347 0.000000
348 0.000000
349 0.000000
350 0.000000
351 0.000000
352 0.000000
353 0.000000
354 0.000000
355 0.000000
356 0.000000
357 0.000000
358 0.000000
359 0.000000
360 0.000000
361 0.000000
362 0.000000
363 0.000000
364 0.000000
365 0.000000
366 0.000000
367 0.000000
368 0.000000
369 0.000000
370 0.000000
371 0.000000
372 0.000000
373 0.000000
374 0.000000
375 0.000000
376 0.000000
377 0.000000
378 0.000000
379 0.000000
380 0.000000
381 0.000000
382 0.000000
383 0.000000
384 0.000000
385 0.000000
386 0.000000
387 0.000000
388 0.000000
389 0.000000
390 0.000000
391 0.000000
392 0.000000
393 0.000000
394 0.000000
395 0.000000
396 0.000000
397 0.000000
398 0.000000
399 0.000000
400 0.000000
401 0.000000
402 0.000000
403 0.000000
404 0.000000
405 0.000000
406 0.000000
407 0.000000
408 0.000000
409 0.000000
410 0.000000
411 0.000000
412 0.000000
413 0.000000
414 0.000000
415 0.000000
416 0.000000
417 0.000000
418 0.000000
419 0.000000
420 0.000000
421 0.000000
422 0.000000
423 0.000000
424 0.000000
425 0.000000
426 0.000000
427 0.000000
428 0.000000
429 0.000000
430 0.000000
431 0.000000
432 0.000000
433 0.000000
434 0.000000
435 0.000000
436 0.000000
437 0.000000
438 0.000000
439 0.000000
440 0.000000
441 0.000000
442 0.000000
443 0.000000
444 0.000000
445 0.000000
446 0.000000
447 0.000000
448 0.000000
449 0.000000
450 0.000000
451 0.000000
452 0.000000
453 0.000000
454 0.000000
455 0.000000
456 0.000000
457 0.000000
458 0.000000
459 0.000000
460 0.000000
461 0.000000
462 0.000000
463 0.000000
464 0.000000
465 0.000000
466 0.000000
467 0.000000
468 0.000000
469 0.000000
470 0.000000
471 0.000000
472 0.000000
473 0.000000
474 0.000000
475 0.000000
476 0.000000
477 0.000000
478 0.000000
479 0.000000
480 0.000000
481 0.000000
482 0.000000
483 0.000000
484 0.000000
485 0.000000
486 0.000000
487 0.000000
488 0.000000
489 0.000000
490 0.000000
491 0.000000
492 0.000000
493 0.000000
494 0.000000
495 0.000000
496 0.000000
497 0.000000
498 0.000000
499 0.000000
500 0.000000
