1 inf
2 inf
3 inf
4 11605513139727012338340159724096058485018085026167481075294670665955540485226094423711991975728981597144709124792994336819519361218179041775806026172966329501658315334330363804389159329599658658327018906659028808554926576079620088633124349125104026469740622923626215572028702340809451151100585418162176.000000
5 6727065659186729309906694899665177297427674324043448261513882146431501605222780595855295439344661475472700886219617087253343632194138331801679820873045417708573746334550398060323064555202396542195294693401110171207747407438460135425953433892367402513094950089773592768151552.000000
6 7476990380514760385129427127688454419570723742458304860700748237611699770067441534477688350392998932156254112878537809572138967239871738731913489143377102022697183097412968043052702285747559869447539245260622499961327400860390648215735631872.000000
7 14600431234409085150740817633083450912331137338119946123124208156678040243434578091088489454320948215949841080075844981080193710514010452087855839152601481786866660311917884466884108740822484887226157096441269452800.000000
8 1105929835312415561938449023839621747973599171379313468180178838716542849194408821678243104282017749551385648307831015826794826632103915352612785177842606374104045843288319590400.000000
9 23994876380976969914180831504747378566579769330259304320285588811230609586981786735105526830112570895729710791154954817877851197214771204316881867874762752.000000
10 11997048465599014587749038686400785572754933367998916274697110172539364020550883083842557096352609782197172829819483460336615424.000000
11 5649343831038023893478641809570133317678189720672848036101327554656318627244465414686940405432320.000000
12 1920196588868135125733700752293992990032436104771931202641973117504716800.000000
13 780844752078314723250738445676277234850998988260245504.000000
14 20593779597926690816.000000
15 3569.705855
16 3065.904955
17 2580.115727
18 2327.555799
19 2093.469830
20 1842.024949
21 1848.576127
22 1856.572097
23 1315.711461
24 1221.128120
25 1100.452444
26 1064.120477
27 951.092216
28 842.812750
29 814.282693
30 786.076638
31 670.964728
32 606.716597
33 511.981625
34 479.927816
35 399.080044
36 241.290016
37 183.393606
38 152.827629
39 163.621349
40 114.652096
41 100.939471
42 90.338598
43 71.973768
44 75.193631
45 78.410046
46 70.278415
47 66.172665
48 58.860418
49 47.869987
50 25.996546
51 18.592577
52 7.163011
53 6.620690
54 5.157649
55 5.317601
56 4.982167
57 3.974619
58 3.865930
59 2.990370
60 2.182474
61 1.283756
62 0.871910
63 0.820583
64 0.578591
65 0.481317
66 0.334498
67 0.332672
68 0.289952
69 0.239172
70 0.221194
71 0.180983
72 0.156021
73 0.135534
74 0.099418
75 0.096666
76 0.078718
77 0.065475
78 0.048957
79 0.037531
80 0.031980
81 0.025546
82 0.025047
83 0.015303
84 0.012264
85 0.008937
86 0.008002
87 0.005398
88 0.003968
89 0.003279
90 0.002633
91 0.001881
92 0.001701
93 0.001112
94 0.001036
95 0.000811
96 0.000666
97 0.000418
98 0.000339
99 0.000238
100 0.000221
101 0.000172
102 0.000144
103 0.000107
104 0.000077
105 0.000073
106 0.000057
107 0.000050
108 0.000039
109 0.000029
110 0.000025
111 0.000020
112 0.000017
113 0.000014
114 0.000012
115 0.000011
116 0.000009
117 0.000008
118 0.000006
119 0.000005
120 0.000004
121 0.000003
122 0.000002
123 0.000002
124 0.000001
125 0.000001
126 0.000001
127 0.000001
128 0.000001
129 0.000000
130 0.000000
131 0.000000
132 0.000000
133 0.000000
134 0.000000
135 0.000000
136 0.000000
137 0.000000
138 0.000000
139 0.000000
140 0.000000
141 0.000000
142 0.000000
143 0.000000
144 0.000000
145 0.000000
146 0.000000
147 0.000000
148 0.000000
149 0.000000
150 0.000000
151 0.000000
152 0.000000
153 0.000000
154 0.000000
155 0.000000
156 0.000000
157 0.000000
158 0.000000
159 0.000000
160 0.000000
161 0.000000
162 0.000000
163 0.000000
164 0.000000
165 0.000000
166 0.000000
167 0.000000
168 0.000000
169 0.000000
170 0.000000
171 0.000000
172 0.000000
173 0.000000
174 0.000000
175 0.000000
176 0.000000
177 0.000000
178 0.000000
179 0.000000
180 0.000000
181 0.000000
182 0.000000
183 0.000000
184 0.000000
185 0.000000
186 0.000000
187 0.000000
188 0.000000
189 0.000000
190 0.000000
191 0.000000
192 0.000000
193 0.000000
194 0.000000
195 0.000000
196 0.000000
197 0.000000
198 0.000000
199 0.000000
200 0.000000
201 0.000000
202 0.000000
203 0.000000
204 0.000000
205 0.000000
206 0.000000
207 0.000000
208 0.000000
209 0.000000
210 0.000000
211 0.000000
212 0.000000
213 0.000000
214 0.000000
215 0.000000
216 0.000000
217 0.000000
218 0.000000
219 0.000000
220 0.000000
221 0.000000
222 0.000000
223 0.000000
224 0.000000
225 0.000000
226 0.000000
227 0.000000
228 0.000000
229 0.000000
230 0.000000
231 0.000000
232 0.000000
233 0.000000
234 0.000000
235 0.000000
236 0.000000
237 0.000000
238 0.000000
239 0.000000
240 0.000000
241 0.000000
242 0.000000
243 0.000000
244 0.000000
245 0.000000
246 0.000000
247 0.000000
248 0.000000
249 0.000000
250 0.000000
251 0.000000
252 0.000000
253 0.000000
254 0.000000
255 0.000000
256 0.000000
257 0.000000
258 0.000000
259 0.000000
260 0.000000
261 0.000000
262 0.000000
263 0.000000
264 0.000000
265 0.000000
266 0.000000
267 0.000000
268 0.000000
269 0.000000
270 0.000000
271 0.000000
272 0.000000
273 0.000000
274 0.000000
275 0.000000
276 0.000000
277 0.000000
278 0.000000
279 0.000000
280 0.000000
281 0.000000
282 0.000000
283 0.000000
284 0.000000
285 0.000000
286 0.000000
287 0.000000
288 0.000000
289 0.000000
290 0.000000
291 0.000000
292 0.000000
293 0.000000
294 0.000000
295 0.000000
296 0.000000
297 0.000000
298 0.000000
299 0.000000
300 0.000000
301 0.000000
302 0.000000
303 0.000000
304 0.000000
305 0.000000
306 0.000000
307 0.000000
308 0.000000
309 0.000000
310 0.000000
311 0.000000
312 0.000000
313 0.000000
314 0.000000
315 0.000000
316 0.000000
317 0.000000
318 0.000000
319 0.000000
320 0.000000
321 0.000000
322 0.000000
323 0.000000
324 0.000000
325 0.000000
326 0.000000
327 0.000000
328 0.000000
329 0.000000
330 0.000000
331 0.000000
332 0.000000
333 0.000000
334 0.000000
335 0.000000
336 0.000000
337 0.000000
338 0.000000
339 0.000000
340 0.000000
341 0.000000
342 0.000000
343 0.000000
344 0.000000
345 0.000000
346 0.000000
347 0.000000
348 0.000000
349 0.000000
350 0.000000
351 0.000000
352 0.000000
353 0.000000
354 0.000000
355 0.000000
356 0.000000
357 0.000000
358 0.000000
359 0.000000
360 0.000000
361 0.000000
362 0.000000
363 0.000000
364 0.000000
365 0.000000
366 0.000000
367 0.000000
368 0.000000
369 0.000000
370 0.000000
371 0.000000
372 0.000000
373 0.000000
374 0.000000
375 0.000000
376 0.000000
377 0.000000
378 0.000000
379 0.000000
380 0.000000
381 0.000000
382 0.000000
383 0.000000
384 0.000000
385 0.000000
386 0.000000
387 0.000000
388 0.000000
389 0.000000
390 0.000000
391 0.000000
392 0.000000
393 0.000000
394 0.000000
395 0.000000
396 0.000000
397 0.000000
398 0.000000
399 0.000000
400 0.000000
401 0.000000
402 0.000000
403 0.000000
404 0.000000
405 0.000000
406 0.000000
407 0.000000
408 0.000000
409 0.000000
410 0.000000
411 0.000000
412 0.000000
413 0.000000
414 0.000000
415 0.000000
416 0.000000
417 0.000000
418 0.000000
419 0.000000
420 0.000000
421 0.000000
422 0.000000
423 0.000000
424 0.000000
425 0.000000
426 0.000000
427 0.000000
428 0.000000
429 0.000000
430 0.000000
431 0.000000
432 0.000000
433 0.000000
434 0.000000
435 0.000000
436 0.000000
437 0.000000
438 0.000000
439 0.000000
440 0.000000
441 0.000000
442 0.000000
443 0.000000
444 0.000000
445 0.000000
446 0.000000
447 0.000000
448 0.000000
449 0.000000
450 0.000000
451 0.000000
452 0.000000
453 0.000000
454 0.000000
455 0.000000
456 0.000000
457 0.000000
458 0.000000
459 0.000000
460 0.000000
461 0.000000
462 0.000000
463 0.000000
464 0.000000
465 0.000000
466 0.000000
467 0.000000
468 0.000000
469 0.000000
470 0.000000
471 0.000000
472 0.000000
473 0.000000
474 0.000000
475 0.000000
476 0.000000
477 0.000000
478 0.000000
479 0.000000
480 0.000000
481 0.000000
482 0.000000
483 0.000000
484 0.000000
485 0.000000
486 0.000000
487 0.000000
488 0.000000
489 0.000000
490 0.000000
491 0.000000
492 0.000000
493 0.000000
494 0.000000
495 0.000000
496 0.000000
497 0.000000
498 0.000000
499 0.000000
500 0.000000
