1 inf
2 inf
3 inf
4 2188578090045870209512011565418740930221898256930790327418935000796754772718500396292528537243798135326968142965746910424478961625889916144935163299839677972975697081648108112604490862857944115882066540686700103032402390434264699959847185326332640568935162831342371755869543498741952399242428416.000000
5 1559114090771622968022356620524764857479672977600975086708855425166117494159155384828669226376242883336570862165146194418202198221383320284494697625260789013152959170809884138755929827808092965911150963780400201974418306409585581188069867706881758187662378541788227034517612789760.000000
6 5356723451918311979510039859856047451028648204298625909373575758291120135080106677825836688753165866740708566465806173110911355221009069059002152621125942513096471758165093104033306838358519000156756100654071587549409368396074431021056.000000
7 4583148472022463926079868437890027940401233159426330236901477496783958104732913457190336543519255628640670180939725810483632175685594354883436374059126623330174002361649640993761380758488485787114871489298432.000000
8 352378149861339358079414389624586880239371390990600600919184593395424395592925963259273494025398321043211378131277950790539315724958088446886063605770115280087954169579321718732750848.000000
9 13261274698357026633671081493527909840436429402870821431722684061954752074834569025257138037470709808563792441207019053799981692031090081754484333084672.000000
10 272732678830608745178140325439807611124040349747299848274926325064380554726548432705322961682522087336352536496039815695030245820203008.000000
11 681186187497968043409835597798198850525201964431532778945232594228369323874190171060568064.000000
12 1024034985128554280358590341843741026079795137108029850255360.000000
13 913830589027961915109760675541417984.000000
14 285766325667.174255
15 1990.805637
16 1659.777123
17 1358.514095
18 1164.907725
19 1220.955251
20 860.080827
21 793.132394
22 665.997582
23 639.387683
24 497.000345
25 506.642087
26 471.016721
27 446.453635
28 433.913103
29 390.991550
30 280.854405
31 242.124296
32 203.647195
33 174.170806
34 148.280969
35 120.337417
36 143.151678
37 139.726089
38 124.615435
39 109.933684
40 117.575064
41 103.622068
42 75.353578
43 74.236366
44 65.462065
45 47.683978
46 37.062858
47 35.247924
48 26.172584
49 16.052987
50 16.038568
51 12.416365
52 7.286784
53 5.831328
54 4.082243
55 2.600678
56 1.956204
57 1.595687
58 1.140693
59 0.933781
60 0.625885
61 0.666890
62 0.397848
63 0.333375
64 0.244687
65 0.286909
66 0.145637
67 0.099034
68 0.045803
69 0.042562
70 0.035604
71 0.027105
72 0.023130
73 0.019580
74 0.020462
75 0.016905
76 0.011959
77 0.009892
78 0.007914
79 0.007268
80 0.005779
81 0.004177
82 0.003097
83 0.002383
84 0.002517
85 0.002010
86 0.001519
87 0.001203
88 0.000975
89 0.000840
90 0.000560
91 0.000494
92 0.000414
93 0.000417
94 0.000336
95 0.000292
96 0.000214
97 0.000184
98 0.000134
99 0.000113
100 0.000091
101 0.000064
102 0.000052
103 0.000046
104 0.000037
105 0.000031
106 0.000026
107 0.000017
108 0.000012
109 0.000010
110 0.000006
111 0.000005
112 0.000004
113 0.000003
114 0.000002
115 0.000002
116 0.000001
117 0.000001
118 0.000001
119 0.000001
120 0.000001
121 0.000000
122 0.000000
123 0.000000
124 0.000000
125 0.000000
126 0.000000
127 0.000000
128 0.000000
129 0.000000
130 0.000000
131 0.000000
132 0.000000
133 0.000000
134 0.000000
135 0.000000
136 0.000000
137 0.000000
138 0.000000
139 0.000000
140 0.000000
141 0.000000
142 0.000000
143 0.000000
144 0.000000
145 0.000000
146 0.000000
147 0.000000
148 0.000000
149 0.000000
150 0.000000
151 0.000000
152 0.000000
153 0.000000
154 0.000000
155 0.000000
156 0.000000
157 0.000000
158 0.000000
159 0.000000
160 0.000000
161 0.000000
162 0.000000
163 0.000000
164 0.000000
165 0.000000
166 0.000000
167 0.000000
168 0.000000
169 0.000000
170 0.000000
171 0.000000
172 0.000000
173 0.000000
174 0.000000
175 0.000000
176 0.000000
177 0.000000
178 0.000000
179 0.000000
180 0.000000
181 0.000000
182 0.000000
183 0.000000
184 0.000000
185 0.000000
186 0.000000
187 0.000000
188 0.000000
189 0.000000
190 0.000000
191 0.000000
192 0.000000
193 0.000000
194 0.000000
195 0.000000
196 0.000000
197 0.000000
198 0.000000
199 0.000000
200 0.000000
201 0.000000
202 0.000000
203 0.000000
204 0.000000
205 0.000000
206 0.000000
207 0.000000
208 0.000000
209 0.000000
210 0.000000
211 0.000000
212 0.000000
213 0.000000
214 0.000000
215 0.000000
216 0.000000
217 0.000000
218 0.000000
219 0.000000
220 0.000000
221 0.000000
222 0.000000
223 0.000000
224 0.000000
225 0.000000
226 0.000000
227 0.000000
228 0.000000
229 0.000000
230 0.000000
231 0.000000
232 0.000000
233 0.000000
234 0.000000
235 0.000000
236 0.000000
237 0.000000
238 0.000000
239 0.000000
240 0.000000
241 0.000000
242 0.000000
243 0.000000
244 0.000000
245 0.000000
246 0.000000
247 0.000000
248 0.000000
249 0.000000
250 0.000000
251 0.000000
252 0.000000
253 0.000000
254 0.000000
255 0.000000
256 0.000000
257 0.000000
258 0.000000
259 0.000000
260 0.000000
261 0.000000
262 0.000000
263 0.000000
264 0.000000
265 0.000000
266 0.000000
267 0.000000
268 0.000000
269 0.000000
270 0.000000
271 0.000000
272 0.000000
273 0.000000
274 0.000000
275 0.000000
276 0.000000
277 0.000000
278 0.000000
279 0.000000
280 0.000000
281 0.000000
282 0.000000
283 0.000000
284 0.000000
285 0.000000
286 0.000000
287 0.000000
288 0.000000
289 0.000000
290 0.000000
291 0.000000
292 0.000000
293 0.000000
294 0.000000
295 0.000000
296 0.000000
297 0.000000
298 0.000000
299 0.000000
300 0.000000
301 0.000000
302 0.000000
303 0.000000
304 0.000000
305 0.000000
306 0.000000
307 0.000000
308 0.000000
309 0.000000
310 0.000000
311 0.000000
312 0.000000
313 0.000000
314 0.000000
315 0.000000
316 0.000000
317 0.000000
318 0.000000
319 0.000000
320 0.000000
321 0.000000
322 0.000000
323 0.000000
324 0.000000
325 0.000000
326 0.000000
327 0.000000
328 0.000000
329 0.000000
330 0.000000
331 0.000000
332 0.000000
333 0.000000
334 0.000000
335 0.000000
336 0.000000
337 0.000000
338 0.000000
339 0.000000
340 0.000000
341 0.000000
342 0.000000
343 0.000000
344 0.000000
345 0.000000
346 0.000000
347 0.000000
348 0.000000
349 0.000000
350 0.000000
351 0.000000
352 0.000000
353 0.000000
354 0.000000
355 0.000000
356 0.000000
357 0.000000
358 0.000000
359 0.000000
360 0.000000
361 0.000000
362 0.000000
363 0.000000
364 0.000000
365 0.000000
366 0.000000
367 0.000000
368 0.000000
369 0.000000
370 0.000000
371 0.000000
372 0.000000
373 0.000000
374 0.000000
375 0.000000
376 0.000000
377 0.000000
378 0.000000
379 0.000000
380 0.000000
381 0.000000
382 0.000000
383 0.000000
384 0.000000
385 0.000000
386 0.000000
387 0.000000
388 0.000000
389 0.000000
390 0.000000
391 0.000000
392 0.000000
393 0.000000
394 0.000000
395 0.000000
396 0.000000
397 0.000000
398 0.000000
399 0.000000
400 0.000000
401 0.000000
402 0.000000
403 0.000000
404 0.000000
405 0.000000
406 0.000000
407 0.000000
408 0.000000
409 0.000000
410 0.000000
411 0.000000
412 0.000000
413 0.000000
414 0.000000
415 0.000000
416 0.000000
417 0.000000
418 0.000000
419 0.000000
420 0.000000
421 0.000000
422 0.000000
423 0.000000
424 0.000000
425 0.000000
426 0.000000
427 0.000000
428 0.000000
429 0.000000
430 0.000000
431 0.000000
432 0.000000
433 0.000000
434 0.000000
435 0.000000
436 0.000000
437 0.000000
438 0.000000
439 0.000000
440 0.000000
441 0.000000
442 0.000000
443 0.000000
444 0.000000
445 0.000000
446 0.000000
447 0.000000
448 0.000000
449 0.000000
450 0.000000
451 0.000000
452 0.000000
453 0.000000
454 0.000000
455 0.000000
456 0.000000
457 0.000000
458 0.000000
459 0.000000
460 0.000000
461 0.000000
462 0.000000
463 0.000000
464 0.000000
465 0.000000
466 0.000000
467 0.000000
468 0.000000
469 0.000000
470 0.000000
471 0.000000
472 0.000000
473 0.000000
474 0.000000
475 0.000000
476 0.000000
477 0.000000
478 0.000000
479 0.000000
480 0.000000
481 0.000000
482 0.000000
483 0.000000
484 0.000000
485 0.000000
486 0.000000
487 0.000000
488 0.000000
489 0.000000
490 0.000000
491 0.000000
492 0.000000
493 0.000000
494 0.000000
495 0.000000
496 0.000000
497 0.000000
498 0.000000
499 0.000000
500 0.000000
