1 inf
2 inf
3 inf
4 inf
5 inf
6 inf
7 inf
8 inf
9 inf
10 inf
11 inf
12 1297249420476453561757443850631311787624360521205774786801796270714706555115582278103735624278702444585241265638242612086008004270098009740423200135103045429016590784832752909455723585689530932726428867416911314640363726583524886887743816607054892237370626193841501756330235042698300226761916416.000000
13 803786024361995278929792842692334442991133645642987359370821827450281971497569609423763074179570053628441397555591393869422752447295138438881653022915851025907953664957521026777721137994311616754425432328544887805716891327935469593019179491411208495111747990229990109350460521001375273895067648.000000
14 1460347651365587944168481047744948463114270120473118436145510753156818758540252489924900470510656595527786768824807391539781195629683483957629412661123613372690181136208538674782861163642644959078574882741440790857888266428213164253542736353249207438474222491594903325884894903871394021376.000000
15 228366114020070155677299274795730266190384750550463416564394638860289856480806638656147642905475232683865716893875319434360263552366815022764645322765934014545341061264678075154123752623558921504626031157412805474279717692796914279101565440524711780950023019446091812190669504512.000000
16 1186322206240249645543462726286897794419598438937375581796821422356836969701684689517886277002551514072052189281441331157349104000840578268553906629381155518167883997923338760036345210970029317347300412013566339488008625632490850152269327497243510206931314067636224.000000
17 20081270835437352364651272813843860960892878188782022008955826265124366828267734099554896203102862475662164050661684198654157593612889438109816365965345823692136731181282569395000596399456761762683063035787264119059238656361964381496433202988936494083663275753472.000000
18 10241298918364030541312795409876098000197998235258541754662783143442615236218941702140208570740479751452741656585786377558825692956142547817000463095012536439453588045706379672612791623550807019903053261684304289951680487360622618329484000556327404306432.000000
19 24706273774299569395210413084478765001025850370680168291918830810285227445400740085780748579379088264658332172880163343161206253692101559633401693850507565880994475254547855549171927153720407765410211887097481838221346899222523929062215964101332434944.000000
20 1144626844812374546842155900092721302902565768801024017060415366672987154142839201487024297432521580493967840021050910592185086069609011621325655518448021645662558840903838239141977191180197304161673451887874564035771310952879308196347379712.000000
21 1149615593034723801732049565326900810415429734062290725784836971965577946326847825424221284586167533631773542013126020963444818643878794671881055109049152657839905778728400434802998602865303352125501618063062684699723961575777822048256.000000
22 124584568120323293345989133067122639288507780157946839558852480362005757259139118831033578753118912738788773415380212028368058728557273038589119961015006054251927591738989514437538213101280641489339308196361326647447004381184.000000
23 414165497711510706243700874661882316396463589202784286737963650298068832433518572816087220867443694982729702047465998780224043420241495800634316525735335915436831888899551598260690856064384846328034923540119552.000000
24 75752110649653129115684120517994682423826975458910234352088741786127073096078226276772228235075922024479710827913009339448353867491321125238868547956163629509457960650042892320227903147625497577289659369652224.000000
25 35183019544542818860370756337970115458655239508443612954869978288394184464838742915317975448653522516184569391058200714524029652451299665116829979899649668575859747295077367795702809362092529543020544.000000
26 283082936090448150128789911113578707198158797599708221240567871332988579241952169056676621258811954302021844354933558599519850441352691099122007670806017728237591872499533941710227770576818143232.000000
27 1499557950069584050186875262235909539746766208693146992019166798576984959394852238934972774647272244904557378569044629295901609524237412997261409159839536585398886118265615715013754880.000000
28 1727699901919541237370986564789656528089370657774692111714180460577539551960199640459714643346105075168502060960821784392969608118774160302657346623615589152740677675751598718976.000000
29 21607669688764000304402042660712890903366586190556704724126037143414064689114079457083589669280404857630037591136961328578527904552110056218100157077858222575565406208.000000
30 537085056348159430258480926408525473032312058515161979072292914492556734656420769991488959989935472993506807432539726486436707283446663391264058030105965166067712.000000
31 977248563066016622533312509293358770123754682781925854332291520561895411901032054625570970970901612970163641113394689306069816427089049562421410409868165120.000000
32 802860802787777042100865949630329985067386248832999857125628574885844207567765038781145595283234604609156104110486648183037253846079966448594190336.000000
33 165032613950872661295000577412700355965553478436788112821939273330560489434446720010873535652055517356931468275293375117702983023019530448273408.000000
34 112777709198863487307236870329268915940028311142709618341699109956830338461370506860175476960093010337212508029550717089863812331339776.000000
35 8712090654696769096169439242127514816944325444286455561404356370208341864242563420825859892506554976218233692720013839958016.000000
36 9069701974158584150963572370314430897365730558930440783961926683166678666549837768534170273192431483157114519552.000000
37 31647539498034576229297330890440363650692772375679383188953251297325702460034525815259921599086876793174491136.000000
38 1037895548658482525666821875291420438834986391352319232745632115581877956679065524283530995568738304.000000
39 182029614805182047793813715026207001737925393279949455662405925975792749425227020107776.000000
40 58993396538080682736593333693811906511882347175431063089130999736575687326741561344.000000
41 453833921994120364721987910676262194499901653081903274498172387328.000000
42 1319646648092908878769843282928337660523482918460908661374976.000000
43 632204919304950122716801136891479645547523989307392.000000
44 707038767606859563708478434833762091008.000000
45 201710781725059714133270724608.000000
46 19467950238742110208.000000
47 18753888389.180889
48 3656.850887
49 3381.753152
50 2587.362823
51 1990.575149
52 1583.638453
53 1353.701807
54 1220.612715
55 1005.554987
56 889.834688
57 770.288242
58 701.448137
59 602.394626
60 514.839683
61 445.349173
62 397.425827
63 349.543445
64 303.534395
65 281.368344
66 241.140917
67 219.125618
68 196.841265
69 161.940943
70 145.043490
71 130.590735
72 113.122527
73 102.571759
74 88.342582
75 79.833996
76 70.463566
77 62.342511
78 55.266473
79 48.973728
80 42.792140
81 38.610350
82 34.668143
83 30.295488
84 26.515921
85 23.559342
86 21.367908
87 18.521886
88 16.539580
89 14.730336
90 12.588635
91 11.621638
92 10.548586
93 9.316051
94 8.466514
95 7.288876
96 6.666314
97 5.977068
98 5.155452
99 4.497720
100 4.059622
101 3.548593
102 3.230491
103 2.886735
104 2.594617
105 2.319356
106 2.013032
107 1.797619
108 1.577786
109 1.405173
110 1.224501
111 1.063942
112 0.958270
113 0.859828
114 0.763242
115 0.660408
116 0.566104
117 0.507115
118 0.454087
119 0.408643
120 0.355408
121 0.323761
122 0.288504
123 0.250203
124 0.231087
125 0.205372
126 0.181909
127 0.164951
128 0.147272
129 0.131988
130 0.116982
131 0.106434
132 0.092499
133 0.084171
134 0.074186
135 0.066653
136 0.061472
137 0.053641
138 0.048840
139 0.043475
140 0.038475
141 0.034682
142 0.031376
143 0.028894
144 0.026018
145 0.023312
146 0.021028
147 0.018781
148 0.016991
149 0.015253
150 0.014065
151 0.012764
152 0.011474
153 0.010571
154 0.009577
155 0.008639
156 0.007917
157 0.007174
158 0.006427
159 0.005899
160 0.005375
161 0.004901
162 0.004396
163 0.004074
164 0.003647
165 0.003306
166 0.003045
167 0.002771
168 0.002497
169 0.002260
170 0.002081
171 0.001907
172 0.001710
173 0.001572
174 0.001427
175 0.001274
176 0.001164
177 0.001052
178 0.000966
179 0.000887
180 0.000800
181 0.000733
182 0.000654
183 0.000603
184 0.000543
185 0.000509
186 0.000466
187 0.000429
188 0.000398
189 0.000362
190 0.000332
191 0.000311
192 0.000282
193 0.000255
194 0.000241
195 0.000225
196 0.000207
197 0.000190
198 0.000176
199 0.000165
200 0.000151
201 0.000138
202 0.000129
203 0.000120
204 0.000110
205 0.000102
206 0.000095
207 0.000089
208 0.000083
209 0.000078
210 0.000072
211 0.000067
212 0.000063
213 0.000058
214 0.000054
215 0.000051
216 0.000047
217 0.000044
218 0.000042
219 0.000039
220 0.000036
221 0.000034
222 0.000032
223 0.000030
224 0.000028
225 0.000027
226 0.000025
227 0.000023
228 0.000022
229 0.000021
230 0.000019
231 0.000018
232 0.000017
233 0.000016
234 0.000015
235 0.000014
236 0.000014
237 0.000013
238 0.000012
239 0.000012
240 0.000011
241 0.000010
242 0.000010
243 0.000009
244 0.000009
245 0.000008
246 0.000008
247 0.000008
248 0.000007
249 0.000007
250 0.000007
251 0.000006
252 0.000006
253 0.000006
254 0.000005
255 0.000005
256 0.000005
257 0.000005
258 0.000004
259 0.000004
260 0.000004
261 0.000004
262 0.000004
263 0.000003
264 0.000003
265 0.000003
266 0.000003
267 0.000003
268 0.000003
269 0.000003
270 0.000002
271 0.000002
272 0.000002
273 0.000002
274 0.000002
275 0.000002
276 0.000002
277 0.000002
278 0.000002
279 0.000002
280 0.000002
281 0.000002
282 0.000001
283 0.000001
284 0.000001
285 0.000001
286 0.000001
287 0.000001
288 0.000001
289 0.000001
290 0.000001
291 0.000001
292 0.000001
293 0.000001
294 0.000001
295 0.000001
296 0.000001
297 0.000001
298 0.000001
299 0.000001
300 0.000001
301 0.000001
302 0.000001
303 0.000001
304 0.000001
305 0.000001
306 0.000001
307 0.000001
308 0.000001
309 0.000001
310 0.000001
311 0.000001
312 0.000000
313 0.000000
314 0.000000
315 0.000000
316 0.000000
317 0.000000
318 0.000000
319 0.000000
320 0.000000
321 0.000000
322 0.000000
323 0.000000
324 0.000000
325 0.000000
326 0.000000
327 0.000000
328 0.000000
329 0.000000
330 0.000000
331 0.000000
332 0.000000
333 0.000000
334 0.000000
335 0.000000
336 0.000000
337 0.000000
338 0.000000
339 0.000000
340 0.000000
341 0.000000
342 0.000000
343 0.000000
344 0.000000
345 0.000000
346 0.000000
347 0.000000
348 0.000000
349 0.000000
350 0.000000
351 0.000000
352 0.000000
353 0.000000
354 0.000000
355 0.000000
356 0.000000
357 0.000000
358 0.000000
359 0.000000
360 0.000000
361 0.000000
362 0.000000
363 0.000000
364 0.000000
365 0.000000
366 0.000000
367 0.000000
368 0.000000
369 0.000000
370 0.000000
371 0.000000
372 0.000000
373 0.000000
374 0.000000
375 0.000000
376 0.000000
377 0.000000
378 0.000000
379 0.000000
380 0.000000
381 0.000000
382 0.000000
383 0.000000
384 0.000000
385 0.000000
386 0.000000
387 0.000000
388 0.000000
389 0.000000
390 0.000000
391 0.000000
392 0.000000
393 0.000000
394 0.000000
395 0.000000
396 0.000000
397 0.000000
398 0.000000
399 0.000000
400 0.000000
401 0.000000
402 0.000000
403 0.000000
404 0.000000
405 0.000000
406 0.000000
407 0.000000
408 0.000000
409 0.000000
410 0.000000
411 0.000000
412 0.000000
413 0.000000
414 0.000000
415 0.000000
416 0.000000
417 0.000000
418 0.000000
419 0.000000
420 0.000000
421 0.000000
422 0.000000
423 0.000000
424 0.000000
425 0.000000
426 0.000000
427 0.000000
428 0.000000
429 0.000000
430 0.000000
431 0.000000
432 0.000000
433 0.000000
434 0.000000
435 0.000000
436 0.000000
437 0.000000
438 0.000000
439 0.000000
440 0.000000
441 0.000000
442 0.000000
443 0.000000
444 0.000000
445 0.000000
446 0.000000
447 0.000000
448 0.000000
449 0.000000
450 0.000000
451 0.000000
452 0.000000
453 0.000000
454 0.000000
455 0.000000
456 0.000000
457 0.000000
458 0.000000
459 0.000000
460 0.000000
461 0.000000
462 0.000000
463 0.000000
464 0.000000
465 0.000000
466 0.000000
467 0.000000
468 0.000000
469 0.000000
470 0.000000
471 0.000000
472 0.000000
473 0.000000
474 0.000000
475 0.000000
476 0.000000
477 0.000000
478 0.000000
479 0.000000
480 0.000000
481 0.000000
482 0.000000
483 0.000000
484 0.000000
485 0.000000
486 0.000000
487 0.000000
488 0.000000
489 0.000000
490 0.000000
491 0.000000
492 0.000000
493 0.000000
494 0.000000
495 0.000000
496 0.000000
497 0.000000
498 0.000000
499 0.000000
500 0.000000
