1 5116094.309019
2 4276918.421443
3 6135625.003002
4 7697758.866200
5 9064594.418919
6 11624082.385375
7 9814657.920400
8 7781095.741059
9 11388472.786539
10 12263885.094344
11 15313776.656957
12 13298603.153383
13 12958977.153188
14 14937710.959922
15 13623757.426373
16 16000940.464372
17 17756843.851287
18 17875040.235177
19 23258720.882373
20 22488693.234963
21 27452891.680426
22 27273331.630527
23 29388338.978579
24 24311982.440239
25 20726892.713843
26 24207156.600941
27 22647064.981745
28 25359053.117249
29 21751463.948857
30 25267545.623583
31 23855850.824085
32 20237183.937879
33 24031813.340397
34 27068754.748949
35 27821109.763710
36 26774601.152412
37 29155644.162476
38 18158592.680302
39 20618702.351718
40 25511856.697760
41 24386362.535772
42 19765230.612962
43 12643144.393159
44 18853730.867337
45 15348024.871562
46 18412022.151940
47 15684998.379705
48 12800453.444770
49 14209487.958428
50 13662496.286796
51 13683556.662306
52 12123460.535347
53 13689793.502140
54 14078636.754825
55 13324480.353116
56 12279841.199805
57 10444885.236575
58 13617067.041299
59 10075058.968831
60 10618684.244269
61 11090301.090568
62 11403210.520564
63 15867871.494347
64 12421170.045319
65 16741054.785941
66 11798232.760370
67 13872592.335259
68 13929646.521912
69 13245365.642953
70 13067429.974772
71 14024702.666890
72 12015491.003152
73 11767203.328526
74 11609735.353492
75 9132392.201932
76 9477675.790087
77 9243965.680269
78 10225225.812143
79 9221579.245081
80 7292361.444161
81 9769655.965169
82 6604582.673465
83 8369456.835417
84 8581085.745767
85 7375541.008291
86 6471812.526182
87 7395885.927944
88 7984863.118990
89 6486199.275947
90 6321960.594680
91 6025062.474372
92 5280402.946601
93 4666510.777072
94 5179632.642404
95 4715130.658415
96 4842360.114161
97 5045342.620820
98 3690050.396181
99 5525615.433116
100 5256264.395389
101 3916997.220442
102 5616681.563480
103 4834726.613752
104 4305399.892584
105 3220228.429393
106 2595722.829232
107 2354363.444274
108 2314954.647388
109 2676863.391417
110 2717094.646118
111 2797352.646260
112 2644210.632154
113 2896474.434800
114 3285296.414828
115 2567829.821314
116 2813469.121539
117 2679883.264837
118 2021942.540582
119 1792544.070800
120 1722061.017835
121 1759438.393908
122 1731045.597172
123 1263958.565320
124 1247986.762738
125 1120544.524701
126 1334090.736673
127 1193373.093065
128 1065601.514364
129 1048926.915739
130 1138025.275693
131 855265.676941
132 815702.567967
133 916670.537546
134 804090.649402
135 743696.009245
136 671282.067895
137 620326.322367
138 577892.261555
139 610871.623757
140 507719.057928
141 526251.033257
142 475021.507120
143 352635.472601
144 307882.830985
145 234268.244004
146 263252.940582
147 237704.818770
148 258527.967260
149 235472.123832
150 202498.478062
151 174790.040994
152 190583.812239
153 180038.003539
154 184403.559383
155 197638.121749
156 164834.839725
157 178706.715589
158 162915.678738
159 170663.793908
160 123959.553240
161 169749.409129
162 141359.754852
163 122083.817605
164 116107.675792
165 121658.363223
166 106639.349502
167 106889.590203
168 103756.795037
169 94621.924740
170 91763.769971
171 72222.219111
172 70836.174095
173 68705.884079
174 67949.945963
175 70657.214279
176 57967.471994
177 58101.820841
178 52995.872008
179 56870.311465
180 46923.340686
181 44900.225725
182 44523.258297
183 44533.213535
184 42793.472164
185 39852.039854
186 34784.822895
187 38373.060086
188 34743.263883
189 30293.536018
190 26040.537312
191 24279.894700
192 24344.466176
193 24191.947372
194 21590.331069
195 21921.244492
196 19206.864550
197 18282.641936
198 19363.320012
199 17452.306772
200 15499.993364
201 15323.975297
202 12649.366161
203 14734.708445
204 15040.612593
205 13052.109042
206 12743.002835
207 12599.340344
208 12071.938621
209 9602.513035
210 7581.576220
211 8613.203422
212 8898.027463
213 9393.886725
214 7174.797996
215 6698.508747
216 7157.855307
217 6571.100680
218 6056.560130
219 5547.696778
220 5724.527935
221 4993.277896
222 4530.791359
223 4323.647909
224 3764.174985
225 3842.914188
226 3928.170866
227 3207.271909
228 3202.820672
229 3180.679711
230 2778.413409
231 2773.010553
232 2691.607084
233 2700.030595
234 2276.191698
235 2145.893784
236 1976.782795
237 1989.967706
238 1745.734681
239 1571.479906
240 1471.227395
241 1590.481027
242 1407.541909
243 1370.335082
244 1369.433547
245 1448.994708
246 1254.877210
247 1315.458306
248 1094.884781
249 1096.514762
250 956.090057
251 1092.161850
252 1077.416194
253 919.019316
254 927.151740
255 901.445384
256 848.899796
257 831.688396
258 747.440161
259 708.926460
260 689.536167
261 668.126324
262 677.304393
263 624.981606
264 638.298949
265 592.444316
266 581.787230
267 628.086345
268 547.395782
269 562.894973
270 530.528029
271 589.916284
272 597.813052
273 520.000617
274 541.312237
275 506.820432
276 466.580284
277 457.493542
278 442.692241
279 421.548557
280 424.972341
281 444.649931
282 406.082773
283 413.903943
284 428.941246
285 392.194335
286 405.766138
287 381.485727
288 361.172641
289 367.285544
290 343.800560
291 325.541938
292 321.375365
293 310.730577
294 285.814808
295 263.725505
296 277.293526
297 275.021144
298 245.575172
299 242.423601
300 240.489409
301 231.271651
302 232.770713
303 223.937495
304 215.093384
305 215.995376
306 218.666651
307 210.285774
308 205.638619
309 200.927979
310 178.614246
311 162.279097
312 170.510848
313 151.838550
314 144.918433
315 147.400428
316 146.138494
317 130.766333
318 138.525709
319 141.786268
320 130.335085
321 132.981289
322 122.943955
323 111.878256
324 117.401529
325 114.065433
326 111.388325
327 110.147964
328 106.833822
329 101.576404
330 99.977797
331 100.344705
332 94.011867
333 93.474669
334 91.326170
335 92.080259
336 89.277315
337 92.002718
338 85.963280
339 79.414955
340 78.317508
341 77.412393
342 75.606532
343 71.483243
344 69.515853
345 69.574438
346 66.498203
347 67.558705
348 60.121363
349 62.363615
350 59.216296
351 59.431323
352 57.923797
353 52.950267
354 51.309619
355 49.094251
356 51.623873
357 48.916129
358 48.719763
359 48.976444
360 47.607153
361 46.041876
362 45.162576
363 44.054848
364 45.362412
365 42.221809
366 42.666689
367 38.214681
368 39.368769
369 40.276931
370 40.087572
371 39.999143
372 40.383709
373 37.253205
374 38.009524
375 37.078845
376 36.577777
377 35.202844
378 33.915236
379 33.808884
380 33.178086
381 32.571596
382 32.619635
383 31.746471
384 29.239884
385 28.923432
386 29.616672
387 28.084280
388 27.959228
389 27.434594
390 27.278207
391 27.043115
392 26.780489
393 25.694614
394 26.054103
395 24.461216
396 24.652179
397 23.923782
398 23.442337
399 22.599441
400 22.645861
401 21.833538
402 21.676735
403 20.987667
404 20.718944
405 20.599958
406 20.615798
407 20.136184
408 19.539156
409 19.478053
410 18.865861
411 18.794558
412 18.496589
413 18.234524
414 17.415960
415 17.017733
416 17.067436
417 16.706258
418 16.185517
419 16.105007
420 15.840270
421 15.879955
422 15.266836
423 15.284209
424 14.925042
425 14.959475
426 14.604538
427 14.413462
428 14.377173
429 14.132914
430 14.019939
431 13.878527
432 13.496653
433 13.231170
434 13.106042
435 12.916171
436 12.829974
437 12.626579
438 12.487069
439 12.371645
440 12.164502
441 12.106786
442 11.941561
443 11.803037
444 11.704019
445 11.532500
446 11.321123
447 11.223876
448 10.984499
449 10.862876
450 10.744381
451 10.675967
452 10.515849
453 10.420633
454 10.316533
455 10.096502
456 9.966131
457 9.901145
458 9.741840
459 9.673618
460 9.532262
461 9.396497
462 9.298149
463 9.205717
464 9.129930
465 9.021830
466 8.876526
467 8.829229
468 8.802568
469 8.671283
470 8.607335
471 8.544268
472 8.471941
473 8.362046
474 8.255746
475 8.249224
476 8.175427
477 8.104082
478 8.043257
479 7.983230
480 7.920090
481 7.880064
482 7.811858
483 7.765770
484 7.754883
485 7.689750
486 7.666871
487 7.617974
488 7.588932
489 7.559745
490 7.528059
491 7.505460
492 7.475185
493 7.451845
494 7.419527
495 7.410707
496 7.395118
497 7.384074
498 7.376193
499 7.370883
500 7.367399
