1 57073601.425751
2 68077922.531692
3 87096892.605639
4 134492200.760050
5 126306280.661352
6 131327414.597615
7 191311583.651379
8 140522114.237155
9 257854858.511152
10 213426448.481828
11 371980653.235988
12 364402425.125756
13 458755052.658912
14 630812818.221493
15 757373974.447326
16 785658134.370176
17 913789708.434801
18 1040879732.832904
19 998835610.746457
20 872544056.080983
21 1042420616.300822
22 1303741970.744959
23 1275760416.153711
24 1610208874.881433
25 1708091710.205296
26 1926311159.041421
27 2045823456.410479
28 2825068099.144552
29 2802019235.838432
30 3058989892.667797
31 3341977460.846956
32 3299870277.471358
33 3834554418.836432
34 4107453911.727545
35 4479952067.722291
36 4878749223.600658
37 5063015688.094695
38 4951756338.416989
39 5550049914.783298
40 7031772679.259380
41 7526872827.417820
42 8235198526.346939
43 8333395415.596861
44 7204629684.175690
45 9672212994.539513
46 10577375170.832006
47 9896605542.568598
48 8766426564.359085
49 12324426338.222095
50 7707144627.816612
51 11963789869.572594
52 9768170317.461178
53 8147179646.366038
54 8707342371.692310
55 8646924212.627748
56 6202589768.800107
57 12774196965.378307
58 9628376169.847332
59 7839519631.673993
60 12203773163.083405
61 9562893286.167248
62 9770520525.422485
63 10969749726.270271
64 11100737526.060278
65 10929436041.033545
66 8513060629.176091
67 10087129108.111494
68 12430890736.468599
69 10905151768.491003
70 11842005029.365633
71 10904231604.732815
72 11973393907.439238
73 10258453502.335726
74 9022730312.839510
75 8327518121.048333
76 11250582820.503899
77 13223498150.557440
78 8822581415.622856
79 10096451919.242449
80 10712772260.582329
81 11071900390.932131
82 11277549049.124592
83 13153152621.623598
84 11554294367.453985
85 11382842387.300283
86 9681271380.037159
87 11042400313.451965
88 11578587238.098099
89 11117550459.239794
90 9398483503.551403
91 9315251166.274048
92 9377172108.845655
93 7652849973.821355
94 5870661843.781692
95 6126801999.964205
96 7165404024.916491
97 6956774516.212154
98 7908545245.228276
99 5886291312.535559
100 4620788981.951464
101 5012976393.067481
102 5194541582.887846
103 5244188420.332232
104 7040084271.197195
105 4881006841.633977
106 3848216090.550215
107 3532539514.262487
108 3662302815.019065
109 3681927595.819949
110 3965616397.596431
111 3962709495.164442
112 2725215316.857142
113 4270093340.809249
114 4276924448.699545
115 4121611360.882366
116 3542686098.916422
117 4873929464.352859
118 4677928595.391777
119 4557136591.465707
120 4200552192.356411
121 4242072106.286938
122 3128071579.336468
123 3926747396.383747
124 3868339622.597365
125 3155524248.438960
126 3082510197.268529
127 2532986460.316853
128 3113423530.708989
129 2239341444.111484
130 2614402449.509139
131 2318358775.553203
132 2866106627.534558
133 2924334682.286865
134 2387375929.440362
135 2371228160.296158
136 2596239808.401801
137 2489254341.927360
138 2472190918.076562
139 2454515493.612309
140 2771533205.225341
141 2287321175.744162
142 2124069178.204064
143 2151627298.105089
144 2288504050.521008
145 2397444172.048954
146 1824500688.696312
147 1862610354.930319
148 1687281511.082373
149 1942984452.015149
150 1487946546.621943
151 1600385589.161049
152 1539703498.672080
153 1681635160.064480
154 1543873905.797431
155 1690385871.403631
156 1422745399.964226
157 1828003846.925484
158 1528365873.463836
159 1400575224.944698
160 1198173501.741912
161 1209342809.596950
162 1078189409.208443
163 1188465925.138324
164 1223122539.430531
165 974084913.514439
166 1036072545.297842
167 988659694.932106
168 1112604743.194644
169 922097928.004017
170 1036160508.138087
171 797401898.687502
172 1081527107.962878
173 1045916075.057152
174 965282145.856896
175 852025727.999053
176 995995107.215148
177 787293331.699172
178 862371828.876435
179 793516133.397146
180 816450052.895228
181 766369140.373898
182 631042934.829511
183 663250495.716360
184 537279575.692600
185 445655048.405142
186 448677401.472061
187 403561776.331702
188 415985450.565603
189 402590147.985278
190 444274332.054252
191 402467918.109622
192 369065443.181820
193 375988199.359904
194 340553288.229290
195 341622416.038815
196 294862398.538843
197 315894865.362511
198 282538472.279856
199 271997291.860414
200 245349463.060709
201 175587862.090292
202 179217382.896216
203 146632964.605582
204 165112331.163939
205 153294626.583529
206 146855103.672840
207 150846091.200878
208 153819566.286022
209 152546693.831332
210 143459563.655444
211 150891315.517225
212 134435809.081206
213 147030863.411966
214 130377936.660360
215 112036341.652266
216 135211954.491854
217 128541108.537460
218 96909235.078413
219 105761055.908101
220 112876551.506827
221 103131453.583170
222 100705031.813059
223 90263493.349258
224 83822328.115831
225 78722550.004377
226 88745646.625494
227 73983779.803842
228 78627977.149437
229 58620570.266668
230 64240464.643795
231 64125674.443333
232 61164925.177983
233 59293491.175630
234 61544626.967382
235 53238107.120922
236 56395242.332174
237 54864065.852263
238 56951209.028907
239 59472862.533952
240 56311529.209159
241 51983754.100649
242 55510358.659405
243 56263973.257288
244 51497364.838204
245 52953410.537091
246 50237172.434863
247 54002095.336305
248 53905772.607773
249 49734096.934453
250 45960886.560996
251 45045061.886571
252 43369143.733214
253 44093937.264304
254 49402858.957199
255 42380201.983310
256 41364563.351977
257 45187618.330890
258 38967735.993102
259 37209993.764831
260 33008761.004574
261 35437857.659969
262 37203667.288325
263 28192828.677546
264 29589450.271493
265 27315024.102955
266 27318005.801422
267 27305861.715424
268 25750050.623910
269 25011792.305169
270 25917461.183872
271 22749607.237920
272 24249304.783931
273 24920111.345597
274 22455501.161266
275 21721750.225273
276 24417822.995910
277 22343323.109840
278 19845586.116595
279 20212457.797195
280 19832608.163862
281 20882941.879940
282 18898009.263566
283 18129466.062389
284 19124101.410877
285 19733658.922031
286 19616391.674651
287 19776301.675615
288 17960331.333178
289 18119512.693873
290 17111270.551161
291 17570667.245100
292 17772537.760750
293 17711108.228183
294 16600406.719136
295 16574897.977726
296 17108936.318135
297 16688963.683948
298 16137758.252738
299 16032938.233837
300 14998601.223399
301 14385854.256571
302 14583778.982925
303 13852808.953158
304 13979989.378056
305 15385710.830031
306 14710303.022992
307 14689237.227795
308 15749487.338360
309 14625437.117135
310 13037426.233751
311 12885601.956552
312 12938425.463550
313 12180939.642642
314 12896583.184442
315 11813304.786422
316 11029543.252719
317 11765786.999909
318 11929304.399112
319 10765907.106719
320 10590243.230915
321 9524454.722703
322 9941022.612677
323 10258460.763279
324 9557245.352999
325 10243696.176311
326 9175220.165365
327 9399814.846887
328 8858102.649488
329 8834122.234365
330 9039956.686602
331 8113534.762501
332 8298709.230035
333 8717370.641707
334 8842219.461232
335 8403644.109798
336 8776891.300192
337 8251816.374683
338 8664366.794530
339 8226998.896946
340 7918447.757210
341 7893401.772599
342 7596039.684952
343 6897316.352968
344 6684131.372639
345 7028127.382704
346 6954347.744227
347 7241570.345582
348 6946824.505947
349 6603300.592593
350 6100905.107011
351 5937860.628427
352 6362573.703866
353 5804162.923832
354 5877568.309640
355 5676597.631582
356 5886735.553721
357 5583236.793087
358 5609017.867284
359 5484685.125165
360 5020023.946770
361 4943792.049182
362 4823054.989500
363 4954116.938875
364 4708305.012131
365 4832693.728832
366 4520224.371618
367 4589996.201433
368 4486304.444855
369 4248023.423512
370 4386765.835503
371 4245859.043945
372 4238272.793023
373 4096687.635389
374 4253219.337387
375 4168192.177590
376 4008806.136994
377 3978437.861137
378 3858456.255996
379 3692801.093750
380 3648721.611146
381 3681746.826429
382 3467158.969455
383 3480846.193113
384 3319022.411922
385 3254152.179947
386 3198803.776935
387 3184537.461508
388 3271539.254088
389 3055150.886409
390 3146319.336976
391 2994392.349802
392 3047369.563258
393 2895564.031481
394 2777373.571711
395 2701904.087046
396 2784948.812238
397 2638964.423903
398 2609627.918717
399 2569672.077975
400 2525395.216137
401 2435954.643625
402 2393971.134176
403 2407227.616318
404 2351540.856069
405 2376778.614462
406 2389616.760205
407 2280053.952170
408 2279674.300827
409 2221060.766526
410 2204421.802274
411 2149986.178174
412 2146273.486399
413 2136003.900587
414 2035109.240053
415 2092627.613592
416 2015127.655085
417 2014511.375402
418 2003293.867885
419 1943588.748190
420 1964901.165524
421 1972595.462560
422 1978810.411841
423 1901825.032876
424 1904981.355933
425 1894081.281971
426 1842953.082686
427 1851405.136513
428 1831889.344811
429 1861754.435111
430 1858389.860913
431 1851070.102565
432 1830212.600463
433 1799142.864110
434 1813253.835031
435 1804963.941342
436 1797568.159787
437 1753734.648034
438 1771998.588733
439 1742781.932387
440 1731169.932518
441 1692421.806178
442 1690026.294485
443 1669268.758387
444 1671020.064837
445 1633404.008403
446 1596233.750820
447 1587374.956448
448 1578796.421838
449 1573822.293362
450 1553557.736968
451 1534411.623487
452 1524612.517645
453 1500864.164635
454 1473913.144658
455 1464570.688492
456 1447383.394834
457 1437298.590258
458 1422318.513533
459 1403715.304330
460 1398055.942280
461 1397990.712531
462 1380631.312733
463 1367004.263736
464 1365267.045746
465 1343914.095982
466 1337027.752478
467 1327955.155387
468 1327458.096247
469 1310383.031763
470 1296473.707587
471 1300563.657812
472 1297070.667130
473 1290618.498988
474 1280144.196997
475 1276415.434642
476 1270177.747143
477 1264836.133837
478 1251291.914501
479 1247922.008690
480 1241054.564335
481 1232688.395228
482 1228966.625902
483 1221061.512845
484 1215207.008470
485 1211613.132816
486 1206481.203608
487 1200298.847585
488 1194249.030844
489 1191310.386746
490 1187033.770259
491 1183629.295201
492 1181384.136602
493 1177618.814278
494 1174102.862441
495 1171709.427115
496 1169014.233009
497 1167005.311803
498 1165190.729507
499 1164372.379101
500 1163849.551921
