1 inf
2 inf
3 inf
4 inf
5 inf
6 inf
7 inf
8 inf
9 inf
10 inf
11 inf
12 inf
13 9168587431904810248368808482977182505577987053152746383050389886030738495307548414348968301707776645869868474508225172091179704481342763113337301350332482408966297249314805054558047063269384592767498913596038918644432896.000000
14 334495937346504413681825088805911885257263726045441456633095949155482694586439951123956953435262388135776136203142791448282720632832.000000
15 9320453780.743481
16 13803.790267
17 12289.305812
18 11779.590017
19 12761.476670
20 12038.062987
21 11157.628978
22 10398.709177
23 8461.975070
24 7935.493307
25 8152.185909
26 8631.527472
27 7872.989352
28 6102.365318
29 6516.157928
30 6545.810144
31 6246.282250
32 6043.280070
33 5509.553123
34 5702.189295
35 5618.175780
36 5000.051518
37 4606.628131
38 3854.029196
39 3177.012039
40 2870.440261
41 2537.959874
42 2455.276088
43 2186.693039
44 1857.602195
45 1378.970283
46 1097.128502
47 1117.232033
48 809.997127
49 742.330878
50 655.944745
51 640.263101
52 590.184629
53 539.881127
54 512.665722
55 462.606097
56 364.388732
57 313.265763
58 248.463254
59 209.305830
60 192.395976
61 159.090831
62 133.998786
63 111.586355
64 108.134921
65 91.821562
66 89.491457
67 78.733864
68 71.041778
69 66.164091
70 58.499796
71 51.197398
72 53.493570
73 47.951957
74 41.483557
75 36.233719
76 33.989754
77 31.377329
78 27.226294
79 25.967751
80 24.607140
81 23.219163
82 22.233867
83 21.391920
84 18.134383
85 16.433718
86 15.535927
87 14.054061
88 13.022429
89 12.852410
90 11.741479
91 10.478718
92 9.381542
93 8.544694
94 7.966934
95 6.295691
96 5.072950
97 4.223109
98 4.046801
99 3.823193
100 3.450475
101 3.089929
102 2.847129
103 2.758629
104 2.470906
105 2.058533
106 2.006291
107 1.725759
108 1.507301
109 1.311938
110 1.026096
111 0.850132
112 0.755085
113 0.648175
114 0.586799
115 0.532133
116 0.512521
117 0.468229
118 0.443274
119 0.412719
120 0.368337
121 0.315706
122 0.297351
123 0.241077
124 0.227171
125 0.204379
126 0.187179
127 0.167549
128 0.134663
129 0.117690
130 0.108589
131 0.094120
132 0.080952
133 0.073343
134 0.064553
135 0.060328
136 0.048828
137 0.042741
138 0.036632
139 0.033567
140 0.030452
141 0.026203
142 0.022296
143 0.020061
144 0.018126
145 0.016151
146 0.014238
147 0.012500
148 0.011228
149 0.010292
150 0.008852
151 0.008045
152 0.007274
153 0.006411
154 0.005896
155 0.005137
156 0.004636
157 0.004146
158 0.003753
159 0.003324
160 0.003000
161 0.002667
162 0.002390
163 0.002218
164 0.001875
165 0.001700
166 0.001564
167 0.001431
168 0.001255
169 0.001084
170 0.000870
171 0.000769
172 0.000707
173 0.000628
174 0.000576
175 0.000500
176 0.000418
177 0.000366
178 0.000317
179 0.000296
180 0.000265
181 0.000226
182 0.000179
183 0.000160
184 0.000140
185 0.000124
186 0.000111
187 0.000097
188 0.000082
189 0.000073
190 0.000063
191 0.000056
192 0.000048
193 0.000042
194 0.000038
195 0.000033
196 0.000030
197 0.000026
198 0.000023
199 0.000019
200 0.000017
201 0.000015
202 0.000013
203 0.000011
204 0.000010
205 0.000009
206 0.000008
207 0.000006
208 0.000005
209 0.000005
210 0.000004
211 0.000003
212 0.000003
213 0.000003
214 0.000002
215 0.000002
216 0.000002
217 0.000001
218 0.000001
219 0.000001
220 0.000001
221 0.000001
222 0.000001
223 0.000001
224 0.000001
225 0.000000
226 0.000000
227 0.000000
228 0.000000
229 0.000000
230 0.000000
231 0.000000
232 0.000000
233 0.000000
234 0.000000
235 0.000000
236 0.000000
237 0.000000
238 0.000000
239 0.000000
240 0.000000
241 0.000000
242 0.000000
243 0.000000
244 0.000000
245 0.000000
246 0.000000
247 0.000000
248 0.000000
249 0.000000
250 0.000000
251 0.000000
252 0.000000
253 0.000000
254 0.000000
255 0.000000
256 0.000000
257 0.000000
258 0.000000
259 0.000000
260 0.000000
261 0.000000
262 0.000000
263 0.000000
264 0.000000
265 0.000000
266 0.000000
267 0.000000
268 0.000000
269 0.000000
270 0.000000
271 0.000000
272 0.000000
273 0.000000
274 0.000000
275 0.000000
276 0.000000
277 0.000000
278 0.000000
279 0.000000
280 0.000000
281 0.000000
282 0.000000
283 0.000000
284 0.000000
285 0.000000
286 0.000000
287 0.000000
288 0.000000
289 0.000000
290 0.000000
291 0.000000
292 0.000000
293 0.000000
294 0.000000
295 0.000000
296 0.000000
297 0.000000
298 0.000000
299 0.000000
300 0.000000
301 0.000000
302 0.000000
303 0.000000
304 0.000000
305 0.000000
306 0.000000
307 0.000000
308 0.000000
309 0.000000
310 0.000000
311 0.000000
312 0.000000
313 0.000000
314 0.000000
315 0.000000
316 0.000000
317 0.000000
318 0.000000
319 0.000000
320 0.000000
321 0.000000
322 0.000000
323 0.000000
324 0.000000
325 0.000000
326 0.000000
327 0.000000
328 0.000000
329 0.000000
330 0.000000
331 0.000000
332 0.000000
333 0.000000
334 0.000000
335 0.000000
336 0.000000
337 0.000000
338 0.000000
339 0.000000
340 0.000000
341 0.000000
342 0.000000
343 0.000000
344 0.000000
345 0.000000
346 0.000000
347 0.000000
348 0.000000
349 0.000000
350 0.000000
351 0.000000
352 0.000000
353 0.000000
354 0.000000
355 0.000000
356 0.000000
357 0.000000
358 0.000000
359 0.000000
360 0.000000
361 0.000000
362 0.000000
363 0.000000
364 0.000000
365 0.000000
366 0.000000
367 0.000000
368 0.000000
369 0.000000
370 0.000000
371 0.000000
372 0.000000
373 0.000000
374 0.000000
375 0.000000
376 0.000000
377 0.000000
378 0.000000
379 0.000000
380 0.000000
381 0.000000
382 0.000000
383 0.000000
384 0.000000
385 0.000000
386 0.000000
387 0.000000
388 0.000000
389 0.000000
390 0.000000
391 0.000000
392 0.000000
393 0.000000
394 0.000000
395 0.000000
396 0.000000
397 0.000000
398 0.000000
399 0.000000
400 0.000000
401 0.000000
402 0.000000
403 0.000000
404 0.000000
405 0.000000
406 0.000000
407 0.000000
408 0.000000
409 0.000000
410 0.000000
411 0.000000
412 0.000000
413 0.000000
414 0.000000
415 0.000000
416 0.000000
417 0.000000
418 0.000000
419 0.000000
420 0.000000
421 0.000000
422 0.000000
423 0.000000
424 0.000000
425 0.000000
426 0.000000
427 0.000000
428 0.000000
429 0.000000
430 0.000000
431 0.000000
432 0.000000
433 0.000000
434 0.000000
435 0.000000
436 0.000000
437 0.000000
438 0.000000
439 0.000000
440 0.000000
441 0.000000
442 0.000000
443 0.000000
444 0.000000
445 0.000000
446 0.000000
447 0.000000
448 0.000000
449 0.000000
450 0.000000
451 0.000000
452 0.000000
453 0.000000
454 0.000000
455 0.000000
456 0.000000
457 0.000000
458 0.000000
459 0.000000
460 0.000000
461 0.000000
462 0.000000
463 0.000000
464 0.000000
465 0.000000
466 0.000000
467 0.000000
468 0.000000
469 0.000000
470 0.000000
471 0.000000
472 0.000000
473 0.000000
474 0.000000
475 0.000000
476 0.000000
477 0.000000
478 0.000000
479 0.000000
480 0.000000
481 0.000000
482 0.000000
483 0.000000
484 0.000000
485 0.000000
486 0.000000
487 0.000000
488 0.000000
489 0.000000
490 0.000000
491 0.000000
492 0.000000
493 0.000000
494 0.000000
495 0.000000
496 0.000000
497 0.000000
498 0.000000
499 0.000000
500 0.000000
