1 inf
2 inf
3 inf
4 inf
5 inf
6 inf
7 inf
8 inf
9 inf
10 inf
11 inf
12 inf
13 inf
14 inf
15 48307905454907263938785225130977279753706124356856666881639167324743256691951199248227157494365586154649420734824721513322637361254640098169012474207443277278721504407422459525587046170068589479794095786804829511260175222921231778407522890609561349539216718500050796224400015040016547840.000000
16 364933692401547037932999642565333026096090022936237581185699707113108741132983997386805355502000462400247952452471069580901300686761489631344825983075560485208200888245468275089747305251104841857835821666726091222511177275272484604935667712.000000
17 31451775981000843078949668735715522527066945484557402862384074697295732400973749413801636142989158537401216886941150328395796204907200221175195706119212840969890135379422890333221940445052928.000000
18 1178608241446928683584803749671496881008912564868272250469877297577370273176970096611757377066873844837465547335245969488640627889628563237501826536158814797824.000000
19 58611303326729710070619209453998580684218767070111021853581680381326312765467641407643281078553467647727097079878647808.000000
20 30330837301401058068969711768666136645273533675598968445090961718118852946034688.000000
21 843887041758110410495474379259904.000000
22 2133.835541
23 1719.456006
24 1416.088582
25 1186.793133
26 996.994804
27 829.134859
28 703.983097
29 580.044944
30 477.778320
31 391.380843
32 324.050896
33 273.764178
34 227.320177
35 192.405536
36 160.729626
37 135.188873
38 111.874268
39 94.201980
40 78.297310
41 64.288685
42 53.112183
43 45.549783
44 38.096275
45 31.798712
46 27.352243
47 22.928584
48 19.383238
49 16.164259
50 13.468797
51 11.385910
52 9.511332
53 7.821709
54 6.674538
55 5.459089
56 4.486093
57 3.823136
58 3.148915
59 2.645435
60 2.226160
61 1.892733
62 1.598654
63 1.324939
64 1.126656
65 0.938834
66 0.790600
67 0.650185
68 0.565713
69 0.466591
70 0.391303
71 0.332467
72 0.281200
73 0.237453
74 0.197327
75 0.169169
76 0.141231
77 0.116184
78 0.099495
79 0.082435
80 0.069354
81 0.059660
82 0.050644
83 0.042829
84 0.036066
85 0.030226
86 0.025360
87 0.021589
88 0.018341
89 0.015722
90 0.013073
91 0.011288
92 0.009509
93 0.007937
94 0.006681
95 0.005726
96 0.004842
97 0.004154
98 0.003490
99 0.002905
100 0.002511
101 0.002130
102 0.001803
103 0.001528
104 0.001311
105 0.001116
106 0.000947
107 0.000812
108 0.000680
109 0.000573
110 0.000485
111 0.000412
112 0.000350
113 0.000300
114 0.000255
115 0.000216
116 0.000185
117 0.000156
118 0.000132
119 0.000113
120 0.000097
121 0.000083
122 0.000071
123 0.000061
124 0.000052
125 0.000044
126 0.000038
127 0.000033
128 0.000028
129 0.000024
130 0.000021
131 0.000018
132 0.000015
133 0.000013
134 0.000011
135 0.000010
136 0.000008
137 0.000007
138 0.000006
139 0.000005
140 0.000005
141 0.000004
142 0.000003
143 0.000003
144 0.000003
145 0.000002
146 0.000002
147 0.000002
148 0.000001
149 0.000001
150 0.000001
151 0.000001
152 0.000001
153 0.000001
154 0.000001
155 0.000000
156 0.000000
157 0.000000
158 0.000000
159 0.000000
160 0.000000
161 0.000000
162 0.000000
163 0.000000
164 0.000000
165 0.000000
166 0.000000
167 0.000000
168 0.000000
169 0.000000
170 0.000000
171 0.000000
172 0.000000
173 0.000000
174 0.000000
175 0.000000
176 0.000000
177 0.000000
178 0.000000
179 0.000000
180 0.000000
181 0.000000
182 0.000000
183 0.000000
184 0.000000
185 0.000000
186 0.000000
187 0.000000
188 0.000000
189 0.000000
190 0.000000
191 0.000000
192 0.000000
193 0.000000
194 0.000000
195 0.000000
196 0.000000
197 0.000000
198 0.000000
199 0.000000
200 0.000000
201 0.000000
202 0.000000
203 0.000000
204 0.000000
205 0.000000
206 0.000000
207 0.000000
208 0.000000
209 0.000000
210 0.000000
211 0.000000
212 0.000000
213 0.000000
214 0.000000
215 0.000000
216 0.000000
217 0.000000
218 0.000000
219 0.000000
220 0.000000
221 0.000000
222 0.000000
223 0.000000
224 0.000000
225 0.000000
226 0.000000
227 0.000000
228 0.000000
229 0.000000
230 0.000000
231 0.000000
232 0.000000
233 0.000000
234 0.000000
235 0.000000
236 0.000000
237 0.000000
238 0.000000
239 0.000000
240 0.000000
241 0.000000
242 0.000000
243 0.000000
244 0.000000
245 0.000000
246 0.000000
247 0.000000
248 0.000000
249 0.000000
250 0.000000
251 0.000000
252 0.000000
253 0.000000
254 0.000000
255 0.000000
256 0.000000
257 0.000000
258 0.000000
259 0.000000
260 0.000000
261 0.000000
262 0.000000
263 0.000000
264 0.000000
265 0.000000
266 0.000000
267 0.000000
268 0.000000
269 0.000000
270 0.000000
271 0.000000
272 0.000000
273 0.000000
274 0.000000
275 0.000000
276 0.000000
277 0.000000
278 0.000000
279 0.000000
280 0.000000
281 0.000000
282 0.000000
283 0.000000
284 0.000000
285 0.000000
286 0.000000
287 0.000000
288 0.000000
289 0.000000
290 0.000000
291 0.000000
292 0.000000
293 0.000000
294 0.000000
295 0.000000
296 0.000000
297 0.000000
298 0.000000
299 0.000000
300 0.000000
301 0.000000
302 0.000000
303 0.000000
304 0.000000
305 0.000000
306 0.000000
307 0.000000
308 0.000000
309 0.000000
310 0.000000
311 0.000000
312 0.000000
313 0.000000
314 0.000000
315 0.000000
316 0.000000
317 0.000000
318 0.000000
319 0.000000
320 0.000000
321 0.000000
322 0.000000
323 0.000000
324 0.000000
325 0.000000
326 0.000000
327 0.000000
328 0.000000
329 0.000000
330 0.000000
331 0.000000
332 0.000000
333 0.000000
334 0.000000
335 0.000000
336 0.000000
337 0.000000
338 0.000000
339 0.000000
340 0.000000
341 0.000000
342 0.000000
343 0.000000
344 0.000000
345 0.000000
346 0.000000
347 0.000000
348 0.000000
349 0.000000
350 0.000000
351 0.000000
352 0.000000
353 0.000000
354 0.000000
355 0.000000
356 0.000000
357 0.000000
358 0.000000
359 0.000000
360 0.000000
361 0.000000
362 0.000000
363 0.000000
364 0.000000
365 0.000000
366 0.000000
367 0.000000
368 0.000000
369 0.000000
370 0.000000
371 0.000000
372 0.000000
373 0.000000
374 0.000000
375 0.000000
376 0.000000
377 0.000000
378 0.000000
379 0.000000
380 0.000000
381 0.000000
382 0.000000
383 0.000000
384 0.000000
385 0.000000
386 0.000000
387 0.000000
388 0.000000
389 0.000000
390 0.000000
391 0.000000
392 0.000000
393 0.000000
394 0.000000
395 0.000000
396 0.000000
397 0.000000
398 0.000000
399 0.000000
400 0.000000
401 0.000000
402 0.000000
403 0.000000
404 0.000000
405 0.000000
406 0.000000
407 0.000000
408 0.000000
409 0.000000
410 0.000000
411 0.000000
412 0.000000
413 0.000000
414 0.000000
415 0.000000
416 0.000000
417 0.000000
418 0.000000
419 0.000000
420 0.000000
421 0.000000
422 0.000000
423 0.000000
424 0.000000
425 0.000000
426 0.000000
427 0.000000
428 0.000000
429 0.000000
430 0.000000
431 0.000000
432 0.000000
433 0.000000
434 0.000000
435 0.000000
436 0.000000
437 0.000000
438 0.000000
439 0.000000
440 0.000000
441 0.000000
442 0.000000
443 0.000000
444 0.000000
445 0.000000
446 0.000000
447 0.000000
448 0.000000
449 0.000000
450 0.000000
451 0.000000
452 0.000000
453 0.000000
454 0.000000
455 0.000000
456 0.000000
457 0.000000
458 0.000000
459 0.000000
460 0.000000
461 0.000000
462 0.000000
463 0.000000
464 0.000000
465 0.000000
466 0.000000
467 0.000000
468 0.000000
469 0.000000
470 0.000000
471 0.000000
472 0.000000
473 0.000000
474 0.000000
475 0.000000
476 0.000000
477 0.000000
478 0.000000
479 0.000000
480 0.000000
481 0.000000
482 0.000000
483 0.000000
484 0.000000
485 0.000000
486 0.000000
487 0.000000
488 0.000000
489 0.000000
490 0.000000
491 0.000000
492 0.000000
493 0.000000
494 0.000000
495 0.000000
496 0.000000
497 0.000000
498 0.000000
499 0.000000
500 0.000000
