1 5716690.646509
2 8544507.062617
3 16083823.919670
4 33629043.354415
5 77049037.983338
6 164437800.145323
7 240793438.585506
8 228246917.142421
9 197883951.338484
10 479938336.466703
11 549020537.335872
12 624517840.448359
13 952201969.576582
14 1843487890.774086
15 3154650525.990908
16 3651322014.681098
17 6643053629.502865
18 10825524863.264210
19 12853146299.469194
20 19740960529.707012
21 35819099875.114449
22 47740814845.256943
23 90072721158.370804
24 136183097959.099060
25 189286859717.519257
26 246420247998.474396
27 369362410172.647766
28 456958881684.244873
29 475061278196.724060
30 903879598905.472900
31 1362305814727.388672
32 2229635591823.617676
33 2105160618925.500000
34 2671947572760.443848
35 3935489324319.042969
36 5365796813881.553711
37 10006367533431.601562
38 16048006019896.839844
39 11581594125909.195312
40 16189182792769.322266
41 20547631182273.914062
42 39212447874297.335938
43 66768158398212.390625
44 71936892283133.796875
45 63425032309842.812500
46 117284221846133.906250
47 142946128011222.875000
48 194524979806701.625000
49 258645109605897.906250
50 254149500261358.812500
51 327800854374954.625000
52 237638291188181.406250
53 272477270435246.968750
54 241052291352130.125000
55 299251573638676.062500
56 336531844855051.937500
57 387500957318026.437500
58 422088652497893.937500
59 665713485589053.375000
60 829025992749131.250000
61 1195425177946281.000000
62 1444982852326908.250000
63 1263589756174668.500000
64 1146991402389792.750000
65 1637589787071714.000000
66 2101738912562594.500000
67 2467753481354203.500000
68 4088820621471773.000000
69 5228422289820339.000000
70 4502905147692994.000000
71 6471866120950430.000000
72 5125341728626904.000000
73 7631400147143050.000000
74 10946735210708316.000000
75 10612968333026110.000000
76 13958563537572678.000000
77 22178778563540052.000000
78 21710806627386460.000000
79 17544649493373598.000000
80 19128287301804872.000000
81 25758260544189384.000000
82 32011402861897832.000000
83 39710551701452776.000000
84 39483195334220456.000000
85 47891118562013152.000000
86 65873348727143496.000000
87 51805376269578536.000000
88 38775479219243024.000000
89 64300609968151208.000000
90 88668555324176752.000000
91 84124041611370528.000000
92 67391051863213488.000000
93 70588974521992200.000000
94 95723673267621056.000000
95 66878190915998712.000000
96 67920987206616432.000000
97 73335502303126224.000000
98 66480618952095992.000000
99 92816521940693840.000000
100 87454008385383232.000000
101 109355402823839168.000000
102 126319748831463712.000000
103 84679147290733600.000000
104 106655396709678032.000000
105 102836588221436192.000000
106 71957475398476872.000000
107 69881420463599744.000000
108 89266070620960128.000000
109 78692846290826144.000000
110 88342194352654384.000000
111 71416313972992864.000000
112 72363263340875664.000000
113 81343172725247168.000000
114 80494339810370048.000000
115 79468668404504160.000000
116 53015004488296360.000000
117 40497163287119968.000000
118 53767668210565936.000000
119 82304945657445232.000000
120 101489530841187264.000000
121 67937374682695728.000000
122 73812420001537648.000000
123 85894851804236176.000000
124 80568487288351728.000000
125 79839991721110560.000000
126 63442077162485328.000000
127 38695445331022592.000000
128 51932485510845280.000000
129 51054194101386616.000000
130 50172264780862152.000000
131 43367946196273368.000000
132 32833761921452908.000000
133 34036214977962764.000000
134 46895234632457232.000000
135 64248482406900608.000000
136 44966983420158640.000000
137 30963508235201824.000000
138 43556799036475272.000000
139 39277169673230424.000000
140 38516850447080472.000000
141 29393155124399836.000000
142 23168222013719124.000000
143 23376888697733204.000000
144 18594441785353380.000000
145 27660690522340964.000000
146 18940064588549324.000000
147 19360498266901304.000000
148 14350369799295380.000000
149 16295557594213704.000000
150 10366877071054480.000000
151 11013256988247564.000000
152 7386953408040726.000000
153 7564505742397748.000000
154 6085724767086459.000000
155 5683750686935427.000000
156 6750173836383382.000000
157 7889298835970441.000000
158 7223575186376419.000000
159 8619777225552344.000000
160 4375736275114750.500000
161 5299165070619569.000000
162 3212768698364243.000000
163 2157647917293397.250000
164 3214855997102877.500000
165 3689020703671209.500000
166 3875881047431399.000000
167 2658666865528532.000000
168 2146949591901590.000000
169 2307720374813092.500000
170 1752358983466927.500000
171 877244263300331.625000
172 858530771385865.750000
173 894676251702276.875000
174 798115455037747.500000
175 806354495896273.875000
176 686375533052873.375000
177 665322697643643.000000
178 590905860256278.625000
179 308933724885980.125000
180 266833698045966.750000
181 217411952193864.687500
182 161875254334871.000000
183 171027434954062.531250
184 128737520234950.312500
185 104021974212556.750000
186 88829483450964.937500
187 65056828947327.585938
188 57617255660362.320312
189 46058156799283.195312
190 44606465423125.765625
191 48354974001991.625000
192 25488122284098.082031
193 24785002300597.781250
194 21261412851457.980469
195 15591630337607.734375
196 14276797178074.908203
197 14489831316275.404297
198 13236756378284.419922
199 11940703264203.000000
200 10808468831953.234375
201 6152980109023.566406
202 6841369321234.513672
203 5431501348089.976562
204 4656756954859.712891
205 3683853265939.303711
206 3662935310961.067383
207 3595350842363.103516
208 2770733672485.473145
209 1885433971170.219482
210 1645834960947.792480
211 1331972201450.845703
212 1315998913195.852051
213 1059286275636.527344
214 744486918141.512817
215 668913716996.296997
216 517630307682.036194
217 368874910376.069885
218 300916238691.580750
219 220196548347.525421
220 154630093499.284668
221 111493381115.441177
222 101187956986.663879
223 82269189954.343063
224 57203648707.377419
225 50731757550.785820
226 41408881403.496529
227 31727151092.784588
228 25915120286.304249
229 20182165664.002495
230 16906650741.081352
231 11432676891.390041
232 6899355465.520804
233 5045538821.454096
234 3412572300.444788
235 3187345199.788534
236 2585848683.203004
237 1564741959.613823
238 1377399908.047435
239 1223806022.373445
240 1104506566.038453
241 965688718.127887
242 665965007.973489
243 590466926.248536
244 483752318.835704
245 328206408.847600
246 238641068.229851
247 170174131.040798
248 150961603.400447
249 124536588.800577
250 117000062.647192
251 71976041.877451
252 63933781.437214
253 62072957.925989
254 50188226.363919
255 33087007.544141
256 26856717.036714
257 16910125.512217
258 13937416.226001
259 12415806.222685
260 11744107.461531
261 8820381.745072
262 7018535.282625
263 5326090.018528
264 3205779.039826
265 2676798.561273
266 1948331.560783
267 1328201.550351
268 999842.344436
269 551750.977556
270 449512.068164
271 318369.344372
272 297169.104190
273 234191.331540
274 192881.142124
275 135537.717756
276 116511.567250
277 91612.106321
278 65311.591793
279 57869.710797
280 29250.251097
281 27148.027945
282 20270.202979
283 18227.187750
284 13764.325319
285 11703.746060
286 9023.621903
287 6661.081039
288 5452.578872
289 4852.008968
290 2858.154334
291 2203.111484
292 1871.560980
293 1395.444327
294 773.469367
295 720.691309
296 499.202574
297 408.088791
298 313.533408
299 228.975538
300 185.274492
301 122.718566
302 100.688261
303 77.548744
304 64.319877
305 47.211046
306 35.892858
307 24.220710
308 19.167846
309 15.146524
310 12.140090
311 7.613455
312 6.044523
313 4.647719
314 3.905138
315 3.036194
316 2.375743
317 1.733069
318 1.408686
319 1.169371
320 0.908667
321 0.806324
322 0.498453
323 0.426066
324 0.356763
325 0.278768
326 0.223857
327 0.147864
328 0.109572
329 0.070218
330 0.042943
331 0.031131
332 0.025514
333 0.017993
334 0.013274
335 0.010503
336 0.008099
337 0.005721
338 0.004776
339 0.003892
340 0.003315
341 0.002632
342 0.001786
343 0.001265
344 0.001008
345 0.000785
346 0.000525
347 0.000435
348 0.000346
349 0.000283
350 0.000220
351 0.000168
352 0.000136
353 0.000107
354 0.000084
355 0.000068
356 0.000050
357 0.000039
358 0.000031
359 0.000025
360 0.000021
361 0.000019
362 0.000014
363 0.000012
364 0.000009
365 0.000008
366 0.000006
367 0.000005
368 0.000004
369 0.000003
370 0.000003
371 0.000002
372 0.000002
373 0.000001
374 0.000001
375 0.000001
376 0.000001
377 0.000000
378 0.000000
379 0.000000
380 0.000000
381 0.000000
382 0.000000
383 0.000000
384 0.000000
385 0.000000
386 0.000000
387 0.000000
388 0.000000
389 0.000000
390 0.000000
391 0.000000
392 0.000000
393 0.000000
394 0.000000
395 0.000000
396 0.000000
397 0.000000
398 0.000000
399 0.000000
400 0.000000
401 0.000000
402 0.000000
403 0.000000
404 0.000000
405 0.000000
406 0.000000
407 0.000000
408 0.000000
409 0.000000
410 0.000000
411 0.000000
412 0.000000
413 0.000000
414 0.000000
415 0.000000
416 0.000000
417 0.000000
418 0.000000
419 0.000000
420 0.000000
421 0.000000
422 0.000000
423 0.000000
424 0.000000
425 0.000000
426 0.000000
427 0.000000
428 0.000000
429 0.000000
430 0.000000
431 0.000000
432 0.000000
433 0.000000
434 0.000000
435 0.000000
436 0.000000
437 0.000000
438 0.000000
439 0.000000
440 0.000000
441 0.000000
442 0.000000
443 0.000000
444 0.000000
445 0.000000
446 0.000000
447 0.000000
448 0.000000
449 0.000000
450 0.000000
451 0.000000
452 0.000000
453 0.000000
454 0.000000
455 0.000000
456 0.000000
457 0.000000
458 0.000000
459 0.000000
460 0.000000
461 0.000000
462 0.000000
463 0.000000
464 0.000000
465 0.000000
466 0.000000
467 0.000000
468 0.000000
469 0.000000
470 0.000000
471 0.000000
472 0.000000
473 0.000000
474 0.000000
475 0.000000
476 0.000000
477 0.000000
478 0.000000
479 0.000000
480 0.000000
481 0.000000
482 0.000000
483 0.000000
484 0.000000
485 0.000000
486 0.000000
487 0.000000
488 0.000000
489 0.000000
490 0.000000
491 0.000000
492 0.000000
493 0.000000
494 0.000000
495 0.000000
496 0.000000
497 0.000000
498 0.000000
499 0.000000
500 0.000000
