1 1000000000000000019884624838656.000000
2 1000000000000000019884624838656.000000
3 1000000000000000019884624838656.000000
4 1000000000000000019884624838656.000000
5 3475474.935774
6 3475474.935774
7 3475474.935774
8 3475474.935774
9 3475474.935774
10 3488012.852527
11 3488012.852527
12 3488012.852527
13 3488012.852527
14 3488012.852527
15 3569534.525310
16 3569534.525310
17 3569534.525310
18 3569534.525310
19 3569534.525310
20 3650384.411964
21 3650384.411964
22 3650384.411964
23 3650384.411964
24 3650384.411964
25 3611832.024419
26 3611832.024419
27 3611832.024419
28 3611832.024419
29 3611832.024419
30 3612711.230981
31 3612711.230981
32 3612711.230981
33 3612711.230981
34 3612711.230981
35 3381000.645768
36 3381000.645768
37 3381000.645768
38 3381000.645768
39 3381000.645768
40 3325729.476901
41 3325729.476901
42 3325729.476901
43 3325729.476901
44 3325729.476901
45 3266878.376880
46 3266878.376880
47 3266878.376880
48 3266878.376880
49 3266878.376880
50 2964144.566778
51 2964144.566778
52 2964144.566778
53 2964144.566778
54 2964144.566778
55 2815993.270910
56 2815993.270910
57 2815993.270910
58 2815993.270910
59 2815993.270910
60 2675292.120338
61 2675292.120338
62 2675292.120338
63 2675292.120338
64 2675292.120338
65 2515349.957929
66 2515349.957929
67 2515349.957929
68 2515349.957929
69 2515349.957929
70 2245288.283792
71 2245288.283792
72 2245288.283792
73 2245288.283792
74 2245288.283792
75 2198168.391128
76 2198168.391128
77 2198168.391128
78 2198168.391128
79 2198168.391128
80 1998751.703163
81 1998751.703163
82 1998751.703163
83 1998751.703163
84 1998751.703163
85 1820036.969712
86 1820036.969712
87 1820036.969712
88 1820036.969712
89 1820036.969712
90 1715492.678611
91 1715492.678611
92 1715492.678611
93 1715492.678611
94 1715492.678611
95 1517940.907168
96 1517940.907168
97 1517940.907168
98 1517940.907168
99 1517940.907168
100 1479755.667064
101 1479755.667064
102 1479755.667064
103 1479755.667064
104 1479755.667064
105 1361738.993747
106 1361738.993747
107 1361738.993747
108 1361738.993747
109 1361738.993747
110 1276861.401376
111 1276861.401376
112 1276861.401376
113 1276861.401376
114 1276861.401376
115 1166518.824870
116 1166518.824870
117 1166518.824870
118 1166518.824870
119 1166518.824870
120 1066231.741908
121 1066231.741908
122 1066231.741908
123 1066231.741908
124 1066231.741908
125 915597.155954
126 915597.155954
127 915597.155954
128 915597.155954
129 915597.155954
130 882982.775117
131 882982.775117
132 882982.775117
133 882982.775117
134 882982.775117
135 764069.950654
136 764069.950654
137 764069.950654
138 764069.950654
139 764069.950654
140 717983.331062
141 717983.331062
142 717983.331062
143 717983.331062
144 717983.331062
145 634204.032815
146 634204.032815
147 634204.032815
148 634204.032815
149 634204.032815
150 596964.934605
151 596964.934605
152 596964.934605
153 596964.934605
154 596964.934605
155 551127.380746
156 551127.380746
157 551127.380746
158 551127.380746
159 551127.380746
160 487125.960546
161 487125.960546
162 487125.960546
163 487125.960546
164 487125.960546
165 474818.010815
166 474818.010815
167 474818.010815
168 474818.010815
169 474818.010815
170 439901.756374
171 439901.756374
172 439901.756374
173 439901.756374
174 439901.756374
175 409120.662756
176 409120.662756
177 409120.662756
178 409120.662756
179 409120.662756
180 378922.739798
181 378922.739798
182 378922.739798
183 378922.739798
184 378922.739798
185 343592.230703
186 343592.230703
187 343592.230703
188 343592.230703
189 343592.230703
190 325328.125105
191 325328.125105
192 325328.125105
193 325328.125105
194 325328.125105
195 305240.873410
196 305240.873410
197 305240.873410
198 305240.873410
199 305240.873410
200 286011.519701
201 286011.519701
202 286011.519701
203 286011.519701
204 286011.519701
205 268914.940097
206 268914.940097
207 268914.940097
208 268914.940097
209 268914.940097
210 250247.069643
211 250247.069643
212 250247.069643
213 250247.069643
214 250247.069643
215 233978.449809
216 233978.449809
217 233978.449809
218 233978.449809
219 233978.449809
220 216802.715815
221 216802.715815
222 216802.715815
223 216802.715815
224 216802.715815
225 208509.101299
226 208509.101299
227 208509.101299
228 208509.101299
229 208509.101299
230 199365.696512
231 199365.696512
232 199365.696512
233 199365.696512
234 199365.696512
235 192355.541143
236 192355.541143
237 192355.541143
238 192355.541143
239 192355.541143
240 183531.118496
241 183531.118496
242 183531.118496
243 183531.118496
244 183531.118496
245 175403.625173
246 175403.625173
247 175403.625173
248 175403.625173
249 175403.625173
250 167387.387442
251 167387.387442
252 167387.387442
253 167387.387442
254 167387.387442
255 157661.195149
256 157661.195149
257 157661.195149
258 157661.195149
259 157661.195149
260 151378.737435
261 151378.737435
262 151378.737435
263 151378.737435
264 151378.737435
265 143268.295031
266 143268.295031
267 143268.295031
268 143268.295031
269 143268.295031
270 138604.804958
271 138604.804958
272 138604.804958
273 138604.804958
274 138604.804958
275 133806.918629
276 133806.918629
277 133806.918629
278 133806.918629
279 133806.918629
280 129173.523266
281 129173.523266
282 129173.523266
283 129173.523266
284 129173.523266
285 123383.399480
286 123383.399480
287 123383.399480
288 123383.399480
289 123383.399480
290 118029.809418
291 118029.809418
292 118029.809418
293 118029.809418
294 118029.809418
295 112259.328642
296 112259.328642
297 112259.328642
298 112259.328642
299 112259.328642
300 107523.962320
301 107523.962320
302 107523.962320
303 107523.962320
304 107523.962320
305 104394.116557
306 104394.116557
307 104394.116557
308 104394.116557
309 104394.116557
310 98742.514491
311 98742.514491
312 98742.514491
313 98742.514491
314 98742.514491
315 96258.197496
316 96258.197496
317 96258.197496
318 96258.197496
319 96258.197496
320 92371.591362
321 92371.591362
322 92371.591362
323 92371.591362
324 92371.591362
325 88971.195717
326 88971.195717
327 88971.195717
328 88971.195717
329 88971.195717
330 85280.832136
331 85280.832136
332 85280.832136
333 85280.832136
334 85280.832136
335 83591.278448
336 83591.278448
337 83591.278448
338 83591.278448
339 83591.278448
340 81333.286447
341 81333.286447
342 81333.286447
343 81333.286447
344 81333.286447
345 78615.257050
346 78615.257050
347 78615.257050
348 78615.257050
349 78615.257050
350 76400.635513
351 76400.635513
352 76400.635513
353 76400.635513
354 76400.635513
355 73959.451904
356 73959.451904
357 73959.451904
358 73959.451904
359 73959.451904
360 72832.909670
361 72832.909670
362 72832.909670
363 72832.909670
364 72832.909670
365 70847.307829
366 70847.307829
367 70847.307829
368 70847.307829
369 70847.307829
370 68859.330565
371 68859.330565
372 68859.330565
373 68859.330565
374 68859.330565
375 67356.474062
376 67356.474062
377 67356.474062
378 67356.474062
379 67356.474062
380 65285.405437
381 65285.405437
382 65285.405437
383 65285.405437
384 65285.405437
385 64747.817619
386 64747.817619
387 64747.817619
388 64747.817619
389 64747.817619
390 63559.915860
391 63559.915860
392 63559.915860
393 63559.915860
394 63559.915860
395 62552.251050
396 62552.251050
397 62552.251050
398 62552.251050
399 62552.251050
400 61574.503696
401 61574.503696
402 61574.503696
403 61574.503696
404 61574.503696
405 60352.254626
406 60352.254626
407 60352.254626
408 60352.254626
409 60352.254626
410 59054.527305
411 59054.527305
412 59054.527305
413 59054.527305
414 59054.527305
415 58359.947419
416 58359.947419
417 58359.947419
418 58359.947419
419 58359.947419
420 57418.635825
421 57418.635825
422 57418.635825
423 57418.635825
424 57418.635825
425 56843.774547
426 56843.774547
427 56843.774547
428 56843.774547
429 56843.774547
430 55934.740660
431 55934.740660
432 55934.740660
433 55934.740660
434 55934.740660
435 55295.828271
436 55295.828271
437 55295.828271
438 55295.828271
439 55295.828271
440 54950.275585
441 54950.275585
442 54950.275585
443 54950.275585
444 54950.275585
445 54359.224352
446 54359.224352
447 54359.224352
448 54359.224352
449 54359.224352
450 53747.277408
451 53747.277408
452 53747.277408
453 53747.277408
454 53747.277408
455 53413.503618
456 53413.503618
457 53413.503618
458 53413.503618
459 53413.503618
460 53022.965070
461 53022.965070
462 53022.965070
463 53022.965070
464 53022.965070
465 52716.228184
466 52716.228184
467 52716.228184
468 52716.228184
469 52716.228184
470 52418.824770
471 52418.824770
472 52418.824770
473 52418.824770
474 52418.824770
475 52187.310642
476 52187.310642
477 52187.310642
478 52187.310642
479 52187.310642
480 51973.780739
481 51973.780739
482 51973.780739
483 51973.780739
484 51973.780739
485 51817.968489
486 51817.968489
487 51817.968489
488 51817.968489
489 51817.968489
490 51745.816144
491 51745.816144
492 51745.816144
493 51745.816144
494 51745.816144
495 51695.986520
496 51695.986520
497 51695.986520
498 51695.986520
499 51695.986520
500 51685.737072
