1 3324322.135034
2 5953725.491060
3 6132679.771214
4 7398912.998641
5 8528591.992364
6 8016955.621198
7 9246866.832258
8 8869434.298126
9 9732249.373184
10 11497062.435063
11 11939644.505269
12 14409738.627945
13 14991461.660840
14 17838830.357471
15 16370000.970541
16 20600351.484312
17 24858578.303346
18 21705045.818483
19 26610099.129220
20 25421451.598468
21 25511448.476587
22 24965085.628629
23 25726131.657814
24 29412985.922433
25 25615627.107012
26 37929501.636029
27 49999630.678247
28 48295289.175202
29 34984889.746848
30 43440696.899529
31 34165532.741390
32 43455661.553968
33 34799670.340538
34 39610716.941904
35 38232459.441828
36 42287153.338507
37 51848238.802486
38 39947285.718441
39 38901899.749213
40 38566424.159871
41 63880737.423367
42 53285658.322683
43 51994597.100560
44 34866209.633920
45 46334386.363349
46 43433921.521621
47 39673931.431968
48 38229849.191805
49 37114755.516753
50 41258414.164933
51 38434358.530594
52 36148668.214583
53 28253192.556747
54 30493540.542885
55 30132921.030170
56 31064063.235312
57 31773848.393192
58 20905658.415802
59 22492052.261120
60 20396751.068208
61 17215259.705978
62 25382875.923099
63 23172853.025388
64 30124330.864412
65 26809062.516689
66 27497148.457599
67 24603968.743329
68 23262987.650165
69 17468605.454094
70 19351325.575715
71 21197944.206365
72 18213973.727325
73 19239221.251610
74 15533619.860290
75 13909773.506378
76 15455536.179476
77 15387306.963429
78 11965194.796023
79 11280664.173577
80 10650239.789415
81 9446147.646823
82 9366749.651330
83 8915356.053781
84 6695554.546817
85 6906793.333092
86 6400692.721049
87 7534967.759805
88 7206707.542333
89 6063318.572151
90 6346735.223548
91 5401773.938238
92 4987641.235666
93 5572680.949064
94 4308867.661274
95 4216501.537066
96 4057090.970357
97 3647366.169099
98 3404806.897284
99 3865442.364361
100 3737940.091877
101 3805320.188817
102 3384544.541301
103 2946193.724877
104 2635500.614835
105 2519799.737213
106 2219266.462421
107 2105581.695285
108 1851335.162549
109 1931284.230283
110 2290784.550142
111 1798033.837263
112 1926094.120335
113 1905492.737985
114 2252283.444851
115 2179300.659298
116 1890992.111061
117 1746317.091693
118 1665428.052046
119 1545223.957057
120 1695504.359261
121 1208718.377016
122 1228944.210122
123 1215246.404488
124 1230583.018208
125 1197435.439954
126 962497.037436
127 829443.679109
128 668886.596592
129 731858.877694
130 885989.535849
131 715831.821353
132 572516.814308
133 635935.992105
134 599921.439497
135 552520.858971
136 546099.242039
137 457711.803618
138 428126.391973
139 441586.625410
140 402370.632083
141 370976.869083
142 339095.894848
143 304554.419779
144 349810.910515
145 292751.305283
146 280805.404075
147 262372.143854
148 244008.191872
149 208754.274846
150 185561.063030
151 219929.158906
152 168832.349032
153 189286.360473
154 214994.484534
155 191237.420909
156 147725.853684
157 167101.063749
158 159946.499681
159 144469.366398
160 109289.588991
161 142039.168681
162 131230.457230
163 123186.502647
164 134620.889669
165 106701.189632
166 118971.921889
167 97394.343010
168 112284.357705
169 89892.882432
170 105166.826670
171 96167.849193
172 83686.766707
173 67135.856197
174 75419.112318
175 60059.402168
176 57711.558761
177 54093.112206
178 52989.542666
179 60338.968034
180 51182.974061
181 43448.041216
182 48238.212906
183 49140.409355
184 40339.275650
185 34992.240506
186 33706.596462
187 34418.977733
188 29315.488833
189 32299.667993
190 27340.430077
191 26664.129771
192 25750.035752
193 24584.337001
194 23120.091828
195 16856.387022
196 17581.151530
197 13573.317989
198 16845.309144
199 15647.592613
200 14410.557952
201 13467.775272
202 14029.897131
203 10374.256088
204 11773.826086
205 10640.817067
206 8686.211782
207 10648.253683
208 8864.133076
209 9954.363279
210 9057.975068
211 8723.659133
212 7645.780133
213 8077.266816
214 7862.381809
215 8188.456582
216 7651.933575
217 6841.561539
218 7647.913455
219 6910.697553
220 6888.003116
221 6151.089105
222 4770.210222
223 4840.993414
224 5451.838139
225 5479.478372
226 4947.401033
227 4690.846331
228 5091.192740
229 4430.140573
230 4294.513486
231 4582.521223
232 4500.524897
233 4215.496453
234 3790.293591
235 3565.236859
236 3163.242399
237 3323.608173
238 3113.456037
239 2709.367284
240 2797.007873
241 2692.218641
242 2528.484940
243 2291.447476
244 2574.164064
245 2181.698440
246 2150.371064
247 2156.934893
248 1791.733909
249 1946.582198
250 1558.830015
251 1510.834051
252 1596.761474
253 1600.449007
254 1524.859774
255 1665.053061
256 1495.734961
257 1644.467949
258 1553.599720
259 1609.403720
260 1494.168365
261 1470.432748
262 1293.660442
263 1294.140788
264 1447.425171
265 1311.808269
266 1196.272460
267 1328.391552
268 1321.535153
269 1222.512922
270 1141.023904
271 1039.779436
272 974.707193
273 986.422029
274 974.128726
275 998.149007
276 864.310679
277 901.999152
278 793.532326
279 814.023612
280 756.735135
281 718.234642
282 567.746698
283 604.836535
284 597.598619
285 615.493859
286 525.233934
287 540.368201
288 559.320172
289 531.223353
290 509.549526
291 488.052780
292 477.456787
293 362.424488
294 404.928615
295 399.021648
296 394.017514
297 363.304408
298 388.346110
299 356.152910
300 346.393747
301 317.889021
302 286.708479
303 320.363394
304 298.847556
305 302.914378
306 286.169979
307 274.817733
308 273.961406
309 264.978850
310 246.426035
311 242.795126
312 233.396164
313 236.246912
314 206.327535
315 217.271077
316 215.658066
317 209.503135
318 206.446251
319 193.938459
320 195.958597
321 183.863599
322 185.906797
323 184.860289
324 172.378218
325 153.450072
326 156.482941
327 148.314748
328 144.887449
329 136.390905
330 129.864968
331 122.582291
332 120.938719
333 122.499928
334 119.048845
335 120.020185
336 111.758551
337 107.621244
338 105.953472
339 107.432133
340 106.605223
341 106.616802
342 103.077051
343 99.385632
344 97.610783
345 96.094822
346 92.924785
347 86.010705
348 86.677654
349 82.605957
350 77.595774
351 73.166259
352 75.553359
353 71.295650
354 70.386879
355 71.707489
356 71.408980
357 69.875007
358 66.204710
359 62.565439
360 62.254620
361 57.861808
362 58.485025
363 53.932450
364 54.894224
365 53.776611
366 55.353937
367 52.481993
368 53.239443
369 51.291604
370 48.524982
371 50.018036
372 48.776396
373 47.767895
374 45.789490
375 47.014528
376 43.221305
377 43.820887
378 42.615408
379 42.099774
380 40.949733
381 40.611021
382 38.893224
383 38.558244
384 37.794204
385 37.790521
386 36.501835
387 35.382971
388 34.072761
389 33.114675
390 32.667107
391 31.783814
392 30.630879
393 30.779556
394 30.444455
395 28.728360
396 28.113497
397 27.930260
398 26.713332
399 26.168747
400 25.489238
401 24.363832
402 24.584557
403 24.720603
404 23.716785
405 23.356345
406 23.067790
407 22.573712
408 22.293518
409 22.108417
410 20.897792
411 20.352805
412 20.189213
413 20.185071
414 20.286078
415 19.668284
416 19.777960
417 19.034793
418 18.665954
419 18.581548
420 17.939329
421 17.778884
422 17.542988
423 17.119046
424 16.865618
425 16.827346
426 16.333903
427 15.888170
428 15.979110
429 15.950588
430 15.369434
431 15.101788
432 14.785330
433 14.491108
434 14.295121
435 14.238462
436 14.155411
437 14.042590
438 13.846146
439 13.746610
440 13.512568
441 13.216500
442 12.921163
443 12.772246
444 12.428863
445 12.545714
446 12.287365
447 12.151748
448 11.961733
449 11.962431
450 11.871683
451 11.812343
452 11.653515
453 11.497106
454 11.364653
455 11.169235
456 11.154731
457 10.949382
458 10.821297
459 10.688341
460 10.593223
461 10.495573
462 10.371712
463 10.252761
464 10.102590
465 9.987478
466 9.879539
467 9.744560
468 9.595280
469 9.609555
470 9.493066
471 9.412844
472 9.312962
473 9.254377
474 9.132232
475 9.106329
476 9.054646
477 8.978159
478 8.855185
479 8.822619
480 8.732650
481 8.700038
482 8.670210
483 8.585557
484 8.545666
485 8.492695
486 8.447976
487 8.423574
488 8.383970
489 8.353828
490 8.322966
491 8.280736
492 8.265713
493 8.240420
494 8.218047
495 8.194414
496 8.180707
497 8.161691
498 8.148777
499 8.141966
500 8.137677
