1 inf
2 inf
3 inf
4 inf
5 inf
6 inf
7 inf
8 inf
9 inf
10 inf
11 inf
12 inf
13 inf
14 inf
15 inf
16 inf
17 inf
18 inf
19 inf
20 inf
21 inf
22 inf
23 inf
24 inf
25 inf
26 inf
27 inf
28 inf
29 inf
30 inf
31 inf
32 inf
33 inf
34 inf
35 inf
36 inf
37 inf
38 inf
39 inf
40 inf
41 inf
42 inf
43 14511055877465990729065984629638629568304359585794317564009002699343146800246900738917963233195932489149531906415339676401989961211765423534980743390061147965513122277487157922902286303480187925534998159330000060471860556547738352942388005123016117792644318362279519938376940924800356659908193301764767744.000000
44 27408636389367003545392270689402001456213791534632131876029743161086704091719254306774868710999001315029079434838874540389279312230728858612527601950086581216596311356794541127210953482189028359750787684446291092526164502572667065729702842330443804011913267399884654701816898100577979296907264.000000
45 2180337163184650290250632938268945949642830194577617264853630148617454646995206085187423403855904178384557899840757085871537068187646478278940106914035591385111092113942317973159834118325711960208882238645863192911471668891534339825710329813160730781021361190968754176.000000
46 4672444817310039710633068408867909634805873305940405978803037169330960259382536169274110019322296302088573726969709117603948555261615056290814144714989359858837562457193811919595803453933158883511830344402866593830057676387514246589807574581074273136279552.000000
47 600041415313105375367064940437638597585841349934480036324686577245011437773740437739576983814040799233194419025587130100864506608858679875087922176539763186685290821482894584881133465560688457160616525127392828303813290107215992036786176.000000
48 171164644049536542189483661492360485623036394991188097119582171721508080746173706831998354503060515706629004089983074521745715675980700671306176095549891220669621845600771742022848693727864033683683117478407229149282304.000000
49 649433588560106349515395277898440475327909776351634683267845721515979214788881169851672435943652120564970079913063480544787378232839413418861610623177841867455482312832171248493436317167281288249344.000000
50 188870900349643586495601006839395703607622147431808165912350999429728326573842248239067855701493949490062674273424665290778279023500098503188525069622613867960530598152475081487417344.000000
51 648184554214425704123864078815981760218963163234222699420352858605795081340403270780481816476213938228537707678447998812560794415112629263219801072029570957312.000000
52 30630155805191432689488293448928354078153974912122772185347995172495508391091814279277526367916426497306008324060407407150236971885551157248.000000
53 272156364388989284349879361670235149731312672717412465860906909692450193772731726249393278444440167432809621500556333809664.000000
54 13562362336170299080532296096975368552042017548840144995169832713085385803793734694123247918594916352.000000
55 109312147865967062866825176101540571872681938679853515976962961647502802153469703014580224.000000
56 256830186165692396942063680347326274449876901618890797069744804403871744.000000
57 29100470233689901913029811142126200552332502763569152.000000
58 218545176664628179418903538451873792.000000
59 5600564714533732352.000000
60 928604.197687
61 10575.651170
62 8898.319609
63 7460.504498
64 6446.802200
65 5873.229083
66 5317.877865
67 4731.584571
68 4159.325185
69 3769.150435
70 3075.018243
71 2820.886476
72 2614.186444
73 2295.306008
74 2055.240753
75 1892.802635
76 1705.014398
77 1565.623234
78 1384.045056
79 1237.334689
80 1112.853730
81 995.531163
82 916.456673
83 843.190007
84 760.785468
85 695.053703
86 621.411724
87 569.479451
88 525.050212
89 465.658074
90 416.909060
91 384.605777
92 348.653069
93 322.937808
94 290.573822
95 265.126059
96 243.621486
97 223.040249
98 201.747300
99 184.202642
100 167.016893
101 150.392723
102 133.593485
103 123.134110
104 109.060981
105 99.012500
106 91.176353
107 83.731701
108 75.547357
109 68.874502
110 62.277161
111 57.575690
112 52.257388
113 48.369966
114 43.961213
115 40.346144
116 36.798533
117 33.149235
118 30.089218
119 27.478423
120 25.066808
121 23.125683
122 21.109553
123 19.179347
124 17.516125
125 15.776541
126 14.414609
127 13.180319
128 12.021636
129 10.640656
130 10.136647
131 9.359688
132 8.692615
133 7.909732
134 7.276646
135 6.570761
136 6.095572
137 5.631025
138 5.248644
139 4.828332
140 4.403051
141 4.060350
142 3.691737
143 3.399456
144 3.153854
145 2.940791
146 2.752033
147 2.542908
148 2.368664
149 2.193988
150 2.059315
151 1.926656
152 1.779046
153 1.661885
154 1.535606
155 1.412848
156 1.321141
157 1.231003
158 1.129390
159 1.062910
160 0.993972
161 0.915014
162 0.846694
163 0.797255
164 0.733291
165 0.686505
166 0.644123
167 0.587461
168 0.557257
169 0.512812
170 0.482005
171 0.449594
172 0.416922
173 0.389980
174 0.365200
175 0.332211
176 0.310329
177 0.285284
178 0.272461
179 0.253584
180 0.242063
181 0.223589
182 0.209129
183 0.192758
184 0.179952
185 0.168665
186 0.159743
187 0.150553
188 0.141843
189 0.131025
190 0.124623
191 0.116988
192 0.111484
193 0.105475
194 0.099600
195 0.094310
196 0.088176
197 0.083511
198 0.079054
199 0.075759
200 0.071691
201 0.068169
202 0.065116
203 0.061514
204 0.057333
205 0.055128
206 0.052518
207 0.049543
208 0.047027
209 0.044374
210 0.042330
211 0.040275
212 0.038219
213 0.036210
214 0.034535
215 0.032626
216 0.030953
217 0.028768
218 0.027457
219 0.026336
220 0.024931
221 0.023886
222 0.022388
223 0.021558
224 0.020364
225 0.019540
226 0.018632
227 0.017760
228 0.016886
229 0.016153
230 0.015528
231 0.014806
232 0.014055
233 0.013440
234 0.012693
235 0.012310
236 0.011833
237 0.011314
238 0.010898
239 0.010409
240 0.010038
241 0.009609
242 0.009221
243 0.008872
244 0.008519
245 0.008161
246 0.007714
247 0.007551
248 0.007273
249 0.007008
250 0.006722
251 0.006429
252 0.006152
253 0.005952
254 0.005733
255 0.005491
256 0.005316
257 0.005118
258 0.004911
259 0.004723
260 0.004521
261 0.004375
262 0.004238
263 0.004068
264 0.003925
265 0.003748
266 0.003630
267 0.003519
268 0.003417
269 0.003305
270 0.003173
271 0.003084
272 0.002987
273 0.002887
274 0.002801
275 0.002710
276 0.002620
277 0.002537
278 0.002457
279 0.002382
280 0.002310
281 0.002236
282 0.002169
283 0.002104
284 0.002023
285 0.001963
286 0.001910
287 0.001852
288 0.001797
289 0.001737
290 0.001684
291 0.001639
292 0.001587
293 0.001544
294 0.001504
295 0.001464
296 0.001425
297 0.001388
298 0.001350
299 0.001312
300 0.001283
301 0.001252
302 0.001221
303 0.001192
304 0.001163
305 0.001133
306 0.001109
307 0.001074
308 0.001054
309 0.001028
310 0.000998
311 0.000974
312 0.000951
313 0.000932
314 0.000908
315 0.000887
316 0.000863
317 0.000843
318 0.000824
319 0.000806
320 0.000787
321 0.000769
322 0.000749
323 0.000733
324 0.000717
325 0.000705
326 0.000692
327 0.000678
328 0.000663
329 0.000646
330 0.000631
331 0.000620
332 0.000604
333 0.000593
334 0.000583
335 0.000571
336 0.000560
337 0.000549
338 0.000539
339 0.000527
340 0.000516
341 0.000503
342 0.000496
343 0.000485
344 0.000477
345 0.000469
346 0.000461
347 0.000453
348 0.000446
349 0.000437
350 0.000428
351 0.000421
352 0.000413
353 0.000406
354 0.000399
355 0.000393
356 0.000386
357 0.000379
358 0.000371
359 0.000363
360 0.000358
361 0.000351
362 0.000346
363 0.000341
364 0.000334
365 0.000329
366 0.000325
367 0.000319
368 0.000313
369 0.000309
370 0.000302
371 0.000299
372 0.000294
373 0.000289
374 0.000283
375 0.000280
376 0.000276
377 0.000272
378 0.000268
379 0.000263
380 0.000260
381 0.000255
382 0.000252
383 0.000249
384 0.000246
385 0.000243
386 0.000240
387 0.000237
388 0.000233
389 0.000230
390 0.000228
391 0.000224
392 0.000222
393 0.000218
394 0.000216
395 0.000213
396 0.000211
397 0.000208
398 0.000205
399 0.000203
400 0.000200
401 0.000198
402 0.000196
403 0.000194
404 0.000191
405 0.000189
406 0.000187
407 0.000185
408 0.000183
409 0.000181
410 0.000179
411 0.000177
412 0.000175
413 0.000174
414 0.000172
415 0.000170
416 0.000169
417 0.000167
418 0.000166
419 0.000164
420 0.000163
421 0.000161
422 0.000160
423 0.000158
424 0.000157
425 0.000156
426 0.000154
427 0.000153
428 0.000152
429 0.000151
430 0.000149
431 0.000148
432 0.000147
433 0.000146
434 0.000145
435 0.000144
436 0.000143
437 0.000142
438 0.000141
439 0.000140
440 0.000139
441 0.000138
442 0.000137
443 0.000136
444 0.000135
445 0.000135
446 0.000134
447 0.000133
448 0.000132
449 0.000131
450 0.000131
451 0.000130
452 0.000129
453 0.000129
454 0.000128
455 0.000127
456 0.000127
457 0.000126
458 0.000126
459 0.000125
460 0.000124
461 0.000124
462 0.000123
463 0.000123
464 0.000122
465 0.000122
466 0.000121
467 0.000121
468 0.000120
469 0.000120
470 0.000120
471 0.000119
472 0.000119
473 0.000118
474 0.000118
475 0.000118
476 0.000117
477 0.000117
478 0.000117
479 0.000117
480 0.000116
481 0.000116
482 0.000116
483 0.000116
484 0.000115
485 0.000115
486 0.000115
487 0.000115
488 0.000115
489 0.000115
490 0.000114
491 0.000114
492 0.000114
493 0.000114
494 0.000114
495 0.000114
496 0.000114
497 0.000114
498 0.000114
499 0.000114
500 0.000114
