1 12150327.012681
2 22127409.429576
3 20955688.084500
4 30706250.293699
5 23891034.735796
6 32755748.808008
7 35259693.217802
8 48478336.244297
9 52335758.952667
10 42548842.751569
11 62559232.958040
12 78180003.354080
13 85827775.438080
14 96806628.237323
15 76682581.573360
16 109594370.325183
17 103017154.189395
18 144960301.467952
19 111409126.758267
20 135362456.839237
21 118563675.844079
22 151010980.529891
23 161159116.864880
24 185338221.092873
25 175443033.276177
26 243260267.631883
27 254873323.038228
28 246108487.758357
29 258343836.336205
30 204268591.444568
31 263673284.831731
32 318049560.307818
33 361310642.586943
34 393984183.733861
35 304766749.667159
36 339759290.196958
37 390563140.799895
38 462887268.465296
39 593265052.809782
40 535670291.271161
41 462697641.549269
42 464152506.568153
43 551662803.708252
44 633581971.098597
45 771502868.097456
46 659335931.401549
47 612119367.224149
48 655148431.269306
49 405785517.307442
50 585923727.552421
51 449451161.104143
52 576294294.057340
53 555882546.014215
54 488055630.757408
55 449092574.494656
56 485403882.105699
57 560575184.831824
58 591029604.469298
59 428734482.546918
60 608714758.646344
61 492247733.869747
62 506418870.142596
63 491236106.115726
64 303637832.097282
65 448822935.863230
66 305304557.678411
67 348979723.238289
68 267157436.788625
69 301481549.215134
70 405917641.660599
71 454536971.899078
72 326865719.765060
73 455795528.583866
74 336693287.110053
75 407691705.675572
76 371857002.203831
77 326476753.809143
78 363471893.243713
79 323174864.623121
80 355477504.490507
81 352135593.058483
82 381408115.385475
83 308528245.155614
84 364175241.127817
85 255602926.120583
86 273693714.132557
87 280039622.838790
88 280954729.576508
89 314200017.410999
90 283793188.923593
91 208408013.218069
92 259558342.126685
93 215814710.950110
94 220920183.582818
95 199701942.031044
96 152234464.762481
97 202308268.637746
98 206781887.187022
99 128748785.979161
100 134825185.824142
101 173042964.086722
102 159530923.623949
103 114452508.933465
104 132802884.811189
105 117095034.866123
106 100293050.463296
107 80582944.732618
108 82132378.183236
109 67540772.674422
110 68142486.485038
111 69359931.587529
112 51166184.262634
113 51387070.749831
114 41301440.719992
115 54760701.694897
116 44649603.605206
117 39763507.355667
118 26143973.995070
119 26471673.831361
120 27961620.876587
121 28524637.831008
122 26159548.821478
123 29166698.312960
124 30748202.358941
125 24383257.151164
126 31447940.674824
127 24470582.226196
128 22988364.803543
129 14872491.295562
130 21535446.003875
131 17693351.608531
132 20152188.315002
133 21943348.538365
134 15457516.282394
135 17312954.142552
136 19419417.566601
137 15688107.490590
138 13194504.273294
139 15343060.191135
140 11206868.363045
141 10930950.805030
142 10943244.777854
143 12351674.877290
144 12301160.728191
145 12339542.337015
146 11181910.558877
147 12224810.212228
148 8650257.622623
149 10062550.251496
150 8044549.823059
151 7784536.318230
152 7591495.617796
153 6663184.375029
154 6914305.263877
155 6557095.390077
156 4506912.440667
157 5333557.574947
158 5654416.103349
159 5029653.028243
160 4499378.315141
161 4753759.430532
162 5219204.987391
163 4733986.933931
164 3847144.701088
165 4394710.496388
166 4089189.178455
167 3866177.540318
168 4074170.173290
169 3286816.896488
170 3878140.091978
171 3205429.461587
172 2875167.696619
173 3923360.132784
174 3537656.446161
175 3287694.925532
176 3519833.288693
177 3328570.553990
178 3199327.894407
179 3270188.552190
180 2889099.773037
181 3272432.855196
182 2689716.704047
183 2186249.263044
184 2315557.450733
185 2562527.521737
186 2636013.226334
187 2499277.567584
188 2877513.951370
189 2283758.800766
190 2200816.413568
191 2117423.325561
192 2072973.181012
193 2052873.478429
194 1856955.532390
195 2067919.222624
196 2040501.626946
197 1975151.954038
198 2205079.942941
199 1771432.018302
200 1941188.895305
201 1539093.667441
202 1643867.384492
203 1593249.258261
204 1092718.620537
205 1417838.234312
206 1131480.716261
207 1124533.416594
208 1286226.667410
209 1206508.152661
210 1123410.558571
211 1252734.144000
212 1129481.347470
213 1172288.116031
214 1019801.218186
215 769137.430344
216 825805.446031
217 804059.080045
218 863136.552697
219 850803.931264
220 781121.684418
221 795387.589370
222 783052.348197
223 786274.419607
224 614397.112818
225 680376.058189
226 735170.006232
227 628997.075418
228 542294.288972
229 565012.517562
230 502561.448115
231 519696.524167
232 385109.271946
233 483854.597157
234 507444.443031
235 484092.394880
236 462739.349570
237 410341.958922
238 388230.471285
239 398560.660191
240 365781.160133
241 311463.623090
242 285540.177936
243 346211.470865
244 261441.474219
245 294150.706547
246 286671.484402
247 276396.487674
248 282126.422907
249 273034.613640
250 281784.166436
251 289584.786972
252 256006.764120
253 248068.674079
254 260478.992096
255 231412.646742
256 217935.354645
257 233487.426040
258 204338.054920
259 192810.142201
260 203106.404295
261 187293.134736
262 173932.745009
263 181829.070085
264 168943.452964
265 165539.958886
266 172224.301258
267 153707.361844
268 153337.335512
269 141299.235285
270 157146.278109
271 136928.892693
272 122599.944408
273 128731.351506
274 128224.662461
275 113430.122949
276 121659.272832
277 116579.277081
278 119382.042967
279 111733.749176
280 107712.466934
281 91456.000095
282 107962.829215
283 99674.820853
284 103508.303033
285 102124.007626
286 98207.206027
287 112591.511339
288 115737.121189
289 112656.667682
290 93411.285133
291 96456.164531
292 99630.781345
293 95965.282062
294 85769.165985
295 85898.403561
296 86880.426566
297 78411.716165
298 75517.079963
299 78069.892214
300 75904.714438
301 67251.711159
302 77501.561171
303 72731.002873
304 71950.066224
305 75102.647656
306 72737.347788
307 71407.362824
308 69427.291022
309 71792.405578
310 69539.731209
311 66586.981893
312 61857.134294
313 68258.866514
314 64100.443547
315 59319.873333
316 56447.365246
317 59235.790944
318 64649.030369
319 61157.199002
320 63081.610767
321 57750.605506
322 56205.235315
323 61811.564984
324 55769.881002
325 55896.754178
326 55602.933287
327 58215.985414
328 56498.635531
329 56258.173320
330 55427.694384
331 52726.183163
332 53652.715734
333 48453.232672
334 48641.645212
335 49346.373820
336 44574.880931
337 45189.449983
338 46448.892286
339 44421.643213
340 46295.585695
341 43524.722800
342 39195.231146
343 41238.266300
344 38787.594603
345 39749.088579
346 37101.694174
347 34308.444688
348 37678.984911
349 36412.433471
350 37252.454707
351 36872.006768
352 35976.398489
353 33736.964217
354 34452.675788
355 33341.834556
356 32296.804182
357 30352.236332
358 29852.291446
359 30551.607119
360 31932.532191
361 28790.999242
362 28519.252475
363 28430.334581
364 28469.923982
365 26281.934841
366 25912.320448
367 26184.262804
368 26399.393532
369 25454.182023
370 24976.989570
371 23927.653236
372 23232.541650
373 23908.790353
374 23025.383902
375 22408.484930
376 22730.051352
377 22841.780527
378 22939.684290
379 22146.558375
380 22450.386820
381 20670.246512
382 20555.892405
383 20463.534035
384 19618.422646
385 20625.437584
386 19466.059906
387 18802.105773
388 19123.567345
389 18976.844528
390 17401.914512
391 17549.558367
392 17291.572452
393 16549.037692
394 16244.259623
395 15436.222426
396 16468.321806
397 16306.058194
398 15968.904486
399 16022.514421
400 15785.650263
401 15650.047133
402 15654.573294
403 15671.470401
404 15078.507781
405 15199.915670
406 15033.767160
407 14172.092513
408 13915.521127
409 13402.028631
410 12808.332086
411 12836.666196
412 12820.135224
413 12626.252295
414 12448.047755
415 12247.701738
416 11781.829567
417 11569.675665
418 11678.683869
419 11338.457157
420 11228.393922
421 11150.053779
422 11089.715056
423 11054.175177
424 11064.425702
425 11033.688486
426 11062.323348
427 10881.034573
428 10924.946607
429 10559.588510
430 10559.731796
431 10401.377089
432 10213.491444
433 10183.652009
434 10174.934564
435 10049.715915
436 9884.698695
437 9668.391023
438 9710.764804
439 9441.594048
440 9272.698358
441 9088.346309
442 9105.403747
443 8982.084258
444 9020.623393
445 8843.894402
446 8785.914860
447 8688.372527
448 8602.754557
449 8479.511543
450 8407.430137
451 8390.884241
452 8252.466767
453 8195.009118
454 8092.542153
455 8081.839334
456 7943.952710
457 7848.041570
458 7767.711635
459 7710.121622
460 7643.708813
461 7582.288063
462 7543.539659
463 7454.193497
464 7381.643288
465 7322.039820
466 7283.360543
467 7243.608673
468 7182.454501
469 7105.545036
470 7038.790525
471 6986.367147
472 6956.065441
473 6920.680455
474 6878.343661
475 6829.260097
476 6754.264885
477 6712.727117
478 6658.428249
479 6602.463559
480 6542.403833
481 6499.324117
482 6467.651400
483 6417.396268
484 6385.539582
485 6344.180106
486 6310.024688
487 6274.772137
488 6251.038903
489 6219.501418
490 6184.884148
491 6160.233299
492 6135.884656
493 6114.019182
494 6090.311791
495 6075.391101
496 6062.412069
497 6055.535082
498 6044.778574
499 6040.655448
500 6037.450245
