1 1000000000000000019884624838656.000000
2 1000000000000000019884624838656.000000
3 1000000000000000019884624838656.000000
4 1000000000000000019884624838656.000000
5 3067073.190441
6 3067073.190441
7 3067073.190441
8 3067073.190441
9 3067073.190441
10 4515888.178327
11 4515888.178327
12 4515888.178327
13 4515888.178327
14 4515888.178327
15 5866230.129452
16 5866230.129452
17 5866230.129452
18 5866230.129452
19 5866230.129452
20 6332009.316579
21 6332009.316579
22 6332009.316579
23 6332009.316579
24 6332009.316579
25 7818656.454725
26 7818656.454725
27 7818656.454725
28 7818656.454725
29 7818656.454725
30 7455299.533372
31 7455299.533372
32 7455299.533372
33 7455299.533372
34 7455299.533372
35 6172896.066375
36 6172896.066375
37 6172896.066375
38 6172896.066375
39 6172896.066375
40 6507140.463090
41 6507140.463090
42 6507140.463090
43 6507140.463090
44 6507140.463090
45 6287596.039541
46 6287596.039541
47 6287596.039541
48 6287596.039541
49 6287596.039541
50 6205887.910524
51 6205887.910524
52 6205887.910524
53 6205887.910524
54 6205887.910524
55 6496461.385072
56 6496461.385072
57 6496461.385072
58 6496461.385072
59 6496461.385072
60 5866042.356832
61 5866042.356832
62 5866042.356832
63 5866042.356832
64 5866042.356832
65 4914186.329675
66 4914186.329675
67 4914186.329675
68 4914186.329675
69 4914186.329675
70 4092381.622770
71 4092381.622770
72 4092381.622770
73 4092381.622770
74 4092381.622770
75 3153936.991980
76 3153936.991980
77 3153936.991980
78 3153936.991980
79 3153936.991980
80 2287139.919996
81 2287139.919996
82 2287139.919996
83 2287139.919996
84 2287139.919996
85 1633853.134945
86 1633853.134945
87 1633853.134945
88 1633853.134945
89 1633853.134945
90 1220118.647236
91 1220118.647236
92 1220118.647236
93 1220118.647236
94 1220118.647236
95 922014.879729
96 922014.879729
97 922014.879729
98 922014.879729
99 922014.879729
100 686628.287358
101 686628.287358
102 686628.287358
103 686628.287358
104 686628.287358
105 534949.509228
106 534949.509228
107 534949.509228
108 534949.509228
109 534949.509228
110 343225.560533
111 343225.560533
112 343225.560533
113 343225.560533
114 343225.560533
115 207216.387677
116 207216.387677
117 207216.387677
118 207216.387677
119 207216.387677
120 140220.359552
121 140220.359552
122 140220.359552
123 140220.359552
124 140220.359552
125 106044.399964
126 106044.399964
127 106044.399964
128 106044.399964
129 106044.399964
130 70119.897785
131 70119.897785
132 70119.897785
133 70119.897785
134 70119.897785
135 48928.960861
136 48928.960861
137 48928.960861
138 48928.960861
139 48928.960861
140 34343.673588
141 34343.673588
142 34343.673588
143 34343.673588
144 34343.673588
145 23935.830731
146 23935.830731
147 23935.830731
148 23935.830731
149 23935.830731
150 16672.285433
151 16672.285433
152 16672.285433
153 16672.285433
154 16672.285433
155 11398.230478
156 11398.230478
157 11398.230478
158 11398.230478
159 11398.230478
160 7300.970444
161 7300.970444
162 7300.970444
163 7300.970444
164 7300.970444
165 4566.896145
166 4566.896145
167 4566.896145
168 4566.896145
169 4566.896145
170 2984.779003
171 2984.779003
172 2984.779003
173 2984.779003
174 2984.779003
175 2014.372523
176 2014.372523
177 2014.372523
178 2014.372523
179 2014.372523
180 1362.671985
181 1362.671985
182 1362.671985
183 1362.671985
184 1362.671985
185 805.940246
186 805.940246
187 805.940246
188 805.940246
189 805.940246
190 515.975008
191 515.975008
192 515.975008
193 515.975008
194 515.975008
195 330.994255
196 330.994255
197 330.994255
198 330.994255
199 330.994255
200 214.331767
201 214.331767
202 214.331767
203 214.331767
204 214.331767
205 141.224839
206 141.224839
207 141.224839
208 141.224839
209 141.224839
210 98.288214
211 98.288214
212 98.288214
213 98.288214
214 98.288214
215 64.547794
216 64.547794
217 64.547794
218 64.547794
219 64.547794
220 43.966309
221 43.966309
222 43.966309
223 43.966309
224 43.966309
225 27.218741
226 27.218741
227 27.218741
228 27.218741
229 27.218741
230 18.080312
231 18.080312
232 18.080312
233 18.080312
234 18.080312
235 11.855788
236 11.855788
237 11.855788
238 11.855788
239 11.855788
240 7.724059
241 7.724059
242 7.724059
243 7.724059
244 7.724059
245 5.011927
246 5.011927
247 5.011927
248 5.011927
249 5.011927
250 3.532656
251 3.532656
252 3.532656
253 3.532656
254 3.532656
255 2.232676
256 2.232676
257 2.232676
258 2.232676
259 2.232676
260 1.569841
261 1.569841
262 1.569841
263 1.569841
264 1.569841
265 0.998070
266 0.998070
267 0.998070
268 0.998070
269 0.998070
270 0.688419
271 0.688419
272 0.688419
273 0.688419
274 0.688419
275 0.479752
276 0.479752
277 0.479752
278 0.479752
279 0.479752
280 0.337034
281 0.337034
282 0.337034
283 0.337034
284 0.337034
285 0.219774
286 0.219774
287 0.219774
288 0.219774
289 0.219774
290 0.145047
291 0.145047
292 0.145047
293 0.145047
294 0.145047
295 0.100757
296 0.100757
297 0.100757
298 0.100757
299 0.100757
300 0.068316
301 0.068316
302 0.068316
303 0.068316
304 0.068316
305 0.046105
306 0.046105
307 0.046105
308 0.046105
309 0.046105
310 0.030629
311 0.030629
312 0.030629
313 0.030629
314 0.030629
315 0.020997
316 0.020997
317 0.020997
318 0.020997
319 0.020997
320 0.013993
321 0.013993
322 0.013993
323 0.013993
324 0.013993
325 0.010420
326 0.010420
327 0.010420
328 0.010420
329 0.010420
330 0.007327
331 0.007327
332 0.007327
333 0.007327
334 0.007327
335 0.005508
336 0.005508
337 0.005508
338 0.005508
339 0.005508
340 0.004120
341 0.004120
342 0.004120
343 0.004120
344 0.004120
345 0.003012
346 0.003012
347 0.003012
348 0.003012
349 0.003012
350 0.002236
351 0.002236
352 0.002236
353 0.002236
354 0.002236
355 0.001664
356 0.001664
357 0.001664
358 0.001664
359 0.001664
360 0.001260
361 0.001260
362 0.001260
363 0.001260
364 0.001260
365 0.000930
366 0.000930
367 0.000930
368 0.000930
369 0.000930
370 0.000703
371 0.000703
372 0.000703
373 0.000703
374 0.000703
375 0.000524
376 0.000524
377 0.000524
378 0.000524
379 0.000524
380 0.000383
381 0.000383
382 0.000383
383 0.000383
384 0.000383
385 0.000289
386 0.000289
387 0.000289
388 0.000289
389 0.000289
390 0.000217
391 0.000217
392 0.000217
393 0.000217
394 0.000217
395 0.000165
396 0.000165
397 0.000165
398 0.000165
399 0.000165
400 0.000124
401 0.000124
402 0.000124
403 0.000124
404 0.000124
405 0.000097
406 0.000097
407 0.000097
408 0.000097
409 0.000097
410 0.000075
411 0.000075
412 0.000075
413 0.000075
414 0.000075
415 0.000056
416 0.000056
417 0.000056
418 0.000056
419 0.000056
420 0.000043
421 0.000043
422 0.000043
423 0.000043
424 0.000043
425 0.000034
426 0.000034
427 0.000034
428 0.000034
429 0.000034
430 0.000026
431 0.000026
432 0.000026
433 0.000026
434 0.000026
435 0.000020
436 0.000020
437 0.000020
438 0.000020
439 0.000020
440 0.000016
441 0.000016
442 0.000016
443 0.000016
444 0.000016
445 0.000012
446 0.000012
447 0.000012
448 0.000012
449 0.000012
450 0.000010
451 0.000010
452 0.000010
453 0.000010
454 0.000010
455 0.000008
456 0.000008
457 0.000008
458 0.000008
459 0.000008
460 0.000006
461 0.000006
462 0.000006
463 0.000006
464 0.000006
465 0.000005
466 0.000005
467 0.000005
468 0.000005
469 0.000005
470 0.000004
471 0.000004
472 0.000004
473 0.000004
474 0.000004
475 0.000003
476 0.000003
477 0.000003
478 0.000003
479 0.000003
480 0.000002
481 0.000002
482 0.000002
483 0.000002
484 0.000002
485 0.000002
486 0.000002
487 0.000002
488 0.000002
489 0.000002
490 0.000002
491 0.000002
492 0.000002
493 0.000002
494 0.000002
495 0.000001
496 0.000001
497 0.000001
498 0.000001
499 0.000001
500 0.000001
