1 1000000000000000019884624838656.000000
2 1000000000000000019884624838656.000000
3 1000000000000000019884624838656.000000
4 1000000000000000019884624838656.000000
5 1531236.221081
6 1531236.221081
7 1531236.221081
8 1531236.221081
9 1531236.221081
10 1483331.684049
11 1483331.684049
12 1483331.684049
13 1483331.684049
14 1483331.684049
15 1398645.141002
16 1398645.141002
17 1398645.141002
18 1398645.141002
19 1398645.141002
20 1367058.214166
21 1367058.214166
22 1367058.214166
23 1367058.214166
24 1367058.214166
25 1312351.918463
26 1312351.918463
27 1312351.918463
28 1312351.918463
29 1312351.918463
30 1162428.843491
31 1162428.843491
32 1162428.843491
33 1162428.843491
34 1162428.843491
35 1023317.577246
36 1023317.577246
37 1023317.577246
38 1023317.577246
39 1023317.577246
40 985242.750312
41 985242.750312
42 985242.750312
43 985242.750312
44 985242.750312
45 890204.109735
46 890204.109735
47 890204.109735
48 890204.109735
49 890204.109735
50 801713.225894
51 801713.225894
52 801713.225894
53 801713.225894
54 801713.225894
55 762948.318979
56 762948.318979
57 762948.318979
58 762948.318979
59 762948.318979
60 665781.285034
61 665781.285034
62 665781.285034
63 665781.285034
64 665781.285034
65 558634.915031
66 558634.915031
67 558634.915031
68 558634.915031
69 558634.915031
70 493254.016633
71 493254.016633
72 493254.016633
73 493254.016633
74 493254.016633
75 467054.170895
76 467054.170895
77 467054.170895
78 467054.170895
79 467054.170895
80 423222.340977
81 423222.340977
82 423222.340977
83 423222.340977
84 423222.340977
85 369434.059429
86 369434.059429
87 369434.059429
88 369434.059429
89 369434.059429
90 302321.837610
91 302321.837610
92 302321.837610
93 302321.837610
94 302321.837610
95 267769.583302
96 267769.583302
97 267769.583302
98 267769.583302
99 267769.583302
100 235067.013182
101 235067.013182
102 235067.013182
103 235067.013182
104 235067.013182
105 196694.791975
106 196694.791975
107 196694.791975
108 196694.791975
109 196694.791975
110 178060.654442
111 178060.654442
112 178060.654442
113 178060.654442
114 178060.654442
115 160901.209883
116 160901.209883
117 160901.209883
118 160901.209883
119 160901.209883
120 145238.375724
121 145238.375724
122 145238.375724
123 145238.375724
124 145238.375724
125 131037.279790
126 131037.279790
127 131037.279790
128 131037.279790
129 131037.279790
130 115093.141494
131 115093.141494
132 115093.141494
133 115093.141494
134 115093.141494
135 101874.430804
136 101874.430804
137 101874.430804
138 101874.430804
139 101874.430804
140 91948.622430
141 91948.622430
142 91948.622430
143 91948.622430
144 91948.622430
145 83933.452868
146 83933.452868
147 83933.452868
148 83933.452868
149 83933.452868
150 76061.985731
151 76061.985731
152 76061.985731
153 76061.985731
154 76061.985731
155 68455.695140
156 68455.695140
157 68455.695140
158 68455.695140
159 68455.695140
160 62206.251717
161 62206.251717
162 62206.251717
163 62206.251717
164 62206.251717
165 54235.223791
166 54235.223791
167 54235.223791
168 54235.223791
169 54235.223791
170 50000.434186
171 50000.434186
172 50000.434186
173 50000.434186
174 50000.434186
175 44795.701041
176 44795.701041
177 44795.701041
178 44795.701041
179 44795.701041
180 41175.238093
181 41175.238093
182 41175.238093
183 41175.238093
184 41175.238093
185 38105.301858
186 38105.301858
187 38105.301858
188 38105.301858
189 38105.301858
190 34080.929129
191 34080.929129
192 34080.929129
193 34080.929129
194 34080.929129
195 31483.563865
196 31483.563865
197 31483.563865
198 31483.563865
199 31483.563865
200 27964.864691
201 27964.864691
202 27964.864691
203 27964.864691
204 27964.864691
205 26036.301365
206 26036.301365
207 26036.301365
208 26036.301365
209 26036.301365
210 24114.724700
211 24114.724700
212 24114.724700
213 24114.724700
214 24114.724700
215 21845.540780
216 21845.540780
217 21845.540780
218 21845.540780
219 21845.540780
220 20963.365488
221 20963.365488
222 20963.365488
223 20963.365488
224 20963.365488
225 19608.588064
226 19608.588064
227 19608.588064
228 19608.588064
229 19608.588064
230 18388.216305
231 18388.216305
232 18388.216305
233 18388.216305
234 18388.216305
235 17224.044270
236 17224.044270
237 17224.044270
238 17224.044270
239 17224.044270
240 16363.770426
241 16363.770426
242 16363.770426
243 16363.770426
244 16363.770426
245 15959.039502
246 15959.039502
247 15959.039502
248 15959.039502
249 15959.039502
250 14828.912840
251 14828.912840
252 14828.912840
253 14828.912840
254 14828.912840
255 14147.268139
256 14147.268139
257 14147.268139
258 14147.268139
259 14147.268139
260 13460.314029
261 13460.314029
262 13460.314029
263 13460.314029
264 13460.314029
265 12608.856909
266 12608.856909
267 12608.856909
268 12608.856909
269 12608.856909
270 11843.765037
271 11843.765037
272 11843.765037
273 11843.765037
274 11843.765037
275 11371.846311
276 11371.846311
277 11371.846311
278 11371.846311
279 11371.846311
280 10783.013420
281 10783.013420
282 10783.013420
283 10783.013420
284 10783.013420
285 10140.300163
286 10140.300163
287 10140.300163
288 10140.300163
289 10140.300163
290 9613.098783
291 9613.098783
292 9613.098783
293 9613.098783
294 9613.098783
295 9055.933236
296 9055.933236
297 9055.933236
298 9055.933236
299 9055.933236
300 8548.952071
301 8548.952071
302 8548.952071
303 8548.952071
304 8548.952071
305 8048.583234
306 8048.583234
307 8048.583234
308 8048.583234
309 8048.583234
310 7564.450948
311 7564.450948
312 7564.450948
313 7564.450948
314 7564.450948
315 7440.032828
316 7440.032828
317 7440.032828
318 7440.032828
319 7440.032828
320 7175.948100
321 7175.948100
322 7175.948100
323 7175.948100
324 7175.948100
325 6849.087835
326 6849.087835
327 6849.087835
328 6849.087835
329 6849.087835
330 6589.415239
331 6589.415239
332 6589.415239
333 6589.415239
334 6589.415239
335 6312.727261
336 6312.727261
337 6312.727261
338 6312.727261
339 6312.727261
340 6159.552878
341 6159.552878
342 6159.552878
343 6159.552878
344 6159.552878
345 5959.889546
346 5959.889546
347 5959.889546
348 5959.889546
349 5959.889546
350 5737.862362
351 5737.862362
352 5737.862362
353 5737.862362
354 5737.862362
355 5580.141705
356 5580.141705
357 5580.141705
358 5580.141705
359 5580.141705
360 5352.935825
361 5352.935825
362 5352.935825
363 5352.935825
364 5352.935825
365 5169.705648
366 5169.705648
367 5169.705648
368 5169.705648
369 5169.705648
370 5007.196713
371 5007.196713
372 5007.196713
373 5007.196713
374 5007.196713
375 4856.887841
376 4856.887841
377 4856.887841
378 4856.887841
379 4856.887841
380 4759.213611
381 4759.213611
382 4759.213611
383 4759.213611
384 4759.213611
385 4636.462484
386 4636.462484
387 4636.462484
388 4636.462484
389 4636.462484
390 4523.877581
391 4523.877581
392 4523.877581
393 4523.877581
394 4523.877581
395 4387.295182
396 4387.295182
397 4387.295182
398 4387.295182
399 4387.295182
400 4280.741975
401 4280.741975
402 4280.741975
403 4280.741975
404 4280.741975
405 4170.431303
406 4170.431303
407 4170.431303
408 4170.431303
409 4170.431303
410 4120.205756
411 4120.205756
412 4120.205756
413 4120.205756
414 4120.205756
415 4014.051599
416 4014.051599
417 4014.051599
418 4014.051599
419 4014.051599
420 3963.284932
421 3963.284932
422 3963.284932
423 3963.284932
424 3963.284932
425 3879.452402
426 3879.452402
427 3879.452402
428 3879.452402
429 3879.452402
430 3814.530590
431 3814.530590
432 3814.530590
433 3814.530590
434 3814.530590
435 3764.843898
436 3764.843898
437 3764.843898
438 3764.843898
439 3764.843898
440 3714.979740
441 3714.979740
442 3714.979740
443 3714.979740
444 3714.979740
445 3670.789425
446 3670.789425
447 3670.789425
448 3670.789425
449 3670.789425
450 3635.314408
451 3635.314408
452 3635.314408
453 3635.314408
454 3635.314408
455 3603.182151
456 3603.182151
457 3603.182151
458 3603.182151
459 3603.182151
460 3562.481997
461 3562.481997
462 3562.481997
463 3562.481997
464 3562.481997
465 3530.499092
466 3530.499092
467 3530.499092
468 3530.499092
469 3530.499092
470 3512.014455
471 3512.014455
472 3512.014455
473 3512.014455
474 3512.014455
475 3492.226390
476 3492.226390
477 3492.226390
478 3492.226390
479 3492.226390
480 3471.491835
481 3471.491835
482 3471.491835
483 3471.491835
484 3471.491835
485 3461.817045
486 3461.817045
487 3461.817045
488 3461.817045
489 3461.817045
490 3452.707683
491 3452.707683
492 3452.707683
493 3452.707683
494 3452.707683
495 3447.986002
496 3447.986002
497 3447.986002
498 3447.986002
499 3447.986002
500 3447.769582
