1 714556.233887
2 624618.460493
3 652352.619768
4 590087.283552
5 600291.812646
6 573831.366116
7 568479.389880
8 505421.525415
9 431569.529107
10 413565.411963
11 393538.923574
12 315434.378464
13 268768.381998
14 267893.357968
15 233717.966328
16 214338.438305
17 194475.807978
18 169981.474420
19 147979.997747
20 138637.023827
21 126620.573241
22 107307.278440
23 92531.184345
24 88870.092622
25 76876.115644
26 73873.510495
27 65583.069946
28 60579.021836
29 53185.726348
30 48600.610169
31 41085.840077
32 35831.350794
33 31419.763101
34 27199.300406
35 24829.538476
36 21161.667911
37 18456.290398
38 15800.472820
39 14194.532095
40 12104.717020
41 10461.431831
42 8772.438683
43 7341.546638
44 6624.714453
45 5557.679221
46 4535.933017
47 3772.602935
48 3309.262970
49 2645.278450
50 2243.571446
51 1827.394286
52 1604.278258
53 1381.906073
54 1171.782153
55 981.298679
56 813.672342
57 688.938807
58 596.498721
59 530.015120
60 455.971352
61 394.611898
62 299.573302
63 266.563717
64 211.474046
65 190.630068
66 157.576450
67 125.069019
68 112.655193
69 92.902747
70 80.919630
71 67.466736
72 55.540583
73 48.573209
74 38.906730
75 30.467764
76 26.897012
77 22.443502
78 19.118998
79 15.578611
80 13.354978
81 11.407562
82 9.671884
83 7.936733
84 6.547227
85 5.109490
86 3.991630
87 3.294812
88 2.865720
89 2.410317
90 1.972964
91 1.606403
92 1.289937
93 1.080936
94 0.872911
95 0.700625
96 0.580532
97 0.484269
98 0.410962
99 0.333762
100 0.289924
101 0.222217
102 0.196680
103 0.160157
104 0.144055
105 0.118401
106 0.099232
107 0.084883
108 0.067464
109 0.058217
110 0.047811
111 0.039674
112 0.034754
113 0.028239
114 0.023595
115 0.020493
116 0.017223
117 0.014048
118 0.011560
119 0.009596
120 0.008470
121 0.007324
122 0.005902
123 0.005162
124 0.004193
125 0.003378
126 0.002914
127 0.002355
128 0.002046
129 0.001749
130 0.001507
131 0.001284
132 0.001110
133 0.000955
134 0.000775
135 0.000674
136 0.000542
137 0.000476
138 0.000413
139 0.000345
140 0.000289
141 0.000231
142 0.000195
143 0.000166
144 0.000136
145 0.000114
146 0.000099
147 0.000086
148 0.000072
149 0.000061
150 0.000052
151 0.000045
152 0.000040
153 0.000033
154 0.000029
155 0.000025
156 0.000022
157 0.000019
158 0.000016
159 0.000014
160 0.000012
161 0.000010
162 0.000009
163 0.000007
164 0.000006
165 0.000005
166 0.000004
167 0.000004
168 0.000003
169 0.000003
170 0.000002
171 0.000002
172 0.000002
173 0.000002
174 0.000001
175 0.000001
176 0.000001
177 0.000001
178 0.000001
179 0.000001
180 0.000001
181 0.000000
182 0.000000
183 0.000000
184 0.000000
185 0.000000
186 0.000000
187 0.000000
188 0.000000
189 0.000000
190 0.000000
191 0.000000
192 0.000000
193 0.000000
194 0.000000
195 0.000000
196 0.000000
197 0.000000
198 0.000000
199 0.000000
200 0.000000
201 0.000000
202 0.000000
203 0.000000
204 0.000000
205 0.000000
206 0.000000
207 0.000000
208 0.000000
209 0.000000
210 0.000000
211 0.000000
212 0.000000
213 0.000000
214 0.000000
215 0.000000
216 0.000000
217 0.000000
218 0.000000
219 0.000000
220 0.000000
221 0.000000
222 0.000000
223 0.000000
224 0.000000
225 0.000000
226 0.000000
227 0.000000
228 0.000000
229 0.000000
230 0.000000
231 0.000000
232 0.000000
233 0.000000
234 0.000000
235 0.000000
236 0.000000
237 0.000000
238 0.000000
239 0.000000
240 0.000000
241 0.000000
242 0.000000
243 0.000000
244 0.000000
245 0.000000
246 0.000000
247 0.000000
248 0.000000
249 0.000000
250 0.000000
251 0.000000
252 0.000000
253 0.000000
254 0.000000
255 0.000000
256 0.000000
257 0.000000
258 0.000000
259 0.000000
260 0.000000
261 0.000000
262 0.000000
263 0.000000
264 0.000000
265 0.000000
266 0.000000
267 0.000000
268 0.000000
269 0.000000
270 0.000000
271 0.000000
272 0.000000
273 0.000000
274 0.000000
275 0.000000
276 0.000000
277 0.000000
278 0.000000
279 0.000000
280 0.000000
281 0.000000
282 0.000000
283 0.000000
284 0.000000
285 0.000000
286 0.000000
287 0.000000
288 0.000000
289 0.000000
290 0.000000
291 0.000000
292 0.000000
293 0.000000
294 0.000000
295 0.000000
296 0.000000
297 0.000000
298 0.000000
299 0.000000
300 0.000000
301 0.000000
302 0.000000
303 0.000000
304 0.000000
305 0.000000
306 0.000000
307 0.000000
308 0.000000
309 0.000000
310 0.000000
311 0.000000
312 0.000000
313 0.000000
314 0.000000
315 0.000000
316 0.000000
317 0.000000
318 0.000000
319 0.000000
320 0.000000
321 0.000000
322 0.000000
323 0.000000
324 0.000000
325 0.000000
326 0.000000
327 0.000000
328 0.000000
329 0.000000
330 0.000000
331 0.000000
332 0.000000
333 0.000000
334 0.000000
335 0.000000
336 0.000000
337 0.000000
338 0.000000
339 0.000000
340 0.000000
341 0.000000
342 0.000000
343 0.000000
344 0.000000
345 0.000000
346 0.000000
347 0.000000
348 0.000000
349 0.000000
350 0.000000
351 0.000000
352 0.000000
353 0.000000
354 0.000000
355 0.000000
356 0.000000
357 0.000000
358 0.000000
359 0.000000
360 0.000000
361 0.000000
362 0.000000
363 0.000000
364 0.000000
365 0.000000
366 0.000000
367 0.000000
368 0.000000
369 0.000000
370 0.000000
371 0.000000
372 0.000000
373 0.000000
374 0.000000
375 0.000000
376 0.000000
377 0.000000
378 0.000000
379 0.000000
380 0.000000
381 0.000000
382 0.000000
383 0.000000
384 0.000000
385 0.000000
386 0.000000
387 0.000000
388 0.000000
389 0.000000
390 0.000000
391 0.000000
392 0.000000
393 0.000000
394 0.000000
395 0.000000
396 0.000000
397 0.000000
398 0.000000
399 0.000000
400 0.000000
401 0.000000
402 0.000000
403 0.000000
404 0.000000
405 0.000000
406 0.000000
407 0.000000
408 0.000000
409 0.000000
410 0.000000
411 0.000000
412 0.000000
413 0.000000
414 0.000000
415 0.000000
416 0.000000
417 0.000000
418 0.000000
419 0.000000
420 0.000000
421 0.000000
422 0.000000
423 0.000000
424 0.000000
425 0.000000
426 0.000000
427 0.000000
428 0.000000
429 0.000000
430 0.000000
431 0.000000
432 0.000000
433 0.000000
434 0.000000
435 0.000000
436 0.000000
437 0.000000
438 0.000000
439 0.000000
440 0.000000
441 0.000000
442 0.000000
443 0.000000
444 0.000000
445 0.000000
446 0.000000
447 0.000000
448 0.000000
449 0.000000
450 0.000000
451 0.000000
452 0.000000
453 0.000000
454 0.000000
455 0.000000
456 0.000000
457 0.000000
458 0.000000
459 0.000000
460 0.000000
461 0.000000
462 0.000000
463 0.000000
464 0.000000
465 0.000000
466 0.000000
467 0.000000
468 0.000000
469 0.000000
470 0.000000
471 0.000000
472 0.000000
473 0.000000
474 0.000000
475 0.000000
476 0.000000
477 0.000000
478 0.000000
479 0.000000
480 0.000000
481 0.000000
482 0.000000
483 0.000000
484 0.000000
485 0.000000
486 0.000000
487 0.000000
488 0.000000
489 0.000000
490 0.000000
491 0.000000
492 0.000000
493 0.000000
494 0.000000
495 0.000000
496 0.000000
497 0.000000
498 0.000000
499 0.000000
500 0.000000
1 699734.334827
2 704611.921776
3 694665.325576
4 727131.183331
5 686564.370627
6 669153.044611
7 604158.449937
8 576639.911632
9 529082.508604
10 513566.484037
11 485327.185778
12 463269.556301
13 432842.462957
14 380414.291222
15 378687.934400
16 346020.485528
17 298298.230917
18 287702.335573
19 248515.141324
20 202593.887290
21 188124.089054
22 172863.925922
23 147655.542017
24 141215.348089
25 111593.640162
26 101971.404337
27 93103.438588
28 82344.433368
29 72420.959583
30 56934.004348
31 53714.214064
32 46610.122914
33 41805.897451
34 35440.034788
35 32260.214039
36 28690.862706
37 26070.613506
38 22677.183878
39 18543.541801
40 16260.576231
41 12557.816067
42 10610.734380
43 8928.588122
44 8190.835507
45 7488.362629
46 6517.071404
47 5216.960096
48 4519.152568
49 4030.644397
50 3163.993978
51 2878.070693
52 2572.034650
53 2124.416056
54 1741.425518
55 1275.997512
56 1182.537753
57 1052.506111
58 890.604236
59 719.979520
60 575.579348
61 454.093339
62 398.864509
63 335.178851
64 269.538393
65 239.732706
66 201.083469
67 163.759854
68 144.122719
69 122.469774
70 102.704573
71 85.244800
72 74.562501
73 58.106849
74 50.311999
75 41.648096
76 35.115196
77 27.675470
78 23.496429
79 20.046115
80 16.823362
81 13.105390
82 10.526215
83 9.130271
84 7.830422
85 5.925885
86 4.909768
87 4.515052
88 3.533204
89 2.906555
90 2.533198
91 2.042890
92 1.730356
93 1.371387
94 1.124690
95 0.918377
96 0.809568
97 0.678090
98 0.563672
99 0.451247
100 0.361076
101 0.305357
102 0.232916
103 0.179486
104 0.160037
105 0.131373
106 0.105607
107 0.090857
108 0.076002
109 0.066169
110 0.051615
111 0.041616
112 0.036903
113 0.030212
114 0.025503
115 0.021854
116 0.017644
117 0.014652
118 0.011647
119 0.009434
120 0.008087
121 0.006892
122 0.005492
123 0.004665
124 0.003614
125 0.002941
126 0.002400
127 0.002102
128 0.001599
129 0.001380
130 0.001114
131 0.000920
132 0.000761
133 0.000606
134 0.000495
135 0.000428
136 0.000352
137 0.000303
138 0.000255
139 0.000202
140 0.000171
141 0.000143
142 0.000118
143 0.000098
144 0.000080
145 0.000068
146 0.000055
147 0.000047
148 0.000040
149 0.000033
150 0.000027
151 0.000023
152 0.000020
153 0.000017
154 0.000015
155 0.000012
156 0.000010
157 0.000008
158 0.000007
159 0.000006
160 0.000005
161 0.000004
162 0.000003
163 0.000003
164 0.000003
165 0.000002
166 0.000002
167 0.000002
168 0.000001
169 0.000001
170 0.000001
171 0.000001
172 0.000001
173 0.000001
174 0.000001
175 0.000001
176 0.000000
177 0.000000
178 0.000000
179 0.000000
180 0.000000
181 0.000000
182 0.000000
183 0.000000
184 0.000000
185 0.000000
186 0.000000
187 0.000000
188 0.000000
189 0.000000
190 0.000000
191 0.000000
192 0.000000
193 0.000000
194 0.000000
195 0.000000
196 0.000000
197 0.000000
198 0.000000
199 0.000000
200 0.000000
201 0.000000
202 0.000000
203 0.000000
204 0.000000
205 0.000000
206 0.000000
207 0.000000
208 0.000000
209 0.000000
210 0.000000
211 0.000000
212 0.000000
213 0.000000
214 0.000000
215 0.000000
216 0.000000
217 0.000000
218 0.000000
219 0.000000
220 0.000000
221 0.000000
222 0.000000
223 0.000000
224 0.000000
225 0.000000
226 0.000000
227 0.000000
228 0.000000
229 0.000000
230 0.000000
231 0.000000
232 0.000000
233 0.000000
234 0.000000
235 0.000000
236 0.000000
237 0.000000
238 0.000000
239 0.000000
240 0.000000
241 0.000000
242 0.000000
243 0.000000
244 0.000000
245 0.000000
246 0.000000
247 0.000000
248 0.000000
249 0.000000
250 0.000000
251 0.000000
252 0.000000
253 0.000000
254 0.000000
255 0.000000
256 0.000000
257 0.000000
258 0.000000
259 0.000000
260 0.000000
261 0.000000
262 0.000000
263 0.000000
264 0.000000
265 0.000000
266 0.000000
267 0.000000
268 0.000000
269 0.000000
270 0.000000
271 0.000000
272 0.000000
273 0.000000
274 0.000000
275 0.000000
276 0.000000
277 0.000000
278 0.000000
279 0.000000
280 0.000000
281 0.000000
282 0.000000
283 0.000000
284 0.000000
285 0.000000
286 0.000000
287 0.000000
288 0.000000
289 0.000000
290 0.000000
291 0.000000
292 0.000000
293 0.000000
294 0.000000
295 0.000000
296 0.000000
297 0.000000
298 0.000000
299 0.000000
300 0.000000
301 0.000000
302 0.000000
303 0.000000
304 0.000000
305 0.000000
306 0.000000
307 0.000000
308 0.000000
309 0.000000
310 0.000000
311 0.000000
312 0.000000
313 0.000000
314 0.000000
315 0.000000
316 0.000000
317 0.000000
318 0.000000
319 0.000000
320 0.000000
321 0.000000
322 0.000000
323 0.000000
324 0.000000
325 0.000000
326 0.000000
327 0.000000
328 0.000000
329 0.000000
330 0.000000
331 0.000000
332 0.000000
333 0.000000
334 0.000000
335 0.000000
336 0.000000
337 0.000000
338 0.000000
339 0.000000
340 0.000000
341 0.000000
342 0.000000
343 0.000000
344 0.000000
345 0.000000
346 0.000000
347 0.000000
348 0.000000
349 0.000000
350 0.000000
351 0.000000
352 0.000000
353 0.000000
354 0.000000
355 0.000000
356 0.000000
357 0.000000
358 0.000000
359 0.000000
360 0.000000
361 0.000000
362 0.000000
363 0.000000
364 0.000000
365 0.000000
366 0.000000
367 0.000000
368 0.000000
369 0.000000
370 0.000000
371 0.000000
372 0.000000
373 0.000000
374 0.000000
375 0.000000
376 0.000000
377 0.000000
378 0.000000
379 0.000000
380 0.000000
381 0.000000
382 0.000000
383 0.000000
384 0.000000
385 0.000000
386 0.000000
387 0.000000
388 0.000000
389 0.000000
390 0.000000
391 0.000000
392 0.000000
393 0.000000
394 0.000000
395 0.000000
396 0.000000
397 0.000000
398 0.000000
399 0.000000
400 0.000000
401 0.000000
402 0.000000
403 0.000000
404 0.000000
405 0.000000
406 0.000000
407 0.000000
408 0.000000
409 0.000000
410 0.000000
411 0.000000
412 0.000000
413 0.000000
414 0.000000
415 0.000000
416 0.000000
417 0.000000
418 0.000000
419 0.000000
420 0.000000
421 0.000000
422 0.000000
423 0.000000
424 0.000000
425 0.000000
426 0.000000
427 0.000000
428 0.000000
429 0.000000
430 0.000000
431 0.000000
432 0.000000
433 0.000000
434 0.000000
435 0.000000
436 0.000000
437 0.000000
438 0.000000
439 0.000000
440 0.000000
441 0.000000
442 0.000000
443 0.000000
444 0.000000
445 0.000000
446 0.000000
447 0.000000
448 0.000000
449 0.000000
450 0.000000
451 0.000000
452 0.000000
453 0.000000
454 0.000000
455 0.000000
456 0.000000
457 0.000000
458 0.000000
459 0.000000
460 0.000000
461 0.000000
462 0.000000
463 0.000000
464 0.000000
465 0.000000
466 0.000000
467 0.000000
468 0.000000
469 0.000000
470 0.000000
471 0.000000
472 0.000000
473 0.000000
474 0.000000
475 0.000000
476 0.000000
477 0.000000
478 0.000000
479 0.000000
480 0.000000
481 0.000000
482 0.000000
483 0.000000
484 0.000000
485 0.000000
486 0.000000
487 0.000000
488 0.000000
489 0.000000
490 0.000000
491 0.000000
492 0.000000
493 0.000000
494 0.000000
495 0.000000
496 0.000000
497 0.000000
498 0.000000
499 0.000000
500 0.000000
