1 3110330.669785
2 3400692.194888
3 3842243.473403
4 4237169.526164
5 5263732.483443
6 4837476.771809
7 4765331.938880
8 6318220.227773
9 8231238.944394
10 7882040.125084
11 7739066.918057
12 4796128.091561
13 3282079.765073
14 2865977.662074
15 1827760.659312
16 2995492.781819
17 2278461.606425
18 2298115.376499
19 2001581.650570
20 2150362.953334
21 2838889.677911
22 2649302.647410
23 2925555.510849
24 2593773.873103
25 2543590.333522
26 2514009.596514
27 2990893.283602
28 2985104.449267
29 2594176.999115
30 2874283.269322
31 2354679.042167
32 2457579.399645
33 2475858.184751
34 2447403.810551
35 2114164.180306
36 1758870.334094
37 1625684.175870
38 1737662.849151
39 1829121.778695
40 1823622.049304
41 1878799.257256
42 1501583.568948
43 1539681.886896
44 1731301.911435
45 1487359.503161
46 1281255.322808
47 1371097.930532
48 786107.226827
49 844471.247327
50 692009.989111
51 665435.632057
52 633336.534105
53 644028.611377
54 566393.915165
55 623947.197397
56 573789.571208
57 565314.461412
58 458268.878307
59 446573.159012
60 409316.700682
61 360273.667269
62 375601.088969
63 312607.180245
64 264421.225869
65 279969.986143
66 297110.403350
67 348063.731674
68 292778.340879
69 266080.496651
70 292746.758710
71 239084.814830
72 226001.582602
73 225490.642875
74 240425.975399
75 248323.474935
76 250226.911352
77 247935.634780
78 231045.262022
79 264094.798010
80 196394.108819
81 243031.275831
82 222698.793461
83 186076.437144
84 184237.434158
85 187012.870543
86 179619.918225
87 178970.531024
88 174688.387201
89 161174.146733
90 158447.600066
91 170369.473911
92 155750.110817
93 158617.034039
94 104698.665881
95 112743.095028
96 100079.124899
97 85633.701739
98 78766.998340
99 80647.195853
100 76537.021151
101 52614.423119
102 56653.498538
103 47944.632312
104 45233.845745
105 43341.219797
106 31875.241940
107 27690.153629
108 24979.693537
109 20527.596754
110 17008.955921
111 12504.237002
112 10656.943284
113 8856.388616
114 8043.077134
115 6449.947834
116 5821.398741
117 5222.009983
118 4353.929781
119 3703.702214
120 3133.760574
121 3005.914578
122 2777.146670
123 2647.669349
124 2240.207613
125 1786.243652
126 1651.421247
127 1392.635255
128 1095.847658
129 882.960646
130 760.077421
131 693.867333
132 588.040746
133 558.047450
134 455.933940
135 403.922241
136 335.559736
137 284.269023
138 255.974652
139 242.410543
140 221.248270
141 197.353191
142 158.005229
143 129.984574
144 111.667505
145 85.330681
146 75.525607
147 59.284651
148 46.452426
149 39.709450
150 35.194143
151 34.425840
152 32.015209
153 26.475048
154 20.314559
155 18.987075
156 14.976316
157 12.574291
158 10.787026
159 9.845491
160 8.819075
161 7.641408
162 5.854752
163 4.648880
164 3.742373
165 2.159038
166 1.943540
167 1.542439
168 1.183841
169 0.976038
170 0.854227
171 0.708933
172 0.600809
173 0.523755
174 0.408566
175 0.320285
176 0.274302
177 0.226488
178 0.181359
179 0.153655
180 0.130980
181 0.110245
182 0.089969
183 0.076229
184 0.059574
185 0.046467
186 0.037629
187 0.030227
188 0.024571
189 0.020435
190 0.016535
191 0.012837
192 0.009501
193 0.007346
194 0.006059
195 0.004755
196 0.003835
197 0.003088
198 0.002356
199 0.001990
200 0.001655
201 0.001301
202 0.001032
203 0.000817
204 0.000652
205 0.000510
206 0.000433
207 0.000338
208 0.000262
209 0.000201
210 0.000161
211 0.000133
212 0.000100
213 0.000078
214 0.000060
215 0.000046
216 0.000035
217 0.000025
218 0.000018
219 0.000014
220 0.000011
221 0.000009
222 0.000006
223 0.000005
224 0.000004
225 0.000003
226 0.000002
227 0.000002
228 0.000001
229 0.000001
230 0.000001
231 0.000001
232 0.000000
233 0.000000
234 0.000000
235 0.000000
236 0.000000
237 0.000000
238 0.000000
239 0.000000
240 0.000000
241 0.000000
242 0.000000
243 0.000000
244 0.000000
245 0.000000
246 0.000000
247 0.000000
248 0.000000
249 0.000000
250 0.000000
251 0.000000
252 0.000000
253 0.000000
254 0.000000
255 0.000000
256 0.000000
257 0.000000
258 0.000000
259 0.000000
260 0.000000
261 0.000000
262 0.000000
263 0.000000
264 0.000000
265 0.000000
266 0.000000
267 0.000000
268 0.000000
269 0.000000
270 0.000000
271 0.000000
272 0.000000
273 0.000000
274 0.000000
275 0.000000
276 0.000000
277 0.000000
278 0.000000
279 0.000000
280 0.000000
281 0.000000
282 0.000000
283 0.000000
284 0.000000
285 0.000000
286 0.000000
287 0.000000
288 0.000000
289 0.000000
290 0.000000
291 0.000000
292 0.000000
293 0.000000
294 0.000000
295 0.000000
296 0.000000
297 0.000000
298 0.000000
299 0.000000
300 0.000000
301 0.000000
302 0.000000
303 0.000000
304 0.000000
305 0.000000
306 0.000000
307 0.000000
308 0.000000
309 0.000000
310 0.000000
311 0.000000
312 0.000000
313 0.000000
314 0.000000
315 0.000000
316 0.000000
317 0.000000
318 0.000000
319 0.000000
320 0.000000
321 0.000000
322 0.000000
323 0.000000
324 0.000000
325 0.000000
326 0.000000
327 0.000000
328 0.000000
329 0.000000
330 0.000000
331 0.000000
332 0.000000
333 0.000000
334 0.000000
335 0.000000
336 0.000000
337 0.000000
338 0.000000
339 0.000000
340 0.000000
341 0.000000
342 0.000000
343 0.000000
344 0.000000
345 0.000000
346 0.000000
347 0.000000
348 0.000000
349 0.000000
350 0.000000
351 0.000000
352 0.000000
353 0.000000
354 0.000000
355 0.000000
356 0.000000
357 0.000000
358 0.000000
359 0.000000
360 0.000000
361 0.000000
362 0.000000
363 0.000000
364 0.000000
365 0.000000
366 0.000000
367 0.000000
368 0.000000
369 0.000000
370 0.000000
371 0.000000
372 0.000000
373 0.000000
374 0.000000
375 0.000000
376 0.000000
377 0.000000
378 0.000000
379 0.000000
380 0.000000
381 0.000000
382 0.000000
383 0.000000
384 0.000000
385 0.000000
386 0.000000
387 0.000000
388 0.000000
389 0.000000
390 0.000000
391 0.000000
392 0.000000
393 0.000000
394 0.000000
395 0.000000
396 0.000000
397 0.000000
398 0.000000
399 0.000000
400 0.000000
401 0.000000
402 0.000000
403 0.000000
404 0.000000
405 0.000000
406 0.000000
407 0.000000
408 0.000000
409 0.000000
410 0.000000
411 0.000000
412 0.000000
413 0.000000
414 0.000000
415 0.000000
416 0.000000
417 0.000000
418 0.000000
419 0.000000
420 0.000000
421 0.000000
422 0.000000
423 0.000000
424 0.000000
425 0.000000
426 0.000000
427 0.000000
428 0.000000
429 0.000000
430 0.000000
431 0.000000
432 0.000000
433 0.000000
434 0.000000
435 0.000000
436 0.000000
437 0.000000
438 0.000000
439 0.000000
440 0.000000
441 0.000000
442 0.000000
443 0.000000
444 0.000000
445 0.000000
446 0.000000
447 0.000000
448 0.000000
449 0.000000
450 0.000000
451 0.000000
452 0.000000
453 0.000000
454 0.000000
455 0.000000
456 0.000000
457 0.000000
458 0.000000
459 0.000000
460 0.000000
461 0.000000
462 0.000000
463 0.000000
464 0.000000
465 0.000000
466 0.000000
467 0.000000
468 0.000000
469 0.000000
470 0.000000
471 0.000000
472 0.000000
473 0.000000
474 0.000000
475 0.000000
476 0.000000
477 0.000000
478 0.000000
479 0.000000
480 0.000000
481 0.000000
482 0.000000
483 0.000000
484 0.000000
485 0.000000
486 0.000000
487 0.000000
488 0.000000
489 0.000000
490 0.000000
491 0.000000
492 0.000000
493 0.000000
494 0.000000
495 0.000000
496 0.000000
497 0.000000
498 0.000000
499 0.000000
500 0.000000
