1 5443130.018729
2 5149114.787070
3 8581111.289869
4 6687636.696994
5 6937110.464659
6 10626253.924983
7 11301789.315807
8 14541700.954586
9 10818670.816234
10 14229209.734891
11 13788286.478148
12 16974113.100310
13 22146071.081246
14 23865414.649948
15 23266088.375979
16 21323309.024056
17 27870435.196049
18 25518734.533704
19 22009193.347119
20 30333337.948301
21 25138382.809600
22 30658628.478216
23 36549673.613842
24 28851596.204765
25 33334469.996418
26 35828422.357124
27 29092718.632283
28 39570256.514769
29 34321367.115402
30 36980064.523448
31 37516523.155565
32 37192787.520361
33 34539956.555114
34 34377841.813338
35 47577500.090848
36 55081964.459264
37 52553472.268967
38 37908818.647613
39 45438614.827667
40 35432020.685321
41 43149436.168651
42 33425109.791763
43 33824933.323734
44 35573550.058493
45 29170111.851449
46 31713449.926185
47 33018973.039377
48 35083337.568292
49 34311260.264197
50 36345776.449947
51 33473701.379864
52 36149859.451069
53 43149224.631225
54 32595615.696744
55 31818615.515297
56 29021731.627483
57 23731764.571694
58 21705634.833122
59 20748431.214857
60 16911472.486310
61 19589912.257443
62 18905879.776121
63 18936805.556589
64 15816488.035623
65 16334386.060878
66 17934474.013226
67 14265220.023865
68 14341024.017631
69 14520783.643933
70 10052905.807333
71 13999687.134022
72 11846597.495343
73 10650962.678303
74 9708095.370074
75 10328195.112179
76 9344538.830263
77 11429072.224935
78 10704278.617422
79 10945986.229948
80 10943101.099821
81 11478260.966897
82 8468296.673721
83 9027590.677237
84 7720688.109854
85 7632995.377144
86 6498478.263554
87 8387001.432139
88 6922391.494367
89 7564201.697400
90 6998201.827933
91 6468083.930489
92 6690830.259961
93 4407997.046008
94 5526999.388482
95 3695930.937003
96 3924466.738821
97 3669872.621627
98 3098936.239004
99 3157161.001712
100 3849277.323546
101 3468829.986061
102 3288787.937899
103 3191002.864471
104 2710409.306179
105 2299591.825250
106 2985470.774856
107 2353902.494476
108 1740026.481809
109 1945629.805577
110 1939469.080996
111 1503000.482522
112 1677388.773534
113 1324743.834742
114 1177293.938328
115 938246.540577
116 944914.960989
117 723187.817319
118 887285.171164
119 826342.756642
120 786305.590475
121 726544.033142
122 575074.950398
123 724227.603638
124 619617.685513
125 538004.936423
126 525819.478746
127 435252.047442
128 403490.664260
129 373224.141859
130 403751.711056
131 456385.249873
132 347959.239241
133 409130.200103
134 275987.605457
135 283261.926342
136 300386.176308
137 270083.297880
138 186458.307055
139 208029.157538
140 180762.595127
141 136971.561917
142 128737.432202
143 120675.318252
144 117810.451008
145 103997.312254
146 114862.290858
147 98646.107268
148 88088.895208
149 76478.040928
150 76761.194696
151 63909.929973
152 63576.752939
153 66696.471585
154 55774.153025
155 51579.614059
156 45984.006205
157 49195.945474
158 39392.195429
159 32422.514242
160 39458.106453
161 31578.579330
162 30042.379915
163 28488.638514
164 23494.746955
165 27594.603654
166 26838.951149
167 27993.742655
168 24655.702988
169 25158.176815
170 30594.883299
171 29905.568591
172 24201.295889
173 22806.096537
174 20738.550609
175 19038.721479
176 22475.537106
177 21093.771881
178 18536.737665
179 15549.156522
180 10984.503811
181 12897.826217
182 12275.310610
183 10102.264014
184 13035.523617
185 10320.826516
186 11094.481763
187 11847.980560
188 10336.166754
189 11155.192689
190 9676.007853
191 9114.637064
192 9422.469764
193 9601.841436
194 7172.888644
195 8864.355313
196 9625.700769
197 8117.967195
198 9188.288230
199 9410.643041
200 8978.681168
201 7460.329752
202 7272.077247
203 7291.734619
204 6392.310012
205 6584.347429
206 5216.015954
207 5787.174266
208 6178.512286
209 5612.489723
210 4890.716849
211 5084.128257
212 4604.860401
213 4608.163225
214 4417.292046
215 4106.223255
216 3698.388957
217 4159.450625
218 3585.422817
219 3158.275790
220 3065.555686
221 3085.178235
222 3028.612449
223 2788.870211
224 3380.944273
225 3027.198103
226 3114.061832
227 2867.245361
228 2856.062653
229 2461.596943
230 2401.000354
231 2286.194822
232 2180.237176
233 2231.549973
234 2299.361145
235 1982.967105
236 1947.896055
237 1824.922472
238 1750.669339
239 1807.338489
240 1537.997542
241 1441.821205
242 1201.826772
243 1118.313345
244 1098.285616
245 1051.817253
246 1041.387521
247 1167.925199
248 1103.299053
249 978.619074
250 857.082393
251 912.213417
252 802.648540
253 932.639327
254 746.344679
255 831.379398
256 776.550237
257 699.427920
258 779.932684
259 728.225562
260 642.874980
261 603.201344
262 517.905082
263 547.420069
264 534.108605
265 510.182649
266 540.005180
267 511.064441
268 492.776968
269 501.989034
270 459.717744
271 436.113010
272 419.242260
273 437.101306
274 432.469626
275 405.662445
276 397.150857
277 400.866421
278 394.454150
279 366.818747
280 375.685507
281 383.139723
282 374.951369
283 341.707623
284 329.515016
285 319.500787
286 289.182152
287 300.080818
288 289.742279
289 297.699028
290 284.362473
291 268.630705
292 276.446343
293 249.610835
294 239.100495
295 244.520596
296 237.832327
297 219.792640
298 204.848315
299 201.975387
300 229.418409
301 218.354831
302 205.823535
303 211.698360
304 204.632942
305 174.379101
306 166.301855
307 172.294816
308 146.111603
309 171.596966
310 155.435429
311 170.636229
312 157.218087
313 150.673484
314 146.772496
315 144.321317
316 141.858407
317 136.458169
318 134.846791
319 133.301151
320 138.208742
321 124.186473
322 123.411005
323 124.467764
324 122.173571
325 116.447675
326 112.934198
327 108.992903
328 111.539184
329 109.354410
330 98.465145
331 99.804668
332 96.326332
333 97.365270
334 95.627963
335 86.894336
336 90.943663
337 90.433320
338 89.912849
339 84.045348
340 82.583607
341 85.667878
342 79.988331
343 83.088218
344 79.873746
345 81.907231
346 75.295009
347 72.085238
348 73.443414
349 73.885618
350 72.439627
351 65.423769
352 66.679920
353 63.385322
354 59.950298
355 62.558616
356 57.463896
357 58.308355
358 57.433142
359 57.338465
360 56.006235
361 55.231583
362 53.793364
363 49.635686
364 47.930426
365 49.624176
366 48.903547
367 46.690964
368 49.185725
369 48.268029
370 46.015282
371 46.506711
372 44.346973
373 43.635592
374 42.652674
375 42.837772
376 39.545618
377 38.728781
378 37.596491
379 36.722847
380 36.839298
381 35.540319
382 35.256316
383 34.000202
384 35.828394
385 34.701920
386 33.980269
387 32.407160
388 32.882717
389 31.898433
390 30.299345
391 32.250687
392 30.536887
393 30.115602
394 30.777800
395 30.184670
396 29.270323
397 29.210552
398 28.209325
399 27.963027
400 27.520112
401 26.493829
402 26.104495
403 26.319453
404 25.300847
405 24.987238
406 24.096381
407 23.683940
408 23.447736
409 22.288398
410 22.069726
411 22.373387
412 21.581613
413 20.603776
414 19.661917
415 19.154558
416 18.750827
417 18.595996
418 18.685102
419 18.496413
420 18.094409
421 17.825033
422 17.490247
423 17.104545
424 16.844162
425 16.562351
426 16.262006
427 16.162922
428 16.133075
429 15.714567
430 15.470990
431 15.324573
432 15.116266
433 15.008367
434 14.628328
435 14.382089
436 14.027236
437 13.985937
438 13.773112
439 13.711177
440 13.395136
441 13.463555
442 13.324485
443 13.095028
444 13.001122
445 12.901839
446 12.823401
447 12.671108
448 12.641676
449 12.403853
450 12.329617
451 12.146642
452 12.112833
453 11.894781
454 11.767616
455 11.652192
456 11.591082
457 11.462800
458 11.323571
459 11.179720
460 11.152738
461 11.055379
462 10.923995
463 10.783093
464 10.673414
465 10.546868
466 10.458405
467 10.406126
468 10.311789
469 10.274162
470 10.198710
471 10.130775
472 10.016863
473 9.944518
474 9.860401
475 9.792334
476 9.710450
477 9.663665
478 9.584764
479 9.524402
480 9.505219
481 9.420832
482 9.403326
483 9.299294
484 9.242063
485 9.174446
486 9.147849
487 9.093602
488 9.058182
489 9.013309
490 8.990617
491 8.949414
492 8.917088
493 8.895832
494 8.868371
495 8.846838
496 8.834439
497 8.821303
498 8.809873
499 8.802827
500 8.797762
