1 3122514.962543
2 3559007.023299
3 3634759.084389
4 3701193.402587
5 4285779.021733
6 4551950.306617
7 3855875.865294
8 4010814.361782
9 4010792.914657
10 4517841.296573
11 5829259.651900
12 4694995.456297
13 2772505.992600
14 4272063.924454
15 5769143.420545
16 5814604.807291
17 5802408.769033
18 2790462.072117
19 3525302.534192
20 3300264.817756
21 2564025.458017
22 2117540.993973
23 1987249.430102
24 1267601.971756
25 1124148.074942
26 1312126.340539
27 828981.000320
28 788352.549965
29 880204.589875
30 585972.049299
31 651626.322332
32 676432.452008
33 679762.676338
34 791213.716966
35 792147.775939
36 808207.756705
37 740947.668350
38 756249.585858
39 788677.912559
40 849182.735842
41 975108.302440
42 856734.702668
43 677371.340323
44 413070.043346
45 446718.767243
46 358395.958666
47 283527.118196
48 208496.902834
49 234131.323550
50 177923.200978
51 192405.813744
52 180677.248643
53 174107.230434
54 168577.467970
55 99455.518708
56 80905.038828
57 41045.567106
58 62032.608703
59 60460.712346
60 49028.693270
61 38792.851325
62 40530.030203
63 36533.618014
64 28085.945225
65 20623.694280
66 23115.680213
67 19750.050378
68 15474.092828
69 16534.165145
70 8659.102951
71 5714.789427
72 5320.529434
73 5497.529392
74 3785.007299
75 3288.043702
76 2167.388116
77 1733.447963
78 1022.383867
79 953.369581
80 539.840844
81 525.257598
82 349.632361
83 288.437107
84 236.027877
85 175.362572
86 129.878341
87 115.971079
88 104.081101
89 84.781465
90 63.702212
91 59.451533
92 49.931955
93 35.489060
94 24.858681
95 15.537193
96 14.912240
97 11.346062
98 10.494911
99 9.419704
100 7.067746
101 4.867877
102 3.633788
103 2.618581
104 2.107299
105 1.585509
106 1.407962
107 1.175146
108 0.987460
109 0.893617
110 0.876423
111 0.595933
112 0.440220
113 0.241404
114 0.216608
115 0.132793
116 0.124518
117 0.125334
118 0.096175
119 0.085418
120 0.084539
121 0.059496
122 0.045581
123 0.030550
124 0.022781
125 0.014403
126 0.009968
127 0.007097
128 0.005147
129 0.002850
130 0.001868
131 0.001436
132 0.001089
133 0.000992
134 0.000952
135 0.000921
136 0.000636
137 0.000520
138 0.000384
139 0.000250
140 0.000172
141 0.000136
142 0.000110
143 0.000104
144 0.000086
145 0.000061
146 0.000047
147 0.000029
148 0.000024
149 0.000020
150 0.000017
151 0.000015
152 0.000011
153 0.000007
154 0.000005
155 0.000003
156 0.000003
157 0.000002
158 0.000001
159 0.000001
160 0.000000
161 0.000000
162 0.000000
163 0.000000
164 0.000000
165 0.000000
166 0.000000
167 0.000000
168 0.000000
169 0.000000
170 0.000000
171 0.000000
172 0.000000
173 0.000000
174 0.000000
175 0.000000
176 0.000000
177 0.000000
178 0.000000
179 0.000000
180 0.000000
181 0.000000
182 0.000000
183 0.000000
184 0.000000
185 0.000000
186 0.000000
187 0.000000
188 0.000000
189 0.000000
190 0.000000
191 0.000000
192 0.000000
193 0.000000
194 0.000000
195 0.000000
196 0.000000
197 0.000000
198 0.000000
199 0.000000
200 0.000000
201 0.000000
202 0.000000
203 0.000000
204 0.000000
205 0.000000
206 0.000000
207 0.000000
208 0.000000
209 0.000000
210 0.000000
211 0.000000
212 0.000000
213 0.000000
214 0.000000
215 0.000000
216 0.000000
217 0.000000
218 0.000000
219 0.000000
220 0.000000
221 0.000000
222 0.000000
223 0.000000
224 0.000000
225 0.000000
226 0.000000
227 0.000000
228 0.000000
229 0.000000
230 0.000000
231 0.000000
232 0.000000
233 0.000000
234 0.000000
235 0.000000
236 0.000000
237 0.000000
238 0.000000
239 0.000000
240 0.000000
241 0.000000
242 0.000000
243 0.000000
244 0.000000
245 0.000000
246 0.000000
247 0.000000
248 0.000000
249 0.000000
250 0.000000
251 0.000000
252 0.000000
253 0.000000
254 0.000000
255 0.000000
256 0.000000
257 0.000000
258 0.000000
259 0.000000
260 0.000000
261 0.000000
262 0.000000
263 0.000000
264 0.000000
265 0.000000
266 0.000000
267 0.000000
268 0.000000
269 0.000000
270 0.000000
271 0.000000
272 0.000000
273 0.000000
274 0.000000
275 0.000000
276 0.000000
277 0.000000
278 0.000000
279 0.000000
280 0.000000
281 0.000000
282 0.000000
283 0.000000
284 0.000000
285 0.000000
286 0.000000
287 0.000000
288 0.000000
289 0.000000
290 0.000000
291 0.000000
292 0.000000
293 0.000000
294 0.000000
295 0.000000
296 0.000000
297 0.000000
298 0.000000
299 0.000000
300 0.000000
301 0.000000
302 0.000000
303 0.000000
304 0.000000
305 0.000000
306 0.000000
307 0.000000
308 0.000000
309 0.000000
310 0.000000
311 0.000000
312 0.000000
313 0.000000
314 0.000000
315 0.000000
316 0.000000
317 0.000000
318 0.000000
319 0.000000
320 0.000000
321 0.000000
322 0.000000
323 0.000000
324 0.000000
325 0.000000
326 0.000000
327 0.000000
328 0.000000
329 0.000000
330 0.000000
331 0.000000
332 0.000000
333 0.000000
334 0.000000
335 0.000000
336 0.000000
337 0.000000
338 0.000000
339 0.000000
340 0.000000
341 0.000000
342 0.000000
343 0.000000
344 0.000000
345 0.000000
346 0.000000
347 0.000000
348 0.000000
349 0.000000
350 0.000000
351 0.000000
352 0.000000
353 0.000000
354 0.000000
355 0.000000
356 0.000000
357 0.000000
358 0.000000
359 0.000000
360 0.000000
361 0.000000
362 0.000000
363 0.000000
364 0.000000
365 0.000000
366 0.000000
367 0.000000
368 0.000000
369 0.000000
370 0.000000
371 0.000000
372 0.000000
373 0.000000
374 0.000000
375 0.000000
376 0.000000
377 0.000000
378 0.000000
379 0.000000
380 0.000000
381 0.000000
382 0.000000
383 0.000000
384 0.000000
385 0.000000
386 0.000000
387 0.000000
388 0.000000
389 0.000000
390 0.000000
391 0.000000
392 0.000000
393 0.000000
394 0.000000
395 0.000000
396 0.000000
397 0.000000
398 0.000000
399 0.000000
400 0.000000
401 0.000000
402 0.000000
403 0.000000
404 0.000000
405 0.000000
406 0.000000
407 0.000000
408 0.000000
409 0.000000
410 0.000000
411 0.000000
412 0.000000
413 0.000000
414 0.000000
415 0.000000
416 0.000000
417 0.000000
418 0.000000
419 0.000000
420 0.000000
421 0.000000
422 0.000000
423 0.000000
424 0.000000
425 0.000000
426 0.000000
427 0.000000
428 0.000000
429 0.000000
430 0.000000
431 0.000000
432 0.000000
433 0.000000
434 0.000000
435 0.000000
436 0.000000
437 0.000000
438 0.000000
439 0.000000
440 0.000000
441 0.000000
442 0.000000
443 0.000000
444 0.000000
445 0.000000
446 0.000000
447 0.000000
448 0.000000
449 0.000000
450 0.000000
451 0.000000
452 0.000000
453 0.000000
454 0.000000
455 0.000000
456 0.000000
457 0.000000
458 0.000000
459 0.000000
460 0.000000
461 0.000000
462 0.000000
463 0.000000
464 0.000000
465 0.000000
466 0.000000
467 0.000000
468 0.000000
469 0.000000
470 0.000000
471 0.000000
472 0.000000
473 0.000000
474 0.000000
475 0.000000
476 0.000000
477 0.000000
478 0.000000
479 0.000000
480 0.000000
481 0.000000
482 0.000000
483 0.000000
484 0.000000
485 0.000000
486 0.000000
487 0.000000
488 0.000000
489 0.000000
490 0.000000
491 0.000000
492 0.000000
493 0.000000
494 0.000000
495 0.000000
496 0.000000
497 0.000000
498 0.000000
499 0.000000
500 0.000000
