1 22388975.265668
2 25613509.040966
3 26388110.336439
4 29226260.979918
5 34339604.601195
6 24630803.593749
7 45474219.596691
8 51121140.343459
9 47356905.183859
10 49766877.454049
11 61856924.280395
12 78782514.757430
13 113707444.010680
14 107310686.342723
15 115272465.858190
16 175372192.351532
17 130854998.696365
18 155045865.475078
19 157854602.050062
20 218563228.552571
21 213140758.416626
22 196428518.848438
23 214118734.108098
24 219901218.555210
25 277376080.068753
26 190132647.726176
27 273041870.968246
28 287532352.330085
29 261253405.704924
30 285713540.767262
31 412723469.661864
32 411146953.736111
33 540838449.321351
34 439043219.394292
35 438593394.928905
36 417427398.088855
37 529265587.413577
38 480321360.954463
39 661219339.166371
40 486844904.562407
41 607996449.459738
42 603264542.615355
43 576945879.738634
44 480186824.234269
45 708439114.528472
46 582363112.403660
47 647794376.771658
48 800562707.792734
49 821938689.021160
50 755762728.015606
51 1047484630.087545
52 852801706.174054
53 785348320.104486
54 999245623.147774
55 913453048.817574
56 869788694.196194
57 927515144.751476
58 1056971829.893553
59 958321750.413725
60 1043069416.501137
61 1016950016.952439
62 1190172087.717614
63 1055567277.530259
64 836937900.022565
65 922019989.933310
66 607613134.749917
67 706470113.612638
68 535150081.078978
69 538604401.699881
70 629360342.656179
71 801693112.567632
72 778553608.447984
73 639214407.192864
74 572653594.213106
75 480207049.182665
76 470493593.817764
77 548345030.139217
78 382268392.152370
79 443501886.001611
80 464657713.158760
81 472604709.598859
82 496644794.898312
83 335264714.905704
84 456374976.149283
85 402047950.737465
86 359225121.904900
87 331457834.235520
88 301376712.520436
89 298833612.189744
90 263299225.777641
91 252136301.395227
92 186100213.984814
93 187543473.941148
94 221971744.558515
95 209232518.764834
96 186806815.920332
97 190210054.308287
98 140159716.063195
99 129083147.952791
100 135488745.892082
101 150330057.507408
102 121790908.194449
103 101267308.344517
104 90974864.430120
105 89821218.450570
106 92175234.596124
107 100537371.441432
108 93590826.193853
109 77830789.478482
110 76221488.174612
111 87087728.501036
112 80193570.270193
113 70879516.844017
114 93960274.080142
115 76849656.752647
116 66039598.769972
117 72662034.682425
118 75565543.941162
119 59518877.235059
120 49764378.293282
121 45921473.379480
122 49548738.959856
123 44106843.304378
124 39724186.431213
125 34778488.485719
126 27687582.902341
127 21445737.114567
128 22411375.712866
129 23020065.101946
130 17113946.283215
131 16941591.318082
132 17174134.909535
133 20679811.593227
134 20114154.810516
135 19278955.747081
136 17323549.134579
137 13269967.083613
138 12198942.747978
139 13226833.063638
140 12236207.637896
141 9941641.450869
142 8955090.861603
143 7860168.646378
144 8292009.708704
145 8140924.941834
146 8127931.245162
147 8121683.517342
148 7358489.773007
149 9304359.434578
150 7843983.051273
151 8060602.411085
152 7436192.260829
153 8249825.484951
154 7200804.808337
155 7173608.008844
156 7313439.029721
157 5964209.074513
158 5471055.958557
159 5049099.987730
160 5481922.474469
161 5355913.685107
162 4166276.837673
163 4609629.626390
164 3836090.477855
165 4026168.200742
166 3989589.599733
167 3600808.902264
168 3738892.380595
169 3996588.856112
170 3743023.123896
171 3392754.595183
172 3125857.595152
173 2604276.250580
174 2227446.004797
175 2349542.493545
176 2398194.428417
177 1907433.103613
178 1917965.285561
179 1522625.786542
180 1503575.788986
181 1462447.777497
182 1260419.151771
183 1134043.919024
184 1215137.466342
185 1101916.402346
186 858319.978795
187 1095155.023491
188 826006.958049
189 771096.899797
190 719047.210124
191 744427.701885
192 660370.298969
193 666153.236128
194 656255.366764
195 585720.274999
196 627675.886527
197 613905.075441
198 559152.900038
199 587966.275948
200 541133.336008
201 498392.009097
202 467400.595290
203 513230.195505
204 459304.132114
205 437535.295197
206 430591.957508
207 417963.718565
208 411782.769627
209 374491.979562
210 378487.566792
211 352184.191312
212 357781.531029
213 313459.852333
214 289560.787536
215 309924.123055
216 306214.315964
217 234386.937435
218 242718.882968
219 259948.842919
220 228597.426163
221 226946.978773
222 238018.000115
223 217225.599650
224 216565.388382
225 209453.157265
226 204803.857966
227 188291.861276
228 185825.224839
229 178827.139522
230 164975.396398
231 155092.553525
232 158716.304780
233 140059.292178
234 148686.573869
235 128199.934305
236 121833.836156
237 105123.578549
238 112187.468188
239 107296.665791
240 102492.606006
241 87959.989178
242 95058.947781
243 91263.275009
244 83011.656553
245 94387.796721
246 72195.709529
247 76300.585719
248 75472.722129
249 79391.937762
250 84708.654502
251 83126.850010
252 76131.417807
253 71218.243248
254 68824.368530
255 67282.191749
256 64048.494774
257 63155.158674
258 66963.141557
259 61787.758879
260 55377.552029
261 65941.675398
262 62109.144762
263 57072.059195
264 53432.964076
265 51299.044688
266 55281.752944
267 49698.083274
268 54098.692660
269 50868.650917
270 51061.485890
271 48691.815079
272 43359.135785
273 44658.662431
274 45837.491953
275 44224.016346
276 36723.725254
277 37359.179290
278 36136.236256
279 34619.582296
280 30954.690742
281 30662.897020
282 31148.370599
283 30597.670157
284 32591.826223
285 27292.445895
286 30009.620290
287 29253.117800
288 29998.180633
289 27309.576977
290 27507.316104
291 26689.261146
292 23902.154220
293 27144.417766
294 25339.860449
295 24900.161335
296 25891.066290
297 26527.826042
298 25438.939252
299 22282.305861
300 20896.340078
301 19544.104790
302 18653.533035
303 18675.556146
304 18542.461235
305 19199.264731
306 18514.367662
307 18163.303801
308 17954.214728
309 16706.092640
310 15855.153844
311 16391.006016
312 16066.916804
313 14643.893830
314 16011.724187
315 14302.993518
316 15023.550092
317 13306.974092
318 13167.733234
319 12955.480186
320 13116.175341
321 12697.993357
322 11641.245155
323 12039.948891
324 11451.177918
325 11960.994727
326 11578.803742
327 11303.393279
328 11151.523902
329 10380.799599
330 10622.257669
331 10811.829648
332 10088.333232
333 9792.217910
334 9887.926755
335 8679.411197
336 8565.642513
337 8582.277429
338 8675.556333
339 7896.354194
340 7631.338188
341 7850.596390
342 7024.621623
343 6736.024802
344 6897.805912
345 6856.624789
346 6136.564169
347 6311.797394
348 6146.777434
349 6323.988398
350 5991.956589
351 6105.573920
352 5832.064738
353 5733.792155
354 6194.361924
355 6026.971610
356 5593.717845
357 5529.133696
358 5333.657576
359 5466.698275
360 5208.171327
361 5332.480601
362 5386.354393
363 5166.543663
364 5096.870922
365 5224.615122
366 5067.162001
367 5024.573360
368 4911.498345
369 5364.566375
370 4668.004201
371 4786.043887
372 4724.548862
373 4545.760312
374 4449.165656
375 4611.852147
376 4366.439387
377 4332.226801
378 4374.510040
379 4148.318477
380 4053.806155
381 4092.165820
382 3923.236183
383 3950.716538
384 3792.849094
385 3600.780761
386 3690.900203
387 3432.187163
388 3440.354744
389 3511.454871
390 3322.467460
391 3342.780043
392 3367.718599
393 3361.495934
394 3271.958893
395 3280.448590
396 3240.370840
397 3172.631907
398 3074.740295
399 2989.521056
400 2991.524315
401 2995.984907
402 2911.575101
403 2862.329646
404 2822.102465
405 2664.914611
406 2693.624366
407 2619.233133
408 2524.809125
409 2593.362805
410 2440.030340
411 2448.182039
412 2406.563680
413 2337.662631
414 2382.016189
415 2320.305915
416 2310.578816
417 2217.648641
418 2206.876979
419 2193.996493
420 2159.859506
421 2103.914031
422 2086.427408
423 2038.305817
424 2053.329677
425 2064.972095
426 2080.314764
427 2043.189649
428 2031.541932
429 2041.903011
430 1939.342737
431 1962.060779
432 1951.288541
433 1951.252972
434 1919.688575
435 1896.967279
436 1829.980550
437 1852.662076
438 1813.594545
439 1791.943057
440 1780.648073
441 1745.046183
442 1718.243232
443 1681.052568
444 1682.627198
445 1661.185725
446 1666.598406
447 1650.716434
448 1595.075839
449 1573.140037
450 1578.694023
451 1565.309138
452 1553.062933
453 1550.376221
454 1540.949131
455 1514.737529
456 1508.204453
457 1494.535634
458 1485.524518
459 1485.601804
460 1477.020115
461 1451.811149
462 1433.977139
463 1400.598623
464 1375.630279
465 1358.796094
466 1344.883613
467 1335.519082
468 1310.286593
469 1297.718397
470 1285.025324
471 1281.296543
472 1276.564876
473 1272.220927
474 1265.413949
475 1254.428223
476 1248.050253
477 1232.551628
478 1223.955631
479 1216.352230
480 1208.890761
481 1197.877601
482 1197.668346
483 1187.221606
484 1184.991804
485 1176.029919
486 1171.731950
487 1168.303675
488 1165.506947
489 1159.722349
490 1154.753608
491 1149.476374
492 1145.943568
493 1141.852464
494 1138.696274
495 1135.111949
496 1132.182368
497 1130.425989
498 1128.715939
499 1127.715676
500 1127.009800
