1 inf
2 inf
3 inf
4 inf
5 inf
6 inf
7 inf
8 inf
9 inf
10 inf
11 inf
12 inf
13 inf
14 inf
15 inf
16 inf
17 inf
18 inf
19 inf
20 inf
21 inf
22 inf
23 inf
24 inf
25 inf
26 inf
27 inf
28 inf
29 inf
30 inf
31 inf
32 inf
33 inf
34 inf
35 inf
36 inf
37 inf
38 inf
39 inf
40 inf
41 inf
42 inf
43 inf
44 inf
45 inf
46 inf
47 inf
48 inf
49 inf
50 inf
51 inf
52 inf
53 inf
54 inf
55 238299765986442695422502856089401406264601195752796218632643494705875876502158315624435013537231095816905257576444041178270275492230123494426713334984554986008009150984520431004798593852334100280852215032420688973725864364788972328400101942440439753798861464541307737750000902681288060266979786752.000000
56 372365256561013680833560266607652382521431869577639861679579358342658665636405637406313235814326181162717666019689246135209985264911999163658755319999180364224156546279049170676092602458829213612448464663248247443490701805086523249211003929662188023784303861196415565824.000000
57 30314471577042070226409080495220268263518884677308651996206574512454869064918136191253232514650503179106235064209801982916075475653689033753877432983847022933404256817221025958399315797485384086004448573321375133830212630252452198459933036988334080.000000
58 9876957049221505830659095155628443607920872326996284857449490792920981147982539933735542441820491820649542802385506476587068495049965782616060969239778390953118572782456277181905878559257088417040013402071261581704129960476672.000000
59 54777440663213614797696634934597746212970885378282826920990899565222189953829324918467270277101583715764328760954747054808289643068108248019849205280865808680116395854548037180060975348432284930135923498253876723712.000000
60 359775790987015638862257524844343135739184904432509501951177301063872290804084087851193795491706300687622945853454381924379938550533153632413248210397568143326028411943330208971922850789101420937216.000000
61 1047847478705733026898831831213424356462001248094951905022848271984384948563889153475804455051759692663512012171619295762165072835174010637852894590485112258433869397940343144448.000000
62 833856410490011614826478116314776665890713540796496001587838595670099113985999898164168010927589302002419154159662190915881333462433860651743505076097043501416448.000000
63 8655137495744053425463018095736826255358996057529297121640404957891726162699937553450318412166820276008419392180363946167069284920643175841792.000000
64 606356896115735505688105222179010702943178338813542926757301469154251510759087886610748734090848797986215328893261316096.000000
65 136882447240638328350667403091485436660023318821352886160344418109288005107981767241610819765836709888.000000
66 232657470183230339022449718595346843865807435144935135569417121725949929324544.000000
67 3884741386273708697659990570617554001499745136260865335492608.000000
68 3246650079224644177861025842919401164069928960.000000
69 17294007700222928142467072.000000
70 25762020943188.167969
71 13492.621962
72 11547.438239
73 9796.858471
74 8320.508030
75 7074.356023
76 6113.275670
77 5075.909099
78 4619.584038
79 3991.324103
80 3620.048300
81 3193.220950
82 2861.496943
83 2555.277987
84 2246.587347
85 2001.739522
86 1798.725312
87 1591.777956
88 1441.115077
89 1261.746544
90 1158.190117
91 1029.568686
92 916.336514
93 848.957110
94 772.487013
95 706.087929
96 637.493299
97 574.666532
98 484.564049
99 462.167672
100 410.086679
101 361.654090
102 335.539351
103 303.382491
104 278.035180
105 252.324646
106 230.089086
107 203.060615
108 186.939597
109 172.012706
110 154.780470
111 137.531923
112 127.392235
113 115.109432
114 106.305285
115 97.275944
116 88.618842
117 79.941853
118 73.261927
119 65.876583
120 60.788336
121 54.705379
122 49.395444
123 45.730704
124 42.310402
125 39.188332
126 34.856809
127 32.383403
128 29.634894
129 26.591183
130 24.886631
131 22.961881
132 21.192703
133 19.502529
134 17.756969
135 16.286310
136 14.956485
137 13.673064
138 12.611582
139 11.334125
140 10.166449
141 9.484539
142 8.518779
143 7.666085
144 7.043531
145 6.573638
146 6.089716
147 5.702134
148 5.239671
149 4.841921
150 4.463689
151 4.043816
152 3.848437
153 3.586608
154 3.316094
155 3.119600
156 2.894115
157 2.702115
158 2.500772
159 2.338948
160 2.178469
161 2.005618
162 1.885574
163 1.735596
164 1.645949
165 1.546618
166 1.424294
167 1.323516
168 1.241061
169 1.163707
170 1.069815
171 1.015081
172 0.955048
173 0.878836
174 0.831334
175 0.780969
176 0.718763
177 0.678746
178 0.641992
179 0.597924
180 0.559532
181 0.523020
182 0.487037
183 0.459073
184 0.431131
185 0.410928
186 0.376538
187 0.360174
188 0.337520
189 0.313633
190 0.295637
191 0.278876
192 0.260563
193 0.245880
194 0.231697
195 0.218413
196 0.203032
197 0.192927
198 0.179797
199 0.171386
200 0.163601
201 0.154661
202 0.147435
203 0.137163
204 0.132289
205 0.125279
206 0.116831
207 0.111362
208 0.105077
209 0.100194
210 0.095365
211 0.090063
212 0.085583
213 0.080637
214 0.076128
215 0.072672
216 0.069100
217 0.065838
218 0.062986
219 0.060115
220 0.056607
221 0.054305
222 0.051517
223 0.049096
224 0.047100
225 0.044419
226 0.043146
227 0.041090
228 0.039382
229 0.037890
230 0.035985
231 0.034445
232 0.032709
233 0.031548
234 0.030121
235 0.028974
236 0.027666
237 0.026608
238 0.025287
239 0.024364
240 0.023333
241 0.022412
242 0.021567
243 0.020725
244 0.019849
245 0.019203
246 0.018351
247 0.017759
248 0.017124
249 0.016431
250 0.015854
251 0.015228
252 0.014653
253 0.014168
254 0.013506
255 0.013079
256 0.012485
257 0.012108
258 0.011681
259 0.011278
260 0.010814
261 0.010456
262 0.010040
263 0.009720
264 0.009419
265 0.009117
266 0.008764
267 0.008544
268 0.008302
269 0.008035
270 0.007771
271 0.007544
272 0.007299
273 0.007090
274 0.006876
275 0.006655
276 0.006439
277 0.006217
278 0.006055
279 0.005880
280 0.005697
281 0.005541
282 0.005370
283 0.005207
284 0.005043
285 0.004865
286 0.004703
287 0.004545
288 0.004393
289 0.004272
290 0.004157
291 0.004049
292 0.003920
293 0.003808
294 0.003700
295 0.003598
296 0.003496
297 0.003403
298 0.003312
299 0.003218
300 0.003127
301 0.003044
302 0.002962
303 0.002897
304 0.002819
305 0.002741
306 0.002679
307 0.002619
308 0.002544
309 0.002490
310 0.002422
311 0.002362
312 0.002303
313 0.002251
314 0.002205
315 0.002148
316 0.002100
317 0.002044
318 0.001994
319 0.001949
320 0.001899
321 0.001858
322 0.001821
323 0.001781
324 0.001736
325 0.001692
326 0.001649
327 0.001614
328 0.001582
329 0.001548
330 0.001518
331 0.001490
332 0.001460
333 0.001425
334 0.001396
335 0.001363
336 0.001335
337 0.001301
338 0.001276
339 0.001256
340 0.001229
341 0.001205
342 0.001181
343 0.001157
344 0.001138
345 0.001117
346 0.001097
347 0.001073
348 0.001056
349 0.001037
350 0.001014
351 0.000998
352 0.000977
353 0.000963
354 0.000944
355 0.000926
356 0.000910
357 0.000898
358 0.000881
359 0.000863
360 0.000851
361 0.000837
362 0.000822
363 0.000809
364 0.000796
365 0.000783
366 0.000770
367 0.000761
368 0.000746
369 0.000733
370 0.000724
371 0.000712
372 0.000703
373 0.000692
374 0.000682
375 0.000671
376 0.000660
377 0.000650
378 0.000642
379 0.000632
380 0.000624
381 0.000614
382 0.000606
383 0.000598
384 0.000589
385 0.000581
386 0.000572
387 0.000566
388 0.000559
389 0.000553
390 0.000546
391 0.000539
392 0.000532
393 0.000524
394 0.000519
395 0.000513
396 0.000506
397 0.000500
398 0.000495
399 0.000489
400 0.000482
401 0.000477
402 0.000473
403 0.000467
404 0.000462
405 0.000457
406 0.000453
407 0.000447
408 0.000443
409 0.000437
410 0.000434
411 0.000430
412 0.000425
413 0.000421
414 0.000416
415 0.000411
416 0.000408
417 0.000404
418 0.000400
419 0.000395
420 0.000391
421 0.000388
422 0.000384
423 0.000381
424 0.000377
425 0.000374
426 0.000370
427 0.000368
428 0.000365
429 0.000362
430 0.000359
431 0.000356
432 0.000353
433 0.000350
434 0.000347
435 0.000344
436 0.000341
437 0.000340
438 0.000337
439 0.000335
440 0.000333
441 0.000331
442 0.000328
443 0.000326
444 0.000324
445 0.000322
446 0.000320
447 0.000318
448 0.000317
449 0.000315
450 0.000313
451 0.000311
452 0.000309
453 0.000308
454 0.000306
455 0.000305
456 0.000303
457 0.000302
458 0.000300
459 0.000299
460 0.000298
461 0.000296
462 0.000295
463 0.000294
464 0.000293
465 0.000291
466 0.000291
467 0.000289
468 0.000288
469 0.000287
470 0.000286
471 0.000286
472 0.000285
473 0.000284
474 0.000283
475 0.000282
476 0.000281
477 0.000281
478 0.000280
479 0.000279
480 0.000279
481 0.000278
482 0.000277
483 0.000277
484 0.000276
485 0.000276
486 0.000275
487 0.000275
488 0.000275
489 0.000274
490 0.000274
491 0.000274
492 0.000273
493 0.000273
494 0.000273
495 0.000273
496 0.000273
497 0.000272
498 0.000272
499 0.000272
500 0.000272
