1 inf
2 inf
3 inf
4 inf
5 inf
6 inf
7 inf
8 inf
9 inf
10 inf
11 inf
12 inf
13 inf
14 inf
15 inf
16 inf
17 inf
18 inf
19 inf
20 inf
21 inf
22 inf
23 inf
24 inf
25 inf
26 inf
27 inf
28 inf
29 inf
30 inf
31 inf
32 inf
33 inf
34 inf
35 inf
36 inf
37 inf
38 inf
39 inf
40 inf
41 inf
42 inf
43 inf
44 inf
45 inf
46 inf
47 inf
48 inf
49 inf
50 inf
51 inf
52 inf
53 inf
54 inf
55 inf
56 inf
57 inf
58 inf
59 inf
60 inf
61 inf
62 inf
63 143324022264322206623652229170093170824465654852417075616539336803848900291638966701610011082521025746990254789188440530240633479922202622360032120166066794939233056633339344420212200037384609052403601017755763509258431058200229403112646508901786076874106921328765631606288294730404539666530304.000000
64 26879653088555307984861446921355449980053668504193425945058915124233141381929128232409723267693447411813745118364671348966298681394636220190780227850250032240832626182344989728569959567591124702293988838963166161574015174118668683022525597236273458375821361152.000000
65 325287589766690094858087392698705732209440309262380438243434604381410040414589880215593192463654349645505803610468912366389404661668033140198629870821356398063310640302567253993978714524142049174540495495233275953152.000000
66 229409213422191611470946431813908620694525779341775618849142042049542567478130034898283100949917415422524397565521181533436373248094986037274768091967212339382462340156724632677995511808.000000
67 25660781108399038581096904822558264004184414027729819153707080592009715958316363362590925331226439761919779178336239712099248956794306927645245366027891042538225664.000000
68 8221569418159062572229397036661243226919796433704552372494587851626460619499009892996149549500699329537702753307471391483148137632586490970112.000000
69 630395149107673818788837639749388245881784633811324934288504940534615849108822040699852808858687942688768.000000
70 13764499354856218933008148535047643044306608132815382923661673496576.000000
71 513545232838256059385944997888.000000
72 50351.000500
73 50701.177370
74 44067.963910
75 44533.768678
76 41155.109174
77 39016.368939
78 34035.372700
79 31615.857133
80 30204.865196
81 27146.121391
82 25718.650307
83 22774.591378
84 21882.634626
85 21176.562280
86 20198.920699
87 18573.335188
88 17833.899120
89 16156.577246
90 15695.645746
91 14831.508197
92 14188.237309
93 13439.055149
94 12681.093196
95 12023.586474
96 11704.922558
97 10871.497625
98 10063.286284
99 9293.785111
100 8528.159023
101 8167.313982
102 7975.814973
103 7591.672090
104 7475.790868
105 7124.011504
106 6988.094466
107 6405.090682
108 5884.507479
109 5640.614706
110 5338.450915
111 5097.590075
112 4695.128681
113 4587.093758
114 4129.922896
115 3881.397151
116 3780.794568
117 3619.259002
118 3442.819686
119 3313.944718
120 3209.491410
121 3090.894644
122 2905.962350
123 2805.423373
124 2599.057341
125 2480.752123
126 2279.148139
127 2183.738224
128 2076.647624
129 2020.311132
130 1898.409570
131 1827.579363
132 1715.446257
133 1615.422641
134 1530.268078
135 1395.329030
136 1326.660661
137 1260.604618
138 1207.678148
139 1118.627858
140 1057.499362
141 997.197900
142 951.166281
143 899.971482
144 847.561412
145 798.830693
146 735.965143
147 717.823721
148 665.742911
149 610.700366
150 575.257235
151 553.336255
152 517.830609
153 496.394734
154 478.205339
155 448.299834
156 429.437486
157 408.374447
158 384.670754
159 355.827959
160 343.171215
161 334.158779
162 324.333311
163 309.862144
164 291.843998
165 276.824587
166 262.643962
167 237.885032
168 230.537081
169 218.880723
170 208.248468
171 200.481203
172 194.034654
173 186.659825
174 172.814101
175 168.483999
176 159.913199
177 153.147548
178 144.113013
179 138.899594
180 130.998883
181 126.114830
182 118.074423
183 112.745338
184 107.387916
185 99.676281
186 97.110535
187 89.982845
188 84.860622
189 81.363489
190 78.041647
191 71.665758
192 71.355577
193 68.231639
194 65.833905
195 62.925571
196 59.877804
197 55.335594
198 52.596939
199 50.999425
200 48.067263
201 45.625602
202 43.420481
203 41.912191
204 40.718299
205 38.795464
206 36.807316
207 35.469845
208 33.530829
209 32.419246
210 31.199038
211 29.492506
212 27.892252
213 26.908559
214 25.510092
215 24.254764
216 23.466061
217 22.239740
218 21.282564
219 20.326450
220 19.596878
221 18.661997
222 18.127887
223 17.315500
224 16.883297
225 16.214558
226 15.623687
227 15.089291
228 14.176588
229 13.760568
230 13.238714
231 12.828215
232 12.371061
233 11.792903
234 11.509799
235 10.920472
236 10.325917
237 10.151197
238 9.746474
239 9.478516
240 9.146369
241 8.850461
242 8.560311
243 8.202871
244 7.873692
245 7.699486
246 7.506258
247 7.241180
248 6.992265
249 6.781449
250 6.630291
251 6.376892
252 6.117510
253 5.824485
254 5.668839
255 5.478513
256 5.330505
257 5.133667
258 4.963876
259 4.801377
260 4.604798
261 4.474817
262 4.319690
263 4.189922
264 4.059129
265 3.954918
266 3.770723
267 3.639636
268 3.487165
269 3.371377
270 3.288909
271 3.189304
272 3.109308
273 3.051877
274 2.934666
275 2.843237
276 2.759563
277 2.697914
278 2.620397
279 2.544793
280 2.478081
281 2.415545
282 2.365048
283 2.287170
284 2.219444
285 2.145419
286 2.107272
287 2.059816
288 2.013094
289 1.969306
290 1.935304
291 1.887530
292 1.854282
293 1.822176
294 1.770842
295 1.721446
296 1.678919
297 1.647398
298 1.604458
299 1.570067
300 1.540024
301 1.490241
302 1.450292
303 1.417634
304 1.393192
305 1.362790
306 1.329837
307 1.293435
308 1.270665
309 1.240398
310 1.221525
311 1.195943
312 1.168284
313 1.148739
314 1.128005
315 1.102402
316 1.075994
317 1.046248
318 1.018747
319 0.987766
320 0.971118
321 0.949890
322 0.926670
323 0.905177
324 0.895208
325 0.874661
326 0.861975
327 0.843536
328 0.822402
329 0.805673
330 0.795425
331 0.779279
332 0.770737
333 0.755133
334 0.742921
335 0.726399
336 0.708445
337 0.695433
338 0.684419
339 0.671924
340 0.658064
341 0.643298
342 0.627368
343 0.614393
344 0.604851
345 0.595298
346 0.589185
347 0.580179
348 0.570027
349 0.558327
350 0.549711
351 0.539866
352 0.532953
353 0.527887
354 0.521783
355 0.511157
356 0.502057
357 0.495963
358 0.487087
359 0.477961
360 0.471539
361 0.462861
362 0.456150
363 0.450440
364 0.445431
365 0.439281
366 0.434599
367 0.426687
368 0.418734
369 0.413886
370 0.407138
371 0.402402
372 0.397227
373 0.392032
374 0.388397
375 0.382087
376 0.377982
377 0.373917
378 0.370209
379 0.366068
380 0.361502
381 0.357130
382 0.352329
383 0.346427
384 0.341468
385 0.337364
386 0.334083
387 0.330538
388 0.326557
389 0.323302
390 0.318836
391 0.316735
392 0.311946
393 0.308644
394 0.303801
395 0.301457
396 0.298362
397 0.295200
398 0.292893
399 0.289255
400 0.288212
401 0.285784
402 0.281423
403 0.277399
404 0.275576
405 0.273188
406 0.271673
407 0.269170
408 0.266869
409 0.264089
410 0.261641
411 0.260383
412 0.258420
413 0.256524
414 0.254182
415 0.251784
416 0.249908
417 0.247669
418 0.245662
419 0.243748
420 0.241691
421 0.239909
422 0.238013
423 0.237110
424 0.235911
425 0.234730
426 0.232860
427 0.230380
428 0.228773
429 0.227018
430 0.225371
431 0.224221
432 0.222351
433 0.221259
434 0.219770
435 0.218639
436 0.217389
437 0.216072
438 0.214600
439 0.214102
440 0.212442
441 0.211234
442 0.210623
443 0.209874
444 0.208652
445 0.207424
446 0.206198
447 0.205555
448 0.204695
449 0.203837
450 0.203208
451 0.202213
452 0.201671
453 0.201079
454 0.200328
455 0.199594
456 0.198796
457 0.198015
458 0.197396
459 0.196563
460 0.195634
461 0.195010
462 0.194467
463 0.193859
464 0.193419
465 0.192940
466 0.192378
467 0.191951
468 0.191205
469 0.190473
470 0.190039
471 0.189368
472 0.189000
473 0.188603
474 0.188157
475 0.187797
476 0.187457
477 0.187110
478 0.186875
479 0.186486
480 0.186137
481 0.185960
482 0.185695
483 0.185396
484 0.185142
485 0.184926
486 0.184664
487 0.184356
488 0.184171
489 0.183976
490 0.183781
491 0.183644
492 0.183505
493 0.183388
494 0.183323
495 0.183244
496 0.183182
497 0.183115
498 0.183055
499 0.183019
500 0.183006
