1 1000000000000000019884624838656.000000
2 1000000000000000019884624838656.000000
3 1000000000000000019884624838656.000000
4 1000000000000000019884624838656.000000
5 162278.186021
6 162278.186021
7 162278.186021
8 162278.186021
9 162278.186021
10 205471.354218
11 205471.354218
12 205471.354218
13 205471.354218
14 205471.354218
15 197968.546629
16 197968.546629
17 197968.546629
18 197968.546629
19 197968.546629
20 162514.910039
21 162514.910039
22 162514.910039
23 162514.910039
24 162514.910039
25 161089.740379
26 161089.740379
27 161089.740379
28 161089.740379
29 161089.740379
30 134479.475924
31 134479.475924
32 134479.475924
33 134479.475924
34 134479.475924
35 90694.981218
36 90694.981218
37 90694.981218
38 90694.981218
39 90694.981218
40 58850.908483
41 58850.908483
42 58850.908483
43 58850.908483
44 58850.908483
45 43989.382876
46 43989.382876
47 43989.382876
48 43989.382876
49 43989.382876
50 33808.711951
51 33808.711951
52 33808.711951
53 33808.711951
54 33808.711951
55 23600.902578
56 23600.902578
57 23600.902578
58 23600.902578
59 23600.902578
60 13576.001762
61 13576.001762
62 13576.001762
63 13576.001762
64 13576.001762
65 9656.812338
66 9656.812338
67 9656.812338
68 9656.812338
69 9656.812338
70 5628.956645
71 5628.956645
72 5628.956645
73 5628.956645
74 5628.956645
75 3595.090986
76 3595.090986
77 3595.090986
78 3595.090986
79 3595.090986
80 2014.703762
81 2014.703762
82 2014.703762
83 2014.703762
84 2014.703762
85 1369.867385
86 1369.867385
87 1369.867385
88 1369.867385
89 1369.867385
90 794.513770
91 794.513770
92 794.513770
93 794.513770
94 794.513770
95 389.835461
96 389.835461
97 389.835461
98 389.835461
99 389.835461
100 249.645774
101 249.645774
102 249.645774
103 249.645774
104 249.645774
105 141.467769
106 141.467769
107 141.467769
108 141.467769
109 141.467769
110 80.074734
111 80.074734
112 80.074734
113 80.074734
114 80.074734
115 52.827289
116 52.827289
117 52.827289
118 52.827289
119 52.827289
120 29.860452
121 29.860452
122 29.860452
123 29.860452
124 29.860452
125 15.755444
126 15.755444
127 15.755444
128 15.755444
129 15.755444
130 9.110653
131 9.110653
132 9.110653
133 9.110653
134 9.110653
135 4.631098
136 4.631098
137 4.631098
138 4.631098
139 4.631098
140 2.390412
141 2.390412
142 2.390412
143 2.390412
144 2.390412
145 1.332861
146 1.332861
147 1.332861
148 1.332861
149 1.332861
150 0.650292
151 0.650292
152 0.650292
153 0.650292
154 0.650292
155 0.353938
156 0.353938
157 0.353938
158 0.353938
159 0.353938
160 0.199702
161 0.199702
162 0.199702
163 0.199702
164 0.199702
165 0.088429
166 0.088429
167 0.088429
168 0.088429
169 0.088429
170 0.045458
171 0.045458
172 0.045458
173 0.045458
174 0.045458
175 0.022084
176 0.022084
177 0.022084
178 0.022084
179 0.022084
180 0.010641
181 0.010641
182 0.010641
183 0.010641
184 0.010641
185 0.004895
186 0.004895
187 0.004895
188 0.004895
189 0.004895
190 0.002110
191 0.002110
192 0.002110
193 0.002110
194 0.002110
195 0.001091
196 0.001091
197 0.001091
198 0.001091
199 0.001091
200 0.000393
201 0.000393
202 0.000393
203 0.000393
204 0.000393
205 0.000211
206 0.000211
207 0.000211
208 0.000211
209 0.000211
210 0.000103
211 0.000103
212 0.000103
213 0.000103
214 0.000103
215 0.000054
216 0.000054
217 0.000054
218 0.000054
219 0.000054
220 0.000029
221 0.000029
222 0.000029
223 0.000029
224 0.000029
225 0.000014
226 0.000014
227 0.000014
228 0.000014
229 0.000014
230 0.000008
231 0.000008
232 0.000008
233 0.000008
234 0.000008
235 0.000005
236 0.000005
237 0.000005
238 0.000005
239 0.000005
240 0.000002
241 0.000002
242 0.000002
243 0.000002
244 0.000002
245 0.000001
246 0.000001
247 0.000001
248 0.000001
249 0.000001
250 0.000001
251 0.000001
252 0.000001
253 0.000001
254 0.000001
255 0.000000
256 0.000000
257 0.000000
258 0.000000
259 0.000000
260 0.000000
261 0.000000
262 0.000000
263 0.000000
264 0.000000
265 0.000000
266 0.000000
267 0.000000
268 0.000000
269 0.000000
270 0.000000
271 0.000000
272 0.000000
273 0.000000
274 0.000000
275 0.000000
276 0.000000
277 0.000000
278 0.000000
279 0.000000
280 0.000000
281 0.000000
282 0.000000
283 0.000000
284 0.000000
285 0.000000
286 0.000000
287 0.000000
288 0.000000
289 0.000000
290 0.000000
291 0.000000
292 0.000000
293 0.000000
294 0.000000
295 0.000000
296 0.000000
297 0.000000
298 0.000000
299 0.000000
300 0.000000
301 0.000000
302 0.000000
303 0.000000
304 0.000000
305 0.000000
306 0.000000
307 0.000000
308 0.000000
309 0.000000
310 0.000000
311 0.000000
312 0.000000
313 0.000000
314 0.000000
315 0.000000
316 0.000000
317 0.000000
318 0.000000
319 0.000000
320 0.000000
321 0.000000
322 0.000000
323 0.000000
324 0.000000
325 0.000000
326 0.000000
327 0.000000
328 0.000000
329 0.000000
330 0.000000
331 0.000000
332 0.000000
333 0.000000
334 0.000000
335 0.000000
336 0.000000
337 0.000000
338 0.000000
339 0.000000
340 0.000000
341 0.000000
342 0.000000
343 0.000000
344 0.000000
345 0.000000
346 0.000000
347 0.000000
348 0.000000
349 0.000000
350 0.000000
351 0.000000
352 0.000000
353 0.000000
354 0.000000
355 0.000000
356 0.000000
357 0.000000
358 0.000000
359 0.000000
360 0.000000
361 0.000000
362 0.000000
363 0.000000
364 0.000000
365 0.000000
366 0.000000
367 0.000000
368 0.000000
369 0.000000
370 0.000000
371 0.000000
372 0.000000
373 0.000000
374 0.000000
375 0.000000
376 0.000000
377 0.000000
378 0.000000
379 0.000000
380 0.000000
381 0.000000
382 0.000000
383 0.000000
384 0.000000
385 0.000000
386 0.000000
387 0.000000
388 0.000000
389 0.000000
390 0.000000
391 0.000000
392 0.000000
393 0.000000
394 0.000000
395 0.000000
396 0.000000
397 0.000000
398 0.000000
399 0.000000
400 0.000000
401 0.000000
402 0.000000
403 0.000000
404 0.000000
405 0.000000
406 0.000000
407 0.000000
408 0.000000
409 0.000000
410 0.000000
411 0.000000
412 0.000000
413 0.000000
414 0.000000
415 0.000000
416 0.000000
417 0.000000
418 0.000000
419 0.000000
420 0.000000
421 0.000000
422 0.000000
423 0.000000
424 0.000000
425 0.000000
426 0.000000
427 0.000000
428 0.000000
429 0.000000
430 0.000000
431 0.000000
432 0.000000
433 0.000000
434 0.000000
435 0.000000
436 0.000000
437 0.000000
438 0.000000
439 0.000000
440 0.000000
441 0.000000
442 0.000000
443 0.000000
444 0.000000
445 0.000000
446 0.000000
447 0.000000
448 0.000000
449 0.000000
450 0.000000
451 0.000000
452 0.000000
453 0.000000
454 0.000000
455 0.000000
456 0.000000
457 0.000000
458 0.000000
459 0.000000
460 0.000000
461 0.000000
462 0.000000
463 0.000000
464 0.000000
465 0.000000
466 0.000000
467 0.000000
468 0.000000
469 0.000000
470 0.000000
471 0.000000
472 0.000000
473 0.000000
474 0.000000
475 0.000000
476 0.000000
477 0.000000
478 0.000000
479 0.000000
480 0.000000
481 0.000000
482 0.000000
483 0.000000
484 0.000000
485 0.000000
486 0.000000
487 0.000000
488 0.000000
489 0.000000
490 0.000000
491 0.000000
492 0.000000
493 0.000000
494 0.000000
495 0.000000
496 0.000000
497 0.000000
498 0.000000
499 0.000000
500 0.000000
