1 1000000000000000019884624838656.000000
2 1000000000000000019884624838656.000000
3 1000000000000000019884624838656.000000
4 1000000000000000019884624838656.000000
5 29978985.298551
6 29978985.298551
7 29978985.298551
8 29978985.298551
9 29978985.298551
10 21529632.387311
11 21529632.387311
12 21529632.387311
13 21529632.387311
14 21529632.387311
15 23885256.079033
16 23885256.079033
17 23885256.079033
18 23885256.079033
19 23885256.079033
20 29842966.016502
21 29842966.016502
22 29842966.016502
23 29842966.016502
24 29842966.016502
25 20355113.707446
26 20355113.707446
27 20355113.707446
28 20355113.707446
29 20355113.707446
30 23114266.021268
31 23114266.021268
32 23114266.021268
33 23114266.021268
34 23114266.021268
35 27581695.949391
36 27581695.949391
37 27581695.949391
38 27581695.949391
39 27581695.949391
40 28154050.269147
41 28154050.269147
42 28154050.269147
43 28154050.269147
44 28154050.269147
45 29096954.057324
46 29096954.057324
47 29096954.057324
48 29096954.057324
49 29096954.057324
50 30067712.327838
51 30067712.327838
52 30067712.327838
53 30067712.327838
54 30067712.327838
55 32425248.229527
56 32425248.229527
57 32425248.229527
58 32425248.229527
59 32425248.229527
60 26990613.781553
61 26990613.781553
62 26990613.781553
63 26990613.781553
64 26990613.781553
65 26292918.919501
66 26292918.919501
67 26292918.919501
68 26292918.919501
69 26292918.919501
70 16641561.189759
71 16641561.189759
72 16641561.189759
73 16641561.189759
74 16641561.189759
75 17327861.634251
76 17327861.634251
77 17327861.634251
78 17327861.634251
79 17327861.634251
80 22487622.158998
81 22487622.158998
82 22487622.158998
83 22487622.158998
84 22487622.158998
85 22223001.835604
86 22223001.835604
87 22223001.835604
88 22223001.835604
89 22223001.835604
90 21086954.622889
91 21086954.622889
92 21086954.622889
93 21086954.622889
94 21086954.622889
95 16809732.689630
96 16809732.689630
97 16809732.689630
98 16809732.689630
99 16809732.689630
100 19086915.669523
101 19086915.669523
102 19086915.669523
103 19086915.669523
104 19086915.669523
105 15052658.110929
106 15052658.110929
107 15052658.110929
108 15052658.110929
109 15052658.110929
110 12064018.085949
111 12064018.085949
112 12064018.085949
113 12064018.085949
114 12064018.085949
115 16310594.724752
116 16310594.724752
117 16310594.724752
118 16310594.724752
119 16310594.724752
120 11260886.721742
121 11260886.721742
122 11260886.721742
123 11260886.721742
124 11260886.721742
125 13427955.301967
126 13427955.301967
127 13427955.301967
128 13427955.301967
129 13427955.301967
130 9732207.549168
131 9732207.549168
132 9732207.549168
133 9732207.549168
134 9732207.549168
135 15328557.586964
136 15328557.586964
137 15328557.586964
138 15328557.586964
139 15328557.586964
140 14962981.087687
141 14962981.087687
142 14962981.087687
143 14962981.087687
144 14962981.087687
145 15086563.168520
146 15086563.168520
147 15086563.168520
148 15086563.168520
149 15086563.168520
150 12035569.753975
151 12035569.753975
152 12035569.753975
153 12035569.753975
154 12035569.753975
155 11766054.872783
156 11766054.872783
157 11766054.872783
158 11766054.872783
159 11766054.872783
160 10808738.930831
161 10808738.930831
162 10808738.930831
163 10808738.930831
164 10808738.930831
165 10179422.682196
166 10179422.682196
167 10179422.682196
168 10179422.682196
169 10179422.682196
170 12210554.920086
171 12210554.920086
172 12210554.920086
173 12210554.920086
174 12210554.920086
175 10809059.257213
176 10809059.257213
177 10809059.257213
178 10809059.257213
179 10809059.257213
180 9412218.492247
181 9412218.492247
182 9412218.492247
183 9412218.492247
184 9412218.492247
185 11930042.661535
186 11930042.661535
187 11930042.661535
188 11930042.661535
189 11930042.661535
190 11802969.085550
191 11802969.085550
192 11802969.085550
193 11802969.085550
194 11802969.085550
195 13837982.603965
196 13837982.603965
197 13837982.603965
198 13837982.603965
199 13837982.603965
200 9741647.299044
201 9741647.299044
202 9741647.299044
203 9741647.299044
204 9741647.299044
205 10912811.933413
206 10912811.933413
207 10912811.933413
208 10912811.933413
209 10912811.933413
210 9653571.533130
211 9653571.533130
212 9653571.533130
213 9653571.533130
214 9653571.533130
215 8557130.017481
216 8557130.017481
217 8557130.017481
218 8557130.017481
219 8557130.017481
220 8149567.846371
221 8149567.846371
222 8149567.846371
223 8149567.846371
224 8149567.846371
225 6720670.229474
226 6720670.229474
227 6720670.229474
228 6720670.229474
229 6720670.229474
230 5531440.111536
231 5531440.111536
232 5531440.111536
233 5531440.111536
234 5531440.111536
235 5881785.382254
236 5881785.382254
237 5881785.382254
238 5881785.382254
239 5881785.382254
240 5348965.048594
241 5348965.048594
242 5348965.048594
243 5348965.048594
244 5348965.048594
245 5142399.369122
246 5142399.369122
247 5142399.369122
248 5142399.369122
249 5142399.369122
250 4845136.949773
251 4845136.949773
252 4845136.949773
253 4845136.949773
254 4845136.949773
255 4577092.617352
256 4577092.617352
257 4577092.617352
258 4577092.617352
259 4577092.617352
260 4274623.276069
261 4274623.276069
262 4274623.276069
263 4274623.276069
264 4274623.276069
265 4559505.806377
266 4559505.806377
267 4559505.806377
268 4559505.806377
269 4559505.806377
270 4369157.251789
271 4369157.251789
272 4369157.251789
273 4369157.251789
274 4369157.251789
275 4163581.799808
276 4163581.799808
277 4163581.799808
278 4163581.799808
279 4163581.799808
280 3944302.649054
281 3944302.649054
282 3944302.649054
283 3944302.649054
284 3944302.649054
285 3912417.555196
286 3912417.555196
287 3912417.555196
288 3912417.555196
289 3912417.555196
290 4285548.843679
291 4285548.843679
292 4285548.843679
293 4285548.843679
294 4285548.843679
295 4022769.641322
296 4022769.641322
297 4022769.641322
298 4022769.641322
299 4022769.641322
300 3873317.155044
301 3873317.155044
302 3873317.155044
303 3873317.155044
304 3873317.155044
305 3636329.030422
306 3636329.030422
307 3636329.030422
308 3636329.030422
309 3636329.030422
310 3860257.702510
311 3860257.702510
312 3860257.702510
313 3860257.702510
314 3860257.702510
315 3801773.225710
316 3801773.225710
317 3801773.225710
318 3801773.225710
319 3801773.225710
320 3566664.871559
321 3566664.871559
322 3566664.871559
323 3566664.871559
324 3566664.871559
325 3422680.454269
326 3422680.454269
327 3422680.454269
328 3422680.454269
329 3422680.454269
330 3402985.992782
331 3402985.992782
332 3402985.992782
333 3402985.992782
334 3402985.992782
335 3177877.832000
336 3177877.832000
337 3177877.832000
338 3177877.832000
339 3177877.832000
340 2952385.862923
341 2952385.862923
342 2952385.862923
343 2952385.862923
344 2952385.862923
345 2789713.113849
346 2789713.113849
347 2789713.113849
348 2789713.113849
349 2789713.113849
350 2690761.044889
351 2690761.044889
352 2690761.044889
353 2690761.044889
354 2690761.044889
355 2795346.012936
356 2795346.012936
357 2795346.012936
358 2795346.012936
359 2795346.012936
360 2667860.073772
361 2667860.073772
362 2667860.073772
363 2667860.073772
364 2667860.073772
365 2581868.489655
366 2581868.489655
367 2581868.489655
368 2581868.489655
369 2581868.489655
370 2500683.840677
371 2500683.840677
372 2500683.840677
373 2500683.840677
374 2500683.840677
375 2385842.248952
376 2385842.248952
377 2385842.248952
378 2385842.248952
379 2385842.248952
380 2290825.552154
381 2290825.552154
382 2290825.552154
383 2290825.552154
384 2290825.552154
385 2215662.475897
386 2215662.475897
387 2215662.475897
388 2215662.475897
389 2215662.475897
390 2193342.260107
391 2193342.260107
392 2193342.260107
393 2193342.260107
394 2193342.260107
395 2230697.791016
396 2230697.791016
397 2230697.791016
398 2230697.791016
399 2230697.791016
400 2059106.417127
401 2059106.417127
402 2059106.417127
403 2059106.417127
404 2059106.417127
405 2092664.650618
406 2092664.650618
407 2092664.650618
408 2092664.650618
409 2092664.650618
410 2092794.116367
411 2092794.116367
412 2092794.116367
413 2092794.116367
414 2092794.116367
415 2023961.584305
416 2023961.584305
417 2023961.584305
418 2023961.584305
419 2023961.584305
420 1993736.953617
421 1993736.953617
422 1993736.953617
423 1993736.953617
424 1993736.953617
425 1967870.596547
426 1967870.596547
427 1967870.596547
428 1967870.596547
429 1967870.596547
430 1939752.591142
431 1939752.591142
432 1939752.591142
433 1939752.591142
434 1939752.591142
435 1917752.908971
436 1917752.908971
437 1917752.908971
438 1917752.908971
439 1917752.908971
440 1849674.007672
441 1849674.007672
442 1849674.007672
443 1849674.007672
444 1849674.007672
445 1819426.947231
446 1819426.947231
447 1819426.947231
448 1819426.947231
449 1819426.947231
450 1816955.037707
451 1816955.037707
452 1816955.037707
453 1816955.037707
454 1816955.037707
455 1801850.120986
456 1801850.120986
457 1801850.120986
458 1801850.120986
459 1801850.120986
460 1774902.047868
461 1774902.047868
462 1774902.047868
463 1774902.047868
464 1774902.047868
465 1752630.275232
466 1752630.275232
467 1752630.275232
468 1752630.275232
469 1752630.275232
470 1722280.870920
471 1722280.870920
472 1722280.870920
473 1722280.870920
474 1722280.870920
475 1714688.286647
476 1714688.286647
477 1714688.286647
478 1714688.286647
479 1714688.286647
480 1700379.588201
481 1700379.588201
482 1700379.588201
483 1700379.588201
484 1700379.588201
485 1683383.232172
486 1683383.232172
487 1683383.232172
488 1683383.232172
489 1683383.232172
490 1677196.462764
491 1677196.462764
492 1677196.462764
493 1677196.462764
494 1677196.462764
495 1671782.561398
496 1671782.561398
497 1671782.561398
498 1671782.561398
499 1671782.561398
500 1670594.150727
