1 1000000000000000019884624838656.000000
2 1000000000000000019884624838656.000000
3 1000000000000000019884624838656.000000
4 1000000000000000019884624838656.000000
5 28203334.248518
6 28203334.248518
7 28203334.248518
8 28203334.248518
9 28203334.248518
10 26493512.316193
11 26493512.316193
12 26493512.316193
13 26493512.316193
14 26493512.316193
15 19352190.672122
16 19352190.672122
17 19352190.672122
18 19352190.672122
19 19352190.672122
20 21524747.674519
21 21524747.674519
22 21524747.674519
23 21524747.674519
24 21524747.674519
25 20589715.300026
26 20589715.300026
27 20589715.300026
28 20589715.300026
29 20589715.300026
30 26800455.023240
31 26800455.023240
32 26800455.023240
33 26800455.023240
34 26800455.023240
35 41696582.373587
36 41696582.373587
37 41696582.373587
38 41696582.373587
39 41696582.373587
40 32907335.936721
41 32907335.936721
42 32907335.936721
43 32907335.936721
44 32907335.936721
45 31127677.290924
46 31127677.290924
47 31127677.290924
48 31127677.290924
49 31127677.290924
50 22129500.920076
51 22129500.920076
52 22129500.920076
53 22129500.920076
54 22129500.920076
55 18729775.684625
56 18729775.684625
57 18729775.684625
58 18729775.684625
59 18729775.684625
60 22371410.775407
61 22371410.775407
62 22371410.775407
63 22371410.775407
64 22371410.775407
65 20200094.793360
66 20200094.793360
67 20200094.793360
68 20200094.793360
69 20200094.793360
70 24012417.316088
71 24012417.316088
72 24012417.316088
73 24012417.316088
74 24012417.316088
75 28845997.533198
76 28845997.533198
77 28845997.533198
78 28845997.533198
79 28845997.533198
80 27998248.809813
81 27998248.809813
82 27998248.809813
83 27998248.809813
84 27998248.809813
85 23460948.143882
86 23460948.143882
87 23460948.143882
88 23460948.143882
89 23460948.143882
90 19902859.874456
91 19902859.874456
92 19902859.874456
93 19902859.874456
94 19902859.874456
95 20005081.739856
96 20005081.739856
97 20005081.739856
98 20005081.739856
99 20005081.739856
100 21985481.774342
101 21985481.774342
102 21985481.774342
103 21985481.774342
104 21985481.774342
105 22664531.764963
106 22664531.764963
107 22664531.764963
108 22664531.764963
109 22664531.764963
110 21016691.142779
111 21016691.142779
112 21016691.142779
113 21016691.142779
114 21016691.142779
115 19217671.455360
116 19217671.455360
117 19217671.455360
118 19217671.455360
119 19217671.455360
120 15152521.368881
121 15152521.368881
122 15152521.368881
123 15152521.368881
124 15152521.368881
125 16525393.932334
126 16525393.932334
127 16525393.932334
128 16525393.932334
129 16525393.932334
130 14614326.428066
131 14614326.428066
132 14614326.428066
133 14614326.428066
134 14614326.428066
135 15607434.142064
136 15607434.142064
137 15607434.142064
138 15607434.142064
139 15607434.142064
140 12861149.398647
141 12861149.398647
142 12861149.398647
143 12861149.398647
144 12861149.398647
145 12291261.324633
146 12291261.324633
147 12291261.324633
148 12291261.324633
149 12291261.324633
150 13432515.356302
151 13432515.356302
152 13432515.356302
153 13432515.356302
154 13432515.356302
155 11342093.560873
156 11342093.560873
157 11342093.560873
158 11342093.560873
159 11342093.560873
160 12366164.762537
161 12366164.762537
162 12366164.762537
163 12366164.762537
164 12366164.762537
165 12350361.069142
166 12350361.069142
167 12350361.069142
168 12350361.069142
169 12350361.069142
170 11704370.767919
171 11704370.767919
172 11704370.767919
173 11704370.767919
174 11704370.767919
175 10555159.245339
176 10555159.245339
177 10555159.245339
178 10555159.245339
179 10555159.245339
180 10588352.476242
181 10588352.476242
182 10588352.476242
183 10588352.476242
184 10588352.476242
185 11673195.651415
186 11673195.651415
187 11673195.651415
188 11673195.651415
189 11673195.651415
190 11010676.533336
191 11010676.533336
192 11010676.533336
193 11010676.533336
194 11010676.533336
195 7772339.444683
196 7772339.444683
197 7772339.444683
198 7772339.444683
199 7772339.444683
200 8088887.878671
201 8088887.878671
202 8088887.878671
203 8088887.878671
204 8088887.878671
205 9037468.849956
206 9037468.849956
207 9037468.849956
208 9037468.849956
209 9037468.849956
210 8729884.764598
211 8729884.764598
212 8729884.764598
213 8729884.764598
214 8729884.764598
215 10418151.900926
216 10418151.900926
217 10418151.900926
218 10418151.900926
219 10418151.900926
220 9597810.580374
221 9597810.580374
222 9597810.580374
223 9597810.580374
224 9597810.580374
225 9633978.535593
226 9633978.535593
227 9633978.535593
228 9633978.535593
229 9633978.535593
230 9022679.495458
231 9022679.495458
232 9022679.495458
233 9022679.495458
234 9022679.495458
235 9986698.441882
236 9986698.441882
237 9986698.441882
238 9986698.441882
239 9986698.441882
240 8225984.915919
241 8225984.915919
242 8225984.915919
243 8225984.915919
244 8225984.915919
245 8072805.978285
246 8072805.978285
247 8072805.978285
248 8072805.978285
249 8072805.978285
250 7248730.377573
251 7248730.377573
252 7248730.377573
253 7248730.377573
254 7248730.377573
255 8475583.650452
256 8475583.650452
257 8475583.650452
258 8475583.650452
259 8475583.650452
260 8690086.253644
261 8690086.253644
262 8690086.253644
263 8690086.253644
264 8690086.253644
265 6746224.925505
266 6746224.925505
267 6746224.925505
268 6746224.925505
269 6746224.925505
270 7103280.870267
271 7103280.870267
272 7103280.870267
273 7103280.870267
274 7103280.870267
275 6376144.647334
276 6376144.647334
277 6376144.647334
278 6376144.647334
279 6376144.647334
280 6386545.566886
281 6386545.566886
282 6386545.566886
283 6386545.566886
284 6386545.566886
285 5492984.235004
286 5492984.235004
287 5492984.235004
288 5492984.235004
289 5492984.235004
290 5847123.982356
291 5847123.982356
292 5847123.982356
293 5847123.982356
294 5847123.982356
295 6177452.767980
296 6177452.767980
297 6177452.767980
298 6177452.767980
299 6177452.767980
300 6067734.954035
301 6067734.954035
302 6067734.954035
303 6067734.954035
304 6067734.954035
305 5536894.074864
306 5536894.074864
307 5536894.074864
308 5536894.074864
309 5536894.074864
310 5392451.553282
311 5392451.553282
312 5392451.553282
313 5392451.553282
314 5392451.553282
315 4960608.821022
316 4960608.821022
317 4960608.821022
318 4960608.821022
319 4960608.821022
320 4738307.449074
321 4738307.449074
322 4738307.449074
323 4738307.449074
324 4738307.449074
325 5157504.273736
326 5157504.273736
327 5157504.273736
328 5157504.273736
329 5157504.273736
330 4832228.786533
331 4832228.786533
332 4832228.786533
333 4832228.786533
334 4832228.786533
335 4926275.222406
336 4926275.222406
337 4926275.222406
338 4926275.222406
339 4926275.222406
340 4590489.145038
341 4590489.145038
342 4590489.145038
343 4590489.145038
344 4590489.145038
345 4233017.108322
346 4233017.108322
347 4233017.108322
348 4233017.108322
349 4233017.108322
350 4330331.876264
351 4330331.876264
352 4330331.876264
353 4330331.876264
354 4330331.876264
355 4027768.300600
356 4027768.300600
357 4027768.300600
358 4027768.300600
359 4027768.300600
360 4075855.665028
361 4075855.665028
362 4075855.665028
363 4075855.665028
364 4075855.665028
365 4018887.155906
366 4018887.155906
367 4018887.155906
368 4018887.155906
369 4018887.155906
370 3877239.997499
371 3877239.997499
372 3877239.997499
373 3877239.997499
374 3877239.997499
375 3753083.169342
376 3753083.169342
377 3753083.169342
378 3753083.169342
379 3753083.169342
380 3832678.009939
381 3832678.009939
382 3832678.009939
383 3832678.009939
384 3832678.009939
385 3779826.146060
386 3779826.146060
387 3779826.146060
388 3779826.146060
389 3779826.146060
390 3646784.558686
391 3646784.558686
392 3646784.558686
393 3646784.558686
394 3646784.558686
395 3455678.066759
396 3455678.066759
397 3455678.066759
398 3455678.066759
399 3455678.066759
400 3402843.095137
401 3402843.095137
402 3402843.095137
403 3402843.095137
404 3402843.095137
405 3385675.910928
406 3385675.910928
407 3385675.910928
408 3385675.910928
409 3385675.910928
410 3329737.350473
411 3329737.350473
412 3329737.350473
413 3329737.350473
414 3329737.350473
415 3211017.142882
416 3211017.142882
417 3211017.142882
418 3211017.142882
419 3211017.142882
420 3026132.189246
421 3026132.189246
422 3026132.189246
423 3026132.189246
424 3026132.189246
425 3012671.373579
426 3012671.373579
427 3012671.373579
428 3012671.373579
429 3012671.373579
430 2877152.458423
431 2877152.458423
432 2877152.458423
433 2877152.458423
434 2877152.458423
435 2837556.958130
436 2837556.958130
437 2837556.958130
438 2837556.958130
439 2837556.958130
440 2772393.963559
441 2772393.963559
442 2772393.963559
443 2772393.963559
444 2772393.963559
445 2699906.912900
446 2699906.912900
447 2699906.912900
448 2699906.912900
449 2699906.912900
450 2656236.038968
451 2656236.038968
452 2656236.038968
453 2656236.038968
454 2656236.038968
455 2582970.291786
456 2582970.291786
457 2582970.291786
458 2582970.291786
459 2582970.291786
460 2571083.618950
461 2571083.618950
462 2571083.618950
463 2571083.618950
464 2571083.618950
465 2554190.041424
466 2554190.041424
467 2554190.041424
468 2554190.041424
469 2554190.041424
470 2520667.545014
471 2520667.545014
472 2520667.545014
473 2520667.545014
474 2520667.545014
475 2486943.343205
476 2486943.343205
477 2486943.343205
478 2486943.343205
479 2486943.343205
480 2468377.119778
481 2468377.119778
482 2468377.119778
483 2468377.119778
484 2468377.119778
485 2447139.065582
486 2447139.065582
487 2447139.065582
488 2447139.065582
489 2447139.065582
490 2431234.107414
491 2431234.107414
492 2431234.107414
493 2431234.107414
494 2431234.107414
495 2418426.871660
496 2418426.871660
497 2418426.871660
498 2418426.871660
499 2418426.871660
500 2416372.175606
