1 inf
2 inf
3 inf
4 inf
5 339016663321332218188080996172529958643905228063328461109356466914719636641044093325208167421855170767236065430888677274087274922674014596279359122291142512701005122634085877087379504853113531312137625344005992213056502108427404392982007163399162789938668294799970747462997759961235948830720.000000
6 3128901494721602424817673032426839274783174516720684625615002074530998269171994402864739500590690916024146104536653414283341423094612236841688600773564964872079428803228797984828954767199582025502258301470439258571397503922051245795551357917471750780628448051200.000000
7 337297506623411155584328123542263003097345447054816125227514640363096800538921856340405878040736293258888961559511665559295093820730014286893962977722444879637525134694894481451096749030797478943347779239576606410971189952525077839872.000000
8 54342827064630307434600774965457946327222961651835018264732191805785979458711334429754155855726548973967473979196527741919451936906783559390999192618798597351448507914872437277264658797035591881838169379831808.000000
9 32252130867360313778967773814943192742069171986611077127290390961571734069597642005506658991642890618800587101491667117328412606193696727703781206518243290599101485584314592136696704882704384.000000
10 30198277121536640087791085177742713762712342160288727415823026389970521372715478515641059727428229213086136579682330211339440265980819890092745758586052695556096.000000
11 4130027295505843663451145940578754664791067195296378821655962249551667971982910131173213709131188516551154750338584115412992.000000
12 1828585399349718394903355685490019294859306917769856802952495795672151806531116146561479728157413383077888.000000
13 39092874975447009682150111962739000367380065266717759921510429987495166701333481783296.000000
14 28850668516783502744086881715151523983057223680.000000
15 210654732640380649472.000000
16 3969.389400
17 3833.953610
18 3910.452321
19 3965.981132
20 3045.296469
21 2706.461082
22 2393.639725
23 1865.956196
24 1138.576602
25 1113.701086
26 899.218408
27 887.670194
28 884.516380
29 773.499162
30 607.986125
31 487.092141
32 313.354832
33 236.677842
34 193.489569
35 173.724719
36 137.196744
37 109.225110
38 91.139249
39 55.106253
40 40.902207
41 29.759574
42 23.255403
43 16.590160
44 17.151583
45 15.650543
46 9.523108
47 10.177423
48 6.823248
49 4.679828
50 4.091753
51 4.874797
52 3.082858
53 1.401751
54 1.163216
55 0.669356
56 0.452829
57 0.365916
58 0.367601
59 0.327831
60 0.203254
61 0.162758
62 0.102256
63 0.086424
64 0.064787
65 0.061112
66 0.051781
67 0.057228
68 0.044639
69 0.020486
70 0.012742
71 0.009048
72 0.007699
73 0.006865
74 0.005481
75 0.002664
76 0.002026
77 0.002094
78 0.001164
79 0.000819
80 0.000685
81 0.000506
82 0.000366
83 0.000293
84 0.000235
85 0.000193
86 0.000150
87 0.000096
88 0.000074
89 0.000052
90 0.000038
91 0.000030
92 0.000025
93 0.000022
94 0.000021
95 0.000019
96 0.000014
97 0.000010
98 0.000009
99 0.000008
100 0.000006
101 0.000005
102 0.000004
103 0.000003
104 0.000002
105 0.000002
106 0.000002
107 0.000001
108 0.000001
109 0.000001
110 0.000001
111 0.000000
112 0.000000
113 0.000000
114 0.000000
115 0.000000
116 0.000000
117 0.000000
118 0.000000
119 0.000000
120 0.000000
121 0.000000
122 0.000000
123 0.000000
124 0.000000
125 0.000000
126 0.000000
127 0.000000
128 0.000000
129 0.000000
130 0.000000
131 0.000000
132 0.000000
133 0.000000
134 0.000000
135 0.000000
136 0.000000
137 0.000000
138 0.000000
139 0.000000
140 0.000000
141 0.000000
142 0.000000
143 0.000000
144 0.000000
145 0.000000
146 0.000000
147 0.000000
148 0.000000
149 0.000000
150 0.000000
151 0.000000
152 0.000000
153 0.000000
154 0.000000
155 0.000000
156 0.000000
157 0.000000
158 0.000000
159 0.000000
160 0.000000
161 0.000000
162 0.000000
163 0.000000
164 0.000000
165 0.000000
166 0.000000
167 0.000000
168 0.000000
169 0.000000
170 0.000000
171 0.000000
172 0.000000
173 0.000000
174 0.000000
175 0.000000
176 0.000000
177 0.000000
178 0.000000
179 0.000000
180 0.000000
181 0.000000
182 0.000000
183 0.000000
184 0.000000
185 0.000000
186 0.000000
187 0.000000
188 0.000000
189 0.000000
190 0.000000
191 0.000000
192 0.000000
193 0.000000
194 0.000000
195 0.000000
196 0.000000
197 0.000000
198 0.000000
199 0.000000
200 0.000000
201 0.000000
202 0.000000
203 0.000000
204 0.000000
205 0.000000
206 0.000000
207 0.000000
208 0.000000
209 0.000000
210 0.000000
211 0.000000
212 0.000000
213 0.000000
214 0.000000
215 0.000000
216 0.000000
217 0.000000
218 0.000000
219 0.000000
220 0.000000
221 0.000000
222 0.000000
223 0.000000
224 0.000000
225 0.000000
226 0.000000
227 0.000000
228 0.000000
229 0.000000
230 0.000000
231 0.000000
232 0.000000
233 0.000000
234 0.000000
235 0.000000
236 0.000000
237 0.000000
238 0.000000
239 0.000000
240 0.000000
241 0.000000
242 0.000000
243 0.000000
244 0.000000
245 0.000000
246 0.000000
247 0.000000
248 0.000000
249 0.000000
250 0.000000
251 0.000000
252 0.000000
253 0.000000
254 0.000000
255 0.000000
256 0.000000
257 0.000000
258 0.000000
259 0.000000
260 0.000000
261 0.000000
262 0.000000
263 0.000000
264 0.000000
265 0.000000
266 0.000000
267 0.000000
268 0.000000
269 0.000000
270 0.000000
271 0.000000
272 0.000000
273 0.000000
274 0.000000
275 0.000000
276 0.000000
277 0.000000
278 0.000000
279 0.000000
280 0.000000
281 0.000000
282 0.000000
283 0.000000
284 0.000000
285 0.000000
286 0.000000
287 0.000000
288 0.000000
289 0.000000
290 0.000000
291 0.000000
292 0.000000
293 0.000000
294 0.000000
295 0.000000
296 0.000000
297 0.000000
298 0.000000
299 0.000000
300 0.000000
301 0.000000
302 0.000000
303 0.000000
304 0.000000
305 0.000000
306 0.000000
307 0.000000
308 0.000000
309 0.000000
310 0.000000
311 0.000000
312 0.000000
313 0.000000
314 0.000000
315 0.000000
316 0.000000
317 0.000000
318 0.000000
319 0.000000
320 0.000000
321 0.000000
322 0.000000
323 0.000000
324 0.000000
325 0.000000
326 0.000000
327 0.000000
328 0.000000
329 0.000000
330 0.000000
331 0.000000
332 0.000000
333 0.000000
334 0.000000
335 0.000000
336 0.000000
337 0.000000
338 0.000000
339 0.000000
340 0.000000
341 0.000000
342 0.000000
343 0.000000
344 0.000000
345 0.000000
346 0.000000
347 0.000000
348 0.000000
349 0.000000
350 0.000000
351 0.000000
352 0.000000
353 0.000000
354 0.000000
355 0.000000
356 0.000000
357 0.000000
358 0.000000
359 0.000000
360 0.000000
361 0.000000
362 0.000000
363 0.000000
364 0.000000
365 0.000000
366 0.000000
367 0.000000
368 0.000000
369 0.000000
370 0.000000
371 0.000000
372 0.000000
373 0.000000
374 0.000000
375 0.000000
376 0.000000
377 0.000000
378 0.000000
379 0.000000
380 0.000000
381 0.000000
382 0.000000
383 0.000000
384 0.000000
385 0.000000
386 0.000000
387 0.000000
388 0.000000
389 0.000000
390 0.000000
391 0.000000
392 0.000000
393 0.000000
394 0.000000
395 0.000000
396 0.000000
397 0.000000
398 0.000000
399 0.000000
400 0.000000
401 0.000000
402 0.000000
403 0.000000
404 0.000000
405 0.000000
406 0.000000
407 0.000000
408 0.000000
409 0.000000
410 0.000000
411 0.000000
412 0.000000
413 0.000000
414 0.000000
415 0.000000
416 0.000000
417 0.000000
418 0.000000
419 0.000000
420 0.000000
421 0.000000
422 0.000000
423 0.000000
424 0.000000
425 0.000000
426 0.000000
427 0.000000
428 0.000000
429 0.000000
430 0.000000
431 0.000000
432 0.000000
433 0.000000
434 0.000000
435 0.000000
436 0.000000
437 0.000000
438 0.000000
439 0.000000
440 0.000000
441 0.000000
442 0.000000
443 0.000000
444 0.000000
445 0.000000
446 0.000000
447 0.000000
448 0.000000
449 0.000000
450 0.000000
451 0.000000
452 0.000000
453 0.000000
454 0.000000
455 0.000000
456 0.000000
457 0.000000
458 0.000000
459 0.000000
460 0.000000
461 0.000000
462 0.000000
463 0.000000
464 0.000000
465 0.000000
466 0.000000
467 0.000000
468 0.000000
469 0.000000
470 0.000000
471 0.000000
472 0.000000
473 0.000000
474 0.000000
475 0.000000
476 0.000000
477 0.000000
478 0.000000
479 0.000000
480 0.000000
481 0.000000
482 0.000000
483 0.000000
484 0.000000
485 0.000000
486 0.000000
487 0.000000
488 0.000000
489 0.000000
490 0.000000
491 0.000000
492 0.000000
493 0.000000
494 0.000000
495 0.000000
496 0.000000
497 0.000000
498 0.000000
499 0.000000
500 0.000000
