1 inf
2 inf
3 inf
4 8341055077784480673337109304091130798606270651045756818473067686108176253310440146973992184862519008830358634699211472668362943729126096646296400587437382891901414167051348016956948174024563747075073037907769520224517769008859761806103881096266126072083668867309856898969858591101777575627387662970944225280.000000
5 27494391682478471381461731055964082474927249634633578941537033633885851795387731375395520287320074852873425750719244007787003143680858853442136558317057133098602709435552153905480864780905111712968052698703748209732938589253075745576561518887819348444994286126657346713426067456.000000
6 108525222674269127628203949228455432779597373954720836227268342781093055089401407526409983682427368827921751995328656578571812912351531825970969043987505769700186342170427312603957289389864764489965668676620480053119797164478963001407290998784.000000
7 39761635294133961111851435118643580475723530406059669443959660605263494981809073593184194509660858042686824860937136986896073541711978413221232579750775027748703474253610779999104037829037201638597949398858888755001836861128704.000000
8 274056530871008621689174414644792692485173701490597231194435996651063594035294455205864818875955633265396166698221733214885144504608143378860946672396913879873611666586787274226838476934873088.000000
9 38767887836831540089089894813068450784622746852827235347117753324349154515756243907874750524233880474296361916293441132493402201018895860867441816347469506539981719470080.000000
10 1056522413337563904418822988108341101855047592056463572039450535371297252861567579603850754090009754535796572537234607982006671605552381952.000000
11 85609383302376751350308347634830895665031225182501120142210884313709425837704768111107097106046276075520.000000
12 13162801261001379908922121816464457559912985161491668921637138934498934720036864.000000
13 11222868039590437680507098461410641487903479759791718400.000000
14 151682318274192900096.000000
15 3566.574855
16 3262.837363
17 2994.955680
18 2944.665485
19 2980.484082
20 3066.552187
21 2802.428841
22 2471.382156
23 2547.686736
24 2614.598118
25 1706.956094
26 1312.194182
27 1071.708085
28 1137.531458
29 695.667181
30 869.374315
31 621.756354
32 674.222560
33 564.998413
34 395.025321
35 338.725851
36 289.093555
37 252.809886
38 220.377940
39 163.189418
40 133.939455
41 134.261272
42 115.341010
43 80.517791
44 87.706624
45 71.771486
46 63.723583
47 48.606917
48 27.496652
49 24.936873
50 25.567453
51 17.738264
52 17.975411
53 12.875837
54 12.448764
55 8.000268
56 5.998358
57 5.475303
58 3.684595
59 2.714647
60 1.916768
61 1.189964
62 0.852321
63 0.737458
64 0.603275
65 0.526352
66 0.381023
67 0.408189
68 0.269160
69 0.115883
70 0.082120
71 0.078131
72 0.056753
73 0.043944
74 0.029629
75 0.019993
76 0.019107
77 0.019282
78 0.012467
79 0.010059
80 0.004261
81 0.003755
82 0.003077
83 0.002233
84 0.001697
85 0.001297
86 0.001116
87 0.000919
88 0.000867
89 0.000722
90 0.000564
91 0.000360
92 0.000274
93 0.000248
94 0.000173
95 0.000181
96 0.000156
97 0.000118
98 0.000084
99 0.000068
100 0.000049
101 0.000041
102 0.000027
103 0.000019
104 0.000015
105 0.000013
106 0.000009
107 0.000007
108 0.000005
109 0.000005
110 0.000004
111 0.000004
112 0.000003
113 0.000002
114 0.000002
115 0.000002
116 0.000002
117 0.000001
118 0.000001
119 0.000001
120 0.000001
121 0.000001
122 0.000000
123 0.000000
124 0.000000
125 0.000000
126 0.000000
127 0.000000
128 0.000000
129 0.000000
130 0.000000
131 0.000000
132 0.000000
133 0.000000
134 0.000000
135 0.000000
136 0.000000
137 0.000000
138 0.000000
139 0.000000
140 0.000000
141 0.000000
142 0.000000
143 0.000000
144 0.000000
145 0.000000
146 0.000000
147 0.000000
148 0.000000
149 0.000000
150 0.000000
151 0.000000
152 0.000000
153 0.000000
154 0.000000
155 0.000000
156 0.000000
157 0.000000
158 0.000000
159 0.000000
160 0.000000
161 0.000000
162 0.000000
163 0.000000
164 0.000000
165 0.000000
166 0.000000
167 0.000000
168 0.000000
169 0.000000
170 0.000000
171 0.000000
172 0.000000
173 0.000000
174 0.000000
175 0.000000
176 0.000000
177 0.000000
178 0.000000
179 0.000000
180 0.000000
181 0.000000
182 0.000000
183 0.000000
184 0.000000
185 0.000000
186 0.000000
187 0.000000
188 0.000000
189 0.000000
190 0.000000
191 0.000000
192 0.000000
193 0.000000
194 0.000000
195 0.000000
196 0.000000
197 0.000000
198 0.000000
199 0.000000
200 0.000000
201 0.000000
202 0.000000
203 0.000000
204 0.000000
205 0.000000
206 0.000000
207 0.000000
208 0.000000
209 0.000000
210 0.000000
211 0.000000
212 0.000000
213 0.000000
214 0.000000
215 0.000000
216 0.000000
217 0.000000
218 0.000000
219 0.000000
220 0.000000
221 0.000000
222 0.000000
223 0.000000
224 0.000000
225 0.000000
226 0.000000
227 0.000000
228 0.000000
229 0.000000
230 0.000000
231 0.000000
232 0.000000
233 0.000000
234 0.000000
235 0.000000
236 0.000000
237 0.000000
238 0.000000
239 0.000000
240 0.000000
241 0.000000
242 0.000000
243 0.000000
244 0.000000
245 0.000000
246 0.000000
247 0.000000
248 0.000000
249 0.000000
250 0.000000
251 0.000000
252 0.000000
253 0.000000
254 0.000000
255 0.000000
256 0.000000
257 0.000000
258 0.000000
259 0.000000
260 0.000000
261 0.000000
262 0.000000
263 0.000000
264 0.000000
265 0.000000
266 0.000000
267 0.000000
268 0.000000
269 0.000000
270 0.000000
271 0.000000
272 0.000000
273 0.000000
274 0.000000
275 0.000000
276 0.000000
277 0.000000
278 0.000000
279 0.000000
280 0.000000
281 0.000000
282 0.000000
283 0.000000
284 0.000000
285 0.000000
286 0.000000
287 0.000000
288 0.000000
289 0.000000
290 0.000000
291 0.000000
292 0.000000
293 0.000000
294 0.000000
295 0.000000
296 0.000000
297 0.000000
298 0.000000
299 0.000000
300 0.000000
301 0.000000
302 0.000000
303 0.000000
304 0.000000
305 0.000000
306 0.000000
307 0.000000
308 0.000000
309 0.000000
310 0.000000
311 0.000000
312 0.000000
313 0.000000
314 0.000000
315 0.000000
316 0.000000
317 0.000000
318 0.000000
319 0.000000
320 0.000000
321 0.000000
322 0.000000
323 0.000000
324 0.000000
325 0.000000
326 0.000000
327 0.000000
328 0.000000
329 0.000000
330 0.000000
331 0.000000
332 0.000000
333 0.000000
334 0.000000
335 0.000000
336 0.000000
337 0.000000
338 0.000000
339 0.000000
340 0.000000
341 0.000000
342 0.000000
343 0.000000
344 0.000000
345 0.000000
346 0.000000
347 0.000000
348 0.000000
349 0.000000
350 0.000000
351 0.000000
352 0.000000
353 0.000000
354 0.000000
355 0.000000
356 0.000000
357 0.000000
358 0.000000
359 0.000000
360 0.000000
361 0.000000
362 0.000000
363 0.000000
364 0.000000
365 0.000000
366 0.000000
367 0.000000
368 0.000000
369 0.000000
370 0.000000
371 0.000000
372 0.000000
373 0.000000
374 0.000000
375 0.000000
376 0.000000
377 0.000000
378 0.000000
379 0.000000
380 0.000000
381 0.000000
382 0.000000
383 0.000000
384 0.000000
385 0.000000
386 0.000000
387 0.000000
388 0.000000
389 0.000000
390 0.000000
391 0.000000
392 0.000000
393 0.000000
394 0.000000
395 0.000000
396 0.000000
397 0.000000
398 0.000000
399 0.000000
400 0.000000
401 0.000000
402 0.000000
403 0.000000
404 0.000000
405 0.000000
406 0.000000
407 0.000000
408 0.000000
409 0.000000
410 0.000000
411 0.000000
412 0.000000
413 0.000000
414 0.000000
415 0.000000
416 0.000000
417 0.000000
418 0.000000
419 0.000000
420 0.000000
421 0.000000
422 0.000000
423 0.000000
424 0.000000
425 0.000000
426 0.000000
427 0.000000
428 0.000000
429 0.000000
430 0.000000
431 0.000000
432 0.000000
433 0.000000
434 0.000000
435 0.000000
436 0.000000
437 0.000000
438 0.000000
439 0.000000
440 0.000000
441 0.000000
442 0.000000
443 0.000000
444 0.000000
445 0.000000
446 0.000000
447 0.000000
448 0.000000
449 0.000000
450 0.000000
451 0.000000
452 0.000000
453 0.000000
454 0.000000
455 0.000000
456 0.000000
457 0.000000
458 0.000000
459 0.000000
460 0.000000
461 0.000000
462 0.000000
463 0.000000
464 0.000000
465 0.000000
466 0.000000
467 0.000000
468 0.000000
469 0.000000
470 0.000000
471 0.000000
472 0.000000
473 0.000000
474 0.000000
475 0.000000
476 0.000000
477 0.000000
478 0.000000
479 0.000000
480 0.000000
481 0.000000
482 0.000000
483 0.000000
484 0.000000
485 0.000000
486 0.000000
487 0.000000
488 0.000000
489 0.000000
490 0.000000
491 0.000000
492 0.000000
493 0.000000
494 0.000000
495 0.000000
496 0.000000
497 0.000000
498 0.000000
499 0.000000
500 0.000000
