1 16021241.593285
2 11607922.151001
3 13091612.608450
4 6799876.792425
5 6418239.759991
6 6416823.188526
7 3640231.206437
8 4353257.175832
9 2862997.516943
10 3001796.653486
11 2440332.120029
12 1895261.523072
13 1288336.245029
14 1222040.227850
15 1007059.775320
16 767781.963518
17 680293.054892
18 627765.128290
19 522486.772714
20 342329.010305
21 335906.503054
22 274670.994913
23 285295.334626
24 214200.379434
25 195566.404935
26 158566.777224
27 115781.540367
28 112931.310544
29 80222.155695
30 69993.632711
31 48583.570556
32 55054.755232
33 38283.148927
34 27605.247160
35 20266.683471
36 19940.233251
37 19537.298989
38 15769.065852
39 10618.653829
40 10891.541174
41 8099.105039
42 4944.572503
43 4121.488863
44 3551.975617
45 2706.845211
46 1914.836428
47 2184.032964
48 1600.667107
49 1473.813061
50 1346.570966
51 1210.985380
52 862.994076
53 699.546904
54 516.722357
55 397.736874
56 358.621282
57 298.571843
58 269.325847
59 192.646241
60 158.610394
61 120.872833
62 116.853940
63 86.199572
64 60.464276
65 48.430766
66 44.317381
67 29.114150
68 30.980504
69 16.510280
70 14.057841
71 12.470565
72 9.544382
73 7.297862
74 6.727359
75 5.225521
76 3.816189
77 2.598891
78 2.836572
79 2.355049
80 1.722955
81 1.658870
82 1.274172
83 0.951114
84 0.837933
85 0.597999
86 0.552528
87 0.450137
88 0.352125
89 0.304101
90 0.253871
91 0.173349
92 0.140506
93 0.096644
94 0.064010
95 0.059545
96 0.052377
97 0.036602
98 0.034791
99 0.029302
100 0.027115
101 0.020180
102 0.017074
103 0.011057
104 0.010071
105 0.007322
106 0.006587
107 0.006540
108 0.004600
109 0.003532
110 0.002588
111 0.001960
112 0.001477
113 0.001390
114 0.001054
115 0.000802
116 0.000626
117 0.000454
118 0.000346
119 0.000302
120 0.000239
121 0.000168
122 0.000157
123 0.000123
124 0.000091
125 0.000077
126 0.000070
127 0.000045
128 0.000040
129 0.000032
130 0.000026
131 0.000020
132 0.000018
133 0.000015
134 0.000012
135 0.000008
136 0.000008
137 0.000005
138 0.000004
139 0.000004
140 0.000003
141 0.000002
142 0.000002
143 0.000001
144 0.000001
145 0.000001
146 0.000001
147 0.000001
148 0.000000
149 0.000000
150 0.000000
151 0.000000
152 0.000000
153 0.000000
154 0.000000
155 0.000000
156 0.000000
157 0.000000
158 0.000000
159 0.000000
160 0.000000
161 0.000000
162 0.000000
163 0.000000
164 0.000000
165 0.000000
166 0.000000
167 0.000000
168 0.000000
169 0.000000
170 0.000000
171 0.000000
172 0.000000
173 0.000000
174 0.000000
175 0.000000
176 0.000000
177 0.000000
178 0.000000
179 0.000000
180 0.000000
181 0.000000
182 0.000000
183 0.000000
184 0.000000
185 0.000000
186 0.000000
187 0.000000
188 0.000000
189 0.000000
190 0.000000
191 0.000000
192 0.000000
193 0.000000
194 0.000000
195 0.000000
196 0.000000
197 0.000000
198 0.000000
199 0.000000
200 0.000000
201 0.000000
202 0.000000
203 0.000000
204 0.000000
205 0.000000
206 0.000000
207 0.000000
208 0.000000
209 0.000000
210 0.000000
211 0.000000
212 0.000000
213 0.000000
214 0.000000
215 0.000000
216 0.000000
217 0.000000
218 0.000000
219 0.000000
220 0.000000
221 0.000000
222 0.000000
223 0.000000
224 0.000000
225 0.000000
226 0.000000
227 0.000000
228 0.000000
229 0.000000
230 0.000000
231 0.000000
232 0.000000
233 0.000000
234 0.000000
235 0.000000
236 0.000000
237 0.000000
238 0.000000
239 0.000000
240 0.000000
241 0.000000
242 0.000000
243 0.000000
244 0.000000
245 0.000000
246 0.000000
247 0.000000
248 0.000000
249 0.000000
250 0.000000
251 0.000000
252 0.000000
253 0.000000
254 0.000000
255 0.000000
256 0.000000
257 0.000000
258 0.000000
259 0.000000
260 0.000000
261 0.000000
262 0.000000
263 0.000000
264 0.000000
265 0.000000
266 0.000000
267 0.000000
268 0.000000
269 0.000000
270 0.000000
271 0.000000
272 0.000000
273 0.000000
274 0.000000
275 0.000000
276 0.000000
277 0.000000
278 0.000000
279 0.000000
280 0.000000
281 0.000000
282 0.000000
283 0.000000
284 0.000000
285 0.000000
286 0.000000
287 0.000000
288 0.000000
289 0.000000
290 0.000000
291 0.000000
292 0.000000
293 0.000000
294 0.000000
295 0.000000
296 0.000000
297 0.000000
298 0.000000
299 0.000000
300 0.000000
301 0.000000
302 0.000000
303 0.000000
304 0.000000
305 0.000000
306 0.000000
307 0.000000
308 0.000000
309 0.000000
310 0.000000
311 0.000000
312 0.000000
313 0.000000
314 0.000000
315 0.000000
316 0.000000
317 0.000000
318 0.000000
319 0.000000
320 0.000000
321 0.000000
322 0.000000
323 0.000000
324 0.000000
325 0.000000
326 0.000000
327 0.000000
328 0.000000
329 0.000000
330 0.000000
331 0.000000
332 0.000000
333 0.000000
334 0.000000
335 0.000000
336 0.000000
337 0.000000
338 0.000000
339 0.000000
340 0.000000
341 0.000000
342 0.000000
343 0.000000
344 0.000000
345 0.000000
346 0.000000
347 0.000000
348 0.000000
349 0.000000
350 0.000000
351 0.000000
352 0.000000
353 0.000000
354 0.000000
355 0.000000
356 0.000000
357 0.000000
358 0.000000
359 0.000000
360 0.000000
361 0.000000
362 0.000000
363 0.000000
364 0.000000
365 0.000000
366 0.000000
367 0.000000
368 0.000000
369 0.000000
370 0.000000
371 0.000000
372 0.000000
373 0.000000
374 0.000000
375 0.000000
376 0.000000
377 0.000000
378 0.000000
379 0.000000
380 0.000000
381 0.000000
382 0.000000
383 0.000000
384 0.000000
385 0.000000
386 0.000000
387 0.000000
388 0.000000
389 0.000000
390 0.000000
391 0.000000
392 0.000000
393 0.000000
394 0.000000
395 0.000000
396 0.000000
397 0.000000
398 0.000000
399 0.000000
400 0.000000
401 0.000000
402 0.000000
403 0.000000
404 0.000000
405 0.000000
406 0.000000
407 0.000000
408 0.000000
409 0.000000
410 0.000000
411 0.000000
412 0.000000
413 0.000000
414 0.000000
415 0.000000
416 0.000000
417 0.000000
418 0.000000
419 0.000000
420 0.000000
421 0.000000
422 0.000000
423 0.000000
424 0.000000
425 0.000000
426 0.000000
427 0.000000
428 0.000000
429 0.000000
430 0.000000
431 0.000000
432 0.000000
433 0.000000
434 0.000000
435 0.000000
436 0.000000
437 0.000000
438 0.000000
439 0.000000
440 0.000000
441 0.000000
442 0.000000
443 0.000000
444 0.000000
445 0.000000
446 0.000000
447 0.000000
448 0.000000
449 0.000000
450 0.000000
451 0.000000
452 0.000000
453 0.000000
454 0.000000
455 0.000000
456 0.000000
457 0.000000
458 0.000000
459 0.000000
460 0.000000
461 0.000000
462 0.000000
463 0.000000
464 0.000000
465 0.000000
466 0.000000
467 0.000000
468 0.000000
469 0.000000
470 0.000000
471 0.000000
472 0.000000
473 0.000000
474 0.000000
475 0.000000
476 0.000000
477 0.000000
478 0.000000
479 0.000000
480 0.000000
481 0.000000
482 0.000000
483 0.000000
484 0.000000
485 0.000000
486 0.000000
487 0.000000
488 0.000000
489 0.000000
490 0.000000
491 0.000000
492 0.000000
493 0.000000
494 0.000000
495 0.000000
496 0.000000
497 0.000000
498 0.000000
499 0.000000
500 0.000000
