1 1496743.717880
2 1474472.960724
3 1764440.905194
4 1885795.781122
5 1967974.444627
6 1811924.761893
7 1922601.202433
8 1874643.607448
9 1859761.457963
10 1882006.999401
11 1770103.154848
12 1729402.731009
13 1639597.613347
14 1548129.065287
15 1529177.013658
16 1369769.394951
17 1332873.174567
18 1271057.023763
19 1289362.608867
20 1137622.995599
21 1097604.025175
22 1040367.634282
23 1027929.402230
24 918969.942466
25 854214.488671
26 808032.510196
27 801321.881468
28 697661.406514
29 610774.215636
30 647383.502295
31 595197.704248
32 572175.494672
33 501708.625795
34 479346.424983
35 436381.910533
36 407990.539724
37 380552.534230
38 360604.709069
39 329668.966809
40 311851.248163
41 276905.120618
42 251748.645036
43 233961.451936
44 225171.504688
45 208827.793647
46 187923.199385
47 169153.110091
48 160557.527623
49 135657.369819
50 126521.994256
51 112057.295959
52 101843.864900
53 93866.198083
54 81504.512099
55 69694.514050
56 62805.681349
57 56217.779993
58 48209.882119
59 44429.148294
60 39225.162259
61 37520.610515
62 33282.044007
63 31255.067966
64 27563.906322
65 24512.432377
66 21873.416081
67 18408.402422
68 15735.920178
69 14222.907029
70 13233.043742
71 11351.809492
72 10468.119517
73 8914.831240
74 7723.603903
75 6787.653110
76 6278.227236
77 5723.992229
78 5117.437284
79 4565.978838
80 4099.907433
81 3615.414456
82 3254.410425
83 2870.230012
84 2537.269172
85 2207.887596
86 1906.771360
87 1678.266932
88 1496.832787
89 1350.700077
90 1173.355144
91 1040.072897
92 901.007255
93 773.459431
94 708.434535
95 636.371279
96 560.961679
97 490.317908
98 428.553629
99 379.385407
100 303.503937
101 270.638788
102 240.568090
103 201.451290
104 180.335075
105 151.089689
106 136.983152
107 123.062465
108 110.670603
109 98.634549
110 84.801248
111 70.825960
112 67.844012
113 58.278468
114 49.758832
115 44.566267
116 39.367408
117 32.297926
118 28.395175
119 24.141530
120 20.941003
121 16.910825
122 15.207059
123 12.459303
124 11.391615
125 9.564868
126 8.342405
127 7.241037
128 6.193013
129 5.267706
130 4.657335
131 4.038812
132 3.459012
133 3.026584
134 2.666675
135 2.143328
136 2.016526
137 1.770319
138 1.557044
139 1.390996
140 1.224698
141 1.066942
142 0.948938
143 0.844730
144 0.738990
145 0.648006
146 0.565157
147 0.494102
148 0.441083
149 0.389179
150 0.345608
151 0.305151
152 0.258733
153 0.228727
154 0.200331
155 0.180887
156 0.160503
157 0.145356
158 0.128655
159 0.111726
160 0.099593
161 0.088478
162 0.075852
163 0.068803
164 0.057750
165 0.053463
166 0.047278
167 0.042690
168 0.037841
169 0.033640
170 0.030667
171 0.027570
172 0.024351
173 0.022255
174 0.019309
175 0.017250
176 0.015507
177 0.013836
178 0.012509
179 0.011254
180 0.010194
181 0.009358
182 0.008187
183 0.007354
184 0.006779
185 0.006016
186 0.005312
187 0.004742
188 0.004255
189 0.003807
190 0.003436
191 0.003168
192 0.002909
193 0.002546
194 0.002405
195 0.002140
196 0.001959
197 0.001772
198 0.001571
199 0.001412
200 0.001266
201 0.001175
202 0.001072
203 0.000971
204 0.000873
205 0.000792
206 0.000724
207 0.000666
208 0.000589
209 0.000529
210 0.000474
211 0.000431
212 0.000379
213 0.000350
214 0.000322
215 0.000293
216 0.000267
217 0.000243
218 0.000220
219 0.000206
220 0.000191
221 0.000175
222 0.000158
223 0.000143
224 0.000132
225 0.000121
226 0.000113
227 0.000104
228 0.000097
229 0.000089
230 0.000083
231 0.000076
232 0.000070
233 0.000066
234 0.000061
235 0.000056
236 0.000051
237 0.000046
238 0.000044
239 0.000040
240 0.000038
241 0.000035
242 0.000032
243 0.000030
244 0.000027
245 0.000026
246 0.000024
247 0.000023
248 0.000021
249 0.000020
250 0.000019
251 0.000018
252 0.000016
253 0.000015
254 0.000014
255 0.000013
256 0.000012
257 0.000011
258 0.000010
259 0.000010
260 0.000009
261 0.000009
262 0.000008
263 0.000008
264 0.000007
265 0.000007
266 0.000006
267 0.000006
268 0.000006
269 0.000005
270 0.000005
271 0.000005
272 0.000004
273 0.000004
274 0.000004
275 0.000004
276 0.000003
277 0.000003
278 0.000003
279 0.000003
280 0.000003
281 0.000003
282 0.000003
283 0.000002
284 0.000002
285 0.000002
286 0.000002
287 0.000002
288 0.000002
289 0.000002
290 0.000002
291 0.000002
292 0.000001
293 0.000001
294 0.000001
295 0.000001
296 0.000001
297 0.000001
298 0.000001
299 0.000001
300 0.000001
301 0.000001
302 0.000001
303 0.000001
304 0.000001
305 0.000001
306 0.000001
307 0.000001
308 0.000001
309 0.000001
310 0.000001
311 0.000001
312 0.000001
313 0.000000
314 0.000000
315 0.000000
316 0.000000
317 0.000000
318 0.000000
319 0.000000
320 0.000000
321 0.000000
322 0.000000
323 0.000000
324 0.000000
325 0.000000
326 0.000000
327 0.000000
328 0.000000
329 0.000000
330 0.000000
331 0.000000
332 0.000000
333 0.000000
334 0.000000
335 0.000000
336 0.000000
337 0.000000
338 0.000000
339 0.000000
340 0.000000
341 0.000000
342 0.000000
343 0.000000
344 0.000000
345 0.000000
346 0.000000
347 0.000000
348 0.000000
349 0.000000
350 0.000000
351 0.000000
352 0.000000
353 0.000000
354 0.000000
355 0.000000
356 0.000000
357 0.000000
358 0.000000
359 0.000000
360 0.000000
361 0.000000
362 0.000000
363 0.000000
364 0.000000
365 0.000000
366 0.000000
367 0.000000
368 0.000000
369 0.000000
370 0.000000
371 0.000000
372 0.000000
373 0.000000
374 0.000000
375 0.000000
376 0.000000
377 0.000000
378 0.000000
379 0.000000
380 0.000000
381 0.000000
382 0.000000
383 0.000000
384 0.000000
385 0.000000
386 0.000000
387 0.000000
388 0.000000
389 0.000000
390 0.000000
391 0.000000
392 0.000000
393 0.000000
394 0.000000
395 0.000000
396 0.000000
397 0.000000
398 0.000000
399 0.000000
400 0.000000
401 0.000000
402 0.000000
403 0.000000
404 0.000000
405 0.000000
406 0.000000
407 0.000000
408 0.000000
409 0.000000
410 0.000000
411 0.000000
412 0.000000
413 0.000000
414 0.000000
415 0.000000
416 0.000000
417 0.000000
418 0.000000
419 0.000000
420 0.000000
421 0.000000
422 0.000000
423 0.000000
424 0.000000
425 0.000000
426 0.000000
427 0.000000
428 0.000000
429 0.000000
430 0.000000
431 0.000000
432 0.000000
433 0.000000
434 0.000000
435 0.000000
436 0.000000
437 0.000000
438 0.000000
439 0.000000
440 0.000000
441 0.000000
442 0.000000
443 0.000000
444 0.000000
445 0.000000
446 0.000000
447 0.000000
448 0.000000
449 0.000000
450 0.000000
451 0.000000
452 0.000000
453 0.000000
454 0.000000
455 0.000000
456 0.000000
457 0.000000
458 0.000000
459 0.000000
460 0.000000
461 0.000000
462 0.000000
463 0.000000
464 0.000000
465 0.000000
466 0.000000
467 0.000000
468 0.000000
469 0.000000
470 0.000000
471 0.000000
472 0.000000
473 0.000000
474 0.000000
475 0.000000
476 0.000000
477 0.000000
478 0.000000
479 0.000000
480 0.000000
481 0.000000
482 0.000000
483 0.000000
484 0.000000
485 0.000000
486 0.000000
487 0.000000
488 0.000000
489 0.000000
490 0.000000
491 0.000000
492 0.000000
493 0.000000
494 0.000000
495 0.000000
496 0.000000
497 0.000000
498 0.000000
499 0.000000
500 0.000000
