1 4650080.327058
2 7108785.367940
3 15939812.353097
4 27310019.830737
5 44925715.239170
6 73264141.061598
7 60525526.765439
8 130061258.199430
9 102683017.736436
10 206999128.266696
11 370536493.072442
12 464144774.567660
13 471672489.482713
14 528669817.991515
15 527809000.419416
16 357002407.432828
17 350883041.201712
18 680551094.021158
19 519786479.854533
20 1463515331.793277
21 1587042879.612038
22 2694720220.590062
23 1939567939.727561
24 2343491652.799247
25 1527496972.544176
26 2438724015.707412
27 2072267680.195797
28 3012679018.343697
29 4552911641.959380
30 3721489163.983134
31 6080978844.660237
32 6856120738.361708
33 5005699696.079382
34 4304918289.732270
35 4855065086.611486
36 4548252738.855262
37 11419554447.196587
38 10638834543.994551
39 17244421425.077957
40 15359108614.220213
41 12967577044.652655
42 17164218405.933712
43 14492128074.056158
44 25320756614.855396
45 29902009340.612736
46 32221720439.526382
47 38893457560.875656
48 64409893334.069916
49 41973444428.879066
50 78427389708.892761
51 75469800930.501587
52 89904927659.012772
53 75429490217.596817
54 72626776852.701630
55 179260432456.311890
56 222835783203.045685
57 147844756974.294617
58 377358171504.806213
59 271475686426.172852
60 269925924456.440674
61 307569723617.923340
62 213004576434.789673
63 224471780180.893341
64 294632480697.827637
65 297705288801.750488
66 178630476791.461761
67 264467936794.272827
68 217069316538.122223
69 318762566325.564636
70 221438859088.945770
71 215295364234.017426
72 173009717126.747833
73 172206510566.344391
74 133117808490.076935
75 138567157588.626312
76 97162417427.090302
77 147564824051.376495
78 120876130281.879059
79 113756769495.776917
80 131727977629.566391
81 109678793491.801834
82 81234214119.955032
83 84097514858.688675
84 84228480595.494446
85 99883541750.637711
86 91699424264.642807
87 99727064783.907974
88 65701022710.748566
89 52380488151.625153
90 49368699090.218292
91 65043505080.786163
92 52466581478.439560
93 44635619376.885490
94 94770548526.240799
95 68009619964.224442
96 63937749548.348122
97 62642586037.030182
98 50505556665.566093
99 48319030986.710388
100 64888529511.066063
101 41380746078.705910
102 34620600296.873230
103 30204325149.255836
104 51073458885.108963
105 26852412818.539387
106 40498510026.828484
107 30659083340.555374
108 45274612448.315155
109 26379281699.175873
110 33845657647.903320
111 44182780992.724121
112 28009934286.458511
113 21020438056.822975
114 22642588911.710365
115 14918658380.454773
116 8954593468.498465
117 8792617287.467993
118 8657031984.484818
119 5596658541.245163
120 4897039793.367667
121 4202124416.889987
122 4331019692.488435
123 2430926878.416633
124 1724890805.521275
125 1958751045.185946
126 1433251778.316893
127 1432941195.325032
128 1311320493.587068
129 817387083.235921
130 603781892.756977
131 558087532.302093
132 404194136.841605
133 309334951.769979
134 213536152.224081
135 227545863.385023
136 127780256.014143
137 94587027.108092
138 92504478.558459
139 83850821.059144
140 57442210.327365
141 63165694.754415
142 31144939.289958
143 33339596.046575
144 24917865.525372
145 29470109.774220
146 29550047.239514
147 28465700.481461
148 22926592.456852
149 11554412.397226
150 10255297.189174
151 4792348.231330
152 4411859.874490
153 2890502.174659
154 2224111.142885
155 1402121.537581
156 680613.128369
157 978890.476083
158 937558.809483
159 746295.150539
160 752218.664945
161 653732.341186
162 429608.873722
163 222171.897009
164 170102.050118
165 136725.587771
166 100036.865559
167 57642.457138
168 42655.751665
169 29258.722020
170 20748.076420
171 17886.909758
172 5809.876740
173 6801.438270
174 3598.395002
175 2339.468272
176 1551.595771
177 1143.093636
178 1194.761492
179 844.500989
180 469.365415
181 259.376355
182 242.395107
183 161.973694
184 103.669171
185 88.152460
186 97.734764
187 73.977897
188 57.762447
189 35.763642
190 30.311171
191 22.965563
192 12.339160
193 8.487577
194 4.198785
195 3.785790
196 3.384493
197 2.675982
198 2.076367
199 0.927304
200 0.582857
201 0.430431
202 0.297002
203 0.328854
204 0.204369
205 0.132865
206 0.093919
207 0.064834
208 0.040201
209 0.039382
210 0.027970
211 0.026448
212 0.012668
213 0.011050
214 0.005681
215 0.003666
216 0.001977
217 0.001787
218 0.000899
219 0.000723
220 0.000644
221 0.000409
222 0.000220
223 0.000214
224 0.000110
225 0.000071
226 0.000069
227 0.000036
228 0.000025
229 0.000011
230 0.000010
231 0.000009
232 0.000004
233 0.000003
234 0.000003
235 0.000001
236 0.000001
237 0.000001
238 0.000000
239 0.000000
240 0.000000
241 0.000000
242 0.000000
243 0.000000
244 0.000000
245 0.000000
246 0.000000
247 0.000000
248 0.000000
249 0.000000
250 0.000000
251 0.000000
252 0.000000
253 0.000000
254 0.000000
255 0.000000
256 0.000000
257 0.000000
258 0.000000
259 0.000000
260 0.000000
261 0.000000
262 0.000000
263 0.000000
264 0.000000
265 0.000000
266 0.000000
267 0.000000
268 0.000000
269 0.000000
270 0.000000
271 0.000000
272 0.000000
273 0.000000
274 0.000000
275 0.000000
276 0.000000
277 0.000000
278 0.000000
279 0.000000
280 0.000000
281 0.000000
282 0.000000
283 0.000000
284 0.000000
285 0.000000
286 0.000000
287 0.000000
288 0.000000
289 0.000000
290 0.000000
291 0.000000
292 0.000000
293 0.000000
294 0.000000
295 0.000000
296 0.000000
297 0.000000
298 0.000000
299 0.000000
300 0.000000
301 0.000000
302 0.000000
303 0.000000
304 0.000000
305 0.000000
306 0.000000
307 0.000000
308 0.000000
309 0.000000
310 0.000000
311 0.000000
312 0.000000
313 0.000000
314 0.000000
315 0.000000
316 0.000000
317 0.000000
318 0.000000
319 0.000000
320 0.000000
321 0.000000
322 0.000000
323 0.000000
324 0.000000
325 0.000000
326 0.000000
327 0.000000
328 0.000000
329 0.000000
330 0.000000
331 0.000000
332 0.000000
333 0.000000
334 0.000000
335 0.000000
336 0.000000
337 0.000000
338 0.000000
339 0.000000
340 0.000000
341 0.000000
342 0.000000
343 0.000000
344 0.000000
345 0.000000
346 0.000000
347 0.000000
348 0.000000
349 0.000000
350 0.000000
351 0.000000
352 0.000000
353 0.000000
354 0.000000
355 0.000000
356 0.000000
357 0.000000
358 0.000000
359 0.000000
360 0.000000
361 0.000000
362 0.000000
363 0.000000
364 0.000000
365 0.000000
366 0.000000
367 0.000000
368 0.000000
369 0.000000
370 0.000000
371 0.000000
372 0.000000
373 0.000000
374 0.000000
375 0.000000
376 0.000000
377 0.000000
378 0.000000
379 0.000000
380 0.000000
381 0.000000
382 0.000000
383 0.000000
384 0.000000
385 0.000000
386 0.000000
387 0.000000
388 0.000000
389 0.000000
390 0.000000
391 0.000000
392 0.000000
393 0.000000
394 0.000000
395 0.000000
396 0.000000
397 0.000000
398 0.000000
399 0.000000
400 0.000000
401 0.000000
402 0.000000
403 0.000000
404 0.000000
405 0.000000
406 0.000000
407 0.000000
408 0.000000
409 0.000000
410 0.000000
411 0.000000
412 0.000000
413 0.000000
414 0.000000
415 0.000000
416 0.000000
417 0.000000
418 0.000000
419 0.000000
420 0.000000
421 0.000000
422 0.000000
423 0.000000
424 0.000000
425 0.000000
426 0.000000
427 0.000000
428 0.000000
429 0.000000
430 0.000000
431 0.000000
432 0.000000
433 0.000000
434 0.000000
435 0.000000
436 0.000000
437 0.000000
438 0.000000
439 0.000000
440 0.000000
441 0.000000
442 0.000000
443 0.000000
444 0.000000
445 0.000000
446 0.000000
447 0.000000
448 0.000000
449 0.000000
450 0.000000
451 0.000000
452 0.000000
453 0.000000
454 0.000000
455 0.000000
456 0.000000
457 0.000000
458 0.000000
459 0.000000
460 0.000000
461 0.000000
462 0.000000
463 0.000000
464 0.000000
465 0.000000
466 0.000000
467 0.000000
468 0.000000
469 0.000000
470 0.000000
471 0.000000
472 0.000000
473 0.000000
474 0.000000
475 0.000000
476 0.000000
477 0.000000
478 0.000000
479 0.000000
480 0.000000
481 0.000000
482 0.000000
483 0.000000
484 0.000000
485 0.000000
486 0.000000
487 0.000000
488 0.000000
489 0.000000
490 0.000000
491 0.000000
492 0.000000
493 0.000000
494 0.000000
495 0.000000
496 0.000000
497 0.000000
498 0.000000
499 0.000000
500 0.000000
