1 4170513.030233
2 5214910.282147
3 4849460.355004
4 9561984.446462
5 10582291.360071
6 11896316.413827
7 11462816.055612
8 15252204.688475
9 11214624.324949
10 14644475.151774
11 13598812.234123
12 14507982.847665
13 17101685.963448
14 15921370.680764
15 20598239.197634
16 21434124.197691
17 22316050.444863
18 21743063.309316
19 33032040.881970
20 29997652.162084
21 28073063.544343
22 33756545.067034
23 36868069.871945
24 30347084.602007
25 28527575.682599
26 35293369.266090
27 31836103.888319
28 32413465.322253
29 25690193.585385
30 30396634.055779
31 36525161.587545
32 33416085.580971
33 34337377.052448
34 35403388.533460
35 27616439.275192
36 33184448.258763
37 38132341.927294
38 38207356.099075
39 42389833.514527
40 49927928.142972
41 45978298.483367
42 59798841.450762
43 51941771.732786
44 49338705.060893
45 48320920.700582
46 46245797.180218
47 46365321.765475
48 63021244.981109
49 46929544.242077
50 44012985.865069
51 46486809.146364
52 40220532.287462
53 33111207.040253
54 35341175.741443
55 25101324.137372
56 27716092.112029
57 21358671.480202
58 18515669.234163
59 28708290.142406
60 20859427.546987
61 17707440.141939
62 22060294.273384
63 18838866.035900
64 21700710.198937
65 18450724.328091
66 19985255.471946
67 27905913.835003
68 27294983.459669
69 25112743.820023
70 20867856.502185
71 18849198.627549
72 20968960.972985
73 26308423.726137
74 26890854.013483
75 36575726.749412
76 30602764.557779
77 28015919.829114
78 22591324.699418
79 22493221.963990
80 21640083.504972
81 21250734.036551
82 21650255.255532
83 25487771.558926
84 22003476.699147
85 24172741.580648
86 21497021.514409
87 18212102.437986
88 20941426.126363
89 17942653.522267
90 18324511.556100
91 15289848.712091
92 10836296.912654
93 10668991.122308
94 12972999.411154
95 11535315.552680
96 10547695.882733
97 10538016.317621
98 12704119.372056
99 10163001.816483
100 9327514.096082
101 6541599.686265
102 8266423.269346
103 6529837.147507
104 7457787.140605
105 6335963.610027
106 6774111.035508
107 8439967.139310
108 6897499.592857
109 7843875.735634
110 7841292.137578
111 6528082.775781
112 7324149.576184
113 9984407.055846
114 6707057.454930
115 7882674.708916
116 6086343.528647
117 6617632.054069
118 7497332.002052
119 4658976.136715
120 5206748.228401
121 4271220.775047
122 4334697.248261
123 4751582.374597
124 4216195.297278
125 2811631.553446
126 2328254.743068
127 2486933.054432
128 2132468.699523
129 2305343.097221
130 1623688.461033
131 1247769.006643
132 1430712.950582
133 1404078.578895
134 1024772.475822
135 720363.415971
136 680565.201246
137 727201.247474
138 723992.056882
139 686203.658786
140 612508.831379
141 595636.166483
142 668555.910394
143 482901.965383
144 448331.549393
145 559557.027340
146 529882.710540
147 524504.483434
148 430047.784013
149 422996.810228
150 254156.313189
151 326602.133022
152 282812.872349
153 249246.636220
154 244400.928806
155 237806.069021
156 159208.721225
157 220079.275463
158 170821.809660
159 164078.966683
160 134052.008396
161 138604.826128
162 133786.747459
163 113262.390798
164 127565.287378
165 129276.277760
166 117863.487436
167 110812.878911
168 122664.097490
169 85540.492759
170 76238.406212
171 78043.643939
172 84887.709293
173 87237.435812
174 85105.571019
175 68666.732546
176 54969.815862
177 56736.549287
178 59483.293128
179 57911.203991
180 59346.518302
181 72021.814083
182 68343.665178
183 68654.148838
184 73271.792837
185 71655.687063
186 59286.537791
187 46848.219388
188 43764.878584
189 46106.920528
190 41024.227459
191 40725.046767
192 34220.059137
193 38309.879037
194 36200.481447
195 35808.065583
196 27497.457580
197 28020.765697
198 24779.540594
199 25962.437017
200 30913.530325
201 30397.181770
202 28591.571740
203 29627.451764
204 26683.417812
205 23563.598016
206 24587.265853
207 17820.009705
208 14196.860449
209 12459.401105
210 15212.837866
211 10659.253874
212 8417.234017
213 8343.844874
214 8416.750911
215 8458.759554
216 7466.092736
217 6930.523766
218 7037.987978
219 6182.889833
220 5808.045314
221 6091.656095
222 4569.187539
223 4685.563137
224 4088.968569
225 4166.852834
226 4259.109020
227 4807.740851
228 3891.804263
229 3401.384768
230 2286.782910
231 2459.487388
232 2407.833264
233 2106.993578
234 2197.409236
235 1965.283011
236 2114.046147
237 1910.040485
238 2184.638906
239 1946.233689
240 1395.294248
241 1534.073714
242 1208.893958
243 1229.543674
244 1030.507401
245 1098.013119
246 1052.687196
247 1209.143958
248 1116.182235
249 1187.398944
250 1092.616700
251 1206.618821
252 1170.156027
253 1075.349540
254 909.177221
255 805.815757
256 698.692796
257 702.124803
258 651.027015
259 618.816919
260 585.740892
261 530.424448
262 477.596643
263 492.808874
264 503.552700
265 497.037279
266 511.817387
267 473.199928
268 503.301687
269 432.363141
270 442.592290
271 414.037049
272 384.966161
273 344.421901
274 340.109869
275 281.539233
276 288.636298
277 238.357143
278 233.270746
279 199.208218
280 207.066285
281 163.754687
282 150.992208
283 144.123307
284 140.341489
285 143.125174
286 140.793204
287 133.367810
288 135.474010
289 130.548908
290 121.583469
291 118.402891
292 108.068900
293 112.980526
294 105.397483
295 101.703556
296 103.812264
297 94.101830
298 91.009924
299 88.517278
300 86.102408
301 85.842624
302 91.303312
303 77.835110
304 76.886632
305 73.017340
306 69.889854
307 69.897196
308 70.848579
309 65.443627
310 62.518370
311 63.757685
312 59.882071
313 55.057528
314 56.685631
315 58.810477
316 59.232482
317 51.834713
318 48.139811
319 46.181672
320 46.753622
321 45.037669
322 39.960619
323 39.337606
324 40.114253
325 37.460651
326 38.333571
327 34.365894
328 33.983263
329 31.215486
330 29.265082
331 27.686338
332 27.675681
333 25.090039
334 25.443360
335 25.657743
336 25.518427
337 25.685634
338 24.149701
339 22.254762
340 21.462602
341 21.059100
342 19.187683
343 19.026021
344 20.258568
345 19.115436
346 18.233166
347 19.161399
348 18.025227
349 17.325427
350 16.953513
351 17.626447
352 17.600839
353 16.930930
354 16.285265
355 14.792787
356 15.389451
357 13.714744
358 13.362745
359 13.293881
360 12.632373
361 12.143655
362 11.918430
363 11.439582
364 10.705986
365 10.659388
366 9.605665
367 9.006753
368 8.763532
369 8.295082
370 8.411750
371 7.992748
372 7.879060
373 7.769323
374 7.710931
375 7.305655
376 7.532362
377 7.049507
378 7.300468
379 7.381936
380 7.159643
381 7.115733
382 7.074052
383 7.309832
384 6.478788
385 6.234172
386 5.727824
387 5.407208
388 5.586247
389 5.337661
390 4.934723
391 4.700222
392 4.725753
393 4.724424
394 4.653162
395 4.386910
396 4.362500
397 4.316205
398 4.418219
399 4.476014
400 4.637544
401 4.547989
402 4.340945
403 4.124660
404 4.150419
405 4.122789
406 4.270148
407 4.349770
408 4.210932
409 4.175342
410 4.027913
411 3.861256
412 3.697029
413 3.679165
414 3.590074
415 3.604922
416 3.643375
417 3.578088
418 3.650355
419 3.560496
420 3.558708
421 3.523512
422 3.570852
423 3.567163
424 3.388842
425 3.295375
426 3.285537
427 3.311157
428 3.080652
429 3.081162
430 3.133655
431 3.159523
432 3.085090
433 3.051036
434 3.147538
435 3.032131
436 3.017035
437 2.949908
438 2.847901
439 2.899707
440 2.851208
441 2.811856
442 2.713700
443 2.744141
444 2.642618
445 2.646796
446 2.656693
447 2.639094
448 2.607490
449 2.593817
450 2.569914
451 2.533549
452 2.525614
453 2.472038
454 2.447205
455 2.415705
456 2.393433
457 2.336078
458 2.330306
459 2.338505
460 2.284289
461 2.276346
462 2.258857
463 2.233803
464 2.208918
465 2.210879
466 2.199401
467 2.165099
468 2.135414
469 2.126335
470 2.099007
471 2.071766
472 2.068409
473 2.068400
474 2.050847
475 2.045249
476 2.017645
477 1.996192
478 1.984573
479 1.980560
480 1.968381
481 1.958748
482 1.944576
483 1.932114
484 1.913567
485 1.902634
486 1.898437
487 1.888782
488 1.884027
489 1.880479
490 1.874545
491 1.868759
492 1.864592
493 1.860614
494 1.856037
495 1.851717
496 1.849542
497 1.846921
498 1.843356
499 1.842110
500 1.841401
