1 inf
2 inf
3 inf
4 inf
5 inf
6 inf
7 inf
8 inf
9 inf
10 inf
11 inf
12 inf
13 inf
14 inf
15 inf
16 inf
17 inf
18 inf
19 inf
20 inf
21 inf
22 inf
23 inf
24 inf
25 inf
26 inf
27 inf
28 inf
29 inf
30 inf
31 inf
32 inf
33 inf
34 inf
35 inf
36 inf
37 inf
38 inf
39 inf
40 inf
41 inf
42 inf
43 inf
44 inf
45 inf
46 inf
47 inf
48 inf
49 inf
50 inf
51 20166285442556201212291265590780598371625545208745461592172619402198456150947404317915447430908091720865530061741944667141696184384352205221744894338899398933056070483493077400852664151162648787272605377809035645624383674325543907281899127738827752527069358261488924597245194607886381681314332093202825216.000000
52 395096551227855658801549627668540747035120093400506270075469693252748542898561328435401759065595541892039917608043403081338861494001837765888613909056215678300537702265687340279920460400061779818807121833833518673262746527104206288818465484575423075337687280396360688169986415461924864.000000
53 11311204492831870415612493737841293171351489307470224899885763132381814807543824363648189175662437508251056121923557520722823464362317213012157588270101355809131665878107243630296621432606270333380437577731828750881785504195203539356484021749981328446515362888941568.000000
54 475222599791883756604625253375084297522239042610985646364651793903003580264506988525666719602360149942524718809285625825581464894548049715121936169898122736694533321645840881047125108784597544287379674238971956654543503679627234551791616.000000
55 354849288618413135213469684260243199508373511772915119392488738851554012344312706770878104274634568399436885778681509969511332105340083222835942253010652151526983353142298680898869468440913804321413206734863653285134336.000000
56 1535506804354266104228794556758705427430433562981735706532668839477183946899046125551636704648274375160707969914276567912249996074565063125786289170432735861205128670532812837121903670534601832913370019610492928.000000
57 391100916841695598242561230621877856779748035307099359971940386775653207663330100186438329910623676212396933826361771485528705602003253667574418456121378720303697751958335720163624095842304.000000
58 107014732553745148239897574076406991623174178507724747570589753731119425936744640882460388158724154717684163158310691229570724677225436963983132906523777997707373418830102528.000000
59 340296326866540638147884057312279510513705815670023100677560166610409574192500181035823075778252615217808301957825533821723180799531284156452069990989824.000000
60 1142220406702666957539327857818695965469127688422770842008023330815972873871496279523486542449581766552881712868938669904202424366661632.000000
61 107302904837235246845664902192805928307482230740857083973996216554671796667417990248049204787024051462413581037862912.000000
62 276302438097446066050820731251795794423316199216439276095934641416158328119020764269893822716051456.000000
63 10288893309013892502975553669730351726900433292138056234640527687330245378048.000000
64 16496216653731284303400464820477456845145787046255656960.000000
65 924411620479641078794222885754896384.000000
66 341319635041669888344064.000000
67 31076.857539
68 17222.760065
69 14239.355435
70 10750.295026
71 9484.937823
72 7741.443054
73 6733.004051
74 5640.120493
75 5018.896003
76 4210.486116
77 3749.411884
78 3415.507363
79 2944.451285
80 2651.149426
81 2364.438683
82 2105.078661
83 1789.527812
84 1658.354484
85 1505.156734
86 1323.630264
87 1171.250912
88 1059.366522
89 951.900200
90 818.390508
91 752.119741
92 664.337348
93 602.465795
94 543.240561
95 481.423489
96 443.831662
97 392.312206
98 354.450614
99 318.601841
100 289.350065
101 263.940094
102 240.872301
103 219.952228
104 200.227191
105 182.937845
106 167.048661
107 148.468623
108 139.352718
109 129.213690
110 118.250319
111 106.422932
112 98.119094
113 87.500622
114 79.784883
115 71.311314
116 63.313332
117 58.941345
118 53.568530
119 48.558730
120 45.235992
121 41.445421
122 36.905338
123 33.855748
124 31.035351
125 28.630554
126 26.356445
127 23.887724
128 21.884955
129 19.868056
130 18.472856
131 16.500483
132 15.082007
133 14.176763
134 13.028142
135 11.806463
136 10.797392
137 9.805821
138 8.920986
139 8.333984
140 7.554052
141 7.017944
142 6.416580
143 5.949869
144 5.483909
145 5.150338
146 4.739268
147 4.423260
148 4.104605
149 3.796672
150 3.522278
151 3.253138
152 2.976500
153 2.813005
154 2.606944
155 2.391062
156 2.201353
157 2.079260
158 1.908958
159 1.754636
160 1.635866
161 1.516089
162 1.398256
163 1.291615
164 1.199678
165 1.107013
166 1.023181
167 0.964369
168 0.884243
169 0.841674
170 0.765640
171 0.730664
172 0.681231
173 0.639631
174 0.601317
175 0.562498
176 0.523946
177 0.494312
178 0.464168
179 0.434833
180 0.411466
181 0.381942
182 0.361591
183 0.341235
184 0.321110
185 0.300788
186 0.281542
187 0.266717
188 0.250881
189 0.236851
190 0.222162
191 0.209412
192 0.197302
193 0.186449
194 0.175616
195 0.165349
196 0.157209
197 0.149743
198 0.140073
199 0.132849
200 0.126250
201 0.117906
202 0.111401
203 0.104980
204 0.098833
205 0.093626
206 0.089502
207 0.084966
208 0.080590
209 0.075665
210 0.072164
211 0.068764
212 0.064384
213 0.061467
214 0.058222
215 0.055529
216 0.051963
217 0.049397
218 0.047577
219 0.045213
220 0.043100
221 0.041207
222 0.039235
223 0.037210
224 0.035637
225 0.034015
226 0.032389
227 0.030967
228 0.029660
229 0.028193
230 0.027111
231 0.025822
232 0.024811
233 0.023447
234 0.022522
235 0.021653
236 0.020752
237 0.019889
238 0.018989
239 0.018207
240 0.017457
241 0.016770
242 0.016021
243 0.015385
244 0.014828
245 0.014281
246 0.013729
247 0.013237
248 0.012728
249 0.012262
250 0.011817
251 0.011304
252 0.010931
253 0.010523
254 0.010082
255 0.009702
256 0.009300
257 0.009063
258 0.008773
259 0.008439
260 0.008072
261 0.007838
262 0.007575
263 0.007247
264 0.006996
265 0.006776
266 0.006568
267 0.006355
268 0.006135
269 0.005921
270 0.005737
271 0.005506
272 0.005349
273 0.005179
274 0.004975
275 0.004858
276 0.004670
277 0.004527
278 0.004408
279 0.004254
280 0.004142
281 0.004026
282 0.003913
283 0.003788
284 0.003684
285 0.003568
286 0.003464
287 0.003360
288 0.003264
289 0.003172
290 0.003077
291 0.002970
292 0.002899
293 0.002826
294 0.002744
295 0.002664
296 0.002603
297 0.002518
298 0.002455
299 0.002397
300 0.002334
301 0.002272
302 0.002204
303 0.002131
304 0.002078
305 0.002029
306 0.001974
307 0.001929
308 0.001884
309 0.001826
310 0.001782
311 0.001741
312 0.001701
313 0.001655
314 0.001617
315 0.001584
316 0.001545
317 0.001510
318 0.001477
319 0.001440
320 0.001403
321 0.001376
322 0.001342
323 0.001308
324 0.001278
325 0.001245
326 0.001221
327 0.001195
328 0.001171
329 0.001143
330 0.001121
331 0.001096
332 0.001077
333 0.001053
334 0.001030
335 0.001008
336 0.000987
337 0.000966
338 0.000945
339 0.000929
340 0.000912
341 0.000894
342 0.000877
343 0.000860
344 0.000843
345 0.000828
346 0.000813
347 0.000799
348 0.000784
349 0.000766
350 0.000751
351 0.000741
352 0.000727
353 0.000713
354 0.000699
355 0.000689
356 0.000677
357 0.000665
358 0.000655
359 0.000640
360 0.000630
361 0.000620
362 0.000609
363 0.000599
364 0.000588
365 0.000580
366 0.000572
367 0.000563
368 0.000554
369 0.000545
370 0.000537
371 0.000527
372 0.000519
373 0.000510
374 0.000502
375 0.000493
376 0.000487
377 0.000480
378 0.000471
379 0.000465
380 0.000459
381 0.000451
382 0.000444
383 0.000440
384 0.000434
385 0.000428
386 0.000422
387 0.000418
388 0.000412
389 0.000406
390 0.000401
391 0.000396
392 0.000391
393 0.000386
394 0.000382
395 0.000378
396 0.000373
397 0.000369
398 0.000364
399 0.000360
400 0.000356
401 0.000352
402 0.000349
403 0.000345
404 0.000340
405 0.000336
406 0.000333
407 0.000329
408 0.000325
409 0.000322
410 0.000319
411 0.000315
412 0.000312
413 0.000309
414 0.000305
415 0.000303
416 0.000300
417 0.000297
418 0.000294
419 0.000292
420 0.000289
421 0.000287
422 0.000284
423 0.000281
424 0.000279
425 0.000277
426 0.000274
427 0.000272
428 0.000270
429 0.000268
430 0.000266
431 0.000264
432 0.000262
433 0.000260
434 0.000258
435 0.000257
436 0.000255
437 0.000252
438 0.000250
439 0.000248
440 0.000247
441 0.000245
442 0.000243
443 0.000242
444 0.000240
445 0.000239
446 0.000238
447 0.000236
448 0.000235
449 0.000233
450 0.000232
451 0.000231
452 0.000229
453 0.000228
454 0.000227
455 0.000226
456 0.000225
457 0.000224
458 0.000223
459 0.000222
460 0.000221
461 0.000220
462 0.000219
463 0.000218
464 0.000217
465 0.000216
466 0.000215
467 0.000215
468 0.000214
469 0.000213
470 0.000212
471 0.000211
472 0.000211
473 0.000210
474 0.000210
475 0.000209
476 0.000208
477 0.000208
478 0.000207
479 0.000207
480 0.000206
481 0.000206
482 0.000206
483 0.000205
484 0.000205
485 0.000204
486 0.000204
487 0.000204
488 0.000203
489 0.000203
490 0.000203
491 0.000203
492 0.000203
493 0.000202
494 0.000202
495 0.000202
496 0.000202
497 0.000202
498 0.000202
499 0.000202
500 0.000202
1 inf
2 inf
3 inf
4 inf
5 inf
6 inf
7 inf
8 inf
9 inf
10 inf
11 inf
12 inf
13 inf
14 inf
15 inf
16 inf
17 inf
18 inf
19 inf
20 inf
21 inf
22 inf
23 inf
24 inf
25 inf
26 inf
27 inf
28 inf
29 inf
30 inf
31 inf
32 inf
33 inf
34 inf
35 inf
36 inf
37 inf
38 inf
39 inf
40 inf
41 inf
42 inf
43 inf
44 inf
45 inf
46 inf
47 inf
48 inf
49 inf
50 inf
51 inf
52 14175776196009013887072190893892190985111559182023812952956288953688189726200992010091844042121997032258644997601746448413346151055624490181595435950279676800440422546059649502213287430712511220102763506639687098494762757372028950795621495095929221751530865422796913079884005763815157542178156118999715282944.000000
53 46873182477976908343553899479546045129448466084160865356574717338901910717535023944886786098200326374213696474876782307903610171072104676762465268132900685835960560711410667743496134552427170790410002066536278958897092020343943265914407346440903035813682768716947668534802528374253442124122234552320.000000
54 5379922921834338402504152325132129384459776339139557363188332736683101476309232656619214487539396970126603756396408935133973603800463577400924214947426095352522720032175103034614695046519789435221650360798580456857434656965712102331834418299607762899623245199110033784176640.000000
55 258330482576560351756546936110085517523765642532383947957781282371538203423613957870166956039296701339050839280132550923149574337621286579663617143320802794224072342453027981029749947755491893311905822176097870724053757673509230973395039604606728565068115476480.000000
56 475844297204663053632088456359599480612319979189024506258090794616046019736800110016240130736780280309247093286630473618249761293052416093693244247819620870042798536213429744007799676375360618010794177539812137713342985754284608773423104.000000
57 2111615342750947411810205902548696688330813613893627925301249524920453432120359117592133587561928577326159415958349349633009802777078855412613663574488912061587786235078889750517542737400028296886958085368326241292141742522368.000000
58 5119483638779052299530125630517726346762987914232028400452333611868204364445565792092923228704558042169117978009362250723324156708814084752522371149558343974205591369418332979372686164912247297610226373492736.000000
59 2582013859153439256315234349111762332966864194079824835537332692102657417812789038654543362031349175358570150225050781678228778782985811694696324092859362071112198343118200926183036190457856.000000
60 1442054341870757672155144568041649888760401150541771502199363555304007554424817086420039477126903013702683810695738889662793814104477854093050515140911317013684149026816.000000
61 102990317307328934542321912216097335233763698590674916345670830754518056801196732071315372641467121285126115641823884071952313798241367797691749626821572820992.000000
62 8422349745798934297115993453220039732893101843499285179033525002231970174135512678748299752803608016042917574952204684473796943229785787596800.000000
63 119057140177295763041179331365285016319452259340382020105753572375805833100012496332818403334222244818399150603340087296.000000
64 577143497257234754221564689902246495466559120978366670850823881405574621796531133093433689690062337343488.000000
65 1626148705312201827628156885800811246929719287183930187631070520564017790976.000000
66 778394809938811176366232112696910601086097909109560925239988090568704.000000
67 59116486521999685843443757733241258507465916416.000000
68 5724860766525335407556852449280.000000
69 4587559.298415
70 23882.693484
71 18663.068330
72 15240.565614
73 12438.105865
74 9938.024951
75 8949.956406
76 7742.842269
77 7035.230075
78 6012.565070
79 5256.769849
80 4426.067565
81 3860.880697
82 3434.754823
83 2974.265268
84 2696.954470
85 2351.533570
86 2154.500208
87 1870.158433
88 1667.251287
89 1441.484708
90 1295.911381
91 1153.618286
92 1053.270204
93 932.650550
94 840.425158
95 763.061131
96 680.615807
97 615.537916
98 568.307417
99 509.242704
100 451.676715
101 418.458681
102 371.342986
103 340.483483
104 308.117369
105 277.259236
106 251.164432
107 221.962633
108 201.476050
109 183.007344
110 160.408291
111 150.195580
112 135.870041
113 121.288899
114 112.730487
115 99.674802
116 92.478380
117 83.583978
118 75.943946
119 68.088182
120 61.829461
121 57.404099
122 52.097359
123 47.318698
124 43.276768
125 39.707220
126 36.523782
127 33.361255
128 30.694552
129 27.947300
130 25.838760
131 23.374784
132 21.138032
133 19.819632
134 17.875169
135 16.712113
136 15.357770
137 14.163667
138 12.947031
139 11.910139
140 10.736020
141 10.002261
142 9.193140
143 8.307857
144 7.656328
145 7.044554
146 6.414235
147 5.996182
148 5.497767
149 5.116861
150 4.679994
151 4.341854
152 4.059527
153 3.727160
154 3.416416
155 3.237104
156 3.013100
157 2.787047
158 2.548269
159 2.409601
160 2.235088
161 2.069531
162 1.909834
163 1.801257
164 1.664565
165 1.565148
166 1.472303
167 1.371467
168 1.289594
169 1.196663
170 1.136721
171 1.062437
172 0.998833
173 0.929466
174 0.859853
175 0.806897
176 0.755635
177 0.711906
178 0.648735
179 0.617784
180 0.579709
181 0.543058
182 0.507399
183 0.470210
184 0.436413
185 0.411165
186 0.382104
187 0.365334
188 0.341759
189 0.318067
190 0.302218
191 0.284706
192 0.265955
193 0.251610
194 0.234413
195 0.222471
196 0.210109
197 0.198785
198 0.186916
199 0.178156
200 0.168619
201 0.156864
202 0.150263
203 0.142794
204 0.134303
205 0.128054
206 0.121874
207 0.115678
208 0.110057
209 0.104162
210 0.098595
211 0.093810
212 0.089331
213 0.085046
214 0.080339
215 0.076465
216 0.072359
217 0.069271
218 0.066696
219 0.063904
220 0.061289
221 0.058239
222 0.055126
223 0.052725
224 0.050095
225 0.047918
226 0.045389
227 0.043437
228 0.041747
229 0.039291
230 0.037677
231 0.036007
232 0.034676
233 0.033222
234 0.031869
235 0.030558
236 0.029148
237 0.028026
238 0.027007
239 0.025554
240 0.024852
241 0.023952
242 0.022973
243 0.022053
244 0.021032
245 0.020291
246 0.019440
247 0.018758
248 0.017788
249 0.017222
250 0.016415
251 0.015783
252 0.015197
253 0.014608
254 0.014135
255 0.013653
256 0.013058
257 0.012748
258 0.012354
259 0.011916
260 0.011472
261 0.011044
262 0.010728
263 0.010381
264 0.009991
265 0.009684
266 0.009401
267 0.008997
268 0.008677
269 0.008410
270 0.008102
271 0.007858
272 0.007609
273 0.007360
274 0.007139
275 0.006947
276 0.006718
277 0.006512
278 0.006308
279 0.006140
280 0.005900
281 0.005703
282 0.005484
283 0.005375
284 0.005221
285 0.005060
286 0.004908
287 0.004771
288 0.004613
289 0.004501
290 0.004378
291 0.004264
292 0.004146
293 0.004036
294 0.003929
295 0.003800
296 0.003714
297 0.003627
298 0.003506
299 0.003420
300 0.003332
301 0.003255
302 0.003150
303 0.003087
304 0.003005
305 0.002912
306 0.002848
307 0.002784
308 0.002713
309 0.002644
310 0.002555
311 0.002500
312 0.002442
313 0.002375
314 0.002321
315 0.002248
316 0.002204
317 0.002140
318 0.002096
319 0.002039
320 0.001996
321 0.001958
322 0.001910
323 0.001870
324 0.001830
325 0.001785
326 0.001750
327 0.001702
328 0.001671
329 0.001631
330 0.001596
331 0.001558
332 0.001530
333 0.001500
334 0.001470
335 0.001443
336 0.001416
337 0.001389
338 0.001352
339 0.001323
340 0.001297
341 0.001270
342 0.001244
343 0.001219
344 0.001200
345 0.001177
346 0.001153
347 0.001129
348 0.001109
349 0.001088
350 0.001068
351 0.001043
352 0.001028
353 0.001006
354 0.000987
355 0.000973
356 0.000955
357 0.000939
358 0.000922
359 0.000905
360 0.000890
361 0.000874
362 0.000863
363 0.000848
364 0.000832
365 0.000819
366 0.000806
367 0.000791
368 0.000781
369 0.000770
370 0.000756
371 0.000745
372 0.000731
373 0.000722
374 0.000711
375 0.000701
376 0.000689
377 0.000680
378 0.000671
379 0.000660
380 0.000653
381 0.000643
382 0.000631
383 0.000624
384 0.000614
385 0.000607
386 0.000599
387 0.000591
388 0.000584
389 0.000577
390 0.000570
391 0.000564
392 0.000556
393 0.000550
394 0.000543
395 0.000536
396 0.000529
397 0.000522
398 0.000516
399 0.000508
400 0.000503
401 0.000496
402 0.000491
403 0.000485
404 0.000478
405 0.000474
406 0.000469
407 0.000463
408 0.000458
409 0.000454
410 0.000449
411 0.000444
412 0.000440
413 0.000435
414 0.000430
415 0.000426
416 0.000422
417 0.000418
418 0.000412
419 0.000410
420 0.000406
421 0.000401
422 0.000399
423 0.000395
424 0.000392
425 0.000389
426 0.000386
427 0.000382
428 0.000379
429 0.000377
430 0.000373
431 0.000371
432 0.000368
433 0.000365
434 0.000362
435 0.000359
436 0.000357
437 0.000354
438 0.000352
439 0.000349
440 0.000347
441 0.000344
442 0.000342
443 0.000340
444 0.000337
445 0.000335
446 0.000334
447 0.000332
448 0.000329
449 0.000327
450 0.000326
451 0.000324
452 0.000322
453 0.000320
454 0.000319
455 0.000317
456 0.000316
457 0.000314
458 0.000313
459 0.000311
460 0.000310
461 0.000309
462 0.000307
463 0.000306
464 0.000305
465 0.000304
466 0.000302
467 0.000301
468 0.000300
469 0.000299
470 0.000298
471 0.000297
472 0.000296
473 0.000295
474 0.000295
475 0.000294
476 0.000293
477 0.000292
478 0.000291
479 0.000290
480 0.000290
481 0.000289
482 0.000289
483 0.000288
484 0.000287
485 0.000287
486 0.000287
487 0.000286
488 0.000286
489 0.000285
490 0.000285
491 0.000285
492 0.000284
493 0.000284
494 0.000284
495 0.000284
496 0.000284
497 0.000283
498 0.000283
499 0.000283
500 0.000283
