1 13223887.765408
2 19349067.854438
3 19650942.025229
4 27047310.275942
5 31266014.505545
6 29359992.799885
7 29666270.714513
8 41943660.207179
9 57021163.803673
10 58694633.639922
11 63214936.616573
12 76839536.517997
13 75880329.492499
14 92448085.670747
15 98076184.385293
16 104692416.182119
17 136164509.440134
18 141435840.693919
19 160517697.968383
20 155107016.016606
21 176769348.935876
22 210190264.695998
23 173003602.188647
24 282022483.830440
25 222816727.131400
26 221334990.980248
27 209976227.255441
28 231783841.882847
29 183692799.546652
30 222801833.485310
31 273328626.571716
32 297448047.681688
33 285978036.706939
34 359387012.911336
35 293889882.051746
36 237735810.710055
37 208807471.414096
38 262445070.436789
39 219312424.345768
40 229683385.775073
41 266378289.503449
42 276249073.957414
43 248791398.868787
44 323687597.804812
45 359176698.853829
46 331702044.852367
47 333830057.544354
48 306529346.777633
49 285943782.931925
50 357294218.288468
51 313781822.001244
52 361993849.257012
53 416375394.768176
54 394518582.237986
55 467757490.486474
56 367073686.354546
57 363082749.420165
58 257556184.190644
59 245244709.927523
60 253610622.499463
61 313733617.171271
62 321132368.031619
63 364408303.665208
64 319322868.651429
65 270295467.863459
66 331278600.674758
67 329916840.960410
68 335623114.377360
69 351177445.536251
70 314543134.497255
71 275553409.063089
72 295521175.141642
73 317438513.674159
74 320240925.315304
75 353000556.144278
76 333915832.954319
77 259164269.242297
78 253291734.427980
79 268829183.098723
80 262718431.704306
81 277972626.577855
82 275968658.156835
83 307438002.803360
84 170501431.669219
85 209759204.506694
86 213328451.257048
87 201881214.612977
88 229706353.640443
89 193613216.203352
90 243939601.853683
91 207682869.271658
92 200010965.342391
93 209843499.214574
94 201823047.306376
95 170213840.318473
96 151389503.950196
97 145511594.233894
98 125727874.123399
99 149583634.348867
100 160041502.849661
101 150516842.368079
102 91573441.900922
103 96671432.661721
104 102319954.940192
105 97309970.407502
106 96872536.631676
107 74747065.206194
108 79778248.608008
109 106907120.653379
110 100224912.366138
111 91589449.813622
112 79063749.694248
113 102957983.693058
114 104378997.043913
115 86928221.425434
116 92762010.181194
117 101306249.366517
118 78121857.405982
119 81195051.176274
120 74626599.959889
121 76546422.958849
122 69837939.374297
123 74701242.270137
124 73862208.883850
125 70103984.228146
126 63988615.290135
127 66239655.262448
128 60178887.026680
129 73874788.944472
130 63994668.890967
131 63941346.517567
132 48849849.211471
133 53610864.547066
134 44961349.752358
135 46096024.021841
136 41722841.049443
137 39245251.561302
138 38649806.896653
139 29602196.942599
140 30201664.907763
141 31521873.600968
142 33415504.621650
143 37940966.180243
144 27628653.250014
145 27558590.308855
146 21504094.657050
147 26905112.576158
148 24971305.503497
149 22382445.732143
150 19126281.793403
151 20510327.247752
152 23136362.391679
153 25256396.718321
154 27801985.935612
155 21398650.330340
156 18681685.979085
157 21126294.042668
158 22846330.137943
159 20543234.888437
160 15453140.457430
161 14014469.657691
162 14841244.259788
163 13654265.118902
164 13111729.745029
165 12418821.668352
166 13449185.698911
167 10911613.520004
168 11997378.530698
169 11254960.123026
170 11855073.509191
171 10271312.165379
172 9193440.887257
173 10683810.369749
174 10140384.912278
175 9478211.771845
176 8899840.114890
177 6712930.135117
178 6879809.812344
179 7566429.727825
180 6530407.653981
181 5897924.000116
182 5027154.449455
183 4322108.369346
184 4953028.820674
185 4083906.424646
186 3839141.960935
187 4203040.849851
188 4056526.378122
189 4120500.993234
190 3592767.482986
191 3981341.597854
192 3571872.930877
193 3442454.762713
194 3273602.137969
195 3094443.195127
196 2728555.449271
197 3385397.824144
198 3073500.838057
199 2714127.704520
200 2987373.888476
201 2712709.293035
202 2982063.423805
203 3139955.458433
204 3558725.507660
205 3359682.302191
206 2461689.444598
207 2512649.218324
208 2086316.030516
209 2012480.927602
210 1990171.500302
211 2433158.810300
212 2027416.210825
213 2053302.006985
214 1994447.866489
215 1787021.753314
216 1478677.395349
217 1470331.924449
218 1451735.370508
219 1559063.183929
220 1417327.389721
221 1379621.608186
222 1108775.010850
223 1269617.311408
224 1248098.947223
225 1299428.396026
226 1117257.625079
227 1206546.390674
228 1223202.151776
229 1132491.843400
230 1075854.246373
231 1015025.135909
232 933190.771851
233 939150.684293
234 840420.462902
235 871369.459889
236 664302.567882
237 816663.341160
238 867535.491251
239 870209.203038
240 718177.740226
241 758573.635969
242 669182.230108
243 681751.645930
244 563479.362675
245 598025.915491
246 601284.335910
247 524979.176592
248 541294.578616
249 477476.960351
250 536472.858450
251 489918.852210
252 502307.149158
253 467388.973388
254 485124.488070
255 550203.767903
256 455794.946855
257 455682.120879
258 446817.647712
259 417793.390033
260 365059.090724
261 372268.590744
262 340860.761883
263 373363.512191
264 335164.082746
265 296994.744540
266 315481.781619
267 328105.230143
268 304706.440529
269 253751.689649
270 284578.016750
271 244692.184705
272 241966.861044
273 272636.782505
274 254864.090769
275 247922.287132
276 256308.532605
277 226641.470821
278 221664.877329
279 220018.920164
280 224186.408186
281 195487.839459
282 184302.505581
283 179547.850100
284 180672.782821
285 160390.683726
286 164531.228660
287 165537.054709
288 147350.392506
289 146849.034072
290 141348.632540
291 138237.468032
292 131099.131827
293 126814.075991
294 124926.031157
295 117167.726486
296 114845.158642
297 112066.404917
298 112481.258444
299 102712.271758
300 99147.195728
301 99653.995080
302 95878.881161
303 92537.910740
304 92320.742730
305 92842.590328
306 81183.280630
307 80950.810715
308 82461.192122
309 75783.129712
310 77829.503429
311 77330.584403
312 75589.694676
313 69327.953100
314 66690.142278
315 65112.102379
316 65294.102998
317 63655.390530
318 60902.574553
319 56255.190489
320 58760.413919
321 55336.677786
322 54003.869079
323 51544.020304
324 55934.364462
325 52951.355089
326 58690.045822
327 52874.492760
328 48868.773706
329 52680.804809
330 47100.738314
331 48903.910800
332 48680.072667
333 44258.253209
334 46988.238960
335 46113.921819
336 43178.810311
337 42971.314332
338 42854.022423
339 42409.738959
340 39864.625719
341 37927.488522
342 39683.383096
343 40154.967208
344 38179.213858
345 40338.127320
346 38758.132575
347 39651.363352
348 37134.786921
349 36683.384369
350 35994.472501
351 35785.773400
352 34527.794069
353 31963.466737
354 31921.437337
355 32736.502275
356 31803.675774
357 31361.042884
358 29066.777502
359 30192.350375
360 28783.721665
361 28680.265668
362 26724.042380
363 26867.125131
364 26042.893431
365 25906.999612
366 26032.219618
367 25116.461837
368 25491.857455
369 25868.947341
370 25719.099045
371 24995.490763
372 24320.647732
373 23667.871090
374 21430.861550
375 22096.115100
376 22668.981226
377 21923.118446
378 21528.945863
379 21863.076544
380 21025.904957
381 20936.817370
382 21048.875015
383 21214.931372
384 20257.405561
385 20489.686735
386 19865.799445
387 19481.998388
388 18092.124153
389 18520.780775
390 17518.730279
391 17438.308679
392 16622.451136
393 16783.484904
394 17004.092890
395 16792.525016
396 16449.787975
397 16085.337505
398 16061.553893
399 16094.651992
400 15666.059232
401 15517.957839
402 15333.968336
403 15054.486902
404 14557.780937
405 14260.650187
406 13910.834945
407 13833.007032
408 14080.416158
409 14218.070894
410 14189.980500
411 13953.854758
412 13509.217697
413 13367.561810
414 13414.810375
415 12979.595379
416 12855.949062
417 12870.405096
418 13055.352525
419 12670.969093
420 12483.089768
421 12590.212894
422 12233.680376
423 12165.195637
424 12116.881985
425 11884.707146
426 11749.989312
427 11816.121692
428 11790.793760
429 11511.399667
430 11068.188569
431 11115.191882
432 10943.660833
433 10777.890999
434 10523.806067
435 10503.087032
436 10398.582801
437 10196.146111
438 9984.993239
439 9891.208293
440 9766.629687
441 9710.535572
442 9665.213068
443 9468.134482
444 9339.260436
445 9326.546090
446 9247.270717
447 9080.552300
448 8955.399734
449 8951.870041
450 8847.061108
451 8713.966743
452 8590.539020
453 8531.573734
454 8439.571673
455 8437.893361
456 8436.447975
457 8369.119258
458 8281.607269
459 8167.297922
460 8170.380436
461 8162.169285
462 8098.661564
463 8026.997827
464 7995.674177
465 7927.881934
466 7751.741479
467 7779.948800
468 7729.532511
469 7687.518207
470 7634.569678
471 7585.331210
472 7541.286122
473 7467.723955
474 7440.978469
475 7370.563000
476 7311.085580
477 7280.940940
478 7223.566558
479 7182.906901
480 7140.874836
481 7091.425753
482 7064.378924
483 7032.961463
484 6999.855282
485 6972.147600
486 6939.276479
487 6913.785616
488 6877.846414
489 6854.354569
490 6839.281950
491 6823.649317
492 6794.666451
493 6768.695090
494 6756.163040
495 6740.274694
496 6728.477241
497 6713.421598
498 6707.369974
499 6700.967028
500 6698.669839
