1 2161713.899218
2 12326890.706310
3 24897799.230174
4 42706054.993831
5 53138981.938458
6 85054707.963741
7 132477080.299202
8 197920284.939863
9 223149668.890745
10 246785239.193733
11 388431312.675834
12 381160892.628969
13 616968246.014070
14 882841163.911809
15 738063879.784098
16 1071818511.403326
17 1614457009.528343
18 2131779332.866113
19 2226692806.423778
20 2437809401.514018
21 4731397926.134506
22 7800654329.083168
23 8905432427.763613
24 12376283359.526958
25 22703062009.447021
26 35184582717.282890
27 66260190166.796097
28 38284048173.075493
29 44507632034.979340
30 63402353399.604378
31 76910641544.650681
32 113066263600.045700
33 122217752751.840515
34 193997846489.880676
35 195683262513.893860
36 355729190395.437012
37 308092823499.113708
38 381117522692.185181
39 505671326717.935852
40 446068764050.642273
41 513608420671.879517
42 1052922457120.410522
43 1851030929095.540527
44 1280954095517.239258
45 1674428993853.709229
46 2260648177890.170898
47 3028012981700.979004
48 3866181237873.757812
49 5905888393370.412109
50 5690920325837.788086
51 5643436517694.885742
52 7334622529115.636719
53 8392505195826.772461
54 14081743945323.990234
55 11559303375901.138672
56 8636937874006.520508
57 10286123283257.267578
58 13198043318024.292969
59 9108117141250.554688
60 12957691564531.628906
61 19131271062753.917969
62 20137489440395.511719
63 23210943257582.152344
64 21665002549373.789062
65 33266389886818.914062
66 36120273852097.625000
67 35534615931224.234375
68 44975554064261.195312
69 47626225942966.218750
70 73145826613072.453125
71 46584606804522.656250
72 85726941176242.750000
73 94472600605554.718750
74 69848922226327.539062
75 48445782361232.015625
76 50018727036404.382812
77 53189415798886.468750
78 82888613850208.484375
79 74413031513992.343750
80 117706439132782.578125
81 132855097163349.921875
82 88318373195318.921875
83 96509119483075.140625
84 75518343221838.843750
85 157369121703108.093750
86 186134426760947.343750
87 194115622829387.375000
88 217439218602694.968750
89 120774083879073.312500
90 119482938265758.656250
91 88874340110329.546875
92 91549492232558.312500
93 131133362389304.093750
94 158189240516104.187500
95 171031264617296.468750
96 168309230005976.031250
97 221300707025622.250000
98 234846507667234.218750
99 208495586698186.000000
100 230774873962756.781250
101 177643172879281.000000
102 159603696642243.375000
103 139314744636921.218750
104 227569488735282.875000
105 169258448222552.218750
106 105938934824644.234375
107 77353594562965.890625
108 74389764991389.078125
109 81958390974442.234375
110 73725800158282.796875
111 99212894553164.015625
112 102045982351737.750000
113 89698383195940.359375
114 102662628772289.937500
115 47541782645858.906250
116 57242715742192.015625
117 38210007842960.265625
118 63811576817390.281250
119 81481880593198.375000
120 54799057342600.617188
121 40056845977077.906250
122 43036566631425.617188
123 39993976682646.171875
124 38248370312757.812500
125 31923511534781.933594
126 17694210114027.093750
127 19094526025701.152344
128 21613900295992.531250
129 16117244536979.160156
130 11992271279718.974609
131 13063051187435.337891
132 8037938951498.507812
133 7928544998900.636719
134 6601029834446.876953
135 5022799188613.116211
136 5831561159076.465820
137 5890217229752.559570
138 5247798883628.442383
139 4521505560530.155273
140 5249864477778.256836
141 2337652091089.743652
142 2528671490076.652344
143 1271588784184.667725
144 1697524215400.908936
145 1488099652422.750488
146 855984705199.839966
147 980998243564.314453
148 908875850086.053711
149 552145213349.389526
150 379585708657.613953
151 350689859071.494873
152 243037706951.751617
153 202853534484.788605
154 168776145900.626617
155 116260117133.049927
156 147523166099.132050
157 70042603121.140961
158 67135993493.407448
159 40257917816.359123
160 26353002986.696213
161 20918906741.061665
162 16307617969.136436
163 13031814738.714777
164 10239822576.098021
165 6203871814.066725
166 6562019133.561582
167 5464370313.730264
168 3551409248.011907
169 2652152368.064599
170 2514851415.088528
171 2195226079.536860
172 1621446852.465475
173 1202720323.058521
174 988727869.642260
175 560316398.729320
176 497842211.107882
177 327236793.760333
178 247940866.764297
179 142293491.677494
180 112702908.723609
181 89708720.558473
182 67763167.436411
183 51479345.208333
184 24579224.820119
185 20876776.988490
186 15526405.734717
187 11353103.836100
188 5043896.851297
189 6051207.117018
190 5146551.173335
191 2726426.844250
192 2383310.311277
193 1462786.681046
194 1108807.374631
195 1012268.772219
196 512366.114342
197 535101.488860
198 462265.326561
199 433926.842476
200 227301.706912
201 197213.937300
202 157673.139326
203 125239.953804
204 106585.474899
205 49184.084869
206 35046.591353
207 29986.536816
208 19244.314646
209 13887.052596
210 8249.472606
211 4593.948117
212 3012.177144
213 1848.465308
214 1151.039564
215 755.782160
216 513.355108
217 298.323431
218 253.407462
219 149.488267
220 109.556596
221 62.293684
222 37.061631
223 25.169275
224 15.070892
225 11.324382
226 7.847681
227 5.922668
228 3.914641
229 3.013089
230 1.737847
231 1.210815
232 0.776640
233 0.238340
234 0.216048
235 0.146736
236 0.072081
237 0.065085
238 0.032618
239 0.023268
240 0.016410
241 0.009860
242 0.005522
243 0.004532
244 0.002567
245 0.001476
246 0.000937
247 0.000499
248 0.000351
249 0.000222
250 0.000192
251 0.000095
252 0.000082
253 0.000043
254 0.000031
255 0.000021
256 0.000015
257 0.000010
258 0.000007
259 0.000004
260 0.000002
261 0.000002
262 0.000001
263 0.000000
264 0.000000
265 0.000000
266 0.000000
267 0.000000
268 0.000000
269 0.000000
270 0.000000
271 0.000000
272 0.000000
273 0.000000
274 0.000000
275 0.000000
276 0.000000
277 0.000000
278 0.000000
279 0.000000
280 0.000000
281 0.000000
282 0.000000
283 0.000000
284 0.000000
285 0.000000
286 0.000000
287 0.000000
288 0.000000
289 0.000000
290 0.000000
291 0.000000
292 0.000000
293 0.000000
294 0.000000
295 0.000000
296 0.000000
297 0.000000
298 0.000000
299 0.000000
300 0.000000
301 0.000000
302 0.000000
303 0.000000
304 0.000000
305 0.000000
306 0.000000
307 0.000000
308 0.000000
309 0.000000
310 0.000000
311 0.000000
312 0.000000
313 0.000000
314 0.000000
315 0.000000
316 0.000000
317 0.000000
318 0.000000
319 0.000000
320 0.000000
321 0.000000
322 0.000000
323 0.000000
324 0.000000
325 0.000000
326 0.000000
327 0.000000
328 0.000000
329 0.000000
330 0.000000
331 0.000000
332 0.000000
333 0.000000
334 0.000000
335 0.000000
336 0.000000
337 0.000000
338 0.000000
339 0.000000
340 0.000000
341 0.000000
342 0.000000
343 0.000000
344 0.000000
345 0.000000
346 0.000000
347 0.000000
348 0.000000
349 0.000000
350 0.000000
351 0.000000
352 0.000000
353 0.000000
354 0.000000
355 0.000000
356 0.000000
357 0.000000
358 0.000000
359 0.000000
360 0.000000
361 0.000000
362 0.000000
363 0.000000
364 0.000000
365 0.000000
366 0.000000
367 0.000000
368 0.000000
369 0.000000
370 0.000000
371 0.000000
372 0.000000
373 0.000000
374 0.000000
375 0.000000
376 0.000000
377 0.000000
378 0.000000
379 0.000000
380 0.000000
381 0.000000
382 0.000000
383 0.000000
384 0.000000
385 0.000000
386 0.000000
387 0.000000
388 0.000000
389 0.000000
390 0.000000
391 0.000000
392 0.000000
393 0.000000
394 0.000000
395 0.000000
396 0.000000
397 0.000000
398 0.000000
399 0.000000
400 0.000000
401 0.000000
402 0.000000
403 0.000000
404 0.000000
405 0.000000
406 0.000000
407 0.000000
408 0.000000
409 0.000000
410 0.000000
411 0.000000
412 0.000000
413 0.000000
414 0.000000
415 0.000000
416 0.000000
417 0.000000
418 0.000000
419 0.000000
420 0.000000
421 0.000000
422 0.000000
423 0.000000
424 0.000000
425 0.000000
426 0.000000
427 0.000000
428 0.000000
429 0.000000
430 0.000000
431 0.000000
432 0.000000
433 0.000000
434 0.000000
435 0.000000
436 0.000000
437 0.000000
438 0.000000
439 0.000000
440 0.000000
441 0.000000
442 0.000000
443 0.000000
444 0.000000
445 0.000000
446 0.000000
447 0.000000
448 0.000000
449 0.000000
450 0.000000
451 0.000000
452 0.000000
453 0.000000
454 0.000000
455 0.000000
456 0.000000
457 0.000000
458 0.000000
459 0.000000
460 0.000000
461 0.000000
462 0.000000
463 0.000000
464 0.000000
465 0.000000
466 0.000000
467 0.000000
468 0.000000
469 0.000000
470 0.000000
471 0.000000
472 0.000000
473 0.000000
474 0.000000
475 0.000000
476 0.000000
477 0.000000
478 0.000000
479 0.000000
480 0.000000
481 0.000000
482 0.000000
483 0.000000
484 0.000000
485 0.000000
486 0.000000
487 0.000000
488 0.000000
489 0.000000
490 0.000000
491 0.000000
492 0.000000
493 0.000000
494 0.000000
495 0.000000
496 0.000000
497 0.000000
498 0.000000
499 0.000000
500 0.000000
