1 72467644.885003
2 110203797.245288
3 127147360.811485
4 95592034.635785
5 114311445.483877
6 169322370.431757
7 181212147.976909
8 209332780.599018
9 243166071.290071
10 245471506.259371
11 299508461.819462
12 322424824.769389
13 362485217.388867
14 455852536.259584
15 599789779.462369
16 661717337.635232
17 713700080.254169
18 530089892.081565
19 901462642.612728
20 1057221024.431284
21 1345031513.562164
22 1001255386.020470
23 1285223009.850810
24 1585245120.073297
25 1408814704.970617
26 1462204786.633201
27 1419218847.058454
28 1387849180.406326
29 1986262501.470701
30 1679595959.098791
31 2165339907.775995
32 2134080819.592853
33 2187820971.282017
34 2177217080.510129
35 3274327768.424979
36 3473488870.577561
37 4026882968.557576
38 2994382746.544144
39 3821479213.218606
40 3489192998.855660
41 3573366934.950840
42 3999349836.991085
43 3708208351.856940
44 3699248462.118898
45 3751575060.211102
46 4291130337.369513
47 3885981210.372900
48 4021527702.748238
49 3284517803.505758
50 4668435697.228109
51 4469744412.219140
52 5227428529.532781
53 5439637347.372441
54 4973467516.705240
55 4912460939.956393
56 6113745613.058598
57 7985856129.359501
58 8456508595.843276
59 6435344736.582525
60 8803247566.138184
61 7563180522.926141
62 6576552228.558952
63 7913907710.359449
64 6858597464.217028
65 5497131972.218306
66 7457096307.023965
67 7444721663.465322
68 8571502203.659545
69 7967629184.105875
70 7292722178.115958
71 8678809885.315405
72 7087630181.491612
73 6600687814.814745
74 7139776695.365487
75 5926411449.828366
76 5887940351.662672
77 5892920938.133716
78 6262133784.666936
79 6885923843.308017
80 6362781071.318328
81 6305020822.873662
82 5131996089.414145
83 6811175504.653073
84 6567811704.224495
85 3268002610.296298
86 5016225588.295901
87 5433652604.315497
88 2765012504.698628
89 4577210619.736701
90 4985028599.702448
91 3834521932.160164
92 4190812925.183764
93 5235514577.947360
94 4415729623.355733
95 4994784084.284995
96 3601395239.069802
97 4471248523.025526
98 5151470193.999192
99 4828936486.819182
100 4043053769.026215
101 5024089384.038384
102 5073862834.968567
103 5290160597.020611
104 4471678046.064668
105 3383526156.211082
106 4607183440.091908
107 4927714415.855369
108 5215720051.668660
109 4424961098.246593
110 4730388333.489511
111 5443803306.118155
112 4310125200.996908
113 4900371016.099410
114 5234785011.035430
115 4424011091.827480
116 5278906327.814553
117 4658221877.193448
118 4837459776.437244
119 4240928920.547233
120 3354139179.839375
121 3250941083.751520
122 3992065518.583453
123 3937530760.195345
124 3616976699.304603
125 2868116179.634134
126 2514920703.372284
127 2186569312.666354
128 1779868456.295768
129 1830010881.835155
130 1902215183.134483
131 1689358168.371598
132 1574935373.455635
133 1555396579.487625
134 1310564323.697890
135 1372386864.090863
136 1260098040.657368
137 1162356121.858258
138 1106087392.624080
139 988829126.144182
140 1045699908.833105
141 765507165.509068
142 709359504.949219
143 633931510.356597
144 595670953.031322
145 595938491.511461
146 401470842.207229
147 428756214.860060
148 479852587.526879
149 464030786.633721
150 419780314.474950
151 432619365.557495
152 415290977.704430
153 473524360.784401
154 515169752.948578
155 477781695.122030
156 461003808.582214
157 387145289.902703
158 353590760.334042
159 320671004.907501
160 266003302.445798
161 333562741.356855
162 389812747.313812
163 319124980.911751
164 282216185.619190
165 344232452.720061
166 304624990.263346
167 281721190.220514
168 251638652.451289
169 256225577.998195
170 248375242.253760
171 222709520.059683
172 248207214.912809
173 244878646.279696
174 221369382.127196
175 222575188.918711
176 223630611.270057
177 167480026.288161
178 168022731.370350
179 151616339.310518
180 156607322.701278
181 150524870.114369
182 161658692.914461
183 146044627.607570
184 128751887.823491
185 125688280.239411
186 110141811.985651
187 108432529.094826
188 102066348.110193
189 99427891.495768
190 95458316.378229
191 102479513.551962
192 90838414.128936
193 97864612.520212
194 99963329.364530
195 85505471.923792
196 85885379.914650
197 100945196.832312
198 74553045.547759
199 75024871.597172
200 55873802.077507
201 68761154.290358
202 61871860.510726
203 47910664.886648
204 51873895.118769
205 55175522.590567
206 52215470.136382
207 61878982.700576
208 58085920.142225
209 57653421.382621
210 58633639.350720
211 56564317.469062
212 58849945.419805
213 52783612.194651
214 44198661.149401
215 39757621.622750
216 44817880.249473
217 46495266.787717
218 47954967.298713
219 45625242.467618
220 41273251.886511
221 39363530.327867
222 42020916.319059
223 33718170.574931
224 37314362.121778
225 35623050.950413
226 30706571.762994
227 29324057.251795
228 28290442.842234
229 29543314.916469
230 28514961.605052
231 22620869.236123
232 25400516.062665
233 24291472.451690
234 27329854.327898
235 25189797.391234
236 24308983.629780
237 23124698.513622
238 23118924.367970
239 20734127.514649
240 21433913.559892
241 21466522.256141
242 21598972.457204
243 21884362.874128
244 18809633.264263
245 19858294.608114
246 16791159.934158
247 19130082.745813
248 17943205.946270
249 15511372.926340
250 12664953.469872
251 12812844.189853
252 12627372.875766
253 10365771.490115
254 11332564.573823
255 11044895.278719
256 11292308.413561
257 10314863.515831
258 10034914.702933
259 10165143.364277
260 10426233.194947
261 10014835.819128
262 9451949.777697
263 8998503.142207
264 9045637.653779
265 9615460.467350
266 8632896.401391
267 7503612.401277
268 7477711.611347
269 7600248.599829
270 7772455.850237
271 6947222.028022
272 6730001.687954
273 6293768.697736
274 5713892.331720
275 5539716.357174
276 6196822.172878
277 6284274.935863
278 5494490.396339
279 5535829.357997
280 6028130.350710
281 5302958.466641
282 4924392.336605
283 5135373.334274
284 4984781.988866
285 4968230.582851
286 4913030.136178
287 5142173.961342
288 4909963.858569
289 5205106.815954
290 4831568.802260
291 5523202.643842
292 5397212.634941
293 5484111.419093
294 5329728.741395
295 4841736.396250
296 5256582.474901
297 5167500.250480
298 4309907.096005
299 3990373.972579
300 4215541.014040
301 4065246.226254
302 3688116.237165
303 3370569.592849
304 3565517.710252
305 3698936.878661
306 3172604.309733
307 3243024.992343
308 3228825.567961
309 2725621.704308
310 2597804.980054
311 2985392.727069
312 2824466.215196
313 2747545.071999
314 2978999.772522
315 2704787.923269
316 2844863.258212
317 2747508.645789
318 2692545.431800
319 2460792.010262
320 2215649.972866
321 2278402.425788
322 2175814.828374
323 2234930.649083
324 2249690.965307
325 2189144.331277
326 2138505.387143
327 2082379.755629
328 1994127.633553
329 1868801.362172
330 1919120.493412
331 2059159.739131
332 2142736.681672
333 1978514.442260
334 1821245.916581
335 1877557.706223
336 1861194.592819
337 1725284.935261
338 1733998.054054
339 1618382.267637
340 1736707.675875
341 1766085.726954
342 1613608.600144
343 1566601.358699
344 1553022.012474
345 1524992.070914
346 1507460.827333
347 1389147.001547
348 1406545.698340
349 1338093.487145
350 1373608.836872
351 1278867.296289
352 1295134.717821
353 1330514.200559
354 1244887.233731
355 1254351.498786
356 1234171.482180
357 1274770.046718
358 1224689.202056
359 1193278.867736
360 1194111.676076
361 1172901.504569
362 1213568.293757
363 1192525.481898
364 1153500.742720
365 1104263.998987
366 1079707.510255
367 1055425.337855
368 1040284.482938
369 1041675.817385
370 1034590.550105
371 1008566.238055
372 937954.635548
373 964830.348708
374 926554.141028
375 896159.369457
376 891568.778167
377 914277.180504
378 873855.787889
379 896690.762285
380 895511.887669
381 887384.957192
382 870100.100627
383 885469.975822
384 813016.057882
385 811085.848574
386 794239.731337
387 807984.178343
388 780548.986682
389 751226.809079
390 765171.755616
391 722393.021611
392 740444.826835
393 688794.078651
394 708567.832725
395 696602.634379
396 692212.506153
397 684060.618297
398 682561.610591
399 629143.248626
400 633544.165674
401 636276.070175
402 639154.429211
403 619229.779314
404 607418.700050
405 623463.505051
406 625453.632089
407 631455.357100
408 591874.383775
409 596757.514755
410 586865.260939
411 579019.769559
412 564198.919540
413 572899.134777
414 561108.371701
415 541050.963962
416 541391.091498
417 544328.267950
418 527200.961741
419 530158.542727
420 522008.036746
421 514409.538875
422 503847.289381
423 482453.101579
424 501490.900634
425 490643.903488
426 483620.605546
427 471446.340820
428 485016.769899
429 470870.223162
430 478750.944975
431 473909.459002
432 469495.414344
433 456123.775962
434 446892.844377
435 439149.066757
436 443355.093752
437 439839.427762
438 432727.965855
439 424823.627705
440 424026.132029
441 423362.907494
442 421834.051615
443 413302.864038
444 415327.784743
445 414249.543990
446 407104.101048
447 400339.329530
448 393600.889031
449 391409.857848
450 387444.569248
451 384823.908377
452 380277.216631
453 376542.979516
454 373680.179242
455 370232.318007
456 369061.568286
457 368140.995890
458 363399.132224
459 364679.334223
460 364176.885786
461 359346.336799
462 358918.191327
463 355383.507664
464 353443.415722
465 353472.579897
466 351663.349074
467 348754.621445
468 346194.064119
469 341467.990490
470 340384.206879
471 338519.189043
472 335135.214501
473 333672.402675
474 332615.879784
475 328689.544413
476 327549.373232
477 326103.000551
478 325970.155363
479 324088.416879
480 321119.692325
481 320227.083989
482 318926.192357
483 317818.702978
484 316423.851718
485 315260.466139
486 314580.687278
487 313182.064132
488 311953.713724
489 311041.717424
490 309733.268666
491 308378.885675
492 307921.499398
493 306957.512608
494 306443.483591
495 305820.746782
496 305339.714691
497 304773.113825
498 304491.906452
499 304195.766741
500 304080.772357
