1 inf
2 inf
3 inf
4 inf
5 inf
6 inf
7 inf
8 inf
9 inf
10 inf
11 inf
12 inf
13 inf
14 inf
15 inf
16 inf
17 inf
18 inf
19 inf
20 inf
21 inf
22 inf
23 inf
24 inf
25 inf
26 inf
27 inf
28 inf
29 inf
30 inf
31 inf
32 inf
33 inf
34 inf
35 inf
36 inf
37 inf
38 inf
39 inf
40 inf
41 inf
42 inf
43 inf
44 inf
45 inf
46 inf
47 inf
48 inf
49 inf
50 inf
51 inf
52 inf
53 inf
54 inf
55 inf
56 inf
57 inf
58 inf
59 inf
60 inf
61 inf
62 inf
63 inf
64 inf
65 inf
66 inf
67 inf
68 6845040358186589958309891995172380122437882067636927106691385527516197618665725217164541841968977999648312694623669358409024024513707960886433065580095636892061795276277870198023122754699868845861639555799503823037305635672956539603428750704960219028372738608311245739780374245366587438086509035520.000000
69 1872913390301385718790360825697616262578977184149548206822188179098406081102806671840615057586003867676822325872681141610584969727428510607316664376147915945437058441716686624655476197643363191760211632811775206587682545044285878848260650869154410877574709248.000000
70 1149797683691809768201079054760968373577722621062390676235592160906370692241089048771668173684063106224348320724258276682521730152500143875580112896205355813784490203334091741752415592312900794930457479696451186169239841013760.000000
71 5145095656544907094943844606428375366703454700355410850577302393887125595468123273633770014646364434825761007857432607376815996941442221398063448240675304824641311186330579805708413121227516805120.000000
72 55057044265398496949422116873885250149844007827931822659297767821748029302009018214069226559364164025578972405878190437111473277367422917751167950161707008.000000
73 28968304538786472265702537406894507495620704965876232239378606276163744259053150300197133288698933952768974580960227892465154129920.000000
74 655122228177780538532052468779959833189531488486838918209854479357464691220689276002485655541121024.000000
75 5704547793173894282025581455983644700476280921914843517764174348288.000000
76 3928123589822555752753038098432.000000
77 48190.650538
78 39876.996592
79 31835.622250
80 27688.359304
81 24673.618803
82 22244.089272
83 19515.668069
84 17273.686815
85 15629.477294
86 13320.651449
87 12105.848822
88 10627.125013
89 9406.906225
90 8357.995796
91 7858.553527
92 7284.522321
93 6599.588662
94 6112.343540
95 5442.307283
96 4964.208136
97 4547.003441
98 4230.515980
99 3909.816576
100 3598.768423
101 3296.038944
102 3030.804473
103 2768.882095
104 2604.118484
105 2402.184970
106 2140.645771
107 1995.714102
108 1846.875096
109 1698.510573
110 1572.660054
111 1416.079638
112 1308.389959
113 1208.858594
114 1140.569579
115 1052.047643
116 967.503013
117 899.400738
118 815.813805
119 759.048224
120 699.873478
121 659.534937
122 608.941316
123 565.347050
124 523.478637
125 488.403024
126 452.896193
127 419.860673
128 392.144258
129 367.582707
130 339.875152
131 322.985500
132 298.676935
133 277.514598
134 259.826081
135 240.377730
136 230.010011
137 214.170166
138 200.772143
139 189.345777
140 175.937729
141 162.777762
142 153.439478
143 143.195791
144 134.795090
145 126.559061
146 118.343712
147 108.525554
148 103.193969
149 95.402100
150 90.238273
151 85.284359
152 78.950602
153 73.763453
154 69.433106
155 65.915532
156 61.752847
157 58.445975
158 54.660795
159 51.471829
160 48.891784
161 46.383464
162 43.667015
163 40.281510
164 37.732894
165 36.222651
166 33.546444
167 31.800055
168 29.532468
169 28.254519
170 26.642854
171 25.135559
172 23.789005
173 22.121051
174 20.950560
175 20.093831
176 18.912917
177 17.964260
178 17.010452
179 16.088273
180 15.435832
181 14.635432
182 13.877526
183 13.028530
184 12.461881
185 11.861378
186 11.142300
187 10.639635
188 10.072418
189 9.671529
190 9.202562
191 8.783393
192 8.309742
193 7.925222
194 7.572723
195 7.202206
196 6.905510
197 6.614410
198 6.358644
199 6.077894
200 5.774526
201 5.559664
202 5.315325
203 5.132142
204 4.914368
205 4.701926
206 4.502773
207 4.334822
208 4.161810
209 4.024374
210 3.850603
211 3.710522
212 3.556036
213 3.415681
214 3.296371
215 3.133024
216 3.029273
217 2.909701
218 2.780695
219 2.689110
220 2.592614
221 2.503206
222 2.420184
223 2.325353
224 2.243228
225 2.167796
226 2.089830
227 2.015429
228 1.951403
229 1.888474
230 1.832812
231 1.769865
232 1.693597
233 1.637867
234 1.587416
235 1.538147
236 1.481381
237 1.442690
238 1.390211
239 1.349375
240 1.301804
241 1.250185
242 1.221471
243 1.185685
244 1.152824
245 1.118050
246 1.088966
247 1.054626
248 1.023056
249 0.988362
250 0.956494
251 0.930366
252 0.895025
253 0.874680
254 0.852048
255 0.822728
256 0.802768
257 0.781800
258 0.761953
259 0.740515
260 0.717384
261 0.701569
262 0.684910
263 0.663097
264 0.647432
265 0.626106
266 0.612251
267 0.596868
268 0.581884
269 0.567572
270 0.551519
271 0.538116
272 0.524540
273 0.511819
274 0.500906
275 0.488335
276 0.476717
277 0.464240
278 0.452280
279 0.439755
280 0.428211
281 0.417307
282 0.408016
283 0.397822
284 0.390627
285 0.379761
286 0.371646
287 0.361610
288 0.354916
289 0.346451
290 0.339145
291 0.331894
292 0.323571
293 0.316410
294 0.309091
295 0.302633
296 0.296892
297 0.290429
298 0.283065
299 0.277684
300 0.272321
301 0.265351
302 0.260415
303 0.254795
304 0.249959
305 0.244516
306 0.239299
307 0.233738
308 0.229237
309 0.225930
310 0.222062
311 0.217631
312 0.213483
313 0.209065
314 0.205062
315 0.201743
316 0.197529
317 0.192285
318 0.189472
319 0.186376
320 0.183146
321 0.180205
322 0.176843
323 0.174283
324 0.171579
325 0.168474
326 0.164933
327 0.162409
328 0.160001
329 0.157319
330 0.154505
331 0.151655
332 0.149399
333 0.146991
334 0.144850
335 0.142589
336 0.140474
337 0.138129
338 0.135543
339 0.133924
340 0.132041
341 0.130084
342 0.128076
343 0.126035
344 0.124047
345 0.122209
346 0.120442
347 0.118592
348 0.116906
349 0.115265
350 0.113611
351 0.112070
352 0.110495
353 0.109016
354 0.107644
355 0.105972
356 0.104633
357 0.103230
358 0.101958
359 0.100613
360 0.098942
361 0.097826
362 0.096655
363 0.095341
364 0.094199
365 0.092978
366 0.091808
367 0.090451
368 0.089347
369 0.088255
370 0.087306
371 0.086257
372 0.085296
373 0.084290
374 0.083358
375 0.082330
376 0.081405
377 0.080563
378 0.079554
379 0.078617
380 0.077750
381 0.076941
382 0.076145
383 0.075377
384 0.074626
385 0.073709
386 0.072771
387 0.072212
388 0.071470
389 0.070689
390 0.070120
391 0.069321
392 0.068616
393 0.068052
394 0.067418
395 0.066757
396 0.066154
397 0.065499
398 0.064980
399 0.064353
400 0.063780
401 0.063274
402 0.062576
403 0.062071
404 0.061557
405 0.061085
406 0.060550
407 0.060078
408 0.059539
409 0.059121
410 0.058630
411 0.058157
412 0.057755
413 0.057167
414 0.056838
415 0.056386
416 0.055998
417 0.055514
418 0.055098
419 0.054725
420 0.054437
421 0.054062
422 0.053697
423 0.053285
424 0.052960
425 0.052644
426 0.052290
427 0.051985
428 0.051565
429 0.051248
430 0.050946
431 0.050670
432 0.050319
433 0.050037
434 0.049760
435 0.049484
436 0.049243
437 0.048981
438 0.048719
439 0.048458
440 0.048232
441 0.047953
442 0.047734
443 0.047521
444 0.047304
445 0.047054
446 0.046803
447 0.046642
448 0.046423
449 0.046237
450 0.046047
451 0.045853
452 0.045660
453 0.045481
454 0.045306
455 0.045117
456 0.044955
457 0.044800
458 0.044643
459 0.044484
460 0.044330
461 0.044167
462 0.044023
463 0.043877
464 0.043725
465 0.043621
466 0.043491
467 0.043380
468 0.043275
469 0.043149
470 0.043053
471 0.042935
472 0.042829
473 0.042744
474 0.042650
475 0.042568
476 0.042475
477 0.042374
478 0.042303
479 0.042233
480 0.042158
481 0.042093
482 0.042030
483 0.041965
484 0.041914
485 0.041855
486 0.041802
487 0.041747
488 0.041701
489 0.041663
490 0.041627
491 0.041592
492 0.041558
493 0.041536
494 0.041507
495 0.041487
496 0.041469
497 0.041449
498 0.041443
499 0.041436
500 0.041433
