1 18580382.193886
2 49312214.386238
3 65545310.425090
4 128750035.217372
5 194698648.927872
6 231949315.892681
7 361933860.655518
8 205192438.823573
9 251689477.478947
10 732447800.037843
11 1076617078.356657
12 1450097382.130110
13 2615733177.393368
14 5263944655.652081
15 4762057633.743882
16 7910727993.560046
17 13494985083.711697
18 20435945450.091637
19 38716723730.901764
20 62612733300.994911
21 84188874104.605728
22 144077163244.144012
23 118352037692.473816
24 119620225141.523453
25 212950909588.089203
26 398716706795.225342
27 464119357272.836243
28 507058006357.242554
29 661803765968.603149
30 783855442377.593140
31 978096891715.510864
32 1466754635487.472168
33 2213701480282.259277
34 3613131185901.643066
35 2653214241643.114746
36 3690694646473.362793
37 5604616717465.386719
38 9708338410430.962891
39 7506614154553.481445
40 7887632360835.647461
41 6959858333200.736328
42 11861451659127.330078
43 6825112865041.396484
44 9721392403255.310547
45 14317845339043.419922
46 17035448757867.787109
47 24379361277401.945312
48 34196868125097.566406
49 26486885361928.726562
50 29872300357938.371094
51 29877836903208.808594
52 50387452967660.078125
53 43826108227721.328125
54 74461748390039.328125
55 80928814167712.187500
56 62243444924947.828125
57 113887204625853.312500
58 108436105855013.140625
59 121051240490329.109375
60 171337907532108.968750
61 160672139749838.437500
62 192330513229956.312500
63 164687452872986.250000
64 217462166168084.875000
65 298311115067307.250000
66 336214889396549.125000
67 387485184283097.062500
68 400483387388968.687500
69 387138913957221.375000
70 898679401651788.000000
71 780384873263704.375000
72 1010884425075303.500000
73 886227135286148.250000
74 986417108777265.500000
75 1118737780782522.500000
76 1014302571078146.750000
77 1599055310944314.750000
78 1733387923166886.000000
79 2579454144565939.000000
80 3973559820432318.000000
81 2385966206992300.000000
82 2282367296015931.000000
83 2934682098789209.500000
84 3074566548712457.000000
85 4253213904030039.500000
86 4097745172070355.000000
87 5263740676543215.000000
88 3831584641851102.500000
89 4124275592451523.500000
90 3845552838000529.000000
91 3627050540367848.000000
92 5666110073663805.000000
93 5337370071008622.000000
94 6559967221281825.000000
95 10258604670443254.000000
96 9314381003857176.000000
97 10144201880648864.000000
98 12382310860643332.000000
99 13054610353230094.000000
100 13056065685353694.000000
101 11976858557200316.000000
102 16014194327206494.000000
103 19016958235865348.000000
104 14991431786450634.000000
105 21669043276853864.000000
106 20220350048962676.000000
107 21514202679335472.000000
108 19993608362321876.000000
109 18845513132505632.000000
110 23827325781422276.000000
111 18243224979164364.000000
112 17699512939386392.000000
113 17080051608180818.000000
114 19397289567846408.000000
115 18468507642531088.000000
116 17928390353777264.000000
117 16196648139014300.000000
118 15609508259199536.000000
119 17677117511989338.000000
120 11596217340763148.000000
121 11883200536926572.000000
122 16748793888969652.000000
123 15019626368398704.000000
124 11344439376247544.000000
125 8153992514149897.000000
126 8338405408489451.000000
127 8458933630383221.000000
128 7962565553789547.000000
129 6455409277370162.000000
130 8567485624780137.000000
131 6638853968589180.000000
132 4439445289040353.500000
133 3190416653132506.000000
134 3655845057093152.000000
135 2361686999608867.500000
136 2832659494310048.500000
137 1984402925263969.000000
138 1462770399983208.750000
139 1811895799127207.000000
140 1313227325063854.000000
141 866122381671096.500000
142 982027241699371.625000
143 972935427121441.125000
144 741812386045487.875000
145 681066216470582.750000
146 568909041157964.000000
147 467493140121077.812500
148 574644315010895.250000
149 562935098797454.500000
150 361869394126530.312500
151 477250557144670.312500
152 286999774668460.125000
153 333531453598768.562500
154 231033257399632.718750
155 259379799750150.750000
156 139405664568209.640625
157 123922799711857.906250
158 59527196843843.640625
159 79851437909095.375000
160 49060160830907.414062
161 49933404072733.992188
162 50798789328036.695312
163 40005088254549.851562
164 30837775904770.140625
165 20397866678938.429688
166 15946960582239.681641
167 17572400640884.433594
168 12667146930702.017578
169 9887282966831.830078
170 8634803601891.047852
171 7729368042836.697266
172 6258981658055.942383
173 2903509783016.432129
174 2194990999363.531982
175 2170347081029.546143
176 1772644983790.342773
177 1500144646121.870361
178 1183174763977.322998
179 1065305900615.339355
180 1205512481291.294434
181 815670725564.391602
182 627517020382.882935
183 635785246901.135620
184 435055534674.465942
185 439458606862.888367
186 325178029412.123718
187 286502292752.635681
188 160240331391.796204
189 132082307968.598236
190 97204165799.665894
191 89661974588.183075
192 50827537716.919380
193 40281618599.838448
194 27870301963.557381
195 20676186019.442402
196 18275537780.255260
197 7017307464.217265
198 6196073958.816320
199 5730867438.211406
200 4924890269.495193
201 3111681743.142245
202 2816940026.369852
203 1721444671.082773
204 1026159370.739108
205 750298354.158879
206 470565558.579005
207 351994483.836574
208 177706627.960460
209 111840651.052825
210 74930525.590463
211 52587544.463604
212 46847552.743779
213 25570399.532728
214 17591440.804641
215 9707267.740496
216 4691504.134905
217 4994196.365314
218 3505537.008830
219 2245495.811474
220 2098402.250275
221 1633303.743056
222 845569.872830
223 695523.746001
224 537583.048721
225 319018.855459
226 217329.263200
227 174752.177357
228 107912.661040
229 79112.099072
230 49526.199291
231 28608.863880
232 22429.729400
233 16388.296417
234 10191.274879
235 6632.213797
236 4323.274985
237 2612.059806
238 2543.049580
239 1963.684520
240 1164.202405
241 547.333231
242 406.230536
243 228.100145
244 167.456738
245 94.206453
246 74.535773
247 44.048926
248 27.423431
249 15.768505
250 11.309133
251 8.817949
252 5.553206
253 3.975725
254 3.372942
255 1.532647
256 0.810504
257 0.601158
258 0.386349
259 0.233303
260 0.160573
261 0.109393
262 0.063952
263 0.042721
264 0.026231
265 0.016203
266 0.010533
267 0.005699
268 0.003014
269 0.001897
270 0.001064
271 0.000579
272 0.000408
273 0.000205
274 0.000129
275 0.000082
276 0.000061
277 0.000043
278 0.000025
279 0.000015
280 0.000008
281 0.000005
282 0.000003
283 0.000002
284 0.000001
285 0.000001
286 0.000000
287 0.000000
288 0.000000
289 0.000000
290 0.000000
291 0.000000
292 0.000000
293 0.000000
294 0.000000
295 0.000000
296 0.000000
297 0.000000
298 0.000000
299 0.000000
300 0.000000
301 0.000000
302 0.000000
303 0.000000
304 0.000000
305 0.000000
306 0.000000
307 0.000000
308 0.000000
309 0.000000
310 0.000000
311 0.000000
312 0.000000
313 0.000000
314 0.000000
315 0.000000
316 0.000000
317 0.000000
318 0.000000
319 0.000000
320 0.000000
321 0.000000
322 0.000000
323 0.000000
324 0.000000
325 0.000000
326 0.000000
327 0.000000
328 0.000000
329 0.000000
330 0.000000
331 0.000000
332 0.000000
333 0.000000
334 0.000000
335 0.000000
336 0.000000
337 0.000000
338 0.000000
339 0.000000
340 0.000000
341 0.000000
342 0.000000
343 0.000000
344 0.000000
345 0.000000
346 0.000000
347 0.000000
348 0.000000
349 0.000000
350 0.000000
351 0.000000
352 0.000000
353 0.000000
354 0.000000
355 0.000000
356 0.000000
357 0.000000
358 0.000000
359 0.000000
360 0.000000
361 0.000000
362 0.000000
363 0.000000
364 0.000000
365 0.000000
366 0.000000
367 0.000000
368 0.000000
369 0.000000
370 0.000000
371 0.000000
372 0.000000
373 0.000000
374 0.000000
375 0.000000
376 0.000000
377 0.000000
378 0.000000
379 0.000000
380 0.000000
381 0.000000
382 0.000000
383 0.000000
384 0.000000
385 0.000000
386 0.000000
387 0.000000
388 0.000000
389 0.000000
390 0.000000
391 0.000000
392 0.000000
393 0.000000
394 0.000000
395 0.000000
396 0.000000
397 0.000000
398 0.000000
399 0.000000
400 0.000000
401 0.000000
402 0.000000
403 0.000000
404 0.000000
405 0.000000
406 0.000000
407 0.000000
408 0.000000
409 0.000000
410 0.000000
411 0.000000
412 0.000000
413 0.000000
414 0.000000
415 0.000000
416 0.000000
417 0.000000
418 0.000000
419 0.000000
420 0.000000
421 0.000000
422 0.000000
423 0.000000
424 0.000000
425 0.000000
426 0.000000
427 0.000000
428 0.000000
429 0.000000
430 0.000000
431 0.000000
432 0.000000
433 0.000000
434 0.000000
435 0.000000
436 0.000000
437 0.000000
438 0.000000
439 0.000000
440 0.000000
441 0.000000
442 0.000000
443 0.000000
444 0.000000
445 0.000000
446 0.000000
447 0.000000
448 0.000000
449 0.000000
450 0.000000
451 0.000000
452 0.000000
453 0.000000
454 0.000000
455 0.000000
456 0.000000
457 0.000000
458 0.000000
459 0.000000
460 0.000000
461 0.000000
462 0.000000
463 0.000000
464 0.000000
465 0.000000
466 0.000000
467 0.000000
468 0.000000
469 0.000000
470 0.000000
471 0.000000
472 0.000000
473 0.000000
474 0.000000
475 0.000000
476 0.000000
477 0.000000
478 0.000000
479 0.000000
480 0.000000
481 0.000000
482 0.000000
483 0.000000
484 0.000000
485 0.000000
486 0.000000
487 0.000000
488 0.000000
489 0.000000
490 0.000000
491 0.000000
492 0.000000
493 0.000000
494 0.000000
495 0.000000
496 0.000000
497 0.000000
498 0.000000
499 0.000000
500 0.000000
