1 inf
2 inf
3 inf
4 inf
5 inf
6 inf
7 inf
8 inf
9 inf
10 inf
11 inf
12 62053572492663862896557218300406259143437358960975546177175833514047211371196360358695953786205245270550069515541606071193913729250513482886505657354235510176685780873416853916410622497346809195750257780950047876070710003051919788016363325181994342631080874268015220254730527594466323597929347787821940736.000000
13 1048726651845740619633667721808088814059991840960274125334498468257109663110592239228975294096108901965429623222235247080583671225671131947473006170971594117760256919250813271061514912646809758105318809358075697584071430199344743549792611941117012961769330546651686979030930950005341927778549760.000000
14 1399199598933507411054033035808499406199332793557942081830578581840115634899910133296126280802989859234719058713863479878115462242214586680624674509685368615526699954175646892795841202945083320331596690721027024105975950716087962596884432023393336465040288228796947365980495919154076844032.000000
15 64921508949610887615106150252134736645935870856357059990184553767229707646748457242667928349043284933960263460305018201728860460429475353104737901261080170821037151715368257727509846067666845881576079976842541282302497392574993627268766203988063728549596741166561616313261752320.000000
16 79667957595442585579411287793530181323537708452618277352912881910736764697667640629380782477724873164168022317011770828444505008788698727426733477474807389596267575941356566996791935171118813669171441303318768587396889607761188135410949758669388804528905038711706615808.000000
17 50040475244079451689557215583613092290946789649919647708616765721432855520528493963405176698024854595650335886862992249860182878322493151050576227706037303879511445796263148170847739983384287901560731718927507281112503575690077952508286454518475579994557906944.000000
18 12798488946782838581900632306460109184391149084074385898259420760632578915430001519035632942463627499460977664566010864474620606434975807549829093897649802847023013494911291997517620578035120837370072618692157336383537503240643023327888119363383579520270336.000000
19 7409926707814202940550499758029132287461165273835433648145470780922092063425842509383118566228980138016369760521925824546912180162566584216453211691228429810146303484008568719548327946416562099885221742345154591501973375386689578240736387435331584.000000
20 4561783004604613476060294464607769429424603643024852879534537585340244900552813538145545460198132997342698784615592721973772603794044091665435426573964260607992372119716031166898169757392158085893849658940425498425058320945323155682533885788291072.000000
21 22188908931418887129578386183748254224436841407178262404749620313393934394205257431536040513327928166900468355862044540773553559499315579968439667007850077767420970613309863299197040924326919222878246691930884042948761059567720761726599168.000000
22 3249764751651106365950369135581586233733777105292418093054072070102874274996558504938787371101258121756676191724574015496372291164427566282612664747090687728580688608306627829195009854126768638179946655753264229359385373731396255744.000000
23 3871068406676699302273656448559225913373924028691759071049438569376024321246860118025463161295761821156044744809764530743385810319280874869379246054341709146693418098166824335743831558777334261925660934085158854664067726966784.000000
24 715793507043714638685352214134607537298489153630896045565900152414385805707813480045084986216540314621786324312857925219725323229893099574048359543389440886911656094157121410080821332538413966974993594477128148058112.000000
25 3838098549824011205689530557669543407056923858522032512690808100284504084551146455078317946486688362791090630394053325479434011578387472199411439655615148364059752888831174964940081026187442587927428791141400576.000000
26 3921602404264039306444411654333547177082548696281165993935066497000743363305760436168983681300167253152797031828863262317647601921785217846583952177197168265403760371487483206076922358153157556388749115392.000000
27 1007863008559459143493479624663048288411777487193975055259779821163731221890693890332715344632431031403466674450237423857572438326303447737179374652367866944164070565008408718588204737708581948751872.000000
28 124402925124751937983086865895660164905917796890668557756481087629055317488074637402894179531551112010654193632915184115070731699122550734612316455353574983745513364555819351787498729635840.000000
29 2436327309575837177664032815258072085322820227011192159375060135662245822358742279012237531693560470641728602389893473939678453981165953715051508576228582509523631711547134903140220928.000000
30 28466799431484134751030786400863503734980406785839257409460089461403278554546548114419860323896479431800364123020084830629084562955189860751555200929866660704646353756618752.000000
31 149424752275567107654218965178111567453452899591544295399926727336556427209637408081010130100069160441984965829450588059920820746634770557855846486768858693632.000000
32 5798496691741443593645794722414228082344386619037814286947324203624028930779098594673914228438227525005635218017299372588260838564405982558079441436672.000000
33 18051792616962437901204631035242589795218722476090895614094204970738676721848405275759639273881414570550483562681719951756248719812361625534464.000000
34 863620903726101604848261496648741215040296267218976049612227625229532586782926067269975293414110870620488200365710192509201222378513760256.000000
35 3704975150011452138373984147996640555464759928415742819847562833897111894223279274446642398435626194866066677279917183437111296.000000
36 230390932854085568192322442359664028312896284764284613739819332132311074576215636271214339131456951361165166308774815727616.000000
37 11345873204767791128591406015125338233684776819509022830071864175989295889900512970700303447454494626505008846209024.000000
38 60559746874668050154276831039450393787722761230723227042855332794166464397390412638486708600959951437824.000000
39 53374507333120416227186796943586839048229503120015613348107960144697936538318336874299128807424.000000
40 67955230021735092554491759526389158492088260354865129226801232072708009933410698119872512.000000
41 8504798863667199103940867938004099432302048749522236916827304626062060817481728.000000
42 11472210034146088972883047157620132730876674242242451005089775246901248.000000
43 52246155499815728623766014518494646650293486179198717302669312.000000
44 1266170276300339905013032283827898924418641952768.000000
45 134225673766400434538859004973144866816.000000
46 2573577088368556434226849775616.000000
47 6135471955982356.000000
48 10060075.214250
49 5848.943937
50 3798.412803
51 2783.804321
52 2293.894597
53 1981.016162
54 1689.319607
55 1431.097427
56 1206.648628
57 973.811304
58 894.872087
59 726.281360
60 624.946057
61 566.607514
62 485.902281
63 442.280859
64 379.728462
65 327.464190
66 282.796785
67 245.011364
68 220.707243
69 201.319739
70 175.389186
71 158.458557
72 142.097325
73 124.950164
74 112.499944
75 97.111715
76 86.285456
77 71.899363
78 63.521602
79 57.355797
80 50.279840
81 43.236817
82 39.305223
83 35.751768
84 31.062654
85 27.851949
86 25.306039
87 22.513290
88 19.917911
89 17.633974
90 15.926189
91 14.395636
92 12.814052
93 11.721408
94 10.611009
95 9.222069
96 7.955913
97 7.035912
98 6.386229
99 5.614216
100 4.856327
101 4.397580
102 4.027645
103 3.541876
104 3.214240
105 2.896302
106 2.667465
107 2.262492
108 2.022715
109 1.811995
110 1.623322
111 1.430265
112 1.260396
113 1.143648
114 0.995410
115 0.855526
116 0.806494
117 0.721370
118 0.623597
119 0.564569
120 0.511281
121 0.442769
122 0.405004
123 0.362376
124 0.317779
125 0.283670
126 0.259613
127 0.227091
128 0.200197
129 0.183176
130 0.163282
131 0.146643
132 0.132847
133 0.118215
134 0.107782
135 0.099118
136 0.086752
137 0.080491
138 0.071303
139 0.064681
140 0.058471
141 0.052330
142 0.047043
143 0.041997
144 0.037601
145 0.034403
146 0.030826
147 0.027435
148 0.024819
149 0.022800
150 0.020446
151 0.018385
152 0.016725
153 0.015105
154 0.013805
155 0.012609
156 0.011418
157 0.010372
158 0.009428
159 0.008564
160 0.007684
161 0.007031
162 0.006356
163 0.005766
164 0.005310
165 0.004696
166 0.004308
167 0.003961
168 0.003646
169 0.003331
170 0.003024
171 0.002736
172 0.002504
173 0.002266
174 0.002107
175 0.001910
176 0.001765
177 0.001587
178 0.001486
179 0.001356
180 0.001263
181 0.001150
182 0.001056
183 0.000972
184 0.000884
185 0.000822
186 0.000753
187 0.000698
188 0.000641
189 0.000600
190 0.000550
191 0.000506
192 0.000471
193 0.000426
194 0.000398
195 0.000369
196 0.000342
197 0.000321
198 0.000297
199 0.000275
200 0.000257
201 0.000238
202 0.000218
203 0.000205
204 0.000187
205 0.000177
206 0.000164
207 0.000151
208 0.000142
209 0.000134
210 0.000123
211 0.000115
212 0.000109
213 0.000102
214 0.000096
215 0.000087
216 0.000083
217 0.000077
218 0.000071
219 0.000068
220 0.000063
221 0.000060
222 0.000056
223 0.000053
224 0.000050
225 0.000047
226 0.000044
227 0.000042
228 0.000039
229 0.000037
230 0.000035
231 0.000033
232 0.000031
233 0.000030
234 0.000028
235 0.000027
236 0.000025
237 0.000024
238 0.000022
239 0.000021
240 0.000020
241 0.000019
242 0.000018
243 0.000017
244 0.000016
245 0.000015
246 0.000015
247 0.000014
248 0.000013
249 0.000012
250 0.000012
251 0.000011
252 0.000011
253 0.000010
254 0.000010
255 0.000009
256 0.000009
257 0.000008
258 0.000008
259 0.000007
260 0.000007
261 0.000007
262 0.000006
263 0.000006
264 0.000006
265 0.000006
266 0.000005
267 0.000005
268 0.000005
269 0.000005
270 0.000005
271 0.000004
272 0.000004
273 0.000004
274 0.000004
275 0.000004
276 0.000004
277 0.000003
278 0.000003
279 0.000003
280 0.000003
281 0.000003
282 0.000003
283 0.000003
284 0.000003
285 0.000002
286 0.000002
287 0.000002
288 0.000002
289 0.000002
290 0.000002
291 0.000002
292 0.000002
293 0.000002
294 0.000002
295 0.000002
296 0.000002
297 0.000002
298 0.000001
299 0.000001
300 0.000001
301 0.000001
302 0.000001
303 0.000001
304 0.000001
305 0.000001
306 0.000001
307 0.000001
308 0.000001
309 0.000001
310 0.000001
311 0.000001
312 0.000001
313 0.000001
314 0.000001
315 0.000001
316 0.000001
317 0.000001
318 0.000001
319 0.000001
320 0.000001
321 0.000001
322 0.000001
323 0.000001
324 0.000001
325 0.000001
326 0.000001
327 0.000001
328 0.000001
329 0.000001
330 0.000001
331 0.000000
332 0.000000
333 0.000000
334 0.000000
335 0.000000
336 0.000000
337 0.000000
338 0.000000
339 0.000000
340 0.000000
341 0.000000
342 0.000000
343 0.000000
344 0.000000
345 0.000000
346 0.000000
347 0.000000
348 0.000000
349 0.000000
350 0.000000
351 0.000000
352 0.000000
353 0.000000
354 0.000000
355 0.000000
356 0.000000
357 0.000000
358 0.000000
359 0.000000
360 0.000000
361 0.000000
362 0.000000
363 0.000000
364 0.000000
365 0.000000
366 0.000000
367 0.000000
368 0.000000
369 0.000000
370 0.000000
371 0.000000
372 0.000000
373 0.000000
374 0.000000
375 0.000000
376 0.000000
377 0.000000
378 0.000000
379 0.000000
380 0.000000
381 0.000000
382 0.000000
383 0.000000
384 0.000000
385 0.000000
386 0.000000
387 0.000000
388 0.000000
389 0.000000
390 0.000000
391 0.000000
392 0.000000
393 0.000000
394 0.000000
395 0.000000
396 0.000000
397 0.000000
398 0.000000
399 0.000000
400 0.000000
401 0.000000
402 0.000000
403 0.000000
404 0.000000
405 0.000000
406 0.000000
407 0.000000
408 0.000000
409 0.000000
410 0.000000
411 0.000000
412 0.000000
413 0.000000
414 0.000000
415 0.000000
416 0.000000
417 0.000000
418 0.000000
419 0.000000
420 0.000000
421 0.000000
422 0.000000
423 0.000000
424 0.000000
425 0.000000
426 0.000000
427 0.000000
428 0.000000
429 0.000000
430 0.000000
431 0.000000
432 0.000000
433 0.000000
434 0.000000
435 0.000000
436 0.000000
437 0.000000
438 0.000000
439 0.000000
440 0.000000
441 0.000000
442 0.000000
443 0.000000
444 0.000000
445 0.000000
446 0.000000
447 0.000000
448 0.000000
449 0.000000
450 0.000000
451 0.000000
452 0.000000
453 0.000000
454 0.000000
455 0.000000
456 0.000000
457 0.000000
458 0.000000
459 0.000000
460 0.000000
461 0.000000
462 0.000000
463 0.000000
464 0.000000
465 0.000000
466 0.000000
467 0.000000
468 0.000000
469 0.000000
470 0.000000
471 0.000000
472 0.000000
473 0.000000
474 0.000000
475 0.000000
476 0.000000
477 0.000000
478 0.000000
479 0.000000
480 0.000000
481 0.000000
482 0.000000
483 0.000000
484 0.000000
485 0.000000
486 0.000000
487 0.000000
488 0.000000
489 0.000000
490 0.000000
491 0.000000
492 0.000000
493 0.000000
494 0.000000
495 0.000000
496 0.000000
497 0.000000
498 0.000000
499 0.000000
500 0.000000
