1 inf
2 inf
3 inf
4 inf
5 inf
6 inf
7 inf
8 inf
9 inf
10 inf
11 inf
12 inf
13 inf
14 inf
15 inf
16 inf
17 inf
18 inf
19 inf
20 inf
21 inf
22 inf
23 inf
24 inf
25 inf
26 inf
27 inf
28 inf
29 inf
30 inf
31 inf
32 inf
33 inf
34 inf
35 inf
36 inf
37 inf
38 inf
39 inf
40 inf
41 inf
42 inf
43 inf
44 inf
45 inf
46 inf
47 inf
48 inf
49 inf
50 inf
51 inf
52 inf
53 inf
54 inf
55 inf
56 inf
57 inf
58 inf
59 inf
60 inf
61 inf
62 inf
63 inf
64 inf
65 194992279557016332775758026614466012694239852703369424393215278923515939568692590049187075014213383599125137153368502988894348865658900165930770822818429970792125340284066369734136693496087473337403976214509720696585169689302526929767200478235258213943770365640965299269815306655431634749369614336.000000
66 9247547089926094328593044030964776608790314676444690489255189888801114588636821764639813958593016199080981152637269373236308123506415349410034876831829728095396415774380592825534937170865287206175405757384615882911221408557662414876940380354096209911087104.000000
67 1167375279298466287597220518499028903420341471965370146701596587702591260496642526469345020578469815052342529995618572912716638321450100564109543162334260003467890034521921292095991153730058430318112675417765871655678384275456.000000
68 167751054473845390231536980175457801750892691460513066647907207971925136204538486743590154162102372889473721891547428312858236440018924728223626575434663778278275742781928883648940223496477179033816137728.000000
69 1074356581354307386520846400240759401470906260163748921528439020029063476067979687862527532239183974118769821009571516059156703069302348016175632791300429584900554752.000000
70 85557753000375937977163537024676411810984292237825719430501506690102656705966170190733348330534306117474744765615131661713785780961280.000000
71 221030198829895050851777216856309414593421061409640893859814947552104436636281770647325690541401274580992.000000
72 154724370350365004668732114345933368179340057228456315301078558068254441472.000000
73 8515910648730800145547891268942861551607099678523392.000000
74 13123728698746.839844
75 62056.138840
76 44000.444520
77 38902.510821
78 33952.467934
79 29269.519314
80 25804.683120
81 22314.181306
82 20504.288559
83 18335.954063
84 15828.920075
85 14508.349065
86 12680.156998
87 11522.012818
88 10391.172889
89 9662.338574
90 8851.881048
91 8180.306539
92 7552.046941
93 7032.179403
94 6507.582085
95 6000.817240
96 5533.179222
97 5133.065533
98 4698.325678
99 4342.594791
100 3989.971716
101 3686.352489
102 3433.443479
103 3178.562829
104 2868.357723
105 2700.662000
106 2491.987003
107 2242.425207
108 2072.661188
109 1890.211720
110 1721.625335
111 1601.188968
112 1456.078102
113 1329.835248
114 1222.793490
115 1133.152946
116 1053.276463
117 982.806341
118 894.905310
119 850.625398
120 781.960877
121 741.765081
122 687.163303
123 629.762576
124 592.446453
125 544.128199
126 509.039025
127 475.355833
128 439.128790
129 409.633053
130 381.750220
131 355.853987
132 331.685416
133 308.677092
134 286.665811
135 266.801337
136 246.770378
137 228.981945
138 217.382384
139 202.121193
140 190.875640
141 175.664195
142 164.774719
143 156.042683
144 146.269845
145 135.551653
146 128.925785
147 121.291749
148 114.980635
149 107.835358
150 101.453975
151 96.356954
152 89.846482
153 85.183132
154 80.288019
155 76.014826
156 71.853221
157 66.936331
158 64.120181
159 59.875151
160 56.854192
161 53.681538
162 49.017197
163 46.682846
164 43.972178
165 41.682342
166 39.536004
167 37.130066
168 35.336113
169 33.151054
170 31.473503
171 29.921087
172 27.752867
173 26.624543
174 25.228176
175 23.729697
176 22.291958
177 21.179364
178 20.138274
179 18.983528
180 18.041034
181 17.047651
182 16.416031
183 15.651623
184 14.947180
185 14.118673
186 13.376487
187 12.756485
188 12.076827
189 11.589849
190 10.748320
191 10.277358
192 9.733491
193 9.277267
194 8.836482
195 8.474891
196 8.074222
197 7.702493
198 7.374048
199 7.082575
200 6.735365
201 6.503737
202 6.197032
203 5.917052
204 5.704639
205 5.445029
206 5.249719
207 5.059533
208 4.787953
209 4.582938
210 4.407901
211 4.223064
212 4.078522
213 3.920569
214 3.767733
215 3.613042
216 3.480096
217 3.358042
218 3.225709
219 3.120856
220 2.976546
221 2.874842
222 2.777087
223 2.670683
224 2.566026
225 2.466828
226 2.368782
227 2.277058
228 2.206371
229 2.136714
230 2.061775
231 1.989316
232 1.930385
233 1.859656
234 1.797501
235 1.736042
236 1.677269
237 1.622117
238 1.574237
239 1.511305
240 1.467595
241 1.423618
242 1.373288
243 1.330718
244 1.293238
245 1.260797
246 1.217079
247 1.184165
248 1.144503
249 1.105326
250 1.076900
251 1.042814
252 0.999668
253 0.976198
254 0.951033
255 0.925569
256 0.899817
257 0.875633
258 0.847332
259 0.826712
260 0.801215
261 0.780165
262 0.758079
263 0.733907
264 0.718511
265 0.698032
266 0.678892
267 0.659972
268 0.645393
269 0.628627
270 0.611285
271 0.591863
272 0.578874
273 0.565050
274 0.549954
275 0.536654
276 0.524689
277 0.513325
278 0.501369
279 0.486146
280 0.475909
281 0.464968
282 0.454585
283 0.441921
284 0.432661
285 0.421667
286 0.409789
287 0.400958
288 0.392292
289 0.384764
290 0.375544
291 0.365919
292 0.357690
293 0.350817
294 0.342467
295 0.335447
296 0.329083
297 0.320605
298 0.315563
299 0.307958
300 0.301918
301 0.295645
302 0.289587
303 0.283931
304 0.278301
305 0.272558
306 0.267782
307 0.263025
308 0.256531
309 0.251526
310 0.246518
311 0.242635
312 0.236915
313 0.232595
314 0.228411
315 0.224564
316 0.220541
317 0.216485
318 0.212810
319 0.208495
320 0.204693
321 0.201291
322 0.197028
323 0.193791
324 0.189633
325 0.187136
326 0.183876
327 0.180662
328 0.177083
329 0.173633
330 0.171247
331 0.168575
332 0.165574
333 0.162631
334 0.160439
335 0.157980
336 0.155773
337 0.153330
338 0.150449
339 0.148725
340 0.146359
341 0.144122
342 0.141760
343 0.139589
344 0.137900
345 0.135900
346 0.134117
347 0.132263
348 0.130176
349 0.128533
350 0.126779
351 0.124943
352 0.123208
353 0.121478
354 0.119652
355 0.118123
356 0.116534
357 0.115212
358 0.113571
359 0.111770
360 0.110419
361 0.109093
362 0.107642
363 0.105886
364 0.104801
365 0.103505
366 0.102127
367 0.100668
368 0.099439
369 0.098310
370 0.097226
371 0.096094
372 0.095017
373 0.093863
374 0.092833
375 0.091830
376 0.090717
377 0.089871
378 0.088814
379 0.087753
380 0.086855
381 0.085891
382 0.084932
383 0.083968
384 0.083026
385 0.082136
386 0.081276
387 0.080250
388 0.079564
389 0.078714
390 0.077926
391 0.077165
392 0.076524
393 0.075725
394 0.074908
395 0.074212
396 0.073437
397 0.072810
398 0.072185
399 0.071500
400 0.070927
401 0.070301
402 0.069608
403 0.068960
404 0.068253
405 0.067746
406 0.067106
407 0.066663
408 0.066077
409 0.065558
410 0.065132
411 0.064643
412 0.064134
413 0.063591
414 0.063137
415 0.062641
416 0.062198
417 0.061812
418 0.061345
419 0.060932
420 0.060518
421 0.060110
422 0.059704
423 0.059285
424 0.058953
425 0.058577
426 0.058251
427 0.057858
428 0.057488
429 0.057121
430 0.056816
431 0.056459
432 0.056114
433 0.055830
434 0.055541
435 0.055204
436 0.054930
437 0.054639
438 0.054389
439 0.054100
440 0.053847
441 0.053557
442 0.053233
443 0.052994
444 0.052743
445 0.052442
446 0.052200
447 0.051958
448 0.051715
449 0.051533
450 0.051325
451 0.051111
452 0.050867
453 0.050687
454 0.050494
455 0.050293
456 0.050083
457 0.049838
458 0.049713
459 0.049558
460 0.049355
461 0.049220
462 0.049073
463 0.048917
464 0.048752
465 0.048620
466 0.048441
467 0.048327
468 0.048188
469 0.048058
470 0.047947
471 0.047835
472 0.047696
473 0.047581
474 0.047512
475 0.047406
476 0.047287
477 0.047205
478 0.047106
479 0.047010
480 0.046929
481 0.046865
482 0.046789
483 0.046709
484 0.046644
485 0.046595
486 0.046540
487 0.046479
488 0.046431
489 0.046380
490 0.046337
491 0.046301
492 0.046263
493 0.046224
494 0.046204
495 0.046180
496 0.046162
497 0.046147
498 0.046136
499 0.046129
500 0.046126
