1 1452005.308456
2 1464816.482315
3 1569097.101294
4 1730451.068855
5 1688554.917203
6 1682691.728180
7 1655932.760800
8 1627641.561084
9 1569754.651378
10 1525180.683160
11 1499045.504956
12 1391731.720498
13 1279657.061365
14 1352145.306527
15 1310842.373344
16 1258868.998180
17 1257610.918507
18 1215444.454867
19 1145979.253218
20 1044497.778023
21 1032455.951841
22 1014004.534536
23 935352.362965
24 893010.962103
25 827092.454665
26 767676.051421
27 662106.667031
28 632185.354512
29 600593.142092
30 555830.251684
31 541608.404004
32 481409.488383
33 438398.983591
34 411819.272878
35 377029.819972
36 354260.887219
37 327582.064396
38 321201.301823
39 296409.511262
40 275764.265135
41 238493.981264
42 229359.816906
43 215178.144372
44 196705.683377
45 168631.032664
46 156430.985521
47 135677.993781
48 115459.485011
49 112390.015116
50 97788.147543
51 85088.487407
52 80191.754783
53 72583.028840
54 63447.596401
55 56714.737425
56 52047.544265
57 43047.840386
58 39970.831665
59 36304.318128
60 32352.812048
61 29356.413541
62 26684.692498
63 24493.118869
64 22224.366891
65 19961.991214
66 16532.017721
67 14800.828220
68 13227.610225
69 12041.334048
70 10634.488719
71 9030.763818
72 8355.518406
73 7234.391269
74 7014.082471
75 5592.062352
76 5333.997315
77 4644.612414
78 3964.968893
79 3722.921529
80 3238.935660
81 2918.119401
82 2549.710982
83 2209.957723
84 1960.424928
85 1804.118760
86 1538.872197
87 1272.277789
88 1128.698210
89 990.121847
90 843.970907
91 725.961576
92 635.236653
93 522.993513
94 464.174286
95 417.663287
96 359.015361
97 320.546507
98 262.636586
99 236.528814
100 209.348341
101 174.304651
102 148.033734
103 134.236270
104 112.863569
105 100.394596
106 87.766878
107 72.672856
108 65.764128
109 59.389176
110 51.679918
111 45.539655
112 40.490804
113 34.805485
114 29.956326
115 26.952888
116 23.813112
117 20.216729
118 17.299677
119 15.412494
120 13.740228
121 11.657244
122 10.683375
123 9.221564
124 7.889552
125 7.023522
126 6.279117
127 5.223694
128 4.560410
129 3.971431
130 3.436611
131 3.039407
132 2.586584
133 2.241831
134 1.979654
135 1.782788
136 1.543048
137 1.388976
138 1.250331
139 1.103794
140 0.969473
141 0.858249
142 0.759570
143 0.646076
144 0.579867
145 0.496098
146 0.447470
147 0.388121
148 0.344001
149 0.303843
150 0.262138
151 0.237217
152 0.204717
153 0.176154
154 0.153928
155 0.134587
156 0.119347
157 0.104813
158 0.094533
159 0.086098
160 0.076688
161 0.067870
162 0.060664
163 0.053751
164 0.046743
165 0.042046
166 0.036113
167 0.032057
168 0.029236
169 0.025951
170 0.023303
171 0.020917
172 0.018377
173 0.016720
174 0.015226
175 0.013788
176 0.012127
177 0.011079
178 0.009662
179 0.008859
180 0.007981
181 0.007322
182 0.006441
183 0.005890
184 0.005298
185 0.004827
186 0.004159
187 0.003885
188 0.003560
189 0.003168
190 0.002876
191 0.002590
192 0.002353
193 0.002135
194 0.001956
195 0.001793
196 0.001645
197 0.001466
198 0.001347
199 0.001229
200 0.001124
201 0.001016
202 0.000865
203 0.000815
204 0.000738
205 0.000664
206 0.000609
207 0.000561
208 0.000511
209 0.000466
210 0.000427
211 0.000401
212 0.000366
213 0.000336
214 0.000307
215 0.000285
216 0.000264
217 0.000246
218 0.000224
219 0.000207
220 0.000192
221 0.000176
222 0.000159
223 0.000149
224 0.000137
225 0.000127
226 0.000118
227 0.000108
228 0.000101
229 0.000093
230 0.000087
231 0.000080
232 0.000074
233 0.000068
234 0.000064
235 0.000059
236 0.000055
237 0.000051
238 0.000047
239 0.000044
240 0.000041
241 0.000038
242 0.000035
243 0.000033
244 0.000031
245 0.000028
246 0.000026
247 0.000024
248 0.000022
249 0.000020
250 0.000019
251 0.000018
252 0.000017
253 0.000016
254 0.000015
255 0.000014
256 0.000013
257 0.000012
258 0.000011
259 0.000011
260 0.000010
261 0.000010
262 0.000009
263 0.000008
264 0.000008
265 0.000007
266 0.000007
267 0.000007
268 0.000006
269 0.000006
270 0.000006
271 0.000005
272 0.000005
273 0.000004
274 0.000004
275 0.000004
276 0.000004
277 0.000004
278 0.000003
279 0.000003
280 0.000003
281 0.000003
282 0.000003
283 0.000003
284 0.000002
285 0.000002
286 0.000002
287 0.000002
288 0.000002
289 0.000002
290 0.000002
291 0.000002
292 0.000002
293 0.000001
294 0.000001
295 0.000001
296 0.000001
297 0.000001
298 0.000001
299 0.000001
300 0.000001
301 0.000001
302 0.000001
303 0.000001
304 0.000001
305 0.000001
306 0.000001
307 0.000001
308 0.000001
309 0.000001
310 0.000001
311 0.000001
312 0.000001
313 0.000001
314 0.000001
315 0.000000
316 0.000000
317 0.000000
318 0.000000
319 0.000000
320 0.000000
321 0.000000
322 0.000000
323 0.000000
324 0.000000
325 0.000000
326 0.000000
327 0.000000
328 0.000000
329 0.000000
330 0.000000
331 0.000000
332 0.000000
333 0.000000
334 0.000000
335 0.000000
336 0.000000
337 0.000000
338 0.000000
339 0.000000
340 0.000000
341 0.000000
342 0.000000
343 0.000000
344 0.000000
345 0.000000
346 0.000000
347 0.000000
348 0.000000
349 0.000000
350 0.000000
351 0.000000
352 0.000000
353 0.000000
354 0.000000
355 0.000000
356 0.000000
357 0.000000
358 0.000000
359 0.000000
360 0.000000
361 0.000000
362 0.000000
363 0.000000
364 0.000000
365 0.000000
366 0.000000
367 0.000000
368 0.000000
369 0.000000
370 0.000000
371 0.000000
372 0.000000
373 0.000000
374 0.000000
375 0.000000
376 0.000000
377 0.000000
378 0.000000
379 0.000000
380 0.000000
381 0.000000
382 0.000000
383 0.000000
384 0.000000
385 0.000000
386 0.000000
387 0.000000
388 0.000000
389 0.000000
390 0.000000
391 0.000000
392 0.000000
393 0.000000
394 0.000000
395 0.000000
396 0.000000
397 0.000000
398 0.000000
399 0.000000
400 0.000000
401 0.000000
402 0.000000
403 0.000000
404 0.000000
405 0.000000
406 0.000000
407 0.000000
408 0.000000
409 0.000000
410 0.000000
411 0.000000
412 0.000000
413 0.000000
414 0.000000
415 0.000000
416 0.000000
417 0.000000
418 0.000000
419 0.000000
420 0.000000
421 0.000000
422 0.000000
423 0.000000
424 0.000000
425 0.000000
426 0.000000
427 0.000000
428 0.000000
429 0.000000
430 0.000000
431 0.000000
432 0.000000
433 0.000000
434 0.000000
435 0.000000
436 0.000000
437 0.000000
438 0.000000
439 0.000000
440 0.000000
441 0.000000
442 0.000000
443 0.000000
444 0.000000
445 0.000000
446 0.000000
447 0.000000
448 0.000000
449 0.000000
450 0.000000
451 0.000000
452 0.000000
453 0.000000
454 0.000000
455 0.000000
456 0.000000
457 0.000000
458 0.000000
459 0.000000
460 0.000000
461 0.000000
462 0.000000
463 0.000000
464 0.000000
465 0.000000
466 0.000000
467 0.000000
468 0.000000
469 0.000000
470 0.000000
471 0.000000
472 0.000000
473 0.000000
474 0.000000
475 0.000000
476 0.000000
477 0.000000
478 0.000000
479 0.000000
480 0.000000
481 0.000000
482 0.000000
483 0.000000
484 0.000000
485 0.000000
486 0.000000
487 0.000000
488 0.000000
489 0.000000
490 0.000000
491 0.000000
492 0.000000
493 0.000000
494 0.000000
495 0.000000
496 0.000000
497 0.000000
498 0.000000
499 0.000000
500 0.000000
