1 4318843.140824
2 4529078.322808
3 6464894.918426
4 6913265.929311
5 8270332.847615
6 9564036.572753
7 7409755.210616
8 8650433.892855
9 11638211.374569
10 10870263.622322
11 10672152.110370
12 12157309.715624
13 12293796.283941
14 15482795.337786
15 12240156.388705
16 17494102.013251
17 13889047.306283
18 17770112.051630
19 23992275.258411
20 17096566.886887
21 23311288.447479
22 29162107.151577
23 25344028.968190
24 20636649.508627
25 16606065.299338
26 24211984.113913
27 33322292.775635
28 36986731.564185
29 33421587.166805
30 36131976.110997
31 29549740.387574
32 24186375.394829
33 29381976.830719
34 29755115.482429
35 36459392.311927
36 24544091.106982
37 34677837.307449
38 38914196.835590
39 38423717.612352
40 36826550.122809
41 47406318.296660
42 28811232.646627
43 33836299.861427
44 39119153.257362
45 37892558.235738
46 29540623.673062
47 37241404.464640
48 28384976.800992
49 32326107.345096
50 32801426.406486
51 30009268.127581
52 27383438.671797
53 27791317.469447
54 33656268.525980
55 35694653.249878
56 32904853.421253
57 21579780.757449
58 26778975.732866
59 32905581.901107
60 29415876.559557
61 31441647.383358
62 20069235.020790
63 25189493.505107
64 35425436.131894
65 39831745.866275
66 30951437.527761
67 34257874.480298
68 36095445.197754
69 26398363.611261
70 34449377.031933
71 38436755.380958
72 37085409.563234
73 32516428.179703
74 31198814.280953
75 30073791.845324
76 29378379.965324
77 30022667.659495
78 23207574.217775
79 18198663.707105
80 19614436.069190
81 23790070.928228
82 19709870.537073
83 17042120.126340
84 14969305.230568
85 12161581.961099
86 13535537.736019
87 9497179.654653
88 11061499.001157
89 7470967.235538
90 7328624.113384
91 7424812.923221
92 5714883.618653
93 6851396.904097
94 7707167.253278
95 6517638.024649
96 4962025.157135
97 4875739.696311
98 4534578.523340
99 4558692.400027
100 4530611.755282
101 3868722.062901
102 3129146.831717
103 3712769.879148
104 3142301.764997
105 3022971.085910
106 3568942.823393
107 3313466.949966
108 3217103.368010
109 3633631.303876
110 3294069.831505
111 2838319.985517
112 3450360.844375
113 4162924.176151
114 2995029.291490
115 3119354.624492
116 2431166.072503
117 1873531.066610
118 1932717.494134
119 1619745.124163
120 1660277.771608
121 1727087.037908
122 1294029.239466
123 1170885.616362
124 1294265.670032
125 1321971.900524
126 1488422.104851
127 1129117.790805
128 1426114.788849
129 1080743.908411
130 1137945.695373
131 1155866.918120
132 1232544.723731
133 1116462.410622
134 1038563.736738
135 882034.306056
136 703445.952054
137 659830.845311
138 703602.563967
139 596126.932029
140 674000.847538
141 645793.020151
142 654480.808903
143 686073.858939
144 792634.380543
145 710343.154885
146 726915.736653
147 604063.184075
148 554939.998466
149 461733.690967
150 485900.334789
151 530720.417600
152 446629.915694
153 489885.951643
154 447850.420960
155 473076.154816
156 411108.831326
157 360072.594252
158 334327.811701
159 319716.458224
160 314284.985223
161 314307.647035
162 331297.337697
163 323337.626629
164 262136.822128
165 204049.846436
166 247537.471052
167 246448.709199
168 233548.560466
169 195983.529719
170 195345.730932
171 188940.975774
172 161236.788252
173 159530.884852
174 152512.720161
175 149974.075639
176 129037.193137
177 141463.365365
178 130806.877002
179 133060.944473
180 128305.405232
181 120958.573563
182 112124.709257
183 109247.456654
184 89579.445661
185 82978.297065
186 88716.947535
187 81778.215947
188 80744.542701
189 83156.219499
190 77863.656077
191 65726.459180
192 77588.257428
193 64658.633338
194 73833.441076
195 61539.961683
196 65113.361299
197 63686.456117
198 68448.966173
199 62228.727878
200 57983.555299
201 48675.521972
202 47431.051139
203 46840.765412
204 38996.122804
205 37960.872758
206 37034.116583
207 33637.254248
208 32703.649781
209 28598.851128
210 27262.284960
211 24705.207525
212 25996.453267
213 22277.344128
214 19798.862546
215 17071.238164
216 15091.824681
217 16884.693485
218 17024.003418
219 14737.219607
220 13357.159261
221 12435.757680
222 12181.961483
223 11942.318877
224 11738.134350
225 10852.805321
226 10269.364616
227 10289.805261
228 9759.329880
229 9458.733481
230 8133.443921
231 8655.713451
232 7430.684536
233 7437.823557
234 6842.564972
235 6726.030191
236 7354.737418
237 6069.560639
238 6004.604749
239 5586.961628
240 5697.032340
241 5449.186613
242 5501.241977
243 5044.634184
244 5012.292053
245 4976.845976
246 3798.781778
247 4457.082554
248 3899.683911
249 4016.914143
250 3726.698874
251 3362.064430
252 3301.821564
253 3197.109908
254 2992.755617
255 2775.054418
256 2508.683048
257 2577.134890
258 2514.531142
259 2539.071994
260 2184.680446
261 1934.158824
262 1881.917208
263 1780.177493
264 1662.018280
265 1546.805584
266 1561.963913
267 1389.702176
268 1497.877747
269 1477.766655
270 1451.614838
271 1474.774962
272 1336.038804
273 1460.828854
274 1335.096933
275 1333.977302
276 1151.778195
277 1179.133760
278 1035.932017
279 1057.455341
280 1108.902275
281 1040.413330
282 999.028513
283 958.558154
284 927.529907
285 922.150061
286 929.981940
287 903.868549
288 906.857708
289 896.737293
290 842.859783
291 836.724157
292 820.572132
293 749.840927
294 740.973712
295 660.798206
296 658.847389
297 636.350164
298 598.890242
299 619.653830
300 521.618400
301 562.192439
302 506.391686
303 539.725162
304 542.857481
305 538.666837
306 519.902882
307 508.935414
308 479.140912
309 468.417318
310 433.741544
311 422.877086
312 373.668404
313 367.463493
314 363.125104
315 339.113505
316 310.495374
317 316.699695
318 319.439741
319 305.883325
320 297.287799
321 276.855473
322 266.904246
323 268.043409
324 282.791808
325 271.499390
326 240.109809
327 236.345178
328 229.289900
329 206.032996
330 201.750122
331 204.080220
332 204.337274
333 202.316938
334 184.158545
335 180.515183
336 167.608988
337 164.631791
338 157.718757
339 144.350826
340 150.471224
341 152.904524
342 153.281457
343 143.606169
344 139.291888
345 137.939923
346 135.334311
347 134.544444
348 128.786206
349 128.547991
350 118.987937
351 119.935385
352 112.147002
353 110.932055
354 109.891196
355 110.788164
356 104.662514
357 103.307995
358 101.026062
359 96.698725
360 92.834047
361 92.095181
362 86.664325
363 83.506322
364 81.647312
365 82.391767
366 74.511207
367 74.527908
368 74.081511
369 73.537968
370 71.261899
371 72.836289
372 72.486634
373 72.129032
374 67.565125
375 69.606604
376 66.894053
377 65.154916
378 64.535471
379 64.530600
380 60.843554
381 61.047191
382 59.860861
383 58.233118
384 56.676474
385 56.650815
386 54.179180
387 54.650881
388 54.130957
389 53.565587
390 52.164044
391 48.125014
392 47.492855
393 47.641013
394 46.827490
395 45.850110
396 45.912339
397 44.661850
398 43.442639
399 44.120907
400 41.877140
401 41.414117
402 42.118981
403 41.450312
404 41.367378
405 39.632155
406 38.472224
407 38.690302
408 37.927942
409 37.576748
410 36.538197
411 35.075782
412 34.937251
413 33.550395
414 33.293334
415 32.788823
416 32.148301
417 32.093408
418 31.186137
419 30.219635
420 30.233337
421 29.509733
422 29.434645
423 28.241991
424 28.399949
425 27.662021
426 27.452677
427 26.792964
428 26.484783
429 26.383177
430 26.564676
431 26.269261
432 26.125836
433 25.787603
434 25.203254
435 25.450014
436 24.858332
437 24.721854
438 24.073324
439 23.730182
440 23.377216
441 23.299281
442 23.037388
443 22.912182
444 22.823404
445 22.762181
446 22.369047
447 21.944883
448 21.690904
449 20.983664
450 20.782392
451 20.693337
452 20.476265
453 20.279995
454 20.051608
455 19.796202
456 19.524683
457 19.171735
458 19.120161
459 18.959303
460 18.533500
461 18.374052
462 18.319384
463 17.972539
464 17.750355
465 17.634752
466 17.475967
467 17.156011
468 17.012925
469 16.837387
470 16.783663
471 16.607579
472 16.501518
473 16.402807
474 16.274311
475 16.136324
476 15.984971
477 15.895493
478 15.726938
479 15.672511
480 15.525714
481 15.470679
482 15.314623
483 15.259390
484 15.173158
485 15.102993
486 15.038549
487 14.967027
488 14.890146
489 14.830368
490 14.755509
491 14.677818
492 14.654278
493 14.617154
494 14.565646
495 14.541616
496 14.514394
497 14.489328
498 14.472157
499 14.456642
500 14.451147
