1 inf
2 inf
3 inf
4 inf
5 inf
6 inf
7 inf
8 inf
9 inf
10 inf
11 inf
12 inf
13 inf
14 inf
15 inf
16 inf
17 120016181072536121879673925969611009771694923389458709517496303966461852163330844491042742631249552889071518589451068923768760466995732400862574781993091564716478695727511836661388130652477572241232331078701339849285438913598636991542283047324362066085571125761238469278940131743837653598203204534796288.000000
18 3161309356078867501322964808725720732163982232753798035984959057772413287330678738007021059584086714980215926379370118331712296966126741329644478123078306310147989808391739451935442067860494752784357702492226719341690645434364260386230975741658646987148715362699473216095660635070140514304.000000
19 13268720834985758654853584738719787696132506835831702460668476430375443787824048760377745750894333364894078508314708351536488487595916548040686531904551713570104223063077323678731938225079161928366218095102219040253552354763868527413041719543803392525106394634345943283682603171840.000000
20 33000138068765237594487747228204725435760054464563516062769803186671003097811065252817290549227715087945005041382523396756133499044603069827580952842761601232078584282933277468653814320054687899206945940294340091055560504744982646030285524803808619758691306280314246004736.000000
21 21715552337566072193495531649485937321167548911705480974949805912903966561980134353142629495294811397069503533757414968032927018246807529292677512010338397044799477357385334349187778037644769630126209639792804487255486615634955186802368954194090694817666301952.000000
22 10075948390225802481262264974517835316656994990751408194449895157517226777072967792852426245046807846059887050477778761696535563804587085712091709990939332037025642759931836345350503551964268402505425609142902366675001766183717904972395931848050475008.000000
23 32176003088479833906885942491774291878381740429818326696531522263187425365772850302733663045632749200255715496511271740220439781962606791317832327311348675675528137937661930366072147832603797357765239789250064169217174774278910988542860591104.000000
24 341256331197870417330214398587958343290254384410948646406739406532485263032437370881993234034410617196957243574266940322586609393632979991097214579735380218920315300719709536407556354838176852320858303251064037653881649391847640227905536.000000
25 65066467126621597481831713589952179586268170948736723998375653952827940965680072605836954187744600949467323747607363009684704394524347046352926026740476497066866775123744504563801526235991095193126847656672418538589769231761408.000000
26 1019427396715198086855440556771291452545257482991011199524810209055317943795845468457212787881589621935087135725441591075987832780878565492700499774409513382170227974161071040316466294006357387499922250806407528645132288.000000
27 265954529054372817324937567488808672636557870878556551335146953642859954329703224532844260025135297553889952622896643983215028441731672525605031629371727909398471063886695468047165623241218648240858768063121412063232.000000
28 1270272246717777014492040445008971356776156143149291336453452955064396631910183306046881979737899411534877795866875367947490304224700296691620338987928304749770516743596953580373592548900674371032751013888.000000
29 9663286769407619116834673041801131686159957823776799115361474040427165816561601677779667409407305665077498429128773011366628865040580944333309467476567371476450774363802268661805099765334585659229208576.000000
30 1093450347620155494544539084740500959853443758456520475002196909454174790043989118250477336576364983399653751727877666513334559843348207401248286317155736986720127387961746926474528851288802721792.000000
31 195729496989761769805380804305804458565382945498704041865194415882108109039187155074688933709101073960423264726891744091288067920800720131959109836537799339909392346513287131361068449792.000000
32 2936916134633896331889943174599478556648649398391938471013210843719100432135351846510374396704024977679132749076288959877304049190775516431450497122503515431668222978424832.000000
33 559068671763453010397149079733942447940294164013506307077665476422749097737580891715324704897973980270745402091209335247481747240993341437924265017114865172480.000000
34 20065309569129575524731092135591370542230856983076108834102517924721067825729368126442859026357062335763775988272257742992648380212498390742233709019136.000000
35 25543574866057680079131062550368450360584585641169762402146571515808327216435775466073664739887337969962255151497918267585896275321221847973888.000000
36 287675003802699708657546582112367902470421849631464000725772100381761342525122457877978532913987924157913258154209456999056850385369508610048.000000
37 8172118992866387200828440837128135128691058450344479167262292267153092738847549043324088296272306439950638206362630929288003584.000000
38 132899928397713984024462766973045299922255591692715695278226824519236971324922901644609098344238925161386107326371555442688.000000
39 777689707558977017953290662102502756189979572189556066806629330737365322581806083810784583349139572003018456956928.000000
40 94508603457420568637457591798393267546053072184314410936199490237498325826127619922510045754706248014495744.000000
41 366689763365540659096819990376303354550174868990031117103170715706505831363522033345457047994368.000000
42 2694935301945390301986673729692747181362773215614658524121278458121731353691882122117120.000000
43 9653342225368914938980737821382474329627084813292494822161354725474801676882460803072.000000
44 200193754311551056136443354245268081253300659169017201964295773138775441408.000000
45 112271435547704156447995966904805588488690685254996864211615744.000000
46 12475517875175028357901421437266500896390016706233237504.000000
47 397944583117613013481503647756371275808768.000000
48 353232453731760782921487932719104.000000
49 359747453051566477541376.000000
50 5821.257294
51 4678.841557
52 3263.821617
53 2698.953065
54 2268.755647
55 1906.401723
56 1552.179957
57 1326.596946
58 1181.933937
59 1034.288071
60 818.278942
61 742.380077
62 624.931624
63 550.144437
64 420.669603
65 401.330916
66 346.007733
67 296.888992
68 273.377135
69 236.809411
70 216.483953
71 185.179997
72 166.837536
73 141.231847
74 122.912813
75 105.518093
76 95.864333
77 86.372322
78 76.842819
79 66.673837
80 59.692925
81 53.425712
82 47.090806
83 40.353898
84 38.006705
85 34.412496
86 30.472211
87 26.936541
88 24.223437
89 20.880751
90 18.712957
91 16.807191
92 15.237421
93 13.628542
94 12.028371
95 10.725355
96 9.462964
97 8.582779
98 7.627160
99 6.939243
100 6.187848
101 5.508282
102 4.949392
103 4.407145
104 3.811757
105 3.352573
106 3.047202
107 2.624918
108 2.369576
109 2.105874
110 1.893782
111 1.703836
112 1.529856
113 1.348376
114 1.175749
115 1.056538
116 0.918132
117 0.840141
118 0.736853
119 0.665376
120 0.576016
121 0.511218
122 0.458723
123 0.413038
124 0.372595
125 0.333902
126 0.301862
127 0.268220
128 0.239589
129 0.215623
130 0.198532
131 0.175561
132 0.158699
133 0.139165
134 0.127334
135 0.113236
136 0.100887
137 0.091001
138 0.080655
139 0.073576
140 0.065222
141 0.058463
142 0.053160
143 0.047240
144 0.041009
145 0.037737
146 0.033692
147 0.030364
148 0.027190
149 0.024955
150 0.022314
151 0.019861
152 0.018057
153 0.016710
154 0.014674
155 0.013733
156 0.012363
157 0.011290
158 0.010253
159 0.009284
160 0.008368
161 0.007655
162 0.006800
163 0.006270
164 0.005845
165 0.005356
166 0.004824
167 0.004399
168 0.004082
169 0.003712
170 0.003385
171 0.003022
172 0.002798
173 0.002422
174 0.002261
175 0.002034
176 0.001869
177 0.001701
178 0.001575
179 0.001464
180 0.001348
181 0.001235
182 0.001153
183 0.001016
184 0.000954
185 0.000881
186 0.000807
187 0.000746
188 0.000678
189 0.000620
190 0.000569
191 0.000520
192 0.000479
193 0.000445
194 0.000406
195 0.000381
196 0.000343
197 0.000319
198 0.000287
199 0.000266
200 0.000249
201 0.000233
202 0.000217
203 0.000202
204 0.000187
205 0.000174
206 0.000162
207 0.000150
208 0.000141
209 0.000129
210 0.000120
211 0.000115
212 0.000107
213 0.000101
214 0.000094
215 0.000087
216 0.000082
217 0.000077
218 0.000071
219 0.000067
220 0.000064
221 0.000060
222 0.000056
223 0.000053
224 0.000049
225 0.000046
226 0.000044
227 0.000041
228 0.000038
229 0.000036
230 0.000034
231 0.000032
232 0.000030
233 0.000029
234 0.000027
235 0.000026
236 0.000024
237 0.000023
238 0.000022
239 0.000020
240 0.000019
241 0.000018
242 0.000017
243 0.000016
244 0.000015
245 0.000014
246 0.000014
247 0.000013
248 0.000013
249 0.000012
250 0.000011
251 0.000011
252 0.000010
253 0.000010
254 0.000009
255 0.000009
256 0.000008
257 0.000008
258 0.000008
259 0.000007
260 0.000007
261 0.000007
262 0.000006
263 0.000006
264 0.000006
265 0.000005
266 0.000005
267 0.000005
268 0.000005
269 0.000004
270 0.000004
271 0.000004
272 0.000004
273 0.000004
274 0.000004
275 0.000003
276 0.000003
277 0.000003
278 0.000003
279 0.000003
280 0.000003
281 0.000003
282 0.000003
283 0.000003
284 0.000002
285 0.000002
286 0.000002
287 0.000002
288 0.000002
289 0.000002
290 0.000002
291 0.000002
292 0.000002
293 0.000002
294 0.000002
295 0.000002
296 0.000002
297 0.000001
298 0.000001
299 0.000001
300 0.000001
301 0.000001
302 0.000001
303 0.000001
304 0.000001
305 0.000001
306 0.000001
307 0.000001
308 0.000001
309 0.000001
310 0.000001
311 0.000001
312 0.000001
313 0.000001
314 0.000001
315 0.000001
316 0.000001
317 0.000001
318 0.000001
319 0.000001
320 0.000001
321 0.000001
322 0.000001
323 0.000001
324 0.000001
325 0.000001
326 0.000001
327 0.000001
328 0.000001
329 0.000001
330 0.000000
331 0.000000
332 0.000000
333 0.000000
334 0.000000
335 0.000000
336 0.000000
337 0.000000
338 0.000000
339 0.000000
340 0.000000
341 0.000000
342 0.000000
343 0.000000
344 0.000000
345 0.000000
346 0.000000
347 0.000000
348 0.000000
349 0.000000
350 0.000000
351 0.000000
352 0.000000
353 0.000000
354 0.000000
355 0.000000
356 0.000000
357 0.000000
358 0.000000
359 0.000000
360 0.000000
361 0.000000
362 0.000000
363 0.000000
364 0.000000
365 0.000000
366 0.000000
367 0.000000
368 0.000000
369 0.000000
370 0.000000
371 0.000000
372 0.000000
373 0.000000
374 0.000000
375 0.000000
376 0.000000
377 0.000000
378 0.000000
379 0.000000
380 0.000000
381 0.000000
382 0.000000
383 0.000000
384 0.000000
385 0.000000
386 0.000000
387 0.000000
388 0.000000
389 0.000000
390 0.000000
391 0.000000
392 0.000000
393 0.000000
394 0.000000
395 0.000000
396 0.000000
397 0.000000
398 0.000000
399 0.000000
400 0.000000
401 0.000000
402 0.000000
403 0.000000
404 0.000000
405 0.000000
406 0.000000
407 0.000000
408 0.000000
409 0.000000
410 0.000000
411 0.000000
412 0.000000
413 0.000000
414 0.000000
415 0.000000
416 0.000000
417 0.000000
418 0.000000
419 0.000000
420 0.000000
421 0.000000
422 0.000000
423 0.000000
424 0.000000
425 0.000000
426 0.000000
427 0.000000
428 0.000000
429 0.000000
430 0.000000
431 0.000000
432 0.000000
433 0.000000
434 0.000000
435 0.000000
436 0.000000
437 0.000000
438 0.000000
439 0.000000
440 0.000000
441 0.000000
442 0.000000
443 0.000000
444 0.000000
445 0.000000
446 0.000000
447 0.000000
448 0.000000
449 0.000000
450 0.000000
451 0.000000
452 0.000000
453 0.000000
454 0.000000
455 0.000000
456 0.000000
457 0.000000
458 0.000000
459 0.000000
460 0.000000
461 0.000000
462 0.000000
463 0.000000
464 0.000000
465 0.000000
466 0.000000
467 0.000000
468 0.000000
469 0.000000
470 0.000000
471 0.000000
472 0.000000
473 0.000000
474 0.000000
475 0.000000
476 0.000000
477 0.000000
478 0.000000
479 0.000000
480 0.000000
481 0.000000
482 0.000000
483 0.000000
484 0.000000
485 0.000000
486 0.000000
487 0.000000
488 0.000000
489 0.000000
490 0.000000
491 0.000000
492 0.000000
493 0.000000
494 0.000000
495 0.000000
496 0.000000
497 0.000000
498 0.000000
499 0.000000
500 0.000000
