1 82910145.186006
2 103835452.430125
3 108291734.004832
4 138472564.239865
5 154433706.420226
6 150229157.394770
7 172214296.416741
8 235050075.925798
9 210320912.902013
10 241626222.849925
11 275050731.218181
12 357316945.934535
13 510109586.535158
14 487030825.460864
15 554743295.227227
16 660712277.976782
17 796938620.391083
18 780172453.262692
19 904200214.015121
20 1188963309.985628
21 1368415324.346663
22 1368160963.578542
23 1156214516.745785
24 1346992873.494361
25 1448007261.415516
26 1437502250.971646
27 2274547833.725695
28 2326861575.246969
29 2412901829.702065
30 3368273226.489057
31 3338807884.849874
32 3339036400.132116
33 3009037966.539862
34 2718874941.403039
35 2755518471.555264
36 3735860973.537822
37 4232824723.189858
38 5227132245.772775
39 5138838423.501903
40 5476349498.710112
41 5543338433.543602
42 6409696523.372352
43 5850500889.647183
44 5492267457.086333
45 4705895159.380241
46 4616359081.404918
47 4306837840.502780
48 4082176282.189301
49 4166413407.066087
50 5642660673.467084
51 5417807295.906282
52 5476978551.609736
53 5303321627.478765
54 5828167310.930182
55 5102415048.723783
56 5037020679.490138
57 7003808911.821528
58 7368586110.196133
59 6550363340.003203
60 9381810620.482683
61 6482976809.889912
62 8079526455.086626
63 7686227890.457651
64 7449951451.574921
65 8596022490.567354
66 6737564807.921683
67 8456160735.258053
68 8400264764.971968
69 10944499684.129963
70 9388612960.399540
71 9804343277.289915
72 7944460753.316199
73 11056307073.123159
74 10659342999.428984
75 8623628624.007984
76 7641644033.134702
77 8626045970.292423
78 6489021951.850517
79 7462610253.070752
80 8389604195.375669
81 7839226414.048776
82 6162595901.316566
83 6764222357.086036
84 8187763919.378953
85 8360137360.599397
86 6379789900.205717
87 9066569891.194365
88 9180316499.206003
89 7336902543.023870
90 8874905322.951681
91 7384831317.880744
92 6126499648.825227
93 6659597991.124764
94 6417327390.524796
95 6914556143.925098
96 5415867674.564967
97 5446611881.857123
98 4533645497.575238
99 5226275281.172410
100 5990818188.989951
101 6314204066.610825
102 4995549505.306904
103 4325737210.953364
104 5046536569.538125
105 3896276088.396332
106 3700700669.940349
107 3547840850.097224
108 3720029617.436381
109 3473949251.016328
110 2926950827.570924
111 3934757448.279027
112 3466882266.761744
113 3376893502.438398
114 2607548141.243521
115 2528803101.798892
116 2283195081.136463
117 2499473492.268553
118 2344475183.454819
119 2080881657.087092
120 2186371282.291151
121 1901157189.148222
122 1503567229.327708
123 1447553021.164055
124 1437801278.154207
125 1507423279.103022
126 1199022934.927994
127 1319215403.191159
128 1180108479.002859
129 1141978889.845651
130 1048064667.154882
131 1253933386.614626
132 1274872378.361305
133 1168666638.603602
134 1035068628.271788
135 903909117.345038
136 924711981.614879
137 1051416343.791677
138 776481536.914307
139 756531888.130172
140 748462671.885892
141 655215655.011858
142 601983248.367515
143 806235452.296681
144 609189960.174940
145 577069957.331506
146 630796048.960339
147 497576139.848968
148 504760997.178836
149 524630155.172747
150 440300162.377681
151 427821003.051145
152 377376592.614683
153 359234059.434637
154 515635554.172243
155 390718728.927090
156 341793673.430017
157 283670172.692710
158 267608815.032257
159 286322560.937751
160 290887317.496213
161 275279712.463591
162 288578538.284560
163 343096061.602759
164 268188828.940145
165 277761517.193049
166 221085742.791942
167 241032336.367547
168 230290112.180920
169 196921788.110239
170 212922954.225050
171 155210430.996044
172 156207196.820585
173 150540477.641065
174 163182431.256025
175 122902889.479762
176 120260269.307848
177 130861481.462435
178 110063257.069006
179 140070623.380841
180 118522061.595522
181 147994533.612802
182 122134324.108223
183 134260852.400195
184 135681147.365192
185 110869198.223845
186 126249407.232677
187 141750039.507333
188 131037011.219152
189 149830659.718735
190 121051728.282513
191 108589065.235451
192 109203510.350412
193 116633423.835131
194 99091197.371727
195 86899805.135917
196 103078821.277470
197 88160952.059051
198 85967473.815510
199 83958474.517130
200 81034706.584749
201 73046793.542574
202 85848139.662043
203 79732605.423012
204 87408276.316281
205 71298979.172492
206 61764421.765431
207 71000145.073606
208 59266200.433375
209 60562500.033328
210 56288888.212218
211 53311865.300449
212 46980766.478938
213 45344119.667695
214 40825763.690175
215 36984307.892049
216 40157694.206441
217 43123424.038852
218 35474993.743964
219 28897374.995957
220 38019357.462795
221 32175407.922813
222 37354489.681431
223 29072266.718764
224 25409453.112868
225 24598102.732699
226 24153450.110589
227 23214439.988760
228 20313737.947853
229 23041930.375967
230 24455777.977606
231 23009429.069066
232 22773370.716856
233 21650284.289610
234 22311943.150651
235 21578931.475736
236 21244280.957751
237 20669463.487541
238 20733831.894176
239 14744718.898640
240 15733686.327053
241 17041065.192277
242 18049046.837261
243 15791689.494984
244 13957329.934683
245 15656831.380400
246 15724175.842218
247 13591262.614019
248 16178627.592370
249 14274893.103505
250 12348371.874576
251 12482311.609801
252 13469499.313477
253 13261719.749088
254 10845033.526246
255 11016178.216682
256 12544360.654671
257 12198255.269112
258 12772960.767429
259 10766299.581570
260 10760188.784512
261 10475339.644799
262 10717315.468103
263 10465121.575679
264 9149909.149410
265 8925999.851151
266 8872051.064375
267 8287299.533617
268 8416570.341306
269 7317535.124885
270 7682552.529744
271 7836785.541419
272 7171172.818269
273 6669841.820220
274 7023281.127230
275 4881643.339333
276 6114853.259393
277 5941501.009436
278 5195111.539309
279 5636516.907511
280 5900136.982707
281 5596333.101276
282 5240723.511473
283 5636395.745013
284 5058515.443381
285 5241969.935184
286 5203402.622362
287 5223244.563009
288 4760714.572311
289 4704998.467037
290 4858534.303756
291 5798077.314287
292 5415774.827503
293 5196479.477832
294 5160977.896780
295 5202523.618151
296 5195683.164733
297 5039319.676839
298 5218593.498033
299 5274769.784310
300 5173404.308181
301 4966090.034242
302 5130985.244988
303 5051683.995577
304 4627922.576093
305 4289308.750744
306 4424276.381449
307 4290499.716200
308 4151423.118160
309 4307858.735845
310 4391820.987512
311 4308519.806799
312 3951239.272863
313 3910929.203658
314 4092581.824222
315 3752969.750069
316 3783455.661297
317 3828070.978499
318 3888883.747313
319 3816000.366261
320 3672399.192301
321 3436434.151817
322 3485714.498521
323 3769284.004558
324 3550902.011259
325 3805484.899253
326 3619886.914379
327 3546777.567625
328 3398385.672093
329 3520102.651746
330 3452821.731144
331 3442639.932442
332 3478899.742691
333 3374835.824340
334 3355731.554667
335 3388738.488411
336 3321938.028942
337 3161006.887485
338 3221543.029210
339 2864336.242578
340 3095374.371229
341 3105926.456068
342 3003707.818017
343 3129803.699444
344 3023807.467387
345 2908989.963827
346 2672252.657853
347 2795759.066173
348 2790886.738147
349 2830979.780411
350 2712653.737213
351 2775503.896429
352 2823484.727439
353 2627104.593659
354 2530350.712681
355 2526117.052417
356 2454377.857668
357 2550575.518652
358 2427397.593817
359 2511425.595723
360 2414401.112369
361 2240586.161911
362 2322193.468727
363 2268350.874081
364 2406283.526809
365 2345780.983069
366 2371242.605639
367 2265458.137234
368 2231854.354622
369 2277760.383566
370 2157165.901341
371 2178727.698305
372 2127148.779431
373 2034375.925966
374 2131046.630826
375 2068671.243475
376 2047774.232785
377 2032449.790985
378 1993451.149376
379 1922498.512578
380 1818395.677985
381 1805244.508018
382 1826352.205489
383 1684427.467516
384 1672178.366572
385 1673385.240564
386 1680903.621191
387 1586228.166557
388 1624624.264238
389 1597949.955892
390 1606591.539382
391 1631405.814236
392 1549811.772852
393 1494122.491876
394 1502857.416578
395 1554216.586521
396 1540384.802674
397 1443756.320677
398 1477381.876120
399 1416339.031922
400 1388405.920791
401 1389258.970836
402 1387071.484746
403 1353980.269782
404 1353637.314938
405 1327658.069513
406 1223462.349269
407 1268938.119904
408 1245123.986858
409 1236726.968705
410 1198850.809849
411 1188567.410128
412 1166867.464318
413 1111924.669695
414 1147669.932716
415 1135475.762174
416 1124167.377708
417 1092256.477325
418 1093567.297454
419 1032202.449419
420 1042980.581287
421 997618.179005
422 1030969.163827
423 1015338.852698
424 957417.419356
425 974731.323388
426 941186.272640
427 933710.078735
428 929799.994037
429 923787.689455
430 909056.992868
431 896982.748201
432 902165.172137
433 871054.554347
434 861521.006395
435 871381.812327
436 854522.456146
437 840786.788736
438 849306.169323
439 837204.218631
440 824302.755117
441 807124.974083
442 789704.238564
443 791155.244966
444 792511.999799
445 778226.599507
446 777614.558710
447 773584.798424
448 769719.748761
449 767649.791959
450 767551.631708
451 763460.595969
452 752606.458742
453 754798.936702
454 744666.396130
455 736176.846725
456 735925.993102
457 725161.023665
458 717692.971252
459 705673.507641
460 703371.765853
461 694915.080071
462 679857.801949
463 673693.027724
464 670364.422375
465 663526.462876
466 657938.487561
467 651208.406949
468 649218.666946
469 645907.649382
470 639062.794057
471 635507.272475
472 632464.213286
473 629298.903585
474 624127.930891
475 623018.421063
476 621684.140718
477 618741.879834
478 614707.454707
479 611618.242835
480 609294.455580
481 604043.483106
482 603205.203514
483 599583.788292
484 595646.277168
485 591790.049051
486 589616.637882
487 587194.058816
488 584497.128158
489 582353.132555
490 579605.997630
491 578761.583198
492 577068.592430
493 575528.958317
494 573644.670183
495 572444.145834
496 571420.935539
497 570481.984823
498 569523.341609
499 569017.350261
500 568595.407102
