1 76957765.330307
2 134604585.645594
3 121008900.576300
4 125411342.446929
5 148358582.433577
6 212577093.449327
7 171481398.520520
8 164698458.530149
9 249798856.017019
10 267475818.465961
11 401468294.248015
12 397093739.087155
13 667125363.737213
14 611876377.861029
15 801188693.922724
16 707400810.669418
17 820225236.125848
18 1142080422.354522
19 752090640.421113
20 809704798.940269
21 1158420394.199949
22 1177289237.893104
23 1293594337.130174
24 1637804589.996381
25 1690512154.383060
26 1838237941.672455
27 1826979335.181054
28 2348103731.458518
29 3592065951.058627
30 3015376766.270719
31 3996963439.995107
32 4004159916.049965
33 4071294191.250814
34 3741567226.625230
35 3797825884.625098
36 3712880528.925669
37 4757392379.254431
38 5258867270.365168
39 4562245758.881810
40 4185854257.462192
41 5145594532.471296
42 4237122580.856846
43 3349901641.967592
44 4159657734.552577
45 4417403046.892879
46 5195909650.938247
47 7064476852.425022
48 5960816121.660131
49 5139123302.149663
50 5838791952.102799
51 6507898711.583777
52 7172359684.798714
53 6439645472.368409
54 9093936631.527937
55 7763478873.914733
56 7251588904.128976
57 8123655407.413858
58 7480368346.454233
59 7377405139.872499
60 7758420120.949388
61 10467939681.335920
62 8475904338.230810
63 8617821322.584763
64 7664575657.294487
65 11240632637.358028
66 7294500565.638002
67 8870397316.916964
68 8448906244.688170
69 8837288473.443741
70 9088449775.783730
71 6794289659.865235
72 8303039328.544158
73 7976975611.512494
74 7744700557.280763
75 9195250379.955635
76 7011924510.635727
77 8424068789.432860
78 7234093301.313414
79 7299658480.007078
80 8805379035.687510
81 10926414755.556107
82 10086074379.044998
83 9267137032.096342
84 7033594196.488356
85 7181980264.404830
86 5731594009.921804
87 7560120947.468751
88 7765768223.844677
89 6523612579.295680
90 7379695408.402590
91 7456888276.238124
92 6111795075.729085
93 6562644076.788035
94 8039401449.665984
95 7122578564.299720
96 6549157896.697514
97 6428178381.453873
98 5733936262.266386
99 4766635797.152155
100 6136412137.516498
101 6203675027.336325
102 4782548471.165450
103 4454778961.342625
104 4666867576.315978
105 5191206828.699556
106 4083554195.861979
107 4625800229.832754
108 3580431919.870510
109 3156606338.583186
110 3555390496.159390
111 3423784237.998835
112 2799941430.585850
113 3036677459.656519
114 2596544679.665845
115 2143490385.150546
116 2499534349.474982
117 1802535446.572217
118 1910975355.892267
119 2230301665.422717
120 1461137230.673533
121 1637254189.838980
122 1461456896.312174
123 1250054346.311674
124 1434794715.156062
125 1391066904.630270
126 1134089121.226238
127 1294699360.908361
128 1101012951.387351
129 995133550.385907
130 953308507.015215
131 1033941568.882549
132 1062527578.270874
133 1050641818.473620
134 1172692203.865227
135 914590984.844309
136 1084012027.228257
137 1126360545.030165
138 1249886819.623506
139 953453505.006294
140 1088546957.700935
141 1094614419.388043
142 961830858.551907
143 1141683782.226663
144 1109518407.314121
145 1009148607.819642
146 829679251.408738
147 913560299.892118
148 816765913.639671
149 796415024.417274
150 854599613.558986
151 634506330.105270
152 707460457.816887
153 675571578.775650
154 666169899.854162
155 616140624.156569
156 562465702.919629
157 684988763.173292
158 640335624.293992
159 565377273.958647
160 509268297.656805
161 542000427.433258
162 653992186.063901
163 534700769.907528
164 509828079.944039
165 545469279.690749
166 639138567.763281
167 521539029.775221
168 512285917.533581
169 352914878.014643
170 280183673.547707
171 304570768.426708
172 292544474.045430
173 302043473.812488
174 289090600.150618
175 225799969.967467
176 266762113.180468
177 224482624.785080
178 227944616.006314
179 218629715.781741
180 186845232.838741
181 179252813.165615
182 187091175.749544
183 173590658.973871
184 220527153.903866
185 178109728.211495
186 146926798.218285
187 159837672.861620
188 157690603.466421
189 138982794.338704
190 163482744.555151
191 151584808.960008
192 143736499.265711
193 176049133.615301
194 163592233.706552
195 173927357.695624
196 155956157.678802
197 149617758.038326
198 159466685.250217
199 182826619.989144
200 195421429.818422
201 198298241.634915
202 148692622.996724
203 148183781.869034
204 142735467.122440
205 120988500.322340
206 123334852.571626
207 110868918.000846
208 121991335.981848
209 116245081.653013
210 118740034.869879
211 136481997.258309
212 147373290.309823
213 105075298.770982
214 123915273.607606
215 100063971.575339
216 105645171.506695
217 96989505.368589
218 95816775.083131
219 106623679.921155
220 93349834.972608
221 88788805.618270
222 87838374.410550
223 92511686.358790
224 86633641.961045
225 93526401.615691
226 79887246.159549
227 81369127.998956
228 80129222.830715
229 73220107.495424
230 67630622.231892
231 74059727.170487
232 68091245.403069
233 63464679.485562
234 64753970.045757
235 51629341.239621
236 54456456.626397
237 49388391.097482
238 46483814.386778
239 49144648.690080
240 44725435.657501
241 45675319.113277
242 51320055.848115
243 57138709.149599
244 42861309.536914
245 39051764.188712
246 39466721.818554
247 42158566.307768
248 36067194.641040
249 37464823.575558
250 37059906.276424
251 34720536.642481
252 28632943.971962
253 29266641.181615
254 31540494.207271
255 29426777.492682
256 27307302.844986
257 27124302.673312
258 27066233.239316
259 27502306.455854
260 27114055.985176
261 25610681.888751
262 24116444.817195
263 25815335.137199
264 25910747.771031
265 25718477.295693
266 22507272.885078
267 20607087.629816
268 20069560.168405
269 20787953.938544
270 17534781.629481
271 16698712.213330
272 15933416.004851
273 14070934.106850
274 13114917.430572
275 13653282.094844
276 11260245.038971
277 11363517.170868
278 11154709.436666
279 11042395.687033
280 9749026.238487
281 11066341.635296
282 9174759.177798
283 9531218.199208
284 9864395.588961
285 8814045.234475
286 7429418.814889
287 7996044.344931
288 8255360.058368
289 9047718.440734
290 7303957.370059
291 7929326.357216
292 7384521.216944
293 7392364.441610
294 6264185.351184
295 6892083.621412
296 6842306.350634
297 5839947.994212
298 6738695.872911
299 6735894.117149
300 6112567.128500
301 6501522.810847
302 5777430.939054
303 6375054.636143
304 5937775.156398
305 5894294.524725
306 5855934.324783
307 5851761.683375
308 6630734.890671
309 6076683.324769
310 5509260.799316
311 5413345.993901
312 5533888.700867
313 5496135.518721
314 5788534.002969
315 5474023.620672
316 5195254.933829
317 5129011.202760
318 5267204.085382
319 5376627.235437
320 5106696.745836
321 4118068.002654
322 4227288.969498
323 3987592.045135
324 4394869.909594
325 4352944.507552
326 3910525.868904
327 3768352.837521
328 3880989.314899
329 3881418.709444
330 3685389.928515
331 3739124.797921
332 3412049.154561
333 3391381.856089
334 3281864.862644
335 3522335.494096
336 3284723.724122
337 3164792.855375
338 3192772.818714
339 3103018.795258
340 3088024.065796
341 3018269.183008
342 3133873.572001
343 2966891.685408
344 2804735.945681
345 2676410.597128
346 2407760.810070
347 2419078.653453
348 2356417.748794
349 2366643.761795
350 2073611.040304
351 2139202.465980
352 2077186.733501
353 1942237.416246
354 1786054.011770
355 2001357.638629
356 1948644.035339
357 2035126.388189
358 2011671.959778
359 1873084.900611
360 1855548.329928
361 1882903.371782
362 1662020.409651
363 1735723.146863
364 1794490.901661
365 1779125.964549
366 1698141.918687
367 1729271.046824
368 1660955.072765
369 1674651.308369
370 1674364.222486
371 1730800.409222
372 1705385.027498
373 1730555.481762
374 1713715.042255
375 1656665.808285
376 1657967.569389
377 1585939.824137
378 1585314.971601
379 1644155.599391
380 1537073.974229
381 1535625.787314
382 1609001.590657
383 1513505.164591
384 1525045.413604
385 1519711.875695
386 1519934.845600
387 1441585.324185
388 1438582.353522
389 1386406.343274
390 1457708.370772
391 1424180.636041
392 1451787.393360
393 1277576.459262
394 1380107.178658
395 1329611.593064
396 1446372.304731
397 1379525.167186
398 1350404.470202
399 1260864.862156
400 1319136.357186
401 1320088.261138
402 1286479.873644
403 1277838.878429
404 1277574.635913
405 1283277.120491
406 1228680.752532
407 1214181.794697
408 1252150.866167
409 1234272.521265
410 1154477.738185
411 1142820.023981
412 1166926.689986
413 1117407.924526
414 1109334.987402
415 1047439.911869
416 1055878.147365
417 1057513.230677
418 1017682.492309
419 1015154.791558
420 1036108.563123
421 1026044.317392
422 1027310.038491
423 1004766.508003
424 1000034.683298
425 969540.730331
426 972882.444464
427 947065.000520
428 928964.755266
429 932903.066785
430 939218.453376
431 900752.612891
432 891035.750593
433 852726.757897
434 867207.487928
435 857080.257059
436 863035.831359
437 861436.601011
438 859050.351766
439 866843.563684
440 837210.483490
441 834021.466749
442 816036.049495
443 816549.580549
444 809036.186308
445 821172.301479
446 828377.414650
447 808567.919319
448 796179.915209
449 785949.824693
450 774299.067145
451 762062.387729
452 753086.056223
453 759507.515069
454 750765.669370
455 747456.423732
456 738382.112673
457 741779.613459
458 734274.238025
459 738736.682803
460 723565.844138
461 721782.547947
462 707924.355754
463 700941.627945
464 684311.688396
465 681050.803434
466 677001.999476
467 673499.617162
468 665601.625359
469 655993.181373
470 654624.901662
471 652987.381276
472 649185.802279
473 644480.771536
474 639262.890642
475 633599.287369
476 630640.283906
477 621106.575907
478 613916.677686
479 609965.158329
480 607480.655008
481 604554.387148
482 605060.585646
483 603308.763132
484 602069.433508
485 598327.942627
486 593799.606108
487 592345.075784
488 588765.458973
489 586595.418468
490 586404.560076
491 583508.419365
492 583009.324746
493 579668.418811
494 579037.321628
495 577690.598529
496 575832.542818
497 575428.639497
498 574841.334826
499 574421.858534
500 574045.042271
