1 1000000000000000019884624838656.000000
2 1000000000000000019884624838656.000000
3 1000000000000000019884624838656.000000
4 1000000000000000019884624838656.000000
5 1573173.290705
6 1573173.290705
7 1573173.290705
8 1573173.290705
9 1573173.290705
10 1475040.729610
11 1475040.729610
12 1475040.729610
13 1475040.729610
14 1475040.729610
15 1303180.370021
16 1303180.370021
17 1303180.370021
18 1303180.370021
19 1303180.370021
20 1207323.590971
21 1207323.590971
22 1207323.590971
23 1207323.590971
24 1207323.590971
25 1078547.976959
26 1078547.976959
27 1078547.976959
28 1078547.976959
29 1078547.976959
30 970547.542666
31 970547.542666
32 970547.542666
33 970547.542666
34 970547.542666
35 912426.391364
36 912426.391364
37 912426.391364
38 912426.391364
39 912426.391364
40 836782.045333
41 836782.045333
42 836782.045333
43 836782.045333
44 836782.045333
45 737761.663770
46 737761.663770
47 737761.663770
48 737761.663770
49 737761.663770
50 677458.122306
51 677458.122306
52 677458.122306
53 677458.122306
54 677458.122306
55 588965.220181
56 588965.220181
57 588965.220181
58 588965.220181
59 588965.220181
60 503642.104695
61 503642.104695
62 503642.104695
63 503642.104695
64 503642.104695
65 460374.755927
66 460374.755927
67 460374.755927
68 460374.755927
69 460374.755927
70 392295.583290
71 392295.583290
72 392295.583290
73 392295.583290
74 392295.583290
75 327780.901902
76 327780.901902
77 327780.901902
78 327780.901902
79 327780.901902
80 271594.727331
81 271594.727331
82 271594.727331
83 271594.727331
84 271594.727331
85 229484.599609
86 229484.599609
87 229484.599609
88 229484.599609
89 229484.599609
90 212285.496195
91 212285.496195
92 212285.496195
93 212285.496195
94 212285.496195
95 182464.733649
96 182464.733649
97 182464.733649
98 182464.733649
99 182464.733649
100 162410.355328
101 162410.355328
102 162410.355328
103 162410.355328
104 162410.355328
105 145832.137204
106 145832.137204
107 145832.137204
108 145832.137204
109 145832.137204
110 124965.643214
111 124965.643214
112 124965.643214
113 124965.643214
114 124965.643214
115 109806.138979
116 109806.138979
117 109806.138979
118 109806.138979
119 109806.138979
120 95743.812910
121 95743.812910
122 95743.812910
123 95743.812910
124 95743.812910
125 83073.108070
126 83073.108070
127 83073.108070
128 83073.108070
129 83073.108070
130 75136.679456
131 75136.679456
132 75136.679456
133 75136.679456
134 75136.679456
135 64534.629170
136 64534.629170
137 64534.629170
138 64534.629170
139 64534.629170
140 55564.500934
141 55564.500934
142 55564.500934
143 55564.500934
144 55564.500934
145 48138.938913
146 48138.938913
147 48138.938913
148 48138.938913
149 48138.938913
150 42975.998782
151 42975.998782
152 42975.998782
153 42975.998782
154 42975.998782
155 38440.551527
156 38440.551527
157 38440.551527
158 38440.551527
159 38440.551527
160 34868.159287
161 34868.159287
162 34868.159287
163 34868.159287
164 34868.159287
165 30231.915326
166 30231.915326
167 30231.915326
168 30231.915326
169 30231.915326
170 27358.122081
171 27358.122081
172 27358.122081
173 27358.122081
174 27358.122081
175 24711.659855
176 24711.659855
177 24711.659855
178 24711.659855
179 24711.659855
180 23070.526767
181 23070.526767
182 23070.526767
183 23070.526767
184 23070.526767
185 20618.113206
186 20618.113206
187 20618.113206
188 20618.113206
189 20618.113206
190 18089.200801
191 18089.200801
192 18089.200801
193 18089.200801
194 18089.200801
195 16812.129364
196 16812.129364
197 16812.129364
198 16812.129364
199 16812.129364
200 15066.940417
201 15066.940417
202 15066.940417
203 15066.940417
204 15066.940417
205 13738.420787
206 13738.420787
207 13738.420787
208 13738.420787
209 13738.420787
210 12616.201955
211 12616.201955
212 12616.201955
213 12616.201955
214 12616.201955
215 11421.920305
216 11421.920305
217 11421.920305
218 11421.920305
219 11421.920305
220 10676.222481
221 10676.222481
222 10676.222481
223 10676.222481
224 10676.222481
225 9824.019631
226 9824.019631
227 9824.019631
228 9824.019631
229 9824.019631
230 9055.755994
231 9055.755994
232 9055.755994
233 9055.755994
234 9055.755994
235 8472.246607
236 8472.246607
237 8472.246607
238 8472.246607
239 8472.246607
240 7826.775473
241 7826.775473
242 7826.775473
243 7826.775473
244 7826.775473
245 7139.774710
246 7139.774710
247 7139.774710
248 7139.774710
249 7139.774710
250 6577.456211
251 6577.456211
252 6577.456211
253 6577.456211
254 6577.456211
255 6141.145981
256 6141.145981
257 6141.145981
258 6141.145981
259 6141.145981
260 5696.245464
261 5696.245464
262 5696.245464
263 5696.245464
264 5696.245464
265 5367.715570
266 5367.715570
267 5367.715570
268 5367.715570
269 5367.715570
270 5005.831087
271 5005.831087
272 5005.831087
273 5005.831087
274 5005.831087
275 4641.337126
276 4641.337126
277 4641.337126
278 4641.337126
279 4641.337126
280 4448.867050
281 4448.867050
282 4448.867050
283 4448.867050
284 4448.867050
285 4224.656331
286 4224.656331
287 4224.656331
288 4224.656331
289 4224.656331
290 4004.513721
291 4004.513721
292 4004.513721
293 4004.513721
294 4004.513721
295 3799.200704
296 3799.200704
297 3799.200704
298 3799.200704
299 3799.200704
300 3597.246691
301 3597.246691
302 3597.246691
303 3597.246691
304 3597.246691
305 3437.681947
306 3437.681947
307 3437.681947
308 3437.681947
309 3437.681947
310 3282.613368
311 3282.613368
312 3282.613368
313 3282.613368
314 3282.613368
315 3148.188664
316 3148.188664
317 3148.188664
318 3148.188664
319 3148.188664
320 3005.593990
321 3005.593990
322 3005.593990
323 3005.593990
324 3005.593990
325 2816.687991
326 2816.687991
327 2816.687991
328 2816.687991
329 2816.687991
330 2739.330964
331 2739.330964
332 2739.330964
333 2739.330964
334 2739.330964
335 2617.006626
336 2617.006626
337 2617.006626
338 2617.006626
339 2617.006626
340 2526.890579
341 2526.890579
342 2526.890579
343 2526.890579
344 2526.890579
345 2437.426686
346 2437.426686
347 2437.426686
348 2437.426686
349 2437.426686
350 2345.435284
351 2345.435284
352 2345.435284
353 2345.435284
354 2345.435284
355 2262.929451
356 2262.929451
357 2262.929451
358 2262.929451
359 2262.929451
360 2155.813792
361 2155.813792
362 2155.813792
363 2155.813792
364 2155.813792
365 2108.210778
366 2108.210778
367 2108.210778
368 2108.210778
369 2108.210778
370 2051.922908
371 2051.922908
372 2051.922908
373 2051.922908
374 2051.922908
375 1987.234180
376 1987.234180
377 1987.234180
378 1987.234180
379 1987.234180
380 1923.928060
381 1923.928060
382 1923.928060
383 1923.928060
384 1923.928060
385 1864.871158
386 1864.871158
387 1864.871158
388 1864.871158
389 1864.871158
390 1812.119811
391 1812.119811
392 1812.119811
393 1812.119811
394 1812.119811
395 1766.738770
396 1766.738770
397 1766.738770
398 1766.738770
399 1766.738770
400 1719.901840
401 1719.901840
402 1719.901840
403 1719.901840
404 1719.901840
405 1686.100799
406 1686.100799
407 1686.100799
408 1686.100799
409 1686.100799
410 1643.894897
411 1643.894897
412 1643.894897
413 1643.894897
414 1643.894897
415 1610.425135
416 1610.425135
417 1610.425135
418 1610.425135
419 1610.425135
420 1579.123317
421 1579.123317
422 1579.123317
423 1579.123317
424 1579.123317
425 1546.483840
426 1546.483840
427 1546.483840
428 1546.483840
429 1546.483840
430 1518.011896
431 1518.011896
432 1518.011896
433 1518.011896
434 1518.011896
435 1495.930484
436 1495.930484
437 1495.930484
438 1495.930484
439 1495.930484
440 1473.422483
441 1473.422483
442 1473.422483
443 1473.422483
444 1473.422483
445 1450.008915
446 1450.008915
447 1450.008915
448 1450.008915
449 1450.008915
450 1434.341266
451 1434.341266
452 1434.341266
453 1434.341266
454 1434.341266
455 1419.996520
456 1419.996520
457 1419.996520
458 1419.996520
459 1419.996520
460 1405.197081
461 1405.197081
462 1405.197081
463 1405.197081
464 1405.197081
465 1390.962298
466 1390.962298
467 1390.962298
468 1390.962298
469 1390.962298
470 1382.078514
471 1382.078514
472 1382.078514
473 1382.078514
474 1382.078514
475 1372.645490
476 1372.645490
477 1372.645490
478 1372.645490
479 1372.645490
480 1366.332268
481 1366.332268
482 1366.332268
483 1366.332268
484 1366.332268
485 1359.628484
486 1359.628484
487 1359.628484
488 1359.628484
489 1359.628484
490 1356.416490
491 1356.416490
492 1356.416490
493 1356.416490
494 1356.416490
495 1354.258547
496 1354.258547
497 1354.258547
498 1354.258547
499 1354.258547
500 1354.030584
