1 1000000000000000019884624838656.000000
2 1000000000000000019884624838656.000000
3 1000000000000000019884624838656.000000
4 1000000000000000019884624838656.000000
5 2450275.625185
6 2450275.625185
7 2450275.625185
8 2450275.625185
9 2450275.625185
10 3378996.043828
11 3378996.043828
12 3378996.043828
13 3378996.043828
14 3378996.043828
15 4496178.042747
16 4496178.042747
17 4496178.042747
18 4496178.042747
19 4496178.042747
20 5216448.816992
21 5216448.816992
22 5216448.816992
23 5216448.816992
24 5216448.816992
25 5450659.539452
26 5450659.539452
27 5450659.539452
28 5450659.539452
29 5450659.539452
30 5842593.272074
31 5842593.272074
32 5842593.272074
33 5842593.272074
34 5842593.272074
35 5159867.865130
36 5159867.865130
37 5159867.865130
38 5159867.865130
39 5159867.865130
40 4203148.744880
41 4203148.744880
42 4203148.744880
43 4203148.744880
44 4203148.744880
45 3866589.553722
46 3866589.553722
47 3866589.553722
48 3866589.553722
49 3866589.553722
50 3497712.618025
51 3497712.618025
52 3497712.618025
53 3497712.618025
54 3497712.618025
55 2685377.731096
56 2685377.731096
57 2685377.731096
58 2685377.731096
59 2685377.731096
60 2282332.832285
61 2282332.832285
62 2282332.832285
63 2282332.832285
64 2282332.832285
65 1846871.617574
66 1846871.617574
67 1846871.617574
68 1846871.617574
69 1846871.617574
70 1455136.178525
71 1455136.178525
72 1455136.178525
73 1455136.178525
74 1455136.178525
75 1140888.491105
76 1140888.491105
77 1140888.491105
78 1140888.491105
79 1140888.491105
80 883137.823596
81 883137.823596
82 883137.823596
83 883137.823596
84 883137.823596
85 690639.349859
86 690639.349859
87 690639.349859
88 690639.349859
89 690639.349859
90 492195.074704
91 492195.074704
92 492195.074704
93 492195.074704
94 492195.074704
95 340538.938328
96 340538.938328
97 340538.938328
98 340538.938328
99 340538.938328
100 225668.970628
101 225668.970628
102 225668.970628
103 225668.970628
104 225668.970628
105 176047.270022
106 176047.270022
107 176047.270022
108 176047.270022
109 176047.270022
110 121618.866383
111 121618.866383
112 121618.866383
113 121618.866383
114 121618.866383
115 68405.845504
116 68405.845504
117 68405.845504
118 68405.845504
119 68405.845504
120 49486.556607
121 49486.556607
122 49486.556607
123 49486.556607
124 49486.556607
125 34488.911013
126 34488.911013
127 34488.911013
128 34488.911013
129 34488.911013
130 23467.374577
131 23467.374577
132 23467.374577
133 23467.374577
134 23467.374577
135 15876.285493
136 15876.285493
137 15876.285493
138 15876.285493
139 15876.285493
140 8936.055872
141 8936.055872
142 8936.055872
143 8936.055872
144 8936.055872
145 4979.819024
146 4979.819024
147 4979.819024
148 4979.819024
149 4979.819024
150 3453.109984
151 3453.109984
152 3453.109984
153 3453.109984
154 3453.109984
155 2389.621196
156 2389.621196
157 2389.621196
158 2389.621196
159 2389.621196
160 1342.675553
161 1342.675553
162 1342.675553
163 1342.675553
164 1342.675553
165 939.310061
166 939.310061
167 939.310061
168 939.310061
169 939.310061
170 615.004634
171 615.004634
172 615.004634
173 615.004634
174 615.004634
175 374.939084
176 374.939084
177 374.939084
178 374.939084
179 374.939084
180 259.863217
181 259.863217
182 259.863217
183 259.863217
184 259.863217
185 166.727102
186 166.727102
187 166.727102
188 166.727102
189 166.727102
190 102.462517
191 102.462517
192 102.462517
193 102.462517
194 102.462517
195 71.884732
196 71.884732
197 71.884732
198 71.884732
199 71.884732
200 45.267314
201 45.267314
202 45.267314
203 45.267314
204 45.267314
205 31.596963
206 31.596963
207 31.596963
208 31.596963
209 31.596963
210 20.903596
211 20.903596
212 20.903596
213 20.903596
214 20.903596
215 12.255020
216 12.255020
217 12.255020
218 12.255020
219 12.255020
220 7.569364
221 7.569364
222 7.569364
223 7.569364
224 7.569364
225 4.650479
226 4.650479
227 4.650479
228 4.650479
229 4.650479
230 3.052993
231 3.052993
232 3.052993
233 3.052993
234 3.052993
235 1.913690
236 1.913690
237 1.913690
238 1.913690
239 1.913690
240 1.158398
241 1.158398
242 1.158398
243 1.158398
244 1.158398
245 0.732961
246 0.732961
247 0.732961
248 0.732961
249 0.732961
250 0.479026
251 0.479026
252 0.479026
253 0.479026
254 0.479026
255 0.314915
256 0.314915
257 0.314915
258 0.314915
259 0.314915
260 0.196928
261 0.196928
262 0.196928
263 0.196928
264 0.196928
265 0.132169
266 0.132169
267 0.132169
268 0.132169
269 0.132169
270 0.086945
271 0.086945
272 0.086945
273 0.086945
274 0.086945
275 0.058537
276 0.058537
277 0.058537
278 0.058537
279 0.058537
280 0.041690
281 0.041690
282 0.041690
283 0.041690
284 0.041690
285 0.027704
286 0.027704
287 0.027704
288 0.027704
289 0.027704
290 0.018674
291 0.018674
292 0.018674
293 0.018674
294 0.018674
295 0.012846
296 0.012846
297 0.012846
298 0.012846
299 0.012846
300 0.009162
301 0.009162
302 0.009162
303 0.009162
304 0.009162
305 0.006617
306 0.006617
307 0.006617
308 0.006617
309 0.006617
310 0.004554
311 0.004554
312 0.004554
313 0.004554
314 0.004554
315 0.003155
316 0.003155
317 0.003155
318 0.003155
319 0.003155
320 0.002329
321 0.002329
322 0.002329
323 0.002329
324 0.002329
325 0.001696
326 0.001696
327 0.001696
328 0.001696
329 0.001696
330 0.001237
331 0.001237
332 0.001237
333 0.001237
334 0.001237
335 0.000864
336 0.000864
337 0.000864
338 0.000864
339 0.000864
340 0.000643
341 0.000643
342 0.000643
343 0.000643
344 0.000643
345 0.000477
346 0.000477
347 0.000477
348 0.000477
349 0.000477
350 0.000352
351 0.000352
352 0.000352
353 0.000352
354 0.000352
355 0.000259
356 0.000259
357 0.000259
358 0.000259
359 0.000259
360 0.000192
361 0.000192
362 0.000192
363 0.000192
364 0.000192
365 0.000143
366 0.000143
367 0.000143
368 0.000143
369 0.000143
370 0.000103
371 0.000103
372 0.000103
373 0.000103
374 0.000103
375 0.000078
376 0.000078
377 0.000078
378 0.000078
379 0.000078
380 0.000058
381 0.000058
382 0.000058
383 0.000058
384 0.000058
385 0.000044
386 0.000044
387 0.000044
388 0.000044
389 0.000044
390 0.000033
391 0.000033
392 0.000033
393 0.000033
394 0.000033
395 0.000025
396 0.000025
397 0.000025
398 0.000025
399 0.000025
400 0.000019
401 0.000019
402 0.000019
403 0.000019
404 0.000019
405 0.000015
406 0.000015
407 0.000015
408 0.000015
409 0.000015
410 0.000011
411 0.000011
412 0.000011
413 0.000011
414 0.000011
415 0.000009
416 0.000009
417 0.000009
418 0.000009
419 0.000009
420 0.000006
421 0.000006
422 0.000006
423 0.000006
424 0.000006
425 0.000005
426 0.000005
427 0.000005
428 0.000005
429 0.000005
430 0.000004
431 0.000004
432 0.000004
433 0.000004
434 0.000004
435 0.000003
436 0.000003
437 0.000003
438 0.000003
439 0.000003
440 0.000002
441 0.000002
442 0.000002
443 0.000002
444 0.000002
445 0.000002
446 0.000002
447 0.000002
448 0.000002
449 0.000002
450 0.000001
451 0.000001
452 0.000001
453 0.000001
454 0.000001
455 0.000001
456 0.000001
457 0.000001
458 0.000001
459 0.000001
460 0.000001
461 0.000001
462 0.000001
463 0.000001
464 0.000001
465 0.000001
466 0.000001
467 0.000001
468 0.000001
469 0.000001
470 0.000001
471 0.000001
472 0.000001
473 0.000001
474 0.000001
475 0.000000
476 0.000000
477 0.000000
478 0.000000
479 0.000000
480 0.000000
481 0.000000
482 0.000000
483 0.000000
484 0.000000
485 0.000000
486 0.000000
487 0.000000
488 0.000000
489 0.000000
490 0.000000
491 0.000000
492 0.000000
493 0.000000
494 0.000000
495 0.000000
496 0.000000
497 0.000000
498 0.000000
499 0.000000
500 0.000000
