1 inf
2 inf
3 inf
4 inf
5 11573123397106940685366774560358851510376180267763751582282260778197977557763092952089392640425069361013311194416241561747647228310178601556104319868134620052596029852176898901986295031031751838951448686873067144283537270959862406625935332121452872422554323806680753071517848726347649982136320.000000
6 1219388229657896625615304250351748349444034404034094359231974157667588744492508496054674390253409702246598721051134585422506153967490097188047250876700317587874054738755591451911643499082270359111355678845513905376505071464998182482013795445021899489280.000000
7 114978400280962309551661970389948850783450315712033671133162586647951928436633084322872246222838631738602893678100190749293164873051689767029878659331910907973889583418260692518536124140439655960742377241607454206930175012198785482752.000000
8 5126323287037478041287189179211452006715820573263058049545052952302033137980999510686574110384525033730023789698338186616535035573338640884568239484881717498992119970388274303058054988546550717936041984.000000
9 218275972207708797626904746170851322352507021495375720948905217150232204498235926856712464233558438342858446005452936743242937442787937650356725696863750506986734151220557728089899008.000000
10 33732513148040681701143684784539685249731639265802588196959742986614156378519398274802474023627339426556572692640803116591959200702861042358223947062535258112.000000
11 28386823251803395492362645121980570183228532109188515820296252674835474179624619024980847659074908623646153273470028697524910716157480191131648.000000
12 650882354663008675284067478011733379933676927019635299045865935460796757525938281438007944457211642642432.000000
13 16018609544702494567024135427727277690026950135855471934798764801680326774489088.000000
14 114734353161578253750045245440.000000
15 189803528.807066
16 4065.083738
17 3699.248486
18 3623.475915
19 3252.035429
20 3853.902736
21 3327.324939
22 2501.063030
23 2066.275003
24 1695.402348
25 1317.047830
26 1168.489861
27 846.081219
28 722.410656
29 574.677858
30 531.456992
31 348.863877
32 241.696468
33 228.108844
34 216.834027
35 237.379061
36 193.656927
37 131.276300
38 105.479156
39 93.213087
40 89.277935
41 77.770640
42 67.704130
43 56.664252
44 48.847802
45 44.005322
46 33.057179
47 26.115315
48 16.519029
49 14.582081
50 9.796104
51 10.134878
52 7.917448
53 7.860980
54 7.619227
55 6.220522
56 5.480941
57 4.334551
58 4.122288
59 3.319581
60 2.939186
61 1.854629
62 1.886586
63 1.514554
64 0.936029
65 0.763544
66 0.656521
67 0.554116
68 0.404214
69 0.263371
70 0.212887
71 0.152633
72 0.130700
73 0.104169
74 0.087006
75 0.077758
76 0.060113
77 0.037876
78 0.028877
79 0.024343
80 0.018748
81 0.015712
82 0.012153
83 0.010215
84 0.006984
85 0.006282
86 0.004357
87 0.004456
88 0.003833
89 0.003546
90 0.002737
91 0.002159
92 0.001672
93 0.001255
94 0.000973
95 0.000798
96 0.000614
97 0.000520
98 0.000415
99 0.000337
100 0.000290
101 0.000255
102 0.000222
103 0.000161
104 0.000129
105 0.000114
106 0.000091
107 0.000062
108 0.000043
109 0.000035
110 0.000029
111 0.000017
112 0.000014
113 0.000012
114 0.000008
115 0.000005
116 0.000004
117 0.000003
118 0.000003
119 0.000002
120 0.000001
121 0.000001
122 0.000001
123 0.000001
124 0.000001
125 0.000000
126 0.000000
127 0.000000
128 0.000000
129 0.000000
130 0.000000
131 0.000000
132 0.000000
133 0.000000
134 0.000000
135 0.000000
136 0.000000
137 0.000000
138 0.000000
139 0.000000
140 0.000000
141 0.000000
142 0.000000
143 0.000000
144 0.000000
145 0.000000
146 0.000000
147 0.000000
148 0.000000
149 0.000000
150 0.000000
151 0.000000
152 0.000000
153 0.000000
154 0.000000
155 0.000000
156 0.000000
157 0.000000
158 0.000000
159 0.000000
160 0.000000
161 0.000000
162 0.000000
163 0.000000
164 0.000000
165 0.000000
166 0.000000
167 0.000000
168 0.000000
169 0.000000
170 0.000000
171 0.000000
172 0.000000
173 0.000000
174 0.000000
175 0.000000
176 0.000000
177 0.000000
178 0.000000
179 0.000000
180 0.000000
181 0.000000
182 0.000000
183 0.000000
184 0.000000
185 0.000000
186 0.000000
187 0.000000
188 0.000000
189 0.000000
190 0.000000
191 0.000000
192 0.000000
193 0.000000
194 0.000000
195 0.000000
196 0.000000
197 0.000000
198 0.000000
199 0.000000
200 0.000000
201 0.000000
202 0.000000
203 0.000000
204 0.000000
205 0.000000
206 0.000000
207 0.000000
208 0.000000
209 0.000000
210 0.000000
211 0.000000
212 0.000000
213 0.000000
214 0.000000
215 0.000000
216 0.000000
217 0.000000
218 0.000000
219 0.000000
220 0.000000
221 0.000000
222 0.000000
223 0.000000
224 0.000000
225 0.000000
226 0.000000
227 0.000000
228 0.000000
229 0.000000
230 0.000000
231 0.000000
232 0.000000
233 0.000000
234 0.000000
235 0.000000
236 0.000000
237 0.000000
238 0.000000
239 0.000000
240 0.000000
241 0.000000
242 0.000000
243 0.000000
244 0.000000
245 0.000000
246 0.000000
247 0.000000
248 0.000000
249 0.000000
250 0.000000
251 0.000000
252 0.000000
253 0.000000
254 0.000000
255 0.000000
256 0.000000
257 0.000000
258 0.000000
259 0.000000
260 0.000000
261 0.000000
262 0.000000
263 0.000000
264 0.000000
265 0.000000
266 0.000000
267 0.000000
268 0.000000
269 0.000000
270 0.000000
271 0.000000
272 0.000000
273 0.000000
274 0.000000
275 0.000000
276 0.000000
277 0.000000
278 0.000000
279 0.000000
280 0.000000
281 0.000000
282 0.000000
283 0.000000
284 0.000000
285 0.000000
286 0.000000
287 0.000000
288 0.000000
289 0.000000
290 0.000000
291 0.000000
292 0.000000
293 0.000000
294 0.000000
295 0.000000
296 0.000000
297 0.000000
298 0.000000
299 0.000000
300 0.000000
301 0.000000
302 0.000000
303 0.000000
304 0.000000
305 0.000000
306 0.000000
307 0.000000
308 0.000000
309 0.000000
310 0.000000
311 0.000000
312 0.000000
313 0.000000
314 0.000000
315 0.000000
316 0.000000
317 0.000000
318 0.000000
319 0.000000
320 0.000000
321 0.000000
322 0.000000
323 0.000000
324 0.000000
325 0.000000
326 0.000000
327 0.000000
328 0.000000
329 0.000000
330 0.000000
331 0.000000
332 0.000000
333 0.000000
334 0.000000
335 0.000000
336 0.000000
337 0.000000
338 0.000000
339 0.000000
340 0.000000
341 0.000000
342 0.000000
343 0.000000
344 0.000000
345 0.000000
346 0.000000
347 0.000000
348 0.000000
349 0.000000
350 0.000000
351 0.000000
352 0.000000
353 0.000000
354 0.000000
355 0.000000
356 0.000000
357 0.000000
358 0.000000
359 0.000000
360 0.000000
361 0.000000
362 0.000000
363 0.000000
364 0.000000
365 0.000000
366 0.000000
367 0.000000
368 0.000000
369 0.000000
370 0.000000
371 0.000000
372 0.000000
373 0.000000
374 0.000000
375 0.000000
376 0.000000
377 0.000000
378 0.000000
379 0.000000
380 0.000000
381 0.000000
382 0.000000
383 0.000000
384 0.000000
385 0.000000
386 0.000000
387 0.000000
388 0.000000
389 0.000000
390 0.000000
391 0.000000
392 0.000000
393 0.000000
394 0.000000
395 0.000000
396 0.000000
397 0.000000
398 0.000000
399 0.000000
400 0.000000
401 0.000000
402 0.000000
403 0.000000
404 0.000000
405 0.000000
406 0.000000
407 0.000000
408 0.000000
409 0.000000
410 0.000000
411 0.000000
412 0.000000
413 0.000000
414 0.000000
415 0.000000
416 0.000000
417 0.000000
418 0.000000
419 0.000000
420 0.000000
421 0.000000
422 0.000000
423 0.000000
424 0.000000
425 0.000000
426 0.000000
427 0.000000
428 0.000000
429 0.000000
430 0.000000
431 0.000000
432 0.000000
433 0.000000
434 0.000000
435 0.000000
436 0.000000
437 0.000000
438 0.000000
439 0.000000
440 0.000000
441 0.000000
442 0.000000
443 0.000000
444 0.000000
445 0.000000
446 0.000000
447 0.000000
448 0.000000
449 0.000000
450 0.000000
451 0.000000
452 0.000000
453 0.000000
454 0.000000
455 0.000000
456 0.000000
457 0.000000
458 0.000000
459 0.000000
460 0.000000
461 0.000000
462 0.000000
463 0.000000
464 0.000000
465 0.000000
466 0.000000
467 0.000000
468 0.000000
469 0.000000
470 0.000000
471 0.000000
472 0.000000
473 0.000000
474 0.000000
475 0.000000
476 0.000000
477 0.000000
478 0.000000
479 0.000000
480 0.000000
481 0.000000
482 0.000000
483 0.000000
484 0.000000
485 0.000000
486 0.000000
487 0.000000
488 0.000000
489 0.000000
490 0.000000
491 0.000000
492 0.000000
493 0.000000
494 0.000000
495 0.000000
496 0.000000
497 0.000000
498 0.000000
499 0.000000
500 0.000000
