1 3123717.387230
2 3185060.422679
3 3262161.533579
4 3728772.934028
5 4360702.491564
6 4720740.941691
7 4760093.686810
8 5086151.631047
9 5177527.995582
10 5303902.670254
11 5513135.227274
12 5725764.292429
13 5903393.518209
14 5819679.267205
15 5840335.185563
16 6672940.819855
17 7136455.467778
18 7041839.809751
19 7188511.031644
20 7294925.300397
21 7388165.577857
22 6591028.934534
23 5781514.966408
24 6087815.890732
25 6029972.454289
26 6006110.698547
27 6003123.826008
28 5805513.386210
29 5509447.581390
30 5786987.804942
31 5416183.528248
32 5187999.002576
33 4778647.949961
34 4916595.018829
35 4527164.445597
36 4048159.144765
37 4013222.314202
38 3862664.100355
39 3713655.962036
40 3269817.829598
41 2931044.311049
42 2955571.638538
43 2692521.379461
44 2502777.740534
45 2637977.270350
46 2591020.628450
47 2287062.638235
48 2474898.564375
49 2337207.322483
50 2194517.127954
51 2063499.678817
52 1787480.880879
53 1741121.586504
54 1675747.574078
55 1652247.432439
56 1552855.948506
57 1484800.143969
58 1324407.989670
59 1130342.039360
60 1114161.377367
61 1039750.591398
62 1073285.563958
63 1030325.567592
64 967147.785462
65 868564.129343
66 846700.560675
67 726217.221125
68 628123.103045
69 582269.913898
70 555043.049779
71 498384.086471
72 455643.658001
73 388718.531892
74 358086.789474
75 365369.855393
76 304916.060495
77 291026.914522
78 276471.037479
79 253480.061565
80 229626.704658
81 204111.491672
82 207498.418968
83 192830.663519
84 180956.463147
85 166705.123869
86 147020.430426
87 127098.786672
88 113750.130690
89 103769.949497
90 104277.046771
91 83265.029482
92 77114.455806
93 67895.760060
94 62802.854352
95 60588.683478
96 56753.729326
97 48182.216388
98 42697.033463
99 40497.114875
100 35934.844985
101 35739.077613
102 33302.401219
103 29117.582646
104 29199.990543
105 25307.233656
106 22129.782595
107 21194.718260
108 19227.240589
109 17120.077277
110 14752.429154
111 13128.665426
112 12089.112933
113 12191.782445
114 11257.832481
115 9798.806229
116 8909.577492
117 8561.028959
118 7330.375575
119 6726.339501
120 5937.687153
121 5289.873134
122 4587.114877
123 4364.805768
124 4158.794935
125 3855.155239
126 3800.628962
127 3323.705351
128 2986.446012
129 2665.061460
130 2440.378162
131 2214.003382
132 1996.606959
133 1823.584045
134 1688.563271
135 1564.854828
136 1552.669568
137 1377.506082
138 1326.988772
139 1203.493131
140 1086.076598
141 980.034666
142 917.110220
143 817.015570
144 747.175186
145 692.994616
146 637.932457
147 589.273135
148 532.525543
149 471.450460
150 412.050916
151 373.090749
152 334.554688
153 301.062569
154 275.897663
155 243.737736
156 219.988775
157 192.915322
158 172.201509
159 156.626363
160 140.201501
161 126.560513
162 118.734882
163 107.612598
164 97.238246
165 93.266758
166 84.034498
167 75.558386
168 69.254742
169 60.915914
170 56.749598
171 52.270841
172 49.057482
173 43.592167
174 40.918192
175 34.992304
176 32.897529
177 28.912474
178 26.973610
179 23.681120
180 23.290279
181 20.036942
182 18.415458
183 16.165816
184 15.167758
185 13.991103
186 12.484596
187 11.230442
188 10.189999
189 9.519398
190 8.616401
191 7.691865
192 7.146957
193 6.674369
194 6.143044
195 5.781664
196 5.202210
197 4.767518
198 4.634297
199 4.227326
200 3.982311
201 3.736288
202 3.394576
203 3.116446
204 2.916740
205 2.639827
206 2.491434
207 2.221342
208 2.059935
209 1.917820
210 1.775773
211 1.589964
212 1.500682
213 1.366764
214 1.263160
215 1.170547
216 1.061175
217 1.028911
218 0.945408
219 0.863498
220 0.797433
221 0.746497
222 0.699113
223 0.647350
224 0.586044
225 0.523368
226 0.482956
227 0.461256
228 0.420716
229 0.381940
230 0.361480
231 0.350207
232 0.329473
233 0.298848
234 0.270978
235 0.248399
236 0.238725
237 0.220806
238 0.204655
239 0.193351
240 0.174595
241 0.165064
242 0.151418
243 0.137655
244 0.132426
245 0.122691
246 0.112562
247 0.107244
248 0.100615
249 0.092598
250 0.089029
251 0.081707
252 0.078459
253 0.074204
254 0.068590
255 0.065001
256 0.060821
257 0.055850
258 0.053065
259 0.049526
260 0.047199
261 0.045332
262 0.042368
263 0.039623
264 0.037316
265 0.035003
266 0.032803
267 0.031120
268 0.029348
269 0.026965
270 0.025999
271 0.024533
272 0.022694
273 0.021731
274 0.020635
275 0.019588
276 0.018835
277 0.017970
278 0.016623
279 0.015739
280 0.014964
281 0.013947
282 0.013416
283 0.012782
284 0.012154
285 0.011775
286 0.011202
287 0.010728
288 0.010167
289 0.009926
290 0.009346
291 0.008879
292 0.008322
293 0.008099
294 0.007588
295 0.007307
296 0.006986
297 0.006628
298 0.006259
299 0.005849
300 0.005556
301 0.005466
302 0.005171
303 0.004924
304 0.004728
305 0.004554
306 0.004361
307 0.004233
308 0.004016
309 0.003901
310 0.003754
311 0.003567
312 0.003394
313 0.003269
314 0.003050
315 0.002948
316 0.002842
317 0.002766
318 0.002627
319 0.002529
320 0.002431
321 0.002321
322 0.002239
323 0.002172
324 0.002075
325 0.001982
326 0.001918
327 0.001838
328 0.001802
329 0.001734
330 0.001666
331 0.001607
332 0.001546
333 0.001506
334 0.001451
335 0.001375
336 0.001347
337 0.001292
338 0.001256
339 0.001209
340 0.001168
341 0.001136
342 0.001101
343 0.001059
344 0.001023
345 0.000997
346 0.000971
347 0.000938
348 0.000910
349 0.000883
350 0.000851
351 0.000820
352 0.000796
353 0.000773
354 0.000752
355 0.000730
356 0.000707
357 0.000686
358 0.000665
359 0.000647
360 0.000633
361 0.000620
362 0.000599
363 0.000586
364 0.000571
365 0.000554
366 0.000537
367 0.000525
368 0.000512
369 0.000501
370 0.000490
371 0.000479
372 0.000468
373 0.000457
374 0.000448
375 0.000438
376 0.000426
377 0.000416
378 0.000408
379 0.000398
380 0.000390
381 0.000379
382 0.000371
383 0.000362
384 0.000353
385 0.000346
386 0.000338
387 0.000333
388 0.000325
389 0.000321
390 0.000314
391 0.000307
392 0.000300
393 0.000295
394 0.000290
395 0.000282
396 0.000278
397 0.000271
398 0.000267
399 0.000262
400 0.000258
401 0.000255
402 0.000249
403 0.000245
404 0.000242
405 0.000239
406 0.000235
407 0.000230
408 0.000227
409 0.000222
410 0.000219
411 0.000215
412 0.000212
413 0.000209
414 0.000205
415 0.000203
416 0.000200
417 0.000197
418 0.000193
419 0.000191
420 0.000189
421 0.000186
422 0.000184
423 0.000181
424 0.000178
425 0.000175
426 0.000173
427 0.000171
428 0.000169
429 0.000166
430 0.000164
431 0.000162
432 0.000159
433 0.000158
434 0.000156
435 0.000154
436 0.000152
437 0.000151
438 0.000149
439 0.000148
440 0.000146
441 0.000145
442 0.000143
443 0.000142
444 0.000140
445 0.000139
446 0.000138
447 0.000137
448 0.000134
449 0.000133
450 0.000132
451 0.000131
452 0.000130
453 0.000129
454 0.000128
455 0.000127
456 0.000126
457 0.000125
458 0.000124
459 0.000123
460 0.000122
461 0.000121
462 0.000120
463 0.000119
464 0.000119
465 0.000118
466 0.000117
467 0.000116
468 0.000115
469 0.000115
470 0.000114
471 0.000113
472 0.000113
473 0.000112
474 0.000112
475 0.000111
476 0.000111
477 0.000110
478 0.000110
479 0.000109
480 0.000109
481 0.000109
482 0.000108
483 0.000108
484 0.000107
485 0.000107
486 0.000107
487 0.000107
488 0.000106
489 0.000106
490 0.000106
491 0.000106
492 0.000105
493 0.000105
494 0.000105
495 0.000105
496 0.000105
497 0.000105
498 0.000105
499 0.000105
500 0.000105
