1 inf
2 inf
3 inf
4 inf
5 40693587687266691507670122676752556793643428552539922624763528790626081504385278625759844955776725706582866586104679414900397045936426587098390968355479067675773761256270778853465093446487077081446856891927367389347160968196129004608626656481955304771123188459158490510591267300179968.000000
6 18813006640510583856890559717741277302677652543571183592565390587614415815539717655629284230524197857194184922736763731040984743192874096483751726266605319328024861974585849638506752341237278323730168460764342802606010314963846281043221985635996051628176424482897920.000000
7 226772129793722167537314650339839086156765529991429452396805697004445553885449811706099132903516388460170284234166166988384441525947131877469740358053980296250962438830338201917816500867349773783184122488067816527356205208615463682048.000000
8 153757462724778839256905046983126379711344684241177472401770643774529628514147589346559043454848722681461272985609167885806454548650519254955196602897646456721838312059373620344393588512185298637836079033474272485965824.000000
9 4620072663688687797964698053151248052819960707098678639834756679942665041274623461149356270809734946424004548801932953455113252743475721701685316759885461052004762868194083312219557566402898427904.000000
10 366235327069234163403544711983509948340605898335330200886159863444449388683441231550293244278433643757607656819434668958497331307793119894189584708418672301069800044494848.000000
11 25883848379506205388938886449375043502136450032670242257347288853475348176220065374702406748027134873851674192027687373369720231288302778441128738816.000000
12 105456200619516650031619811283766839097893219385850330984624753272754101746400458324222075940226660445552270957023244169773056.000000
13 318753818713711454998473499298171295294608226377283970904610071626451399925765152995729735680.000000
14 725366397599937653935374126606150177863454504360345600000.000000
15 50663124064578081652736.000000
16 5599.275343
17 4969.482009
18 4694.048603
19 3018.704615
20 2740.985800
21 2425.294424
22 1886.944073
23 2139.800868
24 1769.363053
25 1713.423354
26 1422.863293
27 1323.419965
28 1145.916244
29 901.968055
30 818.449955
31 506.903366
32 449.537185
33 328.447054
34 217.337387
35 261.477085
36 219.595910
37 154.378519
38 165.714205
39 152.666858
40 157.121276
41 113.260402
42 116.440782
43 107.683531
44 96.339431
45 94.139288
46 79.502239
47 75.082641
48 61.848046
49 39.726736
50 36.794555
51 32.370889
52 27.096608
53 22.993936
54 15.588584
55 13.677365
56 11.778282
57 10.910640
58 7.573775
59 5.337781
60 4.343081
61 3.449015
62 2.695870
63 2.067623
64 1.462809
65 1.244574
66 0.865709
67 0.726738
68 0.605387
69 0.410635
70 0.303138
71 0.235610
72 0.182952
73 0.121129
74 0.096403
75 0.056038
76 0.044422
77 0.036964
78 0.026804
79 0.018883
80 0.018018
81 0.015076
82 0.010155
83 0.009602
84 0.005039
85 0.005033
86 0.005661
87 0.003897
88 0.003629
89 0.002605
90 0.002532
91 0.002301
92 0.001972
93 0.001502
94 0.001383
95 0.001267
96 0.001005
97 0.000803
98 0.000683
99 0.000613
100 0.000421
101 0.000376
102 0.000289
103 0.000241
104 0.000221
105 0.000187
106 0.000152
107 0.000127
108 0.000092
109 0.000078
110 0.000067
111 0.000049
112 0.000039
113 0.000036
114 0.000028
115 0.000021
116 0.000018
117 0.000017
118 0.000015
119 0.000011
120 0.000009
121 0.000007
122 0.000005
123 0.000004
124 0.000003
125 0.000002
126 0.000002
127 0.000002
128 0.000001
129 0.000001
130 0.000001
131 0.000001
132 0.000000
133 0.000000
134 0.000000
135 0.000000
136 0.000000
137 0.000000
138 0.000000
139 0.000000
140 0.000000
141 0.000000
142 0.000000
143 0.000000
144 0.000000
145 0.000000
146 0.000000
147 0.000000
148 0.000000
149 0.000000
150 0.000000
151 0.000000
152 0.000000
153 0.000000
154 0.000000
155 0.000000
156 0.000000
157 0.000000
158 0.000000
159 0.000000
160 0.000000
161 0.000000
162 0.000000
163 0.000000
164 0.000000
165 0.000000
166 0.000000
167 0.000000
168 0.000000
169 0.000000
170 0.000000
171 0.000000
172 0.000000
173 0.000000
174 0.000000
175 0.000000
176 0.000000
177 0.000000
178 0.000000
179 0.000000
180 0.000000
181 0.000000
182 0.000000
183 0.000000
184 0.000000
185 0.000000
186 0.000000
187 0.000000
188 0.000000
189 0.000000
190 0.000000
191 0.000000
192 0.000000
193 0.000000
194 0.000000
195 0.000000
196 0.000000
197 0.000000
198 0.000000
199 0.000000
200 0.000000
201 0.000000
202 0.000000
203 0.000000
204 0.000000
205 0.000000
206 0.000000
207 0.000000
208 0.000000
209 0.000000
210 0.000000
211 0.000000
212 0.000000
213 0.000000
214 0.000000
215 0.000000
216 0.000000
217 0.000000
218 0.000000
219 0.000000
220 0.000000
221 0.000000
222 0.000000
223 0.000000
224 0.000000
225 0.000000
226 0.000000
227 0.000000
228 0.000000
229 0.000000
230 0.000000
231 0.000000
232 0.000000
233 0.000000
234 0.000000
235 0.000000
236 0.000000
237 0.000000
238 0.000000
239 0.000000
240 0.000000
241 0.000000
242 0.000000
243 0.000000
244 0.000000
245 0.000000
246 0.000000
247 0.000000
248 0.000000
249 0.000000
250 0.000000
251 0.000000
252 0.000000
253 0.000000
254 0.000000
255 0.000000
256 0.000000
257 0.000000
258 0.000000
259 0.000000
260 0.000000
261 0.000000
262 0.000000
263 0.000000
264 0.000000
265 0.000000
266 0.000000
267 0.000000
268 0.000000
269 0.000000
270 0.000000
271 0.000000
272 0.000000
273 0.000000
274 0.000000
275 0.000000
276 0.000000
277 0.000000
278 0.000000
279 0.000000
280 0.000000
281 0.000000
282 0.000000
283 0.000000
284 0.000000
285 0.000000
286 0.000000
287 0.000000
288 0.000000
289 0.000000
290 0.000000
291 0.000000
292 0.000000
293 0.000000
294 0.000000
295 0.000000
296 0.000000
297 0.000000
298 0.000000
299 0.000000
300 0.000000
301 0.000000
302 0.000000
303 0.000000
304 0.000000
305 0.000000
306 0.000000
307 0.000000
308 0.000000
309 0.000000
310 0.000000
311 0.000000
312 0.000000
313 0.000000
314 0.000000
315 0.000000
316 0.000000
317 0.000000
318 0.000000
319 0.000000
320 0.000000
321 0.000000
322 0.000000
323 0.000000
324 0.000000
325 0.000000
326 0.000000
327 0.000000
328 0.000000
329 0.000000
330 0.000000
331 0.000000
332 0.000000
333 0.000000
334 0.000000
335 0.000000
336 0.000000
337 0.000000
338 0.000000
339 0.000000
340 0.000000
341 0.000000
342 0.000000
343 0.000000
344 0.000000
345 0.000000
346 0.000000
347 0.000000
348 0.000000
349 0.000000
350 0.000000
351 0.000000
352 0.000000
353 0.000000
354 0.000000
355 0.000000
356 0.000000
357 0.000000
358 0.000000
359 0.000000
360 0.000000
361 0.000000
362 0.000000
363 0.000000
364 0.000000
365 0.000000
366 0.000000
367 0.000000
368 0.000000
369 0.000000
370 0.000000
371 0.000000
372 0.000000
373 0.000000
374 0.000000
375 0.000000
376 0.000000
377 0.000000
378 0.000000
379 0.000000
380 0.000000
381 0.000000
382 0.000000
383 0.000000
384 0.000000
385 0.000000
386 0.000000
387 0.000000
388 0.000000
389 0.000000
390 0.000000
391 0.000000
392 0.000000
393 0.000000
394 0.000000
395 0.000000
396 0.000000
397 0.000000
398 0.000000
399 0.000000
400 0.000000
401 0.000000
402 0.000000
403 0.000000
404 0.000000
405 0.000000
406 0.000000
407 0.000000
408 0.000000
409 0.000000
410 0.000000
411 0.000000
412 0.000000
413 0.000000
414 0.000000
415 0.000000
416 0.000000
417 0.000000
418 0.000000
419 0.000000
420 0.000000
421 0.000000
422 0.000000
423 0.000000
424 0.000000
425 0.000000
426 0.000000
427 0.000000
428 0.000000
429 0.000000
430 0.000000
431 0.000000
432 0.000000
433 0.000000
434 0.000000
435 0.000000
436 0.000000
437 0.000000
438 0.000000
439 0.000000
440 0.000000
441 0.000000
442 0.000000
443 0.000000
444 0.000000
445 0.000000
446 0.000000
447 0.000000
448 0.000000
449 0.000000
450 0.000000
451 0.000000
452 0.000000
453 0.000000
454 0.000000
455 0.000000
456 0.000000
457 0.000000
458 0.000000
459 0.000000
460 0.000000
461 0.000000
462 0.000000
463 0.000000
464 0.000000
465 0.000000
466 0.000000
467 0.000000
468 0.000000
469 0.000000
470 0.000000
471 0.000000
472 0.000000
473 0.000000
474 0.000000
475 0.000000
476 0.000000
477 0.000000
478 0.000000
479 0.000000
480 0.000000
481 0.000000
482 0.000000
483 0.000000
484 0.000000
485 0.000000
486 0.000000
487 0.000000
488 0.000000
489 0.000000
490 0.000000
491 0.000000
492 0.000000
493 0.000000
494 0.000000
495 0.000000
496 0.000000
497 0.000000
498 0.000000
499 0.000000
500 0.000000
