1 inf
2 inf
3 inf
4 inf
5 inf
6 inf
7 inf
8 inf
9 inf
10 inf
11 inf
12 inf
13 inf
14 inf
15 inf
16 inf
17 inf
18 inf
19 inf
20 inf
21 inf
22 inf
23 inf
24 inf
25 inf
26 inf
27 inf
28 inf
29 inf
30 inf
31 inf
32 inf
33 inf
34 inf
35 inf
36 inf
37 inf
38 inf
39 inf
40 inf
41 inf
42 inf
43 inf
44 inf
45 inf
46 inf
47 inf
48 inf
49 inf
50 inf
51 inf
52 inf
53 inf
54 inf
55 inf
56 inf
57 inf
58 inf
59 inf
60 inf
61 inf
62 inf
63 inf
64 inf
65 373469123448517993139137317232627508504348627747031748260141652226195172119728305531516724036170343712259055136878277304962983457319850769573139456326190929256620039329388824752773412343892455812107469342956028995145111484346036381765465269147350749754986318454867945945450835341713180415689228288.000000
66 2292140703873967851349278409613641865138517474982472525375349267212827993467686885943446688260209513240049088913560454296523948204224539450353656081392375156351565644992080501122125683409081516782181919169362763584556259836630981603229596834105543183500157386752.000000
67 1111663422248974701927025019304660913688787367477158449938280673341631712620557845611200756041031925311563690808007820395341977125750604148113885657854156087336740358491815886167007521682424486144181257042706261292578282405888.000000
68 208395895389629012691654822433383160456627841383572314840401761820208210958719913925444596057130867013016523184761349561571566435437301667546612335624013756642236098223816383177687040.000000
69 10695771221037027196967980692620706389800036532751982245926896152614898321556288159815495636228545995144859561180979535258472564366241566769986347617763721216.000000
70 634468639985842775086709762838109791713219651938622050678595107189617735534843952506531608780436614425735012803413131793372503080960.000000
71 31001968853301669236052859255498155790272819670442920650823309944517336966825236565989372796600320.000000
72 249656744823124474781019754971599379505419875058062458880.000000
73 95854995162175399851994491387904.000000
74 524337693.858039
75 34691.469270
76 29014.575915
77 25600.118836
78 22358.637995
79 19701.318801
80 17699.720550
81 15754.983254
82 13750.587311
83 12680.671470
84 10862.482863
85 10297.852524
86 9439.134590
87 8420.998321
88 7980.957970
89 7171.793933
90 6576.471271
91 5960.633272
92 5396.945287
93 4961.769449
94 4577.624413
95 4204.075812
96 3939.387362
97 3578.713029
98 3330.370020
99 3057.628314
100 2832.630344
101 2567.336733
102 2326.305283
103 2090.685959
104 1973.302305
105 1775.694021
106 1646.749977
107 1541.346895
108 1436.107658
109 1315.956576
110 1227.104154
111 1113.944311
112 1056.298656
113 961.138417
114 872.932368
115 817.732248
116 743.878321
117 694.543503
118 653.133930
119 604.239037
120 557.767618
121 521.141284
122 484.959854
123 448.010584
124 422.558791
125 390.484189
126 358.227194
127 334.639428
128 313.162653
129 289.402514
130 271.296312
131 252.493982
132 229.275062
133 216.898528
134 199.145463
135 189.037517
136 174.925602
137 164.943834
138 150.231530
139 142.434506
140 132.429635
141 123.008963
142 116.547148
143 109.534691
144 100.741291
145 96.611550
146 89.872025
147 84.894423
148 80.154127
149 76.040048
150 72.238295
151 67.567643
152 62.969870
153 59.554823
154 56.053203
155 52.664152
156 49.552090
157 46.709042
158 43.896284
159 41.259088
160 38.839993
161 36.552283
162 34.495407
163 32.605226
164 30.478075
165 28.671932
166 27.246143
167 25.541258
168 24.423698
169 23.014117
170 21.982794
171 20.899806
172 19.717835
173 18.817296
174 17.840825
175 16.887707
176 15.921347
177 15.017831
178 14.394483
179 13.682382
180 12.771196
181 12.374455
182 11.773958
183 11.170547
184 10.658282
185 10.181537
186 9.655783
187 9.200239
188 8.790589
189 8.398624
190 7.959805
191 7.694213
192 7.316796
193 6.978008
194 6.631969
195 6.399131
196 6.139881
197 5.817087
198 5.561459
199 5.291255
200 5.003198
201 4.755102
202 4.539169
203 4.364752
204 4.185030
205 4.012395
206 3.855416
207 3.686329
208 3.542890
209 3.401406
210 3.269095
211 3.103270
212 2.986323
213 2.871705
214 2.745562
215 2.626194
216 2.509672
217 2.422659
218 2.313012
219 2.243609
220 2.166392
221 2.098618
222 2.013461
223 1.948090
224 1.865544
225 1.785693
226 1.716052
227 1.673903
228 1.608650
229 1.536626
230 1.474428
231 1.438577
232 1.380400
233 1.334889
234 1.292583
235 1.254416
236 1.208592
237 1.171786
238 1.129564
239 1.097727
240 1.063033
241 1.032167
242 1.002675
243 0.973427
244 0.946634
245 0.918667
246 0.891637
247 0.868547
248 0.837102
249 0.815915
250 0.789450
251 0.769062
252 0.744106
253 0.726874
254 0.705767
255 0.687720
256 0.668649
257 0.651135
258 0.629889
259 0.613452
260 0.593703
261 0.577835
262 0.563961
263 0.548529
264 0.536510
265 0.519782
266 0.507706
267 0.492481
268 0.476142
269 0.465365
270 0.453303
271 0.440844
272 0.429003
273 0.417381
274 0.407229
275 0.395268
276 0.382558
277 0.375894
278 0.365386
279 0.356396
280 0.348724
281 0.339533
282 0.330968
283 0.324036
284 0.315501
285 0.308756
286 0.302208
287 0.294779
288 0.288374
289 0.280828
290 0.275815
291 0.270394
292 0.263594
293 0.258440
294 0.253287
295 0.247226
296 0.242268
297 0.236562
298 0.231467
299 0.226374
300 0.222866
301 0.218759
302 0.214605
303 0.210002
304 0.206586
305 0.202619
306 0.197824
307 0.194484
308 0.191056
309 0.186922
310 0.182400
311 0.178778
312 0.175591
313 0.172304
314 0.169625
315 0.166322
316 0.162981
317 0.159951
318 0.157391
319 0.154400
320 0.151952
321 0.149143
322 0.146933
323 0.143603
324 0.140856
325 0.138878
326 0.136759
327 0.134465
328 0.131968
329 0.129899
330 0.127424
331 0.125399
332 0.123801
333 0.121731
334 0.119767
335 0.117819
336 0.115839
337 0.114165
338 0.112302
339 0.110220
340 0.108858
341 0.107116
342 0.105705
343 0.103787
344 0.102477
345 0.100918
346 0.099147
347 0.097951
348 0.096863
349 0.095499
350 0.094107
351 0.092824
352 0.091656
353 0.090404
354 0.089084
355 0.087969
356 0.086817
357 0.085710
358 0.084634
359 0.083636
360 0.082552
361 0.081277
362 0.080344
363 0.079204
364 0.078095
365 0.077334
366 0.076465
367 0.075629
368 0.074592
369 0.073651
370 0.072560
371 0.071391
372 0.070955
373 0.070010
374 0.069416
375 0.068697
376 0.067997
377 0.067290
378 0.066460
379 0.065836
380 0.065009
381 0.064402
382 0.063768
383 0.063117
384 0.062432
385 0.061737
386 0.061229
387 0.060562
388 0.060043
389 0.059417
390 0.058752
391 0.058239
392 0.057619
393 0.057140
394 0.056646
395 0.056054
396 0.055522
397 0.054994
398 0.054499
399 0.053981
400 0.053476
401 0.053092
402 0.052679
403 0.052211
404 0.051710
405 0.051417
406 0.050979
407 0.050595
408 0.050222
409 0.049807
410 0.049251
411 0.048975
412 0.048607
413 0.048204
414 0.047898
415 0.047548
416 0.047143
417 0.046799
418 0.046482
419 0.046161
420 0.045800
421 0.045543
422 0.045228
423 0.044939
424 0.044650
425 0.044279
426 0.043990
427 0.043731
428 0.043453
429 0.043200
430 0.042974
431 0.042670
432 0.042470
433 0.042264
434 0.041990
435 0.041755
436 0.041534
437 0.041308
438 0.041120
439 0.040891
440 0.040681
441 0.040476
442 0.040213
443 0.040069
444 0.039873
445 0.039696
446 0.039497
447 0.039320
448 0.039156
449 0.039007
450 0.038821
451 0.038647
452 0.038443
453 0.038293
454 0.038098
455 0.037979
456 0.037806
457 0.037695
458 0.037537
459 0.037414
460 0.037294
461 0.037161
462 0.037028
463 0.036901
464 0.036808
465 0.036694
466 0.036600
467 0.036489
468 0.036391
469 0.036294
470 0.036203
471 0.036105
472 0.036022
473 0.035932
474 0.035850
475 0.035779
476 0.035691
477 0.035624
478 0.035545
479 0.035489
480 0.035416
481 0.035371
482 0.035312
483 0.035260
484 0.035203
485 0.035155
486 0.035106
487 0.035067
488 0.035025
489 0.034986
490 0.034952
491 0.034922
492 0.034902
493 0.034879
494 0.034860
495 0.034842
496 0.034828
497 0.034817
498 0.034809
499 0.034803
500 0.034800
1 inf
2 inf
3 inf
4 inf
5 inf
6 inf
7 inf
8 inf
9 inf
10 inf
11 inf
12 inf
13 inf
14 inf
15 inf
16 inf
17 inf
18 inf
19 inf
20 inf
21 inf
22 inf
23 inf
24 inf
25 inf
26 inf
27 inf
28 inf
29 inf
30 inf
31 inf
32 inf
33 inf
34 inf
35 inf
36 inf
37 inf
38 inf
39 inf
40 inf
41 inf
42 inf
43 inf
44 inf
45 inf
46 inf
47 inf
48 inf
49 inf
50 inf
51 inf
52 inf
53 inf
54 inf
55 inf
56 inf
57 inf
58 inf
59 inf
60 inf
61 inf
62 inf
63 inf
64 93707867655037087317812799840193997173233897722742496319162437355210675489281289794695775618901531977664207818550371781757649578832305679315903465077634754255776617086846020996027267670266744669259660330037949722762327808135876642790101130396648807337263697794202273352213277778614890014834673303158784.000000
65 3203208576408419511278417089240450071150764436114308369296563217926327236197922979085682579120661844228636605885460960332000914290444094135625896822798006726639377702223568966936291880964143334277273618194640502781759174041641860805636129891607232692422516408320.000000
66 655793276431021888438443178637284060272185581696945669997977301905665673347309487707609277890908824628526733491209183609383053109022555196141057065962733967239246623493467545321417100533836812612995057980656377682309677056.000000
67 36227907874149030918409814349663546478169497083117514503309467158405749868661269744094586370239314629479879336618483855969235774072563609787813870829501679168937391406133197812792719930002306699886592.000000
68 175883458192458215494276174228948416286482054523244205145153333904877446860954276603057652256192463769645900475091688836899434604933527063014206054106382801557333536145408.000000
69 41415711674749480152137771735012659968672959809450600794020219818144628764386409242214279438011903177596140181559947991791469630057508503552.000000
70 17577489756587167492989474589386129084735978048687641153653206796071362691775718726619707419341877453162283008.000000
71 400915350736365526432665544128321065185086092965676993133039206983920601006080.000000
72 25324142768304366720103440989761820525362476482560.000000
73 12767651050120686708119830528.000000
74 173082.438042
75 52542.071900
76 49028.929693
77 41029.893891
78 35962.824922
79 31257.177760
80 27349.393016
81 24052.627793
82 22193.831453
83 18955.493479
84 17180.362829
85 15582.345637
86 14225.396913
87 12823.935267
88 11673.726555
89 10324.645191
90 9366.063504
91 8441.242791
92 7535.600053
93 6864.967914
94 6329.071482
95 5753.480854
96 5253.773600
97 4872.941391
98 4571.998924
99 4248.607651
100 3785.604472
101 3437.881869
102 3092.597611
103 2860.330149
104 2663.037646
105 2455.649702
106 2279.274910
107 2106.186655
108 1947.759672
109 1774.893301
110 1665.762377
111 1523.778388
112 1394.658750
113 1292.496966
114 1185.593043
115 1091.699905
116 1020.517054
117 930.354718
118 859.858166
119 796.789085
120 732.712020
121 674.729070
122 632.021711
123 568.468635
124 541.077807
125 505.331393
126 463.280199
127 423.840142
128 404.229808
129 373.180181
130 345.978821
131 319.042822
132 300.616670
133 278.276829
134 255.901542
135 242.813544
136 228.558852
137 214.623987
138 200.338520
139 182.384705
140 174.622070
141 163.305948
142 150.354333
143 141.583382
144 133.146104
145 125.370180
146 116.192083
147 109.105191
148 102.159733
149 95.481610
150 89.672869
151 83.871174
152 77.679884
153 72.556684
154 67.767682
155 63.352941
156 59.891096
157 56.410120
158 52.577793
159 50.404025
160 47.403730
161 44.696163
162 42.073308
163 39.625669
164 37.368373
165 34.951312
166 32.911409
167 31.080509
168 29.221872
169 27.832914
170 26.354691
171 24.937088
172 23.475382
173 22.235206
174 21.224038
175 20.287513
176 19.272247
177 18.174766
178 17.330028
179 16.356037
180 15.627627
181 14.753784
182 14.071738
183 13.381993
184 12.610331
185 11.944414
186 11.155520
187 10.780113
188 10.102984
189 9.761249
190 9.268123
191 8.727802
192 8.281915
193 7.938511
194 7.637495
195 7.280856
196 6.989500
197 6.697005
198 6.330843
199 6.099672
200 5.817723
201 5.579643
202 5.344620
203 5.090437
204 4.800263
205 4.616486
206 4.386654
207 4.171033
208 4.026583
209 3.883318
210 3.679020
211 3.528170
212 3.382745
213 3.262797
214 3.148764
215 3.020255
216 2.894374
217 2.791863
218 2.688917
219 2.581050
220 2.472434
221 2.397429
222 2.301207
223 2.218975
224 2.117554
225 2.055562
226 1.985366
227 1.914675
228 1.838561
229 1.781465
230 1.717847
231 1.666227
232 1.604225
233 1.544557
234 1.496429
235 1.447767
236 1.403246
237 1.352616
238 1.292548
239 1.260604
240 1.216444
241 1.171505
242 1.134094
243 1.099823
244 1.061617
245 1.028863
246 0.998634
247 0.968215
248 0.941572
249 0.915435
250 0.889586
251 0.860672
252 0.834885
253 0.812131
254 0.787778
255 0.765374
256 0.740539
257 0.723482
258 0.702606
259 0.678104
260 0.661514
261 0.641277
262 0.621312
263 0.605098
264 0.589285
265 0.573376
266 0.558716
267 0.546294
268 0.532470
269 0.516699
270 0.503308
271 0.491594
272 0.480984
273 0.469419
274 0.457792
275 0.444437
276 0.428137
277 0.421668
278 0.412345
279 0.399904
280 0.387773
281 0.377631
282 0.369032
283 0.360339
284 0.353397
285 0.344816
286 0.336606
287 0.329718
288 0.320524
289 0.310411
290 0.303615
291 0.297317
292 0.290738
293 0.284917
294 0.279202
295 0.273538
296 0.268176
297 0.261486
298 0.255834
299 0.250250
300 0.244573
301 0.238938
302 0.234983
303 0.230725
304 0.225812
305 0.220901
306 0.216494
307 0.212605
308 0.207851
309 0.203934
310 0.200348
311 0.196731
312 0.192106
313 0.188947
314 0.185349
315 0.182368
316 0.178739
317 0.175796
318 0.172023
319 0.168568
320 0.165802
321 0.162737
322 0.159521
323 0.156664
324 0.154171
325 0.151744
326 0.149168
327 0.146519
328 0.144232
329 0.141578
330 0.139413
331 0.137203
332 0.135004
333 0.132737
334 0.130736
335 0.128318
336 0.126411
337 0.123795
338 0.122304
339 0.120317
340 0.118444
341 0.116201
342 0.114408
343 0.112467
344 0.110978
345 0.109504
346 0.107917
347 0.106285
348 0.104842
349 0.103255
350 0.101792
351 0.100462
352 0.099201
353 0.097902
354 0.096344
355 0.094813
356 0.093885
357 0.092664
358 0.091050
359 0.089841
360 0.088697
361 0.087390
362 0.086013
363 0.084745
364 0.083881
365 0.082954
366 0.082001
367 0.080818
368 0.079915
369 0.078824
370 0.077834
371 0.076755
372 0.075914
373 0.074562
374 0.074035
375 0.073155
376 0.072348
377 0.071455
378 0.070635
379 0.069889
380 0.068898
381 0.068029
382 0.067384
383 0.066677
384 0.066062
385 0.065341
386 0.064755
387 0.064130
388 0.063543
389 0.062968
390 0.062120
391 0.061634
392 0.061018
393 0.060425
394 0.059954
395 0.059231
396 0.058670
397 0.058051
398 0.057582
399 0.057003
400 0.056433
401 0.055871
402 0.055483
403 0.054948
404 0.054423
405 0.054034
406 0.053537
407 0.053168
408 0.052727
409 0.052333
410 0.051935
411 0.051407
412 0.051041
413 0.050734
414 0.050361
415 0.050019
416 0.049663
417 0.049312
418 0.048942
419 0.048612
420 0.048310
421 0.048003
422 0.047672
423 0.047315
424 0.047047
425 0.046647
426 0.046370
427 0.046060
428 0.045762
429 0.045465
430 0.045139
431 0.044838
432 0.044591
433 0.044295
434 0.044091
435 0.043850
436 0.043608
437 0.043400
438 0.043188
439 0.042917
440 0.042690
441 0.042446
442 0.042255
443 0.042061
444 0.041808
445 0.041649
446 0.041444
447 0.041276
448 0.041092
449 0.040900
450 0.040742
451 0.040507
452 0.040398
453 0.040220
454 0.040047
455 0.039894
456 0.039733
457 0.039570
458 0.039429
459 0.039316
460 0.039184
461 0.039060
462 0.038935
463 0.038804
464 0.038695
465 0.038597
466 0.038472
467 0.038373
468 0.038272
469 0.038172
470 0.038069
471 0.037975
472 0.037865
473 0.037791
474 0.037706
475 0.037624
476 0.037551
477 0.037467
478 0.037406
479 0.037341
480 0.037277
481 0.037215
482 0.037157
483 0.037111
484 0.037052
485 0.037004
486 0.036959
487 0.036921
488 0.036885
489 0.036837
490 0.036809
491 0.036781
492 0.036750
493 0.036730
494 0.036711
495 0.036692
496 0.036673
497 0.036659
498 0.036651
499 0.036646
500 0.036643
