1 13693713.062720
2 19217112.583761
3 24387423.379700
4 27683588.123698
5 36551534.566084
6 42206911.685782
7 29412671.858525
8 36552680.734685
9 46964843.001497
10 69969023.192717
11 90588038.154895
12 100335715.189063
13 72334085.449418
14 77287752.764413
15 94032884.444141
16 136643301.419077
17 190903085.530418
18 128470478.142334
19 178722824.237201
20 230554084.589006
21 171276484.101763
22 240653241.310664
23 291838936.097917
24 308527168.630605
25 314488836.846871
26 233112444.414226
27 336706002.084588
28 424711986.658309
29 527376848.769854
30 385341200.285343
31 520749248.850249
32 666906435.626390
33 556423960.700928
34 567823043.002907
35 456455847.496038
36 564319495.240307
37 518192169.315476
38 530645215.635322
39 554529598.828817
40 625143777.878421
41 620063390.638474
42 708711329.171181
43 834473146.685610
44 730953822.566796
45 1042709247.681254
46 739301657.116040
47 878448268.965328
48 679927507.921736
49 678576567.049361
50 1036577843.107269
51 1046401947.312656
52 976519399.045840
53 915454920.646257
54 771989514.573551
55 681344596.509061
56 693182125.812351
57 998181079.727485
58 723693957.030963
59 750202450.224088
60 676282347.995126
61 868112602.197027
62 776188845.387779
63 925020599.720162
64 608452058.051545
65 831575308.492205
66 883276792.651249
67 899863663.656762
68 983837983.750259
69 963531378.151578
70 884615080.015524
71 748719428.479691
72 786119840.988699
73 709084108.366653
74 900298161.690535
75 981344181.684249
76 708280927.110917
77 836686463.955471
78 753664107.481130
79 755939680.964762
80 585317205.693652
81 717433858.159516
82 634606069.385976
83 629773670.885751
84 631169084.090727
85 573871832.711126
86 449545501.371309
87 424141409.744406
88 593325682.656485
89 452028139.899686
90 522289129.249846
91 563437156.176691
92 481419779.527183
93 581347648.356323
94 459727518.608263
95 485715439.222825
96 410237394.355967
97 433946045.430355
98 348852743.343421
99 271806123.828442
100 291369334.820716
101 327386736.279467
102 432890222.807513
103 297307740.744080
104 367609782.886888
105 260619166.902327
106 277973346.214480
107 248168446.200362
108 267634543.326962
109 250800057.717015
110 268971042.550974
111 190265601.935093
112 242950682.263295
113 153258630.039005
114 134356028.264365
115 127900928.687267
116 115660637.773106
117 146389684.608580
118 111309971.179832
119 123140459.260504
120 139634312.205518
121 109915255.768961
122 122327915.998751
123 102718688.413811
124 108011163.297426
125 62086741.564639
126 74540354.584561
127 71295226.785687
128 73769394.130139
129 68986045.110844
130 69664259.128139
131 67639845.089616
132 55503627.825416
133 68714644.747351
134 54343062.846780
135 56311710.254434
136 54210676.877947
137 45299351.278749
138 36458853.558852
139 32096946.679999
140 36059583.139212
141 28837711.847437
142 32120977.822599
143 28531566.567668
144 30825035.465536
145 24899264.261222
146 22285605.742381
147 22231960.467479
148 18147560.588862
149 17640139.847705
150 19404740.087068
151 18953775.395971
152 16858837.996085
153 19420703.799831
154 13409704.822451
155 12751020.263198
156 12081187.809797
157 13775280.563007
158 13347566.035548
159 13237813.410382
160 13929022.604779
161 13254202.703312
162 13422581.111340
163 12168558.601695
164 13236610.347314
165 10327229.998392
166 13426625.906939
167 12914690.495462
168 11352839.110403
169 12149959.818767
170 11544224.287529
171 9691264.255907
172 10427262.873221
173 8639141.531136
174 8876011.023757
175 8682381.508287
176 6662470.248655
177 6069524.979885
178 6537458.113177
179 6392677.212531
180 6010627.249354
181 7053279.702274
182 6182871.593946
183 5078570.062578
184 5192074.707988
185 4190172.361734
186 4461415.020515
187 4608344.804404
188 4070982.387228
189 4001668.404439
190 3394876.931427
191 3790972.018730
192 3795342.833499
193 4028066.902621
194 3068439.649027
195 2999212.161145
196 2553095.738863
197 2875381.161501
198 2806695.313514
199 2809968.631757
200 2558553.312452
201 2517949.876464
202 2160667.166331
203 1986696.528757
204 1913622.864259
205 1825283.460904
206 1905026.221736
207 1543489.326602
208 1582655.450654
209 1275945.501033
210 1240419.985263
211 999778.244609
212 1197080.715345
213 1072637.828557
214 938281.904268
215 751750.434491
216 768739.444140
217 777890.768441
218 793902.470163
219 681893.063950
220 683047.795325
221 594005.305823
222 592734.430475
223 544119.756448
224 604532.553048
225 466911.014068
226 530079.996220
227 512736.579795
228 478838.654998
229 495342.359002
230 496086.473890
231 511929.621721
232 461515.854272
233 446477.899599
234 396170.409962
235 402970.658576
236 407287.140673
237 389078.771465
238 381931.325378
239 369479.034896
240 347992.641015
241 320005.596464
242 336159.639657
243 284141.217018
244 309052.489747
245 279659.224504
246 270062.508614
247 291727.185611
248 270184.972397
249 249193.821281
250 245733.186900
251 232800.160867
252 195303.833731
253 217733.708318
254 224167.942585
255 212161.681217
256 204667.711937
257 181493.946684
258 178353.571954
259 171918.990399
260 152249.863748
261 179947.739464
262 151364.985724
263 153209.980786
264 164757.109600
265 153479.718110
266 150572.391874
267 152444.190498
268 158561.992818
269 152707.075250
270 151555.487680
271 132925.292116
272 142110.521529
273 140836.523704
274 114281.167667
275 118392.869904
276 122839.189604
277 103049.293957
278 114452.694220
279 108562.022630
280 115272.269778
281 101561.056677
282 102774.563350
283 106265.507894
284 91002.640915
285 90502.639120
286 92404.472682
287 91162.984021
288 93922.846165
289 90184.986397
290 80897.855425
291 78898.168146
292 77830.882203
293 73753.097404
294 74268.531444
295 71761.663583
296 73318.835442
297 65968.548332
298 63733.279269
299 60693.753699
300 64123.932816
301 63339.622287
302 59721.682293
303 58419.036109
304 57349.538310
305 52788.319018
306 52603.075196
307 51611.465962
308 55834.461343
309 52729.224183
310 52076.020099
311 50140.961125
312 49436.283632
313 45699.802694
314 44751.981997
315 45536.003769
316 48079.581477
317 47927.221556
318 42437.066313
319 40981.008555
320 42731.266673
321 40463.524603
322 39138.109007
323 37608.077232
324 38332.406548
325 38200.503269
326 34042.542606
327 35845.339042
328 32390.881807
329 32371.095651
330 35153.915129
331 33682.031018
332 33497.622787
333 33836.121019
334 30033.016770
335 31472.904834
336 28280.326689
337 29960.494149
338 27213.043899
339 28478.072096
340 26626.220168
341 26021.854116
342 25262.220255
343 23337.797894
344 24583.045779
345 24963.404669
346 22758.099042
347 23276.747802
348 22905.659575
349 22798.023644
350 22303.592024
351 20099.944489
352 20365.171019
353 19908.367335
354 19326.819113
355 19366.424318
356 19873.513956
357 19417.404870
358 18636.740560
359 17863.674084
360 17690.962975
361 17025.604048
362 17625.611285
363 17227.512924
364 16773.512287
365 16357.016124
366 15530.535590
367 14645.315519
368 15418.567779
369 14520.608420
370 14406.508461
371 14427.006366
372 15072.687312
373 14559.630901
374 14305.717527
375 13997.026271
376 13790.200165
377 13989.009205
378 13372.465227
379 13124.696094
380 12690.447408
381 12328.591085
382 12675.874016
383 11843.459196
384 11932.322904
385 11009.529572
386 11295.860653
387 11169.341783
388 11284.290105
389 11369.407751
390 11266.973015
391 10869.861203
392 10767.052393
393 10629.164867
394 10219.674754
395 10583.637223
396 9784.474967
397 10026.227016
398 9777.852176
399 9491.284323
400 9332.725097
401 9559.223433
402 9234.133974
403 8905.652672
404 8985.292106
405 8858.299401
406 8708.236281
407 8541.543765
408 8335.993377
409 8105.997933
410 8037.945750
411 7975.606487
412 7971.359845
413 7813.769114
414 7503.408360
415 7569.086937
416 7418.728622
417 7319.181718
418 7247.160671
419 7023.815235
420 7033.465258
421 6893.841013
422 7005.720493
423 7030.121775
424 6694.614507
425 6744.004390
426 6668.235616
427 6518.350348
428 6458.313065
429 6375.588801
430 6437.937182
431 6320.242889
432 6330.610262
433 6015.875183
434 6015.465547
435 6009.291538
436 5931.338156
437 5914.331869
438 5824.181938
439 5809.789042
440 5741.539853
441 5644.403159
442 5613.009896
443 5518.065959
444 5452.861471
445 5447.163502
446 5264.360544
447 5182.980414
448 5176.121121
449 5128.508421
450 5085.832552
451 5050.208812
452 5038.842652
453 4949.992726
454 4941.385219
455 4820.100402
456 4827.373365
457 4804.192023
458 4724.679612
459 4679.968785
460 4672.832554
461 4650.200900
462 4597.965820
463 4561.767166
464 4507.990105
465 4490.298303
466 4449.680762
467 4382.586501
468 4371.525931
469 4307.725050
470 4282.972041
471 4232.612040
472 4205.979798
473 4167.569851
474 4143.858262
475 4134.444890
476 4101.449845
477 4076.400741
478 4060.725362
479 4034.199140
480 4002.777670
481 3995.014891
482 3964.207567
483 3947.060730
484 3927.456814
485 3902.582503
486 3884.111227
487 3870.909369
488 3854.596030
489 3841.719970
490 3827.555882
491 3816.307325
492 3803.444671
493 3792.553420
494 3783.686620
495 3777.024046
496 3769.485125
497 3764.278344
498 3760.217658
499 3755.693323
500 3754.849830
