1 3131560.459588
2 3312136.649988
3 3844965.269487
4 3998127.520903
5 4375806.285421
6 4835942.715668
7 4970544.822738
8 4850605.876281
9 5157337.149803
10 5054905.873200
11 5499163.076510
12 5524192.256032
13 5459169.718733
14 5488436.538808
15 5306350.343618
16 5351418.119057
17 5127642.202316
18 5275516.160114
19 5067041.078013
20 5011395.566463
21 4891838.750246
22 4920961.169256
23 4783904.856345
24 4947621.772481
25 5080941.005591
26 5055052.592250
27 4822311.334488
28 4702140.334799
29 4613315.382691
30 4356737.879807
31 4383813.441322
32 4163835.880642
33 3993460.439503
34 3827972.619775
35 3610872.403630
36 3322277.255242
37 3106691.340174
38 2985389.987781
39 2901483.817841
40 2675408.184827
41 2581857.767907
42 2481476.873810
43 2280440.046563
44 2224140.319743
45 2067828.490461
46 1943301.822745
47 1866595.582414
48 1753535.603290
49 1645261.221723
50 1550476.290170
51 1477988.619717
52 1463863.620885
53 1369884.096770
54 1270919.817782
55 1133756.706291
56 1119632.496740
57 1045182.630662
58 966852.647609
59 892458.895770
60 858914.201090
61 761955.756557
62 693874.836858
63 663809.237618
64 607402.691240
65 576136.000719
66 532480.750954
67 487652.541897
68 445048.922159
69 406560.036821
70 368163.896782
71 335577.125453
72 317804.865201
73 274899.798772
74 269266.699070
75 244663.010236
76 220004.417062
77 203257.640201
78 182388.512513
79 169655.142539
80 149406.237671
81 138615.748133
82 126850.362589
83 114008.217550
84 108407.189711
85 96191.180660
86 90793.065527
87 81607.123287
88 73480.706545
89 65892.685563
90 64121.849553
91 57658.444132
92 53528.742143
93 47596.281624
94 43568.171085
95 39095.803178
96 34910.213056
97 29069.755650
98 27195.318001
99 24207.230352
100 22578.602861
101 21322.986555
102 19299.107868
103 17319.070093
104 15507.593724
105 13616.818870
106 12044.538774
107 11338.456254
108 10480.047322
109 8930.971810
110 8033.833132
111 7417.022368
112 6847.780433
113 6139.307577
114 5703.530631
115 5213.739548
116 4712.760985
117 4302.675984
118 3923.532420
119 3579.799773
120 3257.444777
121 2882.505004
122 2635.282839
123 2313.655909
124 2044.028799
125 1849.559207
126 1683.183610
127 1428.995431
128 1345.437160
129 1170.577357
130 1079.126842
131 978.215264
132 857.836801
133 752.939266
134 701.818782
135 648.910909
136 580.268905
137 537.345297
138 482.980336
139 430.511193
140 385.471913
141 359.179506
142 303.080426
143 289.197623
144 263.193821
145 238.313983
146 218.027219
147 199.830676
148 181.154689
149 160.924036
150 146.886130
151 137.176456
152 123.676314
153 114.478087
154 103.851952
155 93.052026
156 85.932771
157 77.092197
158 71.581168
159 64.666537
160 59.301488
161 52.177899
162 48.176640
163 44.562180
164 40.918778
165 37.452258
166 34.515692
167 29.939199
168 26.944386
169 24.422652
170 22.613474
171 19.728957
172 18.418222
173 16.802731
174 15.440133
175 13.970612
176 12.696784
177 11.665964
178 10.654797
179 9.940018
180 9.005459
181 8.435071
182 7.981372
183 7.452014
184 6.771998
185 6.239292
186 5.759514
187 5.273438
188 4.738884
189 4.429363
190 4.095683
191 3.860470
192 3.528917
193 3.303266
194 3.092645
195 2.802891
196 2.649292
197 2.397913
198 2.269363
199 2.118394
200 1.920242
201 1.767003
202 1.647810
203 1.531458
204 1.441113
205 1.327573
206 1.237052
207 1.123988
208 1.024879
209 0.949258
210 0.881720
211 0.804655
212 0.755634
213 0.712784
214 0.667281
215 0.625565
216 0.588589
217 0.555743
218 0.506870
219 0.479712
220 0.438756
221 0.404554
222 0.384528
223 0.363536
224 0.339642
225 0.317865
226 0.303741
227 0.284856
228 0.261539
229 0.248293
230 0.235172
231 0.220823
232 0.208032
233 0.198968
234 0.186164
235 0.174190
236 0.166723
237 0.156397
238 0.148829
239 0.136948
240 0.131464
241 0.125134
242 0.117749
243 0.111249
244 0.105822
245 0.100961
246 0.096146
247 0.089612
248 0.085524
249 0.081855
250 0.078152
251 0.074232
252 0.069824
253 0.066582
254 0.063521
255 0.059074
256 0.056479
257 0.053119
258 0.050158
259 0.047494
260 0.045030
261 0.042974
262 0.040719
263 0.038394
264 0.036749
265 0.035120
266 0.033148
267 0.031471
268 0.030352
269 0.028576
270 0.027340
271 0.026227
272 0.024751
273 0.023620
274 0.022585
275 0.021523
276 0.020664
277 0.019761
278 0.018862
279 0.017924
280 0.017230
281 0.016480
282 0.015600
283 0.014812
284 0.014196
285 0.013610
286 0.013140
287 0.012532
288 0.011947
289 0.011460
290 0.010980
291 0.010399
292 0.009986
293 0.009633
294 0.009196
295 0.008916
296 0.008513
297 0.008185
298 0.007825
299 0.007530
300 0.007298
301 0.007034
302 0.006869
303 0.006590
304 0.006332
305 0.006097
306 0.005918
307 0.005734
308 0.005540
309 0.005327
310 0.005124
311 0.004958
312 0.004763
313 0.004586
314 0.004445
315 0.004311
316 0.004165
317 0.004031
318 0.003899
319 0.003735
320 0.003649
321 0.003510
322 0.003394
323 0.003286
324 0.003130
325 0.003016
326 0.002951
327 0.002847
328 0.002764
329 0.002687
330 0.002598
331 0.002516
332 0.002435
333 0.002362
334 0.002286
335 0.002218
336 0.002173
337 0.002105
338 0.002027
339 0.001959
340 0.001907
341 0.001842
342 0.001784
343 0.001732
344 0.001693
345 0.001646
346 0.001602
347 0.001549
348 0.001501
349 0.001461
350 0.001421
351 0.001383
352 0.001352
353 0.001321
354 0.001283
355 0.001253
356 0.001224
357 0.001191
358 0.001160
359 0.001129
360 0.001099
361 0.001073
362 0.001045
363 0.001014
364 0.000994
365 0.000961
366 0.000939
367 0.000918
368 0.000896
369 0.000872
370 0.000853
371 0.000836
372 0.000816
373 0.000796
374 0.000784
375 0.000764
376 0.000748
377 0.000731
378 0.000719
379 0.000703
380 0.000689
381 0.000675
382 0.000661
383 0.000644
384 0.000631
385 0.000618
386 0.000606
387 0.000593
388 0.000583
389 0.000573
390 0.000563
391 0.000552
392 0.000543
393 0.000532
394 0.000524
395 0.000513
396 0.000503
397 0.000493
398 0.000484
399 0.000477
400 0.000468
401 0.000460
402 0.000451
403 0.000444
404 0.000437
405 0.000429
406 0.000421
407 0.000415
408 0.000406
409 0.000401
410 0.000395
411 0.000390
412 0.000384
413 0.000378
414 0.000372
415 0.000368
416 0.000363
417 0.000357
418 0.000352
419 0.000347
420 0.000342
421 0.000339
422 0.000333
423 0.000329
424 0.000326
425 0.000321
426 0.000317
427 0.000313
428 0.000309
429 0.000306
430 0.000302
431 0.000299
432 0.000295
433 0.000291
434 0.000288
435 0.000285
436 0.000282
437 0.000279
438 0.000276
439 0.000273
440 0.000269
441 0.000267
442 0.000264
443 0.000262
444 0.000258
445 0.000256
446 0.000253
447 0.000251
448 0.000249
449 0.000246
450 0.000244
451 0.000242
452 0.000241
453 0.000239
454 0.000237
455 0.000235
456 0.000233
457 0.000232
458 0.000230
459 0.000228
460 0.000227
461 0.000225
462 0.000224
463 0.000222
464 0.000221
465 0.000220
466 0.000218
467 0.000217
468 0.000216
469 0.000215
470 0.000214
471 0.000213
472 0.000212
473 0.000211
474 0.000210
475 0.000209
476 0.000208
477 0.000207
478 0.000206
479 0.000206
480 0.000205
481 0.000204
482 0.000203
483 0.000203
484 0.000202
485 0.000202
486 0.000201
487 0.000201
488 0.000200
489 0.000200
490 0.000199
491 0.000199
492 0.000199
493 0.000198
494 0.000198
495 0.000198
496 0.000198
497 0.000198
498 0.000198
499 0.000198
500 0.000198
