1 1000000000000000019884624838656.000000
2 1000000000000000019884624838656.000000
3 1000000000000000019884624838656.000000
4 1000000000000000019884624838656.000000
5 inf
6 inf
7 inf
8 inf
9 inf
10 inf
11 inf
12 inf
13 inf
14 inf
15 inf
16 inf
17 inf
18 inf
19 inf
20 inf
21 inf
22 inf
23 inf
24 inf
25 inf
26 inf
27 inf
28 inf
29 inf
30 inf
31 inf
32 inf
33 inf
34 inf
35 inf
36 inf
37 inf
38 inf
39 inf
40 inf
41 inf
42 inf
43 inf
44 inf
45 inf
46 inf
47 inf
48 inf
49 inf
50 inf
51 inf
52 inf
53 inf
54 inf
55 inf
56 inf
57 inf
58 inf
59 inf
60 inf
61 inf
62 inf
63 inf
64 inf
65 inf
66 inf
67 inf
68 inf
69 inf
70 14489039105328366388320453066343156986150629396530941955124766592439845080385497641994909074769303923753811653859097297354142027246968233034478072213016399404183087481598337877504721431727534076506939446501909606077315630064417136122527744.000000
71 14489039105328366388320453066343156986150629396530941955124766592439845080385497641994909074769303923753811653859097297354142027246968233034478072213016399404183087481598337877504721431727534076506939446501909606077315630064417136122527744.000000
72 14489039105328366388320453066343156986150629396530941955124766592439845080385497641994909074769303923753811653859097297354142027246968233034478072213016399404183087481598337877504721431727534076506939446501909606077315630064417136122527744.000000
73 14489039105328366388320453066343156986150629396530941955124766592439845080385497641994909074769303923753811653859097297354142027246968233034478072213016399404183087481598337877504721431727534076506939446501909606077315630064417136122527744.000000
74 14489039105328366388320453066343156986150629396530941955124766592439845080385497641994909074769303923753811653859097297354142027246968233034478072213016399404183087481598337877504721431727534076506939446501909606077315630064417136122527744.000000
75 3540557222251635494371273617765874412181675372847151553346417800827089986287642139535060637927884461736604509483863778547300934090752.000000
76 3540557222251635494371273617765874412181675372847151553346417800827089986287642139535060637927884461736604509483863778547300934090752.000000
77 3540557222251635494371273617765874412181675372847151553346417800827089986287642139535060637927884461736604509483863778547300934090752.000000
78 3540557222251635494371273617765874412181675372847151553346417800827089986287642139535060637927884461736604509483863778547300934090752.000000
79 3540557222251635494371273617765874412181675372847151553346417800827089986287642139535060637927884461736604509483863778547300934090752.000000
80 12065450.199105
81 12065450.199105
82 12065450.199105
83 12065450.199105
84 12065450.199105
85 57775.705675
86 57775.705675
87 57775.705675
88 57775.705675
89 57775.705675
90 43969.202248
91 43969.202248
92 43969.202248
93 43969.202248
94 43969.202248
95 34213.102622
96 34213.102622
97 34213.102622
98 34213.102622
99 34213.102622
100 27544.650656
101 27544.650656
102 27544.650656
103 27544.650656
104 27544.650656
105 21935.896144
106 21935.896144
107 21935.896144
108 21935.896144
109 21935.896144
110 17786.331349
111 17786.331349
112 17786.331349
113 17786.331349
114 17786.331349
115 14236.923444
116 14236.923444
117 14236.923444
118 14236.923444
119 14236.923444
120 11534.103317
121 11534.103317
122 11534.103317
123 11534.103317
124 11534.103317
125 8917.086156
126 8917.086156
127 8917.086156
128 8917.086156
129 8917.086156
130 7166.699725
131 7166.699725
132 7166.699725
133 7166.699725
134 7166.699725
135 5585.950759
136 5585.950759
137 5585.950759
138 5585.950759
139 5585.950759
140 4586.747630
141 4586.747630
142 4586.747630
143 4586.747630
144 4586.747630
145 3767.165894
146 3767.165894
147 3767.165894
148 3767.165894
149 3767.165894
150 3033.215127
151 3033.215127
152 3033.215127
153 3033.215127
154 3033.215127
155 2417.835555
156 2417.835555
157 2417.835555
158 2417.835555
159 2417.835555
160 1960.837536
161 1960.837536
162 1960.837536
163 1960.837536
164 1960.837536
165 1559.392409
166 1559.392409
167 1559.392409
168 1559.392409
169 1559.392409
170 1257.108486
171 1257.108486
172 1257.108486
173 1257.108486
174 1257.108486
175 1039.316882
176 1039.316882
177 1039.316882
178 1039.316882
179 1039.316882
180 824.362060
181 824.362060
182 824.362060
183 824.362060
184 824.362060
185 691.907408
186 691.907408
187 691.907408
188 691.907408
189 691.907408
190 553.893283
191 553.893283
192 553.893283
193 553.893283
194 553.893283
195 456.411356
196 456.411356
197 456.411356
198 456.411356
199 456.411356
200 366.337420
201 366.337420
202 366.337420
203 366.337420
204 366.337420
205 289.224197
206 289.224197
207 289.224197
208 289.224197
209 289.224197
210 236.993378
211 236.993378
212 236.993378
213 236.993378
214 236.993378
215 191.413834
216 191.413834
217 191.413834
218 191.413834
219 191.413834
220 158.712836
221 158.712836
222 158.712836
223 158.712836
224 158.712836
225 129.685596
226 129.685596
227 129.685596
228 129.685596
229 129.685596
230 104.248196
231 104.248196
232 104.248196
233 104.248196
234 104.248196
235 82.212893
236 82.212893
237 82.212893
238 82.212893
239 82.212893
240 66.140004
241 66.140004
242 66.140004
243 66.140004
244 66.140004
245 54.140664
246 54.140664
247 54.140664
248 54.140664
249 54.140664
250 43.899079
251 43.899079
252 43.899079
253 43.899079
254 43.899079
255 35.078519
256 35.078519
257 35.078519
258 35.078519
259 35.078519
260 28.224584
261 28.224584
262 28.224584
263 28.224584
264 28.224584
265 23.356201
266 23.356201
267 23.356201
268 23.356201
269 23.356201
270 19.780838
271 19.780838
272 19.780838
273 19.780838
274 19.780838
275 16.551131
276 16.551131
277 16.551131
278 16.551131
279 16.551131
280 13.744767
281 13.744767
282 13.744767
283 13.744767
284 13.744767
285 11.465019
286 11.465019
287 11.465019
288 11.465019
289 11.465019
290 9.648188
291 9.648188
292 9.648188
293 9.648188
294 9.648188
295 7.979194
296 7.979194
297 7.979194
298 7.979194
299 7.979194
300 6.495173
301 6.495173
302 6.495173
303 6.495173
304 6.495173
305 5.506666
306 5.506666
307 5.506666
308 5.506666
309 5.506666
310 4.694950
311 4.694950
312 4.694950
313 4.694950
314 4.694950
315 4.030911
316 4.030911
317 4.030911
318 4.030911
319 4.030911
320 3.401621
321 3.401621
322 3.401621
323 3.401621
324 3.401621
325 2.836185
326 2.836185
327 2.836185
328 2.836185
329 2.836185
330 2.432088
331 2.432088
332 2.432088
333 2.432088
334 2.432088
335 2.092526
336 2.092526
337 2.092526
338 2.092526
339 2.092526
340 1.763607
341 1.763607
342 1.763607
343 1.763607
344 1.763607
345 1.495087
346 1.495087
347 1.495087
348 1.495087
349 1.495087
350 1.269778
351 1.269778
352 1.269778
353 1.269778
354 1.269778
355 1.095619
356 1.095619
357 1.095619
358 1.095619
359 1.095619
360 0.946986
361 0.946986
362 0.946986
363 0.946986
364 0.946986
365 0.819083
366 0.819083
367 0.819083
368 0.819083
369 0.819083
370 0.697215
371 0.697215
372 0.697215
373 0.697215
374 0.697215
375 0.604411
376 0.604411
377 0.604411
378 0.604411
379 0.604411
380 0.526831
381 0.526831
382 0.526831
383 0.526831
384 0.526831
385 0.459214
386 0.459214
387 0.459214
388 0.459214
389 0.459214
390 0.398197
391 0.398197
392 0.398197
393 0.398197
394 0.398197
395 0.349664
396 0.349664
397 0.349664
398 0.349664
399 0.349664
400 0.307152
401 0.307152
402 0.307152
403 0.307152
404 0.307152
405 0.270658
406 0.270658
407 0.270658
408 0.270658
409 0.270658
410 0.237465
411 0.237465
412 0.237465
413 0.237465
414 0.237465
415 0.208875
416 0.208875
417 0.208875
418 0.208875
419 0.208875
420 0.185260
421 0.185260
422 0.185260
423 0.185260
424 0.185260
425 0.163855
426 0.163855
427 0.163855
428 0.163855
429 0.163855
430 0.145398
431 0.145398
432 0.145398
433 0.145398
434 0.145398
435 0.128365
436 0.128365
437 0.128365
438 0.128365
439 0.128365
440 0.113356
441 0.113356
442 0.113356
443 0.113356
444 0.113356
445 0.100791
446 0.100791
447 0.100791
448 0.100791
449 0.100791
450 0.089450
451 0.089450
452 0.089450
453 0.089450
454 0.089450
455 0.079611
456 0.079611
457 0.079611
458 0.079611
459 0.079611
460 0.070931
461 0.070931
462 0.070931
463 0.070931
464 0.070931
465 0.063390
466 0.063390
467 0.063390
468 0.063390
469 0.063390
470 0.056494
471 0.056494
472 0.056494
473 0.056494
474 0.056494
475 0.050595
476 0.050595
477 0.050595
478 0.050595
479 0.050595
480 0.045292
481 0.045292
482 0.045292
483 0.045292
484 0.045292
485 0.040620
486 0.040620
487 0.040620
488 0.040620
489 0.040620
490 0.036469
491 0.036469
492 0.036469
493 0.036469
494 0.036469
495 0.032776
496 0.032776
497 0.032776
498 0.032776
499 0.032776
500 0.029491
