1 inf
2 inf
3 inf
4 285623061920552662638990198214203782527581019812462377227241648823566623144041155582218561412051520409949518441092713641741851154071225415025921331911555237396733605023038890572787367753393294568865225023055889520625182716777094947720119136475597086878292769081497816697985007994686051434772009234078892032.000000
5 40625742789473360776387790728426828870686021860236686605518097422619886562842923052210187246445152715833381974827386854696186433137062805704993249257092892199032710850895808137463592853073052762862666586982108905844055927828755506665361263528218765206554624979525019283657673526667217106632704.000000
6 4873568842630061679149659227588443690417224127528657733679732122732573083051223262274764495726049904436692270324685474064039736634515455801592785687728851721918390327281073836277175522368593223274342780958949415623036151298412286519368506633387079983104012090601373696.000000
7 110787050362653407177970606998809147995710801862940223877517690505525737349650429954007669993395026385932149859635223574613836164660213645827663661376522009593641661249358103676851123051869520450002913474475925392298172850634752.000000
8 39106644662801943236817552027239350751423844035573019953010000228632793909252160876226617974634301350594428064524415621007453863107411400454068336160026993428297787419413476700649473319214903636293964788192040189952.000000
9 2756102539506149236449720302064175677739699789741299662872694363261189776239060201097477310078153076152526479112766089964062458344888947940075752516506018141795187851717204037467111424.000000
10 21628143156262724347309314978489808032272110260772734745196529578077950004920312092295190814271697531819358126839349534667079330196372929449076559721342287571058688.000000
11 48410675895502190412950031069460196168903011656436313682100196157899020260463430464212893162857257040947233791809943865773751713076158136320.000000
12 3542605442166894620342918519892086886337106221290963349188915953312011349070700622277733561885869998080.000000
13 17213718247629020147240724644019767184903142431100677687473653880416071569834508288.000000
14 548789794940132989597103639096631982593885897111535353856.000000
15 57540194486073512171667456.000000
16 28070.778342
17 3659.995233
18 2751.036098
19 2602.631427
20 2606.500064
21 1634.332369
22 1557.837497
23 1652.075424
24 1474.617681
25 1385.433156
26 1158.176641
27 968.462137
28 918.210049
29 641.663488
30 642.202888
31 552.829303
32 495.335526
33 409.031867
34 372.980458
35 363.700778
36 171.409760
37 141.908405
38 145.555066
39 120.310419
40 111.695104
41 96.374173
42 66.155389
43 53.308294
44 51.677494
45 53.465215
46 41.544750
47 37.535878
48 38.767579
49 34.904064
50 31.708173
51 30.163650
52 24.265620
53 20.620812
54 15.375399
55 10.644975
56 7.245473
57 6.544594
58 7.119375
59 6.189078
60 4.526639
61 4.520465
62 3.912547
63 2.751582
64 1.704022
65 1.435738
66 1.026047
67 0.730497
68 0.469501
69 0.322258
70 0.305286
71 0.195335
72 0.103004
73 0.084648
74 0.074454
75 0.058731
76 0.047169
77 0.051637
78 0.036354
79 0.022852
80 0.014419
81 0.010587
82 0.008513
83 0.007004
84 0.003709
85 0.001976
86 0.001702
87 0.001224
88 0.001190
89 0.000989
90 0.000660
91 0.000512
92 0.000448
93 0.000342
94 0.000286
95 0.000252
96 0.000189
97 0.000172
98 0.000149
99 0.000129
100 0.000112
101 0.000085
102 0.000061
103 0.000039
104 0.000027
105 0.000019
106 0.000016
107 0.000014
108 0.000013
109 0.000013
110 0.000009
111 0.000008
112 0.000006
113 0.000005
114 0.000004
115 0.000003
116 0.000002
117 0.000002
118 0.000002
119 0.000001
120 0.000001
121 0.000001
122 0.000001
123 0.000001
124 0.000000
125 0.000000
126 0.000000
127 0.000000
128 0.000000
129 0.000000
130 0.000000
131 0.000000
132 0.000000
133 0.000000
134 0.000000
135 0.000000
136 0.000000
137 0.000000
138 0.000000
139 0.000000
140 0.000000
141 0.000000
142 0.000000
143 0.000000
144 0.000000
145 0.000000
146 0.000000
147 0.000000
148 0.000000
149 0.000000
150 0.000000
151 0.000000
152 0.000000
153 0.000000
154 0.000000
155 0.000000
156 0.000000
157 0.000000
158 0.000000
159 0.000000
160 0.000000
161 0.000000
162 0.000000
163 0.000000
164 0.000000
165 0.000000
166 0.000000
167 0.000000
168 0.000000
169 0.000000
170 0.000000
171 0.000000
172 0.000000
173 0.000000
174 0.000000
175 0.000000
176 0.000000
177 0.000000
178 0.000000
179 0.000000
180 0.000000
181 0.000000
182 0.000000
183 0.000000
184 0.000000
185 0.000000
186 0.000000
187 0.000000
188 0.000000
189 0.000000
190 0.000000
191 0.000000
192 0.000000
193 0.000000
194 0.000000
195 0.000000
196 0.000000
197 0.000000
198 0.000000
199 0.000000
200 0.000000
201 0.000000
202 0.000000
203 0.000000
204 0.000000
205 0.000000
206 0.000000
207 0.000000
208 0.000000
209 0.000000
210 0.000000
211 0.000000
212 0.000000
213 0.000000
214 0.000000
215 0.000000
216 0.000000
217 0.000000
218 0.000000
219 0.000000
220 0.000000
221 0.000000
222 0.000000
223 0.000000
224 0.000000
225 0.000000
226 0.000000
227 0.000000
228 0.000000
229 0.000000
230 0.000000
231 0.000000
232 0.000000
233 0.000000
234 0.000000
235 0.000000
236 0.000000
237 0.000000
238 0.000000
239 0.000000
240 0.000000
241 0.000000
242 0.000000
243 0.000000
244 0.000000
245 0.000000
246 0.000000
247 0.000000
248 0.000000
249 0.000000
250 0.000000
251 0.000000
252 0.000000
253 0.000000
254 0.000000
255 0.000000
256 0.000000
257 0.000000
258 0.000000
259 0.000000
260 0.000000
261 0.000000
262 0.000000
263 0.000000
264 0.000000
265 0.000000
266 0.000000
267 0.000000
268 0.000000
269 0.000000
270 0.000000
271 0.000000
272 0.000000
273 0.000000
274 0.000000
275 0.000000
276 0.000000
277 0.000000
278 0.000000
279 0.000000
280 0.000000
281 0.000000
282 0.000000
283 0.000000
284 0.000000
285 0.000000
286 0.000000
287 0.000000
288 0.000000
289 0.000000
290 0.000000
291 0.000000
292 0.000000
293 0.000000
294 0.000000
295 0.000000
296 0.000000
297 0.000000
298 0.000000
299 0.000000
300 0.000000
301 0.000000
302 0.000000
303 0.000000
304 0.000000
305 0.000000
306 0.000000
307 0.000000
308 0.000000
309 0.000000
310 0.000000
311 0.000000
312 0.000000
313 0.000000
314 0.000000
315 0.000000
316 0.000000
317 0.000000
318 0.000000
319 0.000000
320 0.000000
321 0.000000
322 0.000000
323 0.000000
324 0.000000
325 0.000000
326 0.000000
327 0.000000
328 0.000000
329 0.000000
330 0.000000
331 0.000000
332 0.000000
333 0.000000
334 0.000000
335 0.000000
336 0.000000
337 0.000000
338 0.000000
339 0.000000
340 0.000000
341 0.000000
342 0.000000
343 0.000000
344 0.000000
345 0.000000
346 0.000000
347 0.000000
348 0.000000
349 0.000000
350 0.000000
351 0.000000
352 0.000000
353 0.000000
354 0.000000
355 0.000000
356 0.000000
357 0.000000
358 0.000000
359 0.000000
360 0.000000
361 0.000000
362 0.000000
363 0.000000
364 0.000000
365 0.000000
366 0.000000
367 0.000000
368 0.000000
369 0.000000
370 0.000000
371 0.000000
372 0.000000
373 0.000000
374 0.000000
375 0.000000
376 0.000000
377 0.000000
378 0.000000
379 0.000000
380 0.000000
381 0.000000
382 0.000000
383 0.000000
384 0.000000
385 0.000000
386 0.000000
387 0.000000
388 0.000000
389 0.000000
390 0.000000
391 0.000000
392 0.000000
393 0.000000
394 0.000000
395 0.000000
396 0.000000
397 0.000000
398 0.000000
399 0.000000
400 0.000000
401 0.000000
402 0.000000
403 0.000000
404 0.000000
405 0.000000
406 0.000000
407 0.000000
408 0.000000
409 0.000000
410 0.000000
411 0.000000
412 0.000000
413 0.000000
414 0.000000
415 0.000000
416 0.000000
417 0.000000
418 0.000000
419 0.000000
420 0.000000
421 0.000000
422 0.000000
423 0.000000
424 0.000000
425 0.000000
426 0.000000
427 0.000000
428 0.000000
429 0.000000
430 0.000000
431 0.000000
432 0.000000
433 0.000000
434 0.000000
435 0.000000
436 0.000000
437 0.000000
438 0.000000
439 0.000000
440 0.000000
441 0.000000
442 0.000000
443 0.000000
444 0.000000
445 0.000000
446 0.000000
447 0.000000
448 0.000000
449 0.000000
450 0.000000
451 0.000000
452 0.000000
453 0.000000
454 0.000000
455 0.000000
456 0.000000
457 0.000000
458 0.000000
459 0.000000
460 0.000000
461 0.000000
462 0.000000
463 0.000000
464 0.000000
465 0.000000
466 0.000000
467 0.000000
468 0.000000
469 0.000000
470 0.000000
471 0.000000
472 0.000000
473 0.000000
474 0.000000
475 0.000000
476 0.000000
477 0.000000
478 0.000000
479 0.000000
480 0.000000
481 0.000000
482 0.000000
483 0.000000
484 0.000000
485 0.000000
486 0.000000
487 0.000000
488 0.000000
489 0.000000
490 0.000000
491 0.000000
492 0.000000
493 0.000000
494 0.000000
495 0.000000
496 0.000000
497 0.000000
498 0.000000
499 0.000000
500 0.000000
