1 1000000000000000019884624838656.000000
2 1000000000000000019884624838656.000000
3 1000000000000000019884624838656.000000
4 1000000000000000019884624838656.000000
5 3310516.513935
6 3310516.513935
7 3310516.513935
8 3310516.513935
9 3310516.513935
10 3348900.403574
11 3348900.403574
12 3348900.403574
13 3348900.403574
14 3348900.403574
15 3328592.939688
16 3328592.939688
17 3328592.939688
18 3328592.939688
19 3328592.939688
20 3182729.612273
21 3182729.612273
22 3182729.612273
23 3182729.612273
24 3182729.612273
25 3141716.532942
26 3141716.532942
27 3141716.532942
28 3141716.532942
29 3141716.532942
30 2908299.300230
31 2908299.300230
32 2908299.300230
33 2908299.300230
34 2908299.300230
35 2772977.288651
36 2772977.288651
37 2772977.288651
38 2772977.288651
39 2772977.288651
40 2661801.975417
41 2661801.975417
42 2661801.975417
43 2661801.975417
44 2661801.975417
45 2519947.065531
46 2519947.065531
47 2519947.065531
48 2519947.065531
49 2519947.065531
50 2324495.132268
51 2324495.132268
52 2324495.132268
53 2324495.132268
54 2324495.132268
55 2137764.930655
56 2137764.930655
57 2137764.930655
58 2137764.930655
59 2137764.930655
60 2004687.589896
61 2004687.589896
62 2004687.589896
63 2004687.589896
64 2004687.589896
65 1833825.791890
66 1833825.791890
67 1833825.791890
68 1833825.791890
69 1833825.791890
70 1678024.822821
71 1678024.822821
72 1678024.822821
73 1678024.822821
74 1678024.822821
75 1575779.316857
76 1575779.316857
77 1575779.316857
78 1575779.316857
79 1575779.316857
80 1434102.682333
81 1434102.682333
82 1434102.682333
83 1434102.682333
84 1434102.682333
85 1237448.369378
86 1237448.369378
87 1237448.369378
88 1237448.369378
89 1237448.369378
90 1156142.053591
91 1156142.053591
92 1156142.053591
93 1156142.053591
94 1156142.053591
95 1059134.945467
96 1059134.945467
97 1059134.945467
98 1059134.945467
99 1059134.945467
100 960231.014646
101 960231.014646
102 960231.014646
103 960231.014646
104 960231.014646
105 853238.383558
106 853238.383558
107 853238.383558
108 853238.383558
109 853238.383558
110 774379.470130
111 774379.470130
112 774379.470130
113 774379.470130
114 774379.470130
115 705356.918555
116 705356.918555
117 705356.918555
118 705356.918555
119 705356.918555
120 613893.032305
121 613893.032305
122 613893.032305
123 613893.032305
124 613893.032305
125 567187.360871
126 567187.360871
127 567187.360871
128 567187.360871
129 567187.360871
130 514181.015674
131 514181.015674
132 514181.015674
133 514181.015674
134 514181.015674
135 471510.853006
136 471510.853006
137 471510.853006
138 471510.853006
139 471510.853006
140 427844.135990
141 427844.135990
142 427844.135990
143 427844.135990
144 427844.135990
145 380627.431661
146 380627.431661
147 380627.431661
148 380627.431661
149 380627.431661
150 349318.586608
151 349318.586608
152 349318.586608
153 349318.586608
154 349318.586608
155 318982.216129
156 318982.216129
157 318982.216129
158 318982.216129
159 318982.216129
160 292101.466632
161 292101.466632
162 292101.466632
163 292101.466632
164 292101.466632
165 270679.129108
166 270679.129108
167 270679.129108
168 270679.129108
169 270679.129108
170 250445.904782
171 250445.904782
172 250445.904782
173 250445.904782
174 250445.904782
175 225732.101949
176 225732.101949
177 225732.101949
178 225732.101949
179 225732.101949
180 206949.774366
181 206949.774366
182 206949.774366
183 206949.774366
184 206949.774366
185 193384.957368
186 193384.957368
187 193384.957368
188 193384.957368
189 193384.957368
190 177553.682812
191 177553.682812
192 177553.682812
193 177553.682812
194 177553.682812
195 165373.528881
196 165373.528881
197 165373.528881
198 165373.528881
199 165373.528881
200 154070.256361
201 154070.256361
202 154070.256361
203 154070.256361
204 154070.256361
205 142667.310852
206 142667.310852
207 142667.310852
208 142667.310852
209 142667.310852
210 134469.717954
211 134469.717954
212 134469.717954
213 134469.717954
214 134469.717954
215 126019.052827
216 126019.052827
217 126019.052827
218 126019.052827
219 126019.052827
220 116034.624459
221 116034.624459
222 116034.624459
223 116034.624459
224 116034.624459
225 109685.010109
226 109685.010109
227 109685.010109
228 109685.010109
229 109685.010109
230 101788.184717
231 101788.184717
232 101788.184717
233 101788.184717
234 101788.184717
235 96999.410698
236 96999.410698
237 96999.410698
238 96999.410698
239 96999.410698
240 90396.310050
241 90396.310050
242 90396.310050
243 90396.310050
244 90396.310050
245 86327.896658
246 86327.896658
247 86327.896658
248 86327.896658
249 86327.896658
250 81002.172882
251 81002.172882
252 81002.172882
253 81002.172882
254 81002.172882
255 76141.123713
256 76141.123713
257 76141.123713
258 76141.123713
259 76141.123713
260 71596.002174
261 71596.002174
262 71596.002174
263 71596.002174
264 71596.002174
265 67400.638806
266 67400.638806
267 67400.638806
268 67400.638806
269 67400.638806
270 64689.839052
271 64689.839052
272 64689.839052
273 64689.839052
274 64689.839052
275 61546.223457
276 61546.223457
277 61546.223457
278 61546.223457
279 61546.223457
280 58714.707838
281 58714.707838
282 58714.707838
283 58714.707838
284 58714.707838
285 56045.149403
286 56045.149403
287 56045.149403
288 56045.149403
289 56045.149403
290 53181.301710
291 53181.301710
292 53181.301710
293 53181.301710
294 53181.301710
295 51296.606081
296 51296.606081
297 51296.606081
298 51296.606081
299 51296.606081
300 48667.068925
301 48667.068925
302 48667.068925
303 48667.068925
304 48667.068925
305 46905.953018
306 46905.953018
307 46905.953018
308 46905.953018
309 46905.953018
310 44459.632150
311 44459.632150
312 44459.632150
313 44459.632150
314 44459.632150
315 42677.058502
316 42677.058502
317 42677.058502
318 42677.058502
319 42677.058502
320 41910.744947
321 41910.744947
322 41910.744947
323 41910.744947
324 41910.744947
325 40397.867822
326 40397.867822
327 40397.867822
328 40397.867822
329 40397.867822
330 39075.832150
331 39075.832150
332 39075.832150
333 39075.832150
334 39075.832150
335 37657.387455
336 37657.387455
337 37657.387455
338 37657.387455
339 37657.387455
340 36603.452424
341 36603.452424
342 36603.452424
343 36603.452424
344 36603.452424
345 35532.335618
346 35532.335618
347 35532.335618
348 35532.335618
349 35532.335618
350 34391.937508
351 34391.937508
352 34391.937508
353 34391.937508
354 34391.937508
355 33623.027790
356 33623.027790
357 33623.027790
358 33623.027790
359 33623.027790
360 32395.189977
361 32395.189977
362 32395.189977
363 32395.189977
364 32395.189977
365 31567.558237
366 31567.558237
367 31567.558237
368 31567.558237
369 31567.558237
370 30664.366244
371 30664.366244
372 30664.366244
373 30664.366244
374 30664.366244
375 29905.189990
376 29905.189990
377 29905.189990
378 29905.189990
379 29905.189990
380 29075.618471
381 29075.618471
382 29075.618471
383 29075.618471
384 29075.618471
385 28407.256209
386 28407.256209
387 28407.256209
388 28407.256209
389 28407.256209
390 27755.261689
391 27755.261689
392 27755.261689
393 27755.261689
394 27755.261689
395 27141.479038
396 27141.479038
397 27141.479038
398 27141.479038
399 27141.479038
400 26461.914430
401 26461.914430
402 26461.914430
403 26461.914430
404 26461.914430
405 26044.178463
406 26044.178463
407 26044.178463
408 26044.178463
409 26044.178463
410 25527.319948
411 25527.319948
412 25527.319948
413 25527.319948
414 25527.319948
415 25173.368028
416 25173.368028
417 25173.368028
418 25173.368028
419 25173.368028
420 24681.421537
421 24681.421537
422 24681.421537
423 24681.421537
424 24681.421537
425 24302.278712
426 24302.278712
427 24302.278712
428 24302.278712
429 24302.278712
430 23935.804229
431 23935.804229
432 23935.804229
433 23935.804229
434 23935.804229
435 23669.758474
436 23669.758474
437 23669.758474
438 23669.758474
439 23669.758474
440 23395.241459
441 23395.241459
442 23395.241459
443 23395.241459
444 23395.241459
445 23146.130963
446 23146.130963
447 23146.130963
448 23146.130963
449 23146.130963
450 22901.167599
451 22901.167599
452 22901.167599
453 22901.167599
454 22901.167599
455 22718.205038
456 22718.205038
457 22718.205038
458 22718.205038
459 22718.205038
460 22498.656491
461 22498.656491
462 22498.656491
463 22498.656491
464 22498.656491
465 22356.344877
466 22356.344877
467 22356.344877
468 22356.344877
469 22356.344877
470 22213.910194
471 22213.910194
472 22213.910194
473 22213.910194
474 22213.910194
475 22108.036111
476 22108.036111
477 22108.036111
478 22108.036111
479 22108.036111
480 21985.233661
481 21985.233661
482 21985.233661
483 21985.233661
484 21985.233661
485 21899.667722
486 21899.667722
487 21899.667722
488 21899.667722
489 21899.667722
490 21874.167630
491 21874.167630
492 21874.167630
493 21874.167630
494 21874.167630
495 21843.806291
496 21843.806291
497 21843.806291
498 21843.806291
499 21843.806291
500 21839.688606
