1 1000000000000000019884624838656.000000
2 1000000000000000019884624838656.000000
3 1000000000000000019884624838656.000000
4 1000000000000000019884624838656.000000
5 3359509.486408
6 3359509.486408
7 3359509.486408
8 3359509.486408
9 3359509.486408
10 3265091.959552
11 3265091.959552
12 3265091.959552
13 3265091.959552
14 3265091.959552
15 3092292.514226
16 3092292.514226
17 3092292.514226
18 3092292.514226
19 3092292.514226
20 2994957.067259
21 2994957.067259
22 2994957.067259
23 2994957.067259
24 2994957.067259
25 2934280.570875
26 2934280.570875
27 2934280.570875
28 2934280.570875
29 2934280.570875
30 2719795.252221
31 2719795.252221
32 2719795.252221
33 2719795.252221
34 2719795.252221
35 2416173.224165
36 2416173.224165
37 2416173.224165
38 2416173.224165
39 2416173.224165
40 2259116.283221
41 2259116.283221
42 2259116.283221
43 2259116.283221
44 2259116.283221
45 2099309.478111
46 2099309.478111
47 2099309.478111
48 2099309.478111
49 2099309.478111
50 1922591.068382
51 1922591.068382
52 1922591.068382
53 1922591.068382
54 1922591.068382
55 1715720.548371
56 1715720.548371
57 1715720.548371
58 1715720.548371
59 1715720.548371
60 1530739.561207
61 1530739.561207
62 1530739.561207
63 1530739.561207
64 1530739.561207
65 1420109.882229
66 1420109.882229
67 1420109.882229
68 1420109.882229
69 1420109.882229
70 1281959.693771
71 1281959.693771
72 1281959.693771
73 1281959.693771
74 1281959.693771
75 1175168.753333
76 1175168.753333
77 1175168.753333
78 1175168.753333
79 1175168.753333
80 1008946.873499
81 1008946.873499
82 1008946.873499
83 1008946.873499
84 1008946.873499
85 912922.389517
86 912922.389517
87 912922.389517
88 912922.389517
89 912922.389517
90 814860.476659
91 814860.476659
92 814860.476659
93 814860.476659
94 814860.476659
95 720216.370891
96 720216.370891
97 720216.370891
98 720216.370891
99 720216.370891
100 668405.853748
101 668405.853748
102 668405.853748
103 668405.853748
104 668405.853748
105 582571.969614
106 582571.969614
107 582571.969614
108 582571.969614
109 582571.969614
110 551688.271086
111 551688.271086
112 551688.271086
113 551688.271086
114 551688.271086
115 487431.553405
116 487431.553405
117 487431.553405
118 487431.553405
119 487431.553405
120 454749.609515
121 454749.609515
122 454749.609515
123 454749.609515
124 454749.609515
125 418864.173575
126 418864.173575
127 418864.173575
128 418864.173575
129 418864.173575
130 377681.281604
131 377681.281604
132 377681.281604
133 377681.281604
134 377681.281604
135 352191.357228
136 352191.357228
137 352191.357228
138 352191.357228
139 352191.357228
140 317557.988535
141 317557.988535
142 317557.988535
143 317557.988535
144 317557.988535
145 283048.561734
146 283048.561734
147 283048.561734
148 283048.561734
149 283048.561734
150 266842.566640
151 266842.566640
152 266842.566640
153 266842.566640
154 266842.566640
155 236687.936213
156 236687.936213
157 236687.936213
158 236687.936213
159 236687.936213
160 222247.462052
161 222247.462052
162 222247.462052
163 222247.462052
164 222247.462052
165 202065.142074
166 202065.142074
167 202065.142074
168 202065.142074
169 202065.142074
170 186883.258749
171 186883.258749
172 186883.258749
173 186883.258749
174 186883.258749
175 171127.849970
176 171127.849970
177 171127.849970
178 171127.849970
179 171127.849970
180 158889.293736
181 158889.293736
182 158889.293736
183 158889.293736
184 158889.293736
185 146354.645469
186 146354.645469
187 146354.645469
188 146354.645469
189 146354.645469
190 138357.459270
191 138357.459270
192 138357.459270
193 138357.459270
194 138357.459270
195 128460.636000
196 128460.636000
197 128460.636000
198 128460.636000
199 128460.636000
200 118817.438677
201 118817.438677
202 118817.438677
203 118817.438677
204 118817.438677
205 107920.046109
206 107920.046109
207 107920.046109
208 107920.046109
209 107920.046109
210 100001.761183
211 100001.761183
212 100001.761183
213 100001.761183
214 100001.761183
215 94435.859090
216 94435.859090
217 94435.859090
218 94435.859090
219 94435.859090
220 88504.967923
221 88504.967923
222 88504.967923
223 88504.967923
224 88504.967923
225 81489.375474
226 81489.375474
227 81489.375474
228 81489.375474
229 81489.375474
230 76773.950806
231 76773.950806
232 76773.950806
233 76773.950806
234 76773.950806
235 72864.059170
236 72864.059170
237 72864.059170
238 72864.059170
239 72864.059170
240 68166.225339
241 68166.225339
242 68166.225339
243 68166.225339
244 68166.225339
245 65213.727821
246 65213.727821
247 65213.727821
248 65213.727821
249 65213.727821
250 61004.571196
251 61004.571196
252 61004.571196
253 61004.571196
254 61004.571196
255 58072.319864
256 58072.319864
257 58072.319864
258 58072.319864
259 58072.319864
260 54575.716872
261 54575.716872
262 54575.716872
263 54575.716872
264 54575.716872
265 51637.040256
266 51637.040256
267 51637.040256
268 51637.040256
269 51637.040256
270 48749.035676
271 48749.035676
272 48749.035676
273 48749.035676
274 48749.035676
275 46379.141811
276 46379.141811
277 46379.141811
278 46379.141811
279 46379.141811
280 44884.595013
281 44884.595013
282 44884.595013
283 44884.595013
284 44884.595013
285 41128.995447
286 41128.995447
287 41128.995447
288 41128.995447
289 41128.995447
290 40241.955605
291 40241.955605
292 40241.955605
293 40241.955605
294 40241.955605
295 38488.367049
296 38488.367049
297 38488.367049
298 38488.367049
299 38488.367049
300 36759.599960
301 36759.599960
302 36759.599960
303 36759.599960
304 36759.599960
305 35346.035423
306 35346.035423
307 35346.035423
308 35346.035423
309 35346.035423
310 33940.649762
311 33940.649762
312 33940.649762
313 33940.649762
314 33940.649762
315 32882.775555
316 32882.775555
317 32882.775555
318 32882.775555
319 32882.775555
320 31080.604640
321 31080.604640
322 31080.604640
323 31080.604640
324 31080.604640
325 30322.411391
326 30322.411391
327 30322.411391
328 30322.411391
329 30322.411391
330 29093.414407
331 29093.414407
332 29093.414407
333 29093.414407
334 29093.414407
335 28094.809958
336 28094.809958
337 28094.809958
338 28094.809958
339 28094.809958
340 27069.063316
341 27069.063316
342 27069.063316
343 27069.063316
344 27069.063316
345 26405.730623
346 26405.730623
347 26405.730623
348 26405.730623
349 26405.730623
350 25633.978050
351 25633.978050
352 25633.978050
353 25633.978050
354 25633.978050
355 24970.327156
356 24970.327156
357 24970.327156
358 24970.327156
359 24970.327156
360 24330.782884
361 24330.782884
362 24330.782884
363 24330.782884
364 24330.782884
365 23627.709992
366 23627.709992
367 23627.709992
368 23627.709992
369 23627.709992
370 22979.953532
371 22979.953532
372 22979.953532
373 22979.953532
374 22979.953532
375 22418.596022
376 22418.596022
377 22418.596022
378 22418.596022
379 22418.596022
380 21813.089674
381 21813.089674
382 21813.089674
383 21813.089674
384 21813.089674
385 21324.570250
386 21324.570250
387 21324.570250
388 21324.570250
389 21324.570250
390 20796.327448
391 20796.327448
392 20796.327448
393 20796.327448
394 20796.327448
395 20413.991380
396 20413.991380
397 20413.991380
398 20413.991380
399 20413.991380
400 20008.857939
401 20008.857939
402 20008.857939
403 20008.857939
404 20008.857939
405 19636.438135
406 19636.438135
407 19636.438135
408 19636.438135
409 19636.438135
410 19294.348012
411 19294.348012
412 19294.348012
413 19294.348012
414 19294.348012
415 18908.221646
416 18908.221646
417 18908.221646
418 18908.221646
419 18908.221646
420 18651.527932
421 18651.527932
422 18651.527932
423 18651.527932
424 18651.527932
425 18399.745269
426 18399.745269
427 18399.745269
428 18399.745269
429 18399.745269
430 18179.284915
431 18179.284915
432 18179.284915
433 18179.284915
434 18179.284915
435 17952.139233
436 17952.139233
437 17952.139233
438 17952.139233
439 17952.139233
440 17770.258316
441 17770.258316
442 17770.258316
443 17770.258316
444 17770.258316
445 17556.124119
446 17556.124119
447 17556.124119
448 17556.124119
449 17556.124119
450 17409.041391
451 17409.041391
452 17409.041391
453 17409.041391
454 17409.041391
455 17166.394836
456 17166.394836
457 17166.394836
458 17166.394836
459 17166.394836
460 17052.104951
461 17052.104951
462 17052.104951
463 17052.104951
464 17052.104951
465 16945.941253
466 16945.941253
467 16945.941253
468 16945.941253
469 16945.941253
470 16854.971252
471 16854.971252
472 16854.971252
473 16854.971252
474 16854.971252
475 16758.810887
476 16758.810887
477 16758.810887
478 16758.810887
479 16758.810887
480 16688.742494
481 16688.742494
482 16688.742494
483 16688.742494
484 16688.742494
485 16629.908075
486 16629.908075
487 16629.908075
488 16629.908075
489 16629.908075
490 16601.049847
491 16601.049847
492 16601.049847
493 16601.049847
494 16601.049847
495 16583.689693
496 16583.689693
497 16583.689693
498 16583.689693
499 16583.689693
500 16582.057363
