1 1524088.457862
2 1549126.900654
3 1767611.064028
4 2003054.390478
5 2088843.308816
6 1849831.118148
7 2034976.958226
8 1998982.864711
9 1918549.777391
10 1882660.092449
11 1769351.408841
12 1852931.871614
13 1773817.427963
14 1650822.674694
15 1576109.514206
16 1389488.238803
17 1356973.179188
18 1251205.135891
19 1119501.274127
20 1123046.449458
21 1200967.520187
22 1164269.047577
23 1108373.822321
24 1041186.168802
25 969713.531180
26 852442.455098
27 800714.201940
28 772822.347353
29 654595.927359
30 603639.484933
31 571281.680474
32 563292.657497
33 510493.067460
34 449175.358797
35 428642.052013
36 389977.063466
37 355925.982216
38 343060.257762
39 301886.449091
40 285051.547675
41 283161.626688
42 263793.628951
43 231225.247076
44 200221.193385
45 198591.995534
46 195139.437669
47 183168.612765
48 169517.519672
49 146705.231645
50 132739.911599
51 121248.735832
52 108501.062941
53 96857.610359
54 87563.285345
55 70632.381811
56 69535.431672
57 62800.707517
58 56515.140066
59 47677.619265
60 44214.330369
61 40116.932111
62 35003.875308
63 29912.016211
64 26094.826900
65 23151.322845
66 22230.368778
67 19573.053944
68 17051.263666
69 14946.581868
70 13706.313256
71 11857.294430
72 10329.484145
73 8987.262437
74 7623.008196
75 7052.031294
76 5815.119643
77 5146.765542
78 4747.404904
79 4157.745707
80 3814.172040
81 3292.595724
82 2761.678820
83 2374.730217
84 1985.993477
85 1607.209885
86 1627.785188
87 1469.889268
88 1199.665973
89 1025.046681
90 915.150680
91 815.373262
92 708.400638
93 624.227684
94 557.994477
95 503.324128
96 454.228802
97 409.236836
98 362.369435
99 309.822234
100 272.752206
101 258.520594
102 219.599905
103 185.988754
104 153.157531
105 142.602053
106 122.424235
107 105.340641
108 93.593877
109 81.196007
110 69.271518
111 62.182105
112 51.841925
113 44.465708
114 36.774064
115 35.731972
116 30.581218
117 27.836420
118 24.926045
119 20.750463
120 19.429100
121 16.491534
122 14.542886
123 13.217961
124 10.762823
125 9.342638
126 8.522069
127 7.268839
128 6.309858
129 6.080655
130 5.648383
131 5.010415
132 4.314395
133 3.763764
134 3.307646
135 2.946553
136 2.603584
137 2.196732
138 1.946395
139 1.671134
140 1.442440
141 1.271025
142 1.080144
143 1.002885
144 0.901460
145 0.789153
146 0.695845
147 0.664866
148 0.572253
149 0.491867
150 0.413847
151 0.359302
152 0.314369
153 0.286056
154 0.254388
155 0.221201
156 0.198620
157 0.184528
158 0.163031
159 0.140267
160 0.128454
161 0.110052
162 0.098437
163 0.091822
164 0.078409
165 0.067551
166 0.061648
167 0.054190
168 0.046167
169 0.043178
170 0.039384
171 0.035728
172 0.030949
173 0.028900
174 0.026772
175 0.022836
176 0.020066
177 0.018203
178 0.016226
179 0.014437
180 0.012738
181 0.011138
182 0.009656
183 0.008785
184 0.007905
185 0.007255
186 0.006822
187 0.005956
188 0.005374
189 0.004861
190 0.004371
191 0.003804
192 0.003612
193 0.003247
194 0.002923
195 0.002595
196 0.002271
197 0.002150
198 0.001915
199 0.001712
200 0.001535
201 0.001344
202 0.001251
203 0.001125
204 0.000994
205 0.000896
206 0.000798
207 0.000713
208 0.000653
209 0.000581
210 0.000534
211 0.000495
212 0.000455
213 0.000411
214 0.000377
215 0.000344
216 0.000320
217 0.000294
218 0.000265
219 0.000243
220 0.000218
221 0.000206
222 0.000190
223 0.000175
224 0.000157
225 0.000146
226 0.000135
227 0.000126
228 0.000114
229 0.000105
230 0.000093
231 0.000087
232 0.000080
233 0.000074
234 0.000066
235 0.000061
236 0.000056
237 0.000052
238 0.000049
239 0.000046
240 0.000043
241 0.000038
242 0.000036
243 0.000033
244 0.000031
245 0.000028
246 0.000025
247 0.000023
248 0.000022
249 0.000021
250 0.000019
251 0.000018
252 0.000017
253 0.000015
254 0.000014
255 0.000013
256 0.000012
257 0.000011
258 0.000010
259 0.000010
260 0.000009
261 0.000008
262 0.000008
263 0.000007
264 0.000007
265 0.000006
266 0.000006
267 0.000005
268 0.000005
269 0.000005
270 0.000004
271 0.000004
272 0.000004
273 0.000004
274 0.000003
275 0.000003
276 0.000003
277 0.000003
278 0.000003
279 0.000002
280 0.000002
281 0.000002
282 0.000002
283 0.000002
284 0.000002
285 0.000002
286 0.000002
287 0.000002
288 0.000001
289 0.000001
290 0.000001
291 0.000001
292 0.000001
293 0.000001
294 0.000001
295 0.000001
296 0.000001
297 0.000001
298 0.000001
299 0.000001
300 0.000001
301 0.000001
302 0.000001
303 0.000001
304 0.000001
305 0.000001
306 0.000001
307 0.000000
308 0.000000
309 0.000000
310 0.000000
311 0.000000
312 0.000000
313 0.000000
314 0.000000
315 0.000000
316 0.000000
317 0.000000
318 0.000000
319 0.000000
320 0.000000
321 0.000000
322 0.000000
323 0.000000
324 0.000000
325 0.000000
326 0.000000
327 0.000000
328 0.000000
329 0.000000
330 0.000000
331 0.000000
332 0.000000
333 0.000000
334 0.000000
335 0.000000
336 0.000000
337 0.000000
338 0.000000
339 0.000000
340 0.000000
341 0.000000
342 0.000000
343 0.000000
344 0.000000
345 0.000000
346 0.000000
347 0.000000
348 0.000000
349 0.000000
350 0.000000
351 0.000000
352 0.000000
353 0.000000
354 0.000000
355 0.000000
356 0.000000
357 0.000000
358 0.000000
359 0.000000
360 0.000000
361 0.000000
362 0.000000
363 0.000000
364 0.000000
365 0.000000
366 0.000000
367 0.000000
368 0.000000
369 0.000000
370 0.000000
371 0.000000
372 0.000000
373 0.000000
374 0.000000
375 0.000000
376 0.000000
377 0.000000
378 0.000000
379 0.000000
380 0.000000
381 0.000000
382 0.000000
383 0.000000
384 0.000000
385 0.000000
386 0.000000
387 0.000000
388 0.000000
389 0.000000
390 0.000000
391 0.000000
392 0.000000
393 0.000000
394 0.000000
395 0.000000
396 0.000000
397 0.000000
398 0.000000
399 0.000000
400 0.000000
401 0.000000
402 0.000000
403 0.000000
404 0.000000
405 0.000000
406 0.000000
407 0.000000
408 0.000000
409 0.000000
410 0.000000
411 0.000000
412 0.000000
413 0.000000
414 0.000000
415 0.000000
416 0.000000
417 0.000000
418 0.000000
419 0.000000
420 0.000000
421 0.000000
422 0.000000
423 0.000000
424 0.000000
425 0.000000
426 0.000000
427 0.000000
428 0.000000
429 0.000000
430 0.000000
431 0.000000
432 0.000000
433 0.000000
434 0.000000
435 0.000000
436 0.000000
437 0.000000
438 0.000000
439 0.000000
440 0.000000
441 0.000000
442 0.000000
443 0.000000
444 0.000000
445 0.000000
446 0.000000
447 0.000000
448 0.000000
449 0.000000
450 0.000000
451 0.000000
452 0.000000
453 0.000000
454 0.000000
455 0.000000
456 0.000000
457 0.000000
458 0.000000
459 0.000000
460 0.000000
461 0.000000
462 0.000000
463 0.000000
464 0.000000
465 0.000000
466 0.000000
467 0.000000
468 0.000000
469 0.000000
470 0.000000
471 0.000000
472 0.000000
473 0.000000
474 0.000000
475 0.000000
476 0.000000
477 0.000000
478 0.000000
479 0.000000
480 0.000000
481 0.000000
482 0.000000
483 0.000000
484 0.000000
485 0.000000
486 0.000000
487 0.000000
488 0.000000
489 0.000000
490 0.000000
491 0.000000
492 0.000000
493 0.000000
494 0.000000
495 0.000000
496 0.000000
497 0.000000
498 0.000000
499 0.000000
500 0.000000
1 1523115.833231
2 1530983.804372
3 1493578.669133
4 1716291.087158
5 1796637.984586
6 1789060.608922
7 1768444.445976
8 1682691.798844
9 1674645.439081
10 1677273.890591
11 1708478.167328
12 1719136.620681
13 1694059.246300
14 1677693.757687
15 1663061.862117
16 1498489.480883
17 1521209.934486
18 1337647.372038
19 1350318.610585
20 1309444.052536
21 1248294.504682
22 1151847.703161
23 1012741.860736
24 948836.379369
25 917614.617414
26 802098.536166
27 786533.423081
28 698701.886115
29 689120.257284
30 667054.948426
31 615163.713613
32 546290.955358
33 490703.127583
34 450423.111136
35 435998.374362
36 408201.256683
37 357551.443103
38 362150.245928
39 323000.396456
40 300703.644091
41 284161.840776
42 260820.609084
43 237806.825591
44 217617.581675
45 201294.769036
46 183820.509469
47 161426.904729
48 154141.409134
49 142203.979252
50 143609.257094
51 126812.823963
52 111502.885859
53 102272.931887
54 90364.111233
55 80213.061127
56 75491.464514
57 69405.008101
58 62348.256698
59 55620.913361
60 48263.559734
61 41185.267127
62 38756.483348
63 34321.785726
64 30451.358707
65 31317.006217
66 27175.427585
67 25535.911164
68 22164.644843
69 19362.630447
70 17599.544715
71 15847.519246
72 13766.143841
73 11930.324156
74 9893.164220
75 8792.283961
76 7009.646341
77 7185.329177
78 6546.322616
79 5893.401739
80 5004.574464
81 4348.699892
82 3549.967691
83 3147.629605
84 2919.481544
85 2582.494770
86 2261.486809
87 2053.626818
88 1757.082313
89 1506.324273
90 1352.913127
91 1191.419563
92 1007.161600
93 876.891078
94 714.820048
95 618.802726
96 571.185283
97 519.958236
98 457.978646
99 394.804436
100 350.921846
101 309.970579
102 272.872436
103 238.730389
104 200.689482
105 176.128962
106 148.774691
107 120.534447
108 111.220667
109 99.335668
110 89.266286
111 77.281078
112 66.990910
113 59.801931
114 52.011280
115 44.947627
116 37.290838
117 31.295464
118 28.764140
119 24.787716
120 23.077014
121 20.302632
122 18.372116
123 16.197348
124 13.433662
125 11.996312
126 10.483366
127 8.917765
128 7.648011
129 6.704390
130 5.824091
131 5.152543
132 4.554576
133 3.778819
134 3.219273
135 2.957245
136 2.598106
137 2.250440
138 1.948149
139 1.802105
140 1.688152
141 1.496890
142 1.346136
143 1.155241
144 1.025653
145 0.908323
146 0.749636
147 0.687914
148 0.609871
149 0.499327
150 0.470290
151 0.409381
152 0.355634
153 0.310195
154 0.261607
155 0.237741
156 0.209363
157 0.183713
158 0.162417
159 0.151537
160 0.132637
161 0.117842
162 0.103674
163 0.089129
164 0.083560
165 0.073416
166 0.063183
167 0.057218
168 0.049533
169 0.043459
170 0.038811
171 0.034121
172 0.030866
173 0.024835
174 0.023697
175 0.021275
176 0.019141
177 0.017400
178 0.016437
179 0.014694
180 0.013118
181 0.011577
182 0.009861
183 0.009062
184 0.007780
185 0.006966
186 0.006191
187 0.005530
188 0.004831
189 0.004561
190 0.004032
191 0.003490
192 0.003075
193 0.002692
194 0.002447
195 0.002189
196 0.001967
197 0.001828
198 0.001637
199 0.001544
200 0.001409
201 0.001242
202 0.001120
203 0.001048
204 0.000940
205 0.000865
206 0.000776
207 0.000702
208 0.000628
209 0.000587
210 0.000523
211 0.000475
212 0.000425
213 0.000386
214 0.000352
215 0.000318
216 0.000294
217 0.000268
218 0.000246
219 0.000228
220 0.000209
221 0.000191
222 0.000176
223 0.000160
224 0.000146
225 0.000133
226 0.000124
227 0.000115
228 0.000106
229 0.000096
230 0.000089
231 0.000077
232 0.000074
233 0.000068
234 0.000061
235 0.000056
236 0.000052
237 0.000048
238 0.000042
239 0.000039
240 0.000035
241 0.000033
242 0.000030
243 0.000028
244 0.000026
245 0.000024
246 0.000023
247 0.000021
248 0.000019
249 0.000017
250 0.000016
251 0.000015
252 0.000014
253 0.000013
254 0.000012
255 0.000011
256 0.000010
257 0.000010
258 0.000009
259 0.000008
260 0.000008
261 0.000007
262 0.000007
263 0.000006
264 0.000006
265 0.000006
266 0.000005
267 0.000005
268 0.000005
269 0.000004
270 0.000004
271 0.000004
272 0.000003
273 0.000003
274 0.000003
275 0.000003
276 0.000003
277 0.000003
278 0.000002
279 0.000002
280 0.000002
281 0.000002
282 0.000002
283 0.000002
284 0.000002
285 0.000002
286 0.000002
287 0.000001
288 0.000001
289 0.000001
290 0.000001
291 0.000001
292 0.000001
293 0.000001
294 0.000001
295 0.000001
296 0.000001
297 0.000001
298 0.000001
299 0.000001
300 0.000001
301 0.000001
302 0.000001
303 0.000001
304 0.000001
305 0.000001
306 0.000000
307 0.000000
308 0.000000
309 0.000000
310 0.000000
311 0.000000
312 0.000000
313 0.000000
314 0.000000
315 0.000000
316 0.000000
317 0.000000
318 0.000000
319 0.000000
320 0.000000
321 0.000000
322 0.000000
323 0.000000
324 0.000000
325 0.000000
326 0.000000
327 0.000000
328 0.000000
329 0.000000
330 0.000000
331 0.000000
332 0.000000
333 0.000000
334 0.000000
335 0.000000
336 0.000000
337 0.000000
338 0.000000
339 0.000000
340 0.000000
341 0.000000
342 0.000000
343 0.000000
344 0.000000
345 0.000000
346 0.000000
347 0.000000
348 0.000000
349 0.000000
350 0.000000
351 0.000000
352 0.000000
353 0.000000
354 0.000000
355 0.000000
356 0.000000
357 0.000000
358 0.000000
359 0.000000
360 0.000000
361 0.000000
362 0.000000
363 0.000000
364 0.000000
365 0.000000
366 0.000000
367 0.000000
368 0.000000
369 0.000000
370 0.000000
371 0.000000
372 0.000000
373 0.000000
374 0.000000
375 0.000000
376 0.000000
377 0.000000
378 0.000000
379 0.000000
380 0.000000
381 0.000000
382 0.000000
383 0.000000
384 0.000000
385 0.000000
386 0.000000
387 0.000000
388 0.000000
389 0.000000
390 0.000000
391 0.000000
392 0.000000
393 0.000000
394 0.000000
395 0.000000
396 0.000000
397 0.000000
398 0.000000
399 0.000000
400 0.000000
401 0.000000
402 0.000000
403 0.000000
404 0.000000
405 0.000000
406 0.000000
407 0.000000
408 0.000000
409 0.000000
410 0.000000
411 0.000000
412 0.000000
413 0.000000
414 0.000000
415 0.000000
416 0.000000
417 0.000000
418 0.000000
419 0.000000
420 0.000000
421 0.000000
422 0.000000
423 0.000000
424 0.000000
425 0.000000
426 0.000000
427 0.000000
428 0.000000
429 0.000000
430 0.000000
431 0.000000
432 0.000000
433 0.000000
434 0.000000
435 0.000000
436 0.000000
437 0.000000
438 0.000000
439 0.000000
440 0.000000
441 0.000000
442 0.000000
443 0.000000
444 0.000000
445 0.000000
446 0.000000
447 0.000000
448 0.000000
449 0.000000
450 0.000000
451 0.000000
452 0.000000
453 0.000000
454 0.000000
455 0.000000
456 0.000000
457 0.000000
458 0.000000
459 0.000000
460 0.000000
461 0.000000
462 0.000000
463 0.000000
464 0.000000
465 0.000000
466 0.000000
467 0.000000
468 0.000000
469 0.000000
470 0.000000
471 0.000000
472 0.000000
473 0.000000
474 0.000000
475 0.000000
476 0.000000
477 0.000000
478 0.000000
479 0.000000
480 0.000000
481 0.000000
482 0.000000
483 0.000000
484 0.000000
485 0.000000
486 0.000000
487 0.000000
488 0.000000
489 0.000000
490 0.000000
491 0.000000
492 0.000000
493 0.000000
494 0.000000
495 0.000000
496 0.000000
497 0.000000
498 0.000000
499 0.000000
500 0.000000
