1 17120437.797141
2 25342842.855352
3 32294371.438481
4 30596453.553707
5 36448239.184135
6 38941952.883634
7 50481876.797833
8 57628458.621529
9 62115318.432554
10 57866470.176201
11 74350587.957881
12 80420806.478856
13 98597924.072374
14 76260208.532776
15 76683033.488745
16 109526369.674931
17 90465250.156029
18 93201244.835785
19 160319622.547359
20 149390477.794092
21 144335845.713785
22 184874667.662018
23 176582304.162899
24 148733124.898811
25 179641590.550396
26 281564888.935803
27 215017512.429077
28 259851993.642772
29 298455087.159865
30 353249130.638848
31 339254328.304376
32 265652373.551394
33 333955910.286492
34 364824750.665464
35 475681238.853607
36 545509525.646659
37 403383278.845621
38 517044107.420978
39 494502437.227547
40 483956681.348546
41 377540706.828626
42 384503703.590333
43 293195938.733458
44 336625943.406356
45 332161721.660480
46 321613941.094082
47 354196465.561506
48 362130467.031007
49 314561967.248891
50 318031163.670697
51 291539989.226695
52 410697572.755566
53 395905723.630889
54 227846605.063801
55 310353743.198997
56 326498901.779369
57 329651121.072963
58 400184685.362270
59 410883236.206068
60 368266905.052871
61 426325097.296438
62 461750984.671207
63 401626045.235203
64 396790807.853145
65 416512581.497808
66 350391433.443704
67 390879942.209347
68 386072773.471806
69 398796235.567253
70 460450926.578418
71 347361412.261182
72 322552758.558448
73 338459577.813082
74 319628370.273734
75 319245014.753573
76 332654278.319392
77 300128093.876117
78 233537888.054145
79 237833393.391661
80 152649268.869313
81 232867948.690112
82 214346195.098412
83 161609680.497028
84 163780089.606264
85 171223029.165069
86 135079408.045642
87 163200070.140853
88 147603837.800218
89 126681953.561552
90 155387089.093394
91 153846155.690204
92 151593125.587344
93 146399573.734521
94 148936599.260281
95 124925714.014450
96 128822458.377358
97 110629936.093570
98 88192969.623808
99 88459356.624743
100 114949928.918053
101 86831249.772290
102 119622641.897785
103 116242668.284491
104 108758736.080957
105 128474901.982516
106 106636393.478678
107 81862837.981123
108 70667901.865107
109 88095943.740841
110 67759624.571003
111 68012358.424944
112 68806401.895260
113 74729789.912487
114 68122293.617414
115 65764317.370751
116 54502693.076049
117 55188867.020973
118 53193433.642110
119 48764354.079008
120 56414092.803914
121 47348219.907287
122 56557263.231430
123 51305618.852897
124 45748984.783324
125 46527962.414512
126 45706891.909128
127 36215344.790275
128 34682184.691533
129 32416213.734777
130 28545739.800923
131 27207152.477713
132 29531874.533648
133 29318782.669306
134 24249151.953603
135 28872841.582246
136 34174662.091451
137 21663950.462642
138 22744410.046954
139 22831442.711993
140 19569888.767309
141 18637105.494470
142 18873700.288780
143 19339320.348976
144 17669816.688583
145 21286177.180764
146 22605067.723781
147 18371151.610666
148 20490097.191030
149 18265968.715690
150 16413609.183018
151 14810979.937139
152 14304574.158455
153 14642543.852315
154 16434976.380374
155 15304545.791735
156 16211600.982829
157 15179018.979328
158 12524488.128508
159 12930181.349610
160 13400508.826197
161 10021471.237138
162 10324855.296001
163 10622790.600998
164 8911188.160706
165 9479221.892646
166 8882070.170655
167 8707231.558263
168 7779489.695683
169 6417094.307486
170 4901257.449465
171 5178977.713610
172 4819632.078471
173 4400889.219123
174 4402439.869911
175 4957135.382079
176 4791875.929802
177 5125137.501402
178 4612558.050202
179 3765177.425477
180 4090747.952644
181 3392765.932856
182 3718230.584099
183 3462124.523354
184 3052185.354168
185 3127136.292528
186 2876162.431133
187 2713120.979391
188 2481531.454457
189 3237228.929365
190 2652489.193149
191 2693812.418765
192 2454060.708395
193 2504440.004223
194 2478503.155791
195 2531157.356704
196 2291637.268180
197 2288709.279251
198 2315720.688038
199 2359133.634177
200 2329175.713358
201 2060575.311244
202 2091631.077003
203 2035719.949360
204 2020876.901673
205 1785887.289923
206 1630980.670669
207 1606009.101061
208 1433376.245978
209 1392162.104037
210 1275938.682553
211 1463381.419746
212 1390670.193014
213 1282100.931789
214 1329165.479591
215 1142075.165556
216 1190933.659144
217 1272385.555363
218 1079321.646379
219 1118069.527591
220 1107567.255249
221 1033731.863208
222 1012763.234445
223 1042017.569275
224 1018312.123793
225 893104.834652
226 828193.301294
227 724411.521139
228 783387.324267
229 677484.613727
230 626611.692518
231 631772.416605
232 627029.616762
233 590854.173436
234 495979.458656
235 515184.528920
236 550576.838765
237 535502.918435
238 501240.125147
239 523849.583481
240 453588.914612
241 478735.351664
242 464397.103474
243 463115.626368
244 403189.524598
245 383341.594718
246 372054.842000
247 402502.382325
248 328579.879571
249 345835.832103
250 368971.782669
251 377784.953293
252 342045.160154
253 294188.253381
254 281822.466285
255 300039.563511
256 288007.736495
257 284569.840481
258 251779.668471
259 259399.985304
260 227872.397396
261 232504.929218
262 224316.400399
263 218966.089455
264 204561.238808
265 212665.495657
266 193188.264083
267 216291.407066
268 201277.240723
269 199458.518486
270 185598.130337
271 191022.216827
272 186710.952177
273 192684.529128
274 183179.517931
275 178123.317634
276 166310.240653
277 150094.933328
278 164783.808383
279 150721.436757
280 143961.847837
281 129396.787831
282 140919.568733
283 141123.068665
284 141909.996786
285 140086.543128
286 135216.943526
287 133527.917076
288 129434.884760
289 114333.586910
290 129073.276102
291 117373.527863
292 104667.396945
293 102827.500436
294 94309.276072
295 88071.531150
296 84131.639362
297 89791.968613
298 84751.016982
299 82820.814215
300 74845.509248
301 79186.817706
302 73470.788794
303 67671.183997
304 66706.915740
305 63431.420885
306 63955.951382
307 61215.619014
308 68019.466824
309 62080.509471
310 62574.963416
311 60809.605273
312 58022.374367
313 56006.089425
314 51098.757285
315 52906.028129
316 54995.003312
317 55817.348118
318 55244.185788
319 50568.112402
320 48745.865146
321 46038.809166
322 45797.792747
323 45918.259803
324 45400.757303
325 40413.925381
326 41050.829157
327 40264.345123
328 38080.639258
329 36246.680052
330 34885.535352
331 34120.997559
332 36309.044576
333 36010.332010
334 34235.918006
335 34735.972873
336 32971.446324
337 31964.113024
338 30996.480853
339 30428.929154
340 26208.161437
341 27886.722230
342 23568.247374
343 25738.853975
344 24094.436203
345 24368.792615
346 24220.053095
347 23901.335661
348 24488.203754
349 24132.053534
350 23378.495323
351 23057.351526
352 21653.105669
353 21429.028895
354 20230.913214
355 19769.625075
356 19269.903951
357 18779.175478
358 18445.173053
359 17987.233496
360 18024.585404
361 16849.302508
362 17129.065694
363 16370.088574
364 16346.168768
365 16166.415096
366 16025.505719
367 16003.585282
368 15059.864562
369 15876.736603
370 15382.025275
371 15138.088878
372 14869.997902
373 14158.774913
374 14136.707997
375 13367.281681
376 13323.223964
377 13165.796409
378 12047.482528
379 12458.032570
380 12338.448533
381 11125.813670
382 11712.888659
383 11408.778224
384 11354.813444
385 11280.842158
386 11081.458802
387 11072.490583
388 10350.447513
389 10209.864797
390 10206.688930
391 9880.486541
392 10195.238196
393 9840.247163
394 9611.915761
395 9600.910196
396 9308.063697
397 9271.848356
398 9322.170318
399 9047.385359
400 8749.482645
401 8839.204581
402 8978.830641
403 8807.402870
404 8579.289347
405 8342.366380
406 8373.011480
407 8312.412379
408 8200.882948
409 8108.067900
410 8083.049169
411 7935.325278
412 7974.675719
413 7741.860108
414 7744.863290
415 7565.436585
416 7206.541378
417 7366.486910
418 7202.496799
419 7181.643161
420 7080.839375
421 6895.054222
422 6813.338120
423 6777.975283
424 6713.603796
425 6582.795756
426 6461.988252
427 6360.207665
428 6296.292783
429 6280.670571
430 6176.305033
431 6101.055451
432 6010.325150
433 5836.496566
434 5729.674811
435 5645.834576
436 5547.905964
437 5556.688475
438 5523.660958
439 5465.256923
440 5431.671796
441 5434.744007
442 5308.087817
443 5198.291796
444 5188.114708
445 5208.888354
446 5064.659663
447 5027.681461
448 4953.004803
449 4931.199220
450 4783.884511
451 4789.551705
452 4785.538578
453 4745.052906
454 4704.300537
455 4645.716149
456 4579.996629
457 4526.636294
458 4453.203565
459 4376.812241
460 4335.100955
461 4325.064165
462 4277.022561
463 4232.662936
464 4209.982746
465 4171.952583
466 4122.576884
467 4092.946592
468 4069.861781
469 4025.878060
470 3985.025220
471 3950.279398
472 3923.646012
473 3872.560826
474 3826.542413
475 3801.092327
476 3758.771552
477 3755.486830
478 3713.868043
479 3701.165347
480 3686.019712
481 3662.341261
482 3641.542392
483 3616.676726
484 3608.905664
485 3589.403794
486 3567.377942
487 3544.473767
488 3523.965873
489 3514.647566
490 3501.052116
491 3489.739555
492 3479.568269
493 3467.056428
494 3458.743660
495 3451.492409
496 3444.700980
497 3439.129591
498 3433.984339
499 3430.849044
500 3428.742683
