1 3114017.686607
2 3130131.632469
3 3386308.455416
4 3649940.892229
5 4137910.245487
6 4573039.231797
7 4821436.061423
8 4900588.146145
9 5166235.549844
10 5360311.279750
11 5526509.329499
12 5110339.775574
13 5684967.758560
14 5821731.242850
15 5930374.785847
16 5875797.791153
17 5935349.395709
18 6062346.081803
19 6249077.403746
20 6159883.364995
21 6050595.700708
22 5932595.025045
23 5962294.758027
24 5769044.745689
25 5784756.399673
26 5948971.839126
27 5999813.568698
28 5768583.734284
29 5543008.045877
30 5269818.144444
31 5179804.268402
32 5044199.514979
33 4849902.481449
34 4751109.021903
35 4683666.954649
36 4231326.578383
37 4158997.235895
38 3929959.189037
39 3933196.656381
40 3786916.204017
41 3642780.850781
42 3342667.539090
43 3332466.594010
44 3023734.550212
45 2912999.040102
46 2714861.519562
47 2630543.851878
48 2354454.978720
49 2123283.525315
50 2055607.658775
51 1922847.400640
52 1866525.386067
53 1744309.229862
54 1678643.587019
55 1488536.996737
56 1412215.788621
57 1333673.669113
58 1226745.802239
59 1135617.262125
60 1072686.515635
61 1031635.219060
62 952140.365742
63 851205.553126
64 808007.904251
65 766905.494844
66 705652.439260
67 653611.444915
68 621699.057620
69 575912.926632
70 511559.671785
71 498580.864867
72 435554.898980
73 405951.154662
74 357467.811078
75 334247.079152
76 308839.054990
77 272626.531253
78 244410.255904
79 222077.598064
80 203233.051401
81 181828.584354
82 166202.124863
83 158948.373694
84 145164.855465
85 135330.051445
86 124947.902397
87 113782.981658
88 104064.323074
89 95952.942755
90 84340.336894
91 72766.963432
92 69262.624978
93 63856.277261
94 54310.725192
95 49684.194108
96 45527.857056
97 40705.267042
98 36961.347175
99 33468.355963
100 31175.972812
101 27445.956458
102 24956.904913
103 22461.326421
104 20385.247811
105 18063.474733
106 16298.002952
107 14968.164185
108 13029.128977
109 11907.750375
110 10380.149472
111 9474.300239
112 8441.311584
113 7816.052645
114 6820.803084
115 6040.576098
116 5461.245153
117 4686.415889
118 4320.882655
119 3730.828946
120 3397.109739
121 3021.050167
122 2737.353182
123 2338.315162
124 2236.043582
125 2050.683558
126 1864.904447
127 1689.041304
128 1516.424757
129 1347.333159
130 1187.393060
131 1061.607955
132 937.939417
133 808.430797
134 749.298707
135 646.218025
136 604.555765
137 543.593344
138 479.029654
139 436.798443
140 406.459908
141 362.671506
142 325.122926
143 298.803161
144 263.622126
145 229.517549
146 214.016711
147 180.443037
148 173.300621
149 154.245503
150 143.064654
151 124.565577
152 116.789112
153 103.526454
154 92.299434
155 81.435044
156 74.243917
157 65.786160
158 60.597031
159 55.717736
160 51.569894
161 46.959259
162 42.701841
163 38.809657
164 35.757556
165 32.228358
166 29.801899
167 26.402708
168 24.362621
169 22.171116
170 20.135642
171 18.344453
172 16.794403
173 15.080645
174 13.716469
175 12.472181
176 11.553499
177 10.384864
178 9.522375
179 8.941332
180 8.147557
181 7.498054
182 6.692424
183 6.229132
184 5.735302
185 5.268413
186 4.733847
187 4.388051
188 3.968844
189 3.665482
190 3.449837
191 3.167090
192 2.931606
193 2.711782
194 2.525230
195 2.322652
196 2.145078
197 1.952347
198 1.752907
199 1.671899
200 1.560711
201 1.462573
202 1.362767
203 1.277938
204 1.209617
205 1.127998
206 1.031306
207 0.926412
208 0.863063
209 0.778588
210 0.735236
211 0.689450
212 0.650350
213 0.603668
214 0.563738
215 0.516611
216 0.475920
217 0.431291
218 0.410071
219 0.382902
220 0.352534
221 0.332882
222 0.313163
223 0.296398
224 0.278230
225 0.260579
226 0.238105
227 0.227383
228 0.215864
229 0.203815
230 0.192477
231 0.180736
232 0.165391
233 0.158133
234 0.149429
235 0.140582
236 0.132299
237 0.125218
238 0.118908
239 0.113149
240 0.105546
241 0.099606
242 0.094533
243 0.087719
244 0.082188
245 0.076392
246 0.073573
247 0.069803
248 0.066188
249 0.062004
250 0.058923
251 0.056143
252 0.053144
253 0.050482
254 0.047400
255 0.044836
256 0.042802
257 0.039912
258 0.038163
259 0.036413
260 0.034380
261 0.032729
262 0.030988
263 0.029476
264 0.027957
265 0.026593
266 0.025283
267 0.024234
268 0.022966
269 0.021955
270 0.020948
271 0.019921
272 0.019012
273 0.017834
274 0.016655
275 0.016282
276 0.015589
277 0.014943
278 0.014150
279 0.013492
280 0.012986
281 0.012414
282 0.011707
283 0.011277
284 0.010734
285 0.010191
286 0.009652
287 0.009243
288 0.008945
289 0.008554
290 0.008206
291 0.007941
292 0.007666
293 0.007340
294 0.007105
295 0.006808
296 0.006478
297 0.006231
298 0.005981
299 0.005742
300 0.005503
301 0.005290
302 0.005086
303 0.004923
304 0.004734
305 0.004531
306 0.004379
307 0.004235
308 0.004009
309 0.003912
310 0.003763
311 0.003638
312 0.003526
313 0.003392
314 0.003262
315 0.003162
316 0.003055
317 0.002940
318 0.002847
319 0.002748
320 0.002672
321 0.002585
322 0.002493
323 0.002424
324 0.002343
325 0.002273
326 0.002210
327 0.002139
328 0.002065
329 0.001975
330 0.001912
331 0.001846
332 0.001787
333 0.001734
334 0.001668
335 0.001615
336 0.001563
337 0.001521
338 0.001484
339 0.001429
340 0.001387
341 0.001344
342 0.001300
343 0.001260
344 0.001231
345 0.001197
346 0.001163
347 0.001131
348 0.001098
349 0.001068
350 0.001037
351 0.001014
352 0.000989
353 0.000951
354 0.000924
355 0.000902
356 0.000877
357 0.000856
358 0.000834
359 0.000815
360 0.000794
361 0.000774
362 0.000751
363 0.000733
364 0.000714
365 0.000697
366 0.000679
367 0.000664
368 0.000648
369 0.000635
370 0.000618
371 0.000604
372 0.000589
373 0.000575
374 0.000560
375 0.000549
376 0.000538
377 0.000525
378 0.000516
379 0.000504
380 0.000493
381 0.000485
382 0.000474
383 0.000461
384 0.000453
385 0.000444
386 0.000436
387 0.000426
388 0.000417
389 0.000411
390 0.000402
391 0.000396
392 0.000389
393 0.000381
394 0.000374
395 0.000367
396 0.000359
397 0.000353
398 0.000347
399 0.000341
400 0.000334
401 0.000329
402 0.000323
403 0.000318
404 0.000313
405 0.000308
406 0.000303
407 0.000299
408 0.000294
409 0.000290
410 0.000284
411 0.000280
412 0.000274
413 0.000271
414 0.000267
415 0.000263
416 0.000260
417 0.000255
418 0.000252
419 0.000248
420 0.000245
421 0.000242
422 0.000238
423 0.000234
424 0.000231
425 0.000229
426 0.000224
427 0.000222
428 0.000220
429 0.000217
430 0.000215
431 0.000212
432 0.000210
433 0.000207
434 0.000205
435 0.000203
436 0.000201
437 0.000199
438 0.000196
439 0.000195
440 0.000192
441 0.000190
442 0.000188
443 0.000187
444 0.000185
445 0.000183
446 0.000181
447 0.000180
448 0.000178
449 0.000176
450 0.000175
451 0.000174
452 0.000172
453 0.000171
454 0.000169
455 0.000168
456 0.000166
457 0.000165
458 0.000164
459 0.000163
460 0.000162
461 0.000161
462 0.000159
463 0.000159
464 0.000158
465 0.000157
466 0.000155
467 0.000155
468 0.000154
469 0.000153
470 0.000152
471 0.000152
472 0.000151
473 0.000150
474 0.000149
475 0.000149
476 0.000148
477 0.000148
478 0.000147
479 0.000146
480 0.000146
481 0.000145
482 0.000145
483 0.000144
484 0.000144
485 0.000144
486 0.000143
487 0.000143
488 0.000143
489 0.000142
490 0.000142
491 0.000142
492 0.000142
493 0.000141
494 0.000141
495 0.000141
496 0.000141
497 0.000141
498 0.000141
499 0.000141
500 0.000141
