1 12505424.032585
2 21149891.843065
3 25339132.088973
4 29997816.145379
5 27215084.398470
6 38645360.078010
7 50295203.492804
8 70839149.214742
9 47195096.247811
10 68161865.505410
11 79741670.423351
12 88660106.090712
13 94000748.650311
14 85667669.671541
15 112749576.858957
16 155398164.215597
17 167576928.268701
18 146714585.493104
19 170368162.252501
20 159365960.716698
21 196740329.483732
22 147253553.634386
23 209302306.265749
24 224594909.755299
25 201626000.270812
26 272745685.947175
27 302566407.591988
28 244600562.076326
29 387830276.119977
30 461442648.085450
31 374805977.853596
32 405554669.040079
33 476394587.722081
34 442584043.888631
35 452617844.047066
36 517567447.464884
37 568356006.886520
38 626802205.888530
39 415367638.481173
40 532361132.773671
41 432586295.284717
42 469181965.255742
43 692627376.699589
44 533185102.231542
45 812565060.197775
46 596711036.965271
47 649573829.966573
48 679224397.467427
49 743647003.334379
50 702040896.689882
51 597671282.460259
52 670969466.773531
53 557044833.465060
54 603043187.188917
55 544891695.813569
56 874717505.751763
57 691857505.637551
58 741378444.575906
59 750500834.571359
60 877308307.502462
61 878769080.795007
62 726238488.874123
63 886753814.840487
64 671906288.981201
65 858045847.558477
66 638009153.186324
67 594811349.310680
68 625116404.807068
69 503589670.100654
70 478868317.996271
71 604753434.968036
72 434751317.072654
73 540463048.738139
74 534146526.138828
75 393281813.898075
76 508484440.064486
77 361913394.002916
78 387581622.586998
79 368552183.965283
80 482781955.778918
81 403663212.001836
82 397697414.666006
83 337668197.471044
84 372625035.309063
85 278499951.191613
86 304329367.793899
87 249618397.538815
88 265344569.155699
89 290049521.878173
90 258607182.305803
91 252237468.147905
92 186311881.542081
93 203824029.890316
94 223132826.872785
95 195132558.155255
96 171840267.781549
97 177254784.041029
98 197090467.344033
99 153836947.661566
100 179296067.115448
101 169924760.643869
102 194856541.311076
103 165963315.288024
104 140666679.049961
105 144576557.164406
106 172911399.197390
107 160626086.891024
108 154416504.662099
109 162246098.149634
110 112250631.461011
111 122459601.703778
112 100198040.300030
113 116075977.792044
114 102144480.748470
115 104689521.163680
116 111751601.177082
117 121173860.137176
118 84354727.395444
119 103427390.463212
120 93856223.025057
121 96619817.558263
122 85181633.280664
123 75595791.083675
124 75784802.784931
125 66446745.234734
126 68339711.662286
127 53454903.423131
128 66668521.648777
129 55120090.404504
130 60538874.401274
131 55590824.659721
132 69449315.760526
133 55324175.500141
134 48516682.985459
135 56438827.612251
136 51838773.574264
137 45711190.809614
138 55570216.459625
139 48565947.623163
140 54417400.045388
141 42700940.755916
142 46476096.813015
143 42204970.887653
144 46017274.840811
145 36679443.547322
146 42622662.536670
147 37670449.982994
148 43799303.973441
149 38957986.637768
150 30822170.132944
151 25531651.393176
152 27168089.969865
153 23915703.909366
154 21456842.016237
155 20925658.644365
156 18392747.486856
157 16901580.636349
158 16329445.614155
159 12860852.492443
160 12063932.700270
161 11964171.231788
162 10968485.424955
163 12061610.275787
164 10360595.926524
165 10007186.072837
166 11661693.919301
167 11075730.287520
168 10889387.466329
169 10356247.312383
170 10851197.679575
171 9430647.646996
172 8691074.348135
173 8033922.565927
174 8426457.187122
175 7601920.734917
176 7875429.976894
177 8529879.883296
178 6157182.622200
179 7476712.888517
180 6736981.131289
181 5934512.894734
182 6767902.523484
183 5259649.565025
184 5344424.209252
185 5388071.014990
186 4907518.709415
187 5205323.452367
188 5076006.938049
189 4973215.898215
190 4945801.412191
191 4713703.293272
192 4953694.486439
193 4606530.554869
194 4504348.160765
195 3562223.199454
196 2950728.038089
197 2948913.752492
198 2830665.316261
199 2585345.851923
200 2384583.670858
201 2393597.214321
202 2111252.847021
203 2141904.163231
204 2148709.468827
205 1806798.131949
206 1725291.997800
207 1808590.892472
208 1727594.588263
209 1444140.405478
210 1185792.371377
211 1431728.241316
212 1021858.692776
213 1072366.114891
214 1205607.825894
215 1137247.716199
216 1226141.170453
217 1255249.783290
218 1252895.802234
219 1133452.122504
220 1081489.622371
221 973054.839304
222 977494.398163
223 944744.779662
224 763058.833518
225 896683.491400
226 798946.030611
227 747948.829681
228 671336.168326
229 633948.523201
230 577192.354574
231 622630.743651
232 682383.651079
233 663429.009263
234 600941.126597
235 632512.931951
236 682488.180584
237 620020.689159
238 546690.421751
239 606675.609620
240 640580.807665
241 680131.646474
242 699274.414274
243 566474.067228
244 412842.167723
245 460491.299324
246 457920.813775
247 364350.145610
248 387631.061144
249 361948.054276
250 350368.737518
251 396094.464877
252 369974.790044
253 347545.243689
254 354507.908628
255 367831.472547
256 364844.290441
257 311277.042913
258 325528.165311
259 269863.294020
260 309377.263055
261 235207.847936
262 245984.025008
263 245897.901684
264 219765.358754
265 221032.425238
266 219866.337897
267 200738.640813
268 183179.908871
269 166833.425895
270 182875.917170
271 151578.687190
272 163348.987875
273 155071.995370
274 142799.550204
275 132709.671159
276 130451.000628
277 144358.319427
278 123291.725675
279 121619.762751
280 131255.309834
281 120504.350776
282 120110.803536
283 116799.820622
284 111772.495787
285 110696.221186
286 117533.963036
287 106416.399327
288 105334.969107
289 99202.892489
290 106439.577430
291 92527.165440
292 90833.695074
293 88449.199834
294 85722.156172
295 81777.890991
296 72185.008130
297 74044.505089
298 67529.600471
299 71523.766265
300 70961.344283
301 68623.946569
302 68370.231798
303 63564.317450
304 57508.551152
305 60006.107183
306 55923.361764
307 56378.124587
308 48273.787295
309 48083.601199
310 43621.777037
311 45691.497163
312 42758.268464
313 44256.254853
314 45277.736729
315 42301.250226
316 38938.083790
317 41040.046631
318 39481.323897
319 39360.298263
320 39721.901291
321 34887.579164
322 35294.773086
323 35593.087802
324 34316.855711
325 33116.700654
326 30671.936164
327 30688.611643
328 28780.680157
329 29379.721234
330 29212.509608
331 29096.707722
332 26873.994215
333 25428.037874
334 26846.787632
335 24257.596302
336 24831.979228
337 23288.036754
338 23656.282412
339 23357.887378
340 22846.013061
341 22181.153383
342 19643.731876
343 21155.909012
344 19828.808909
345 19211.981376
346 19206.162170
347 19936.653507
348 19047.564787
349 19130.459992
350 18278.943874
351 18764.252589
352 18682.314787
353 18020.645428
354 18565.512489
355 16896.600807
356 16902.879835
357 16583.330027
358 15932.077247
359 14965.390385
360 14827.188146
361 15497.047319
362 13906.376344
363 13454.956041
364 13356.295409
365 12623.215158
366 13044.958221
367 12838.537745
368 12601.420166
369 11897.792414
370 11881.985613
371 11545.726912
372 11416.113723
373 11643.488713
374 11317.751748
375 11053.029171
376 11035.415589
377 11015.111672
378 10139.944518
379 10154.995820
380 9737.736409
381 9774.738512
382 9572.568228
383 9140.558874
384 9200.186878
385 9023.021382
386 8891.089210
387 8716.129904
388 8449.071495
389 7938.807806
390 7837.077204
391 7598.930256
392 7604.854317
393 7648.975119
394 7363.375956
395 7480.643429
396 7474.658553
397 7264.610412
398 7231.632406
399 6962.102343
400 6869.352587
401 6999.260481
402 6890.619874
403 6692.138466
404 6733.408360
405 6439.470653
406 6670.690459
407 6465.461236
408 6196.780883
409 6149.371040
410 5893.585055
411 5999.858869
412 5976.400485
413 5812.684853
414 5449.026504
415 5409.105357
416 5190.386991
417 5115.342534
418 5028.197493
419 4876.803113
420 4926.767492
421 4898.429248
422 4932.908827
423 4856.890841
424 4825.710498
425 4814.394246
426 4803.046042
427 4806.823265
428 4866.409622
429 4645.398636
430 4529.827821
431 4553.419373
432 4562.928014
433 4479.356576
434 4272.969418
435 4246.407288
436 4218.203952
437 4074.177989
438 4085.568350
439 4097.281580
440 4111.749114
441 4105.131668
442 4054.222339
443 4025.325349
444 3913.217305
445 3952.536423
446 3820.756479
447 3799.272464
448 3779.842058
449 3710.882023
450 3703.575419
451 3638.322678
452 3641.409793
453 3610.498451
454 3552.686182
455 3517.825427
456 3485.112982
457 3445.328104
458 3403.161409
459 3378.046329
460 3315.720083
461 3295.084364
462 3246.929282
463 3252.100826
464 3203.953617
465 3133.597386
466 3117.381635
467 3048.543115
468 3047.568673
469 2990.608475
470 2977.993898
471 2944.595865
472 2939.672282
473 2918.874090
474 2878.075500
475 2873.465843
476 2841.273771
477 2826.168445
478 2807.209346
479 2798.670535
480 2784.685628
481 2772.954585
482 2768.446685
483 2747.587874
484 2733.155375
485 2724.372047
486 2715.497130
487 2704.535045
488 2700.743841
489 2690.373216
490 2685.220054
491 2673.270188
492 2663.918181
493 2659.854732
494 2650.740956
495 2646.145585
496 2640.930943
497 2636.925696
498 2635.388739
499 2633.281468
500 2632.089246
1 19876837.237655
2 20383745.786749
3 23274519.733982
4 29017340.752744
5 34076065.127874
6 32638101.759819
7 28146171.671811
8 45039162.218555
9 52701871.828519
10 70096564.375856
11 75122878.957185
12 68982961.438595
13 102954728.653859
14 108279585.595238
15 128181053.426519
16 121993279.956975
17 193868603.318405
18 195637924.088844
19 177980572.394599
20 281743171.914403
21 260857816.175138
22 239187218.772974
23 283757629.782936
24 183141665.236545
25 209647849.850264
26 264785778.737601
27 358734059.217973
28 381009192.769856
29 342028220.288620
30 489337434.699262
31 493879202.290811
32 349082856.073501
33 489899780.593141
34 410672585.790551
35 413150842.000102
36 351138175.043726
37 381153195.941840
38 446090966.216299
39 427795516.380470
40 469977161.265287
41 500708095.826684
42 420859694.535649
43 496474709.185138
44 362739233.711607
45 419507072.918763
46 386125125.180641
47 540923163.635869
48 606514898.015584
49 580537302.357106
50 697477673.414346
51 697968299.739239
52 728578698.018246
53 791749872.052391
54 728928028.331497
55 909857534.997505
56 775254697.708090
57 665525205.515233
58 893827507.739545
59 519786015.346833
60 607999595.496600
61 688168791.495797
62 664814415.058403
63 489116860.365859
64 622055177.670786
65 735419213.744439
66 576329122.722817
67 644421275.675820
68 607304946.377451
69 770293661.017825
70 832071086.624132
71 773459694.144239
72 760424697.426813
73 653406266.473873
74 647613987.088043
75 671768055.796005
76 615411165.328144
77 698230438.108685
78 623372368.836059
79 698877936.156399
80 786845225.063855
81 755702696.910191
82 554952502.857978
83 755681685.340107
84 675933586.678368
85 608204777.521023
86 582259256.877408
87 676596891.439851
88 655179050.246112
89 607477619.904593
90 571129472.309113
91 485541192.903866
92 451768513.540245
93 406726337.204045
94 365511287.611989
95 432808340.384700
96 404766348.843328
97 247319298.466565
98 307496390.732721
99 287831329.425016
100 308143270.116625
101 243429107.736623
102 208835105.869854
103 258958449.620952
104 237315442.473968
105 224137678.214963
106 207793257.885100
107 273870347.882710
108 228102133.380688
109 202526111.566775
110 200438442.820658
111 140809504.441502
112 172213885.817395
113 166109789.769426
114 152461070.386400
115 162553305.153405
116 135670457.072383
117 118149061.058387
118 107201035.261050
119 119069392.240238
120 100397426.934336
121 88365581.068503
122 105093011.678126
123 66103526.520238
124 70558942.406072
125 49776376.565500
126 62610107.954359
127 54591401.727630
128 48192979.915297
129 57284185.372160
130 57049983.444089
131 64579934.837384
132 56029754.994912
133 62402483.144142
134 59425351.205918
135 56438639.446595
136 61799059.789759
137 67359992.482113
138 44751586.461966
139 57768752.881479
140 62323438.999730
141 52290049.979036
142 63385661.387556
143 47772146.494957
144 38083744.752879
145 35613614.833445
146 43871600.731059
147 37701962.716224
148 33087003.436737
149 36897432.202121
150 35261981.212326
151 25700691.365647
152 24623012.861848
153 22517120.871331
154 20969610.638296
155 19636386.521121
156 16488846.900810
157 17339550.097484
158 15097655.437577
159 13786776.996769
160 14638568.519826
161 11954156.849981
162 12123908.218772
163 10120133.342114
164 8904326.737266
165 7236588.482359
166 7687693.698646
167 6811409.977807
168 7611152.067028
169 7018750.926508
170 5305041.242088
171 6246610.642923
172 5655592.343479
173 6292446.834227
174 5864149.549239
175 6409054.058314
176 5915580.352558
177 5620149.422648
178 5065778.887125
179 4834249.471891
180 4921677.678408
181 4092026.816645
182 3816425.828749
183 4129941.465183
184 4609068.776484
185 4101667.643959
186 4300832.956161
187 3229222.357913
188 3850444.225874
189 3778145.158531
190 4067349.025073
191 3188392.006615
192 2868764.972855
193 3051372.927372
194 2485558.343344
195 2484347.026191
196 2409103.821170
197 2262147.593879
198 2100972.099527
199 1873921.097074
200 1994608.481696
201 2198696.781781
202 2170408.209924
203 2178762.777112
204 2134508.724707
205 1895820.989674
206 1805721.794669
207 1980959.402924
208 2018140.238327
209 2214270.139640
210 1779046.334583
211 1840147.424327
212 1698608.657574
213 1684662.934925
214 1696151.912529
215 1608220.034323
216 1551725.047053
217 1391527.705138
218 1236843.495431
219 1381084.365238
220 1549391.476312
221 1361180.965172
222 1366787.730095
223 1134939.517128
224 1321165.527326
225 1319831.482212
226 1186984.286696
227 1009012.153260
228 1071548.152611
229 1050746.363311
230 1059225.257147
231 1012072.302316
232 968096.806217
233 1022940.061340
234 900385.448063
235 828370.953647
236 669622.128401
237 745468.691695
238 726636.955820
239 658669.950837
240 757012.264383
241 632919.198694
242 741672.943744
243 757538.373709
244 681120.644731
245 767936.818960
246 848946.255976
247 692075.000033
248 697552.095731
249 540842.547644
250 625581.710355
251 602155.806137
252 569732.041133
253 526757.658551
254 502790.620419
255 392327.558308
256 398798.167410
257 383165.722524
258 425879.657397
259 341976.225499
260 362656.180492
261 369141.760840
262 342918.715213
263 358067.041487
264 359097.823668
265 309025.041699
266 326435.205773
267 301034.363391
268 331810.682449
269 280163.083336
270 245454.147648
271 230600.889807
272 240175.271538
273 229386.974630
274 213549.573257
275 235551.364651
276 205166.399560
277 195405.460819
278 206404.796685
279 205439.934577
280 216203.547499
281 184551.299738
282 178893.447656
283 176349.641161
284 160976.794498
285 151428.155433
286 150862.357779
287 149831.945500
288 136703.251231
289 128305.998733
290 135383.516600
291 162544.574413
292 142770.198811
293 138465.746719
294 132233.565180
295 142819.997078
296 145582.681322
297 135913.801492
298 122535.543567
299 107236.487536
300 115472.517882
301 120698.780643
302 120853.577221
303 114864.205134
304 121860.741717
305 112699.053034
306 117435.395132
307 119835.050347
308 105638.481551
309 96978.387771
310 93036.728488
311 103600.926179
312 94766.742182
313 94456.168729
314 102311.949540
315 82483.490786
316 86960.157656
317 80875.591932
318 73426.007542
319 64418.213535
320 73945.123961
321 69644.370396
322 68293.093920
323 65751.721786
324 58476.240676
325 65300.502530
326 56490.895733
327 56666.465462
328 53103.538766
329 54236.031366
330 55720.508153
331 53944.252953
332 49111.154272
333 44237.032550
334 43954.140582
335 44246.146250
336 42795.623132
337 41366.416125
338 42060.448507
339 43069.165482
340 41485.635929
341 43789.150854
342 40377.772562
343 41560.164408
344 41519.392070
345 41215.255548
346 39918.597120
347 38060.037103
348 37188.414268
349 31663.547625
350 31305.599631
351 31547.247300
352 29424.544452
353 28743.962729
354 28412.476977
355 27728.518715
356 28162.326485
357 28027.447895
358 24295.849533
359 23791.967143
360 23853.609420
361 22203.132347
362 23027.716673
363 22488.983136
364 22455.140875
365 22224.923565
366 20760.804760
367 21828.593124
368 20152.627722
369 19998.977348
370 20331.755034
371 19881.997603
372 18296.425873
373 18618.765285
374 18660.963308
375 19086.622848
376 18828.735008
377 18091.647920
378 18585.953114
379 16741.983358
380 16429.008071
381 17142.641056
382 16646.459322
383 17091.291325
384 15876.393612
385 15892.395479
386 16011.687879
387 16158.521981
388 15988.239269
389 14566.591365
390 15886.214866
391 15469.975053
392 15397.280471
393 15691.629183
394 15132.568201
395 15741.612229
396 15169.979825
397 15652.842732
398 15505.077430
399 14811.391021
400 14781.593493
401 15036.114898
402 14689.356876
403 15242.372459
404 14609.541449
405 14696.636712
406 14283.541189
407 14488.362671
408 14375.057641
409 14415.156461
410 13186.693674
411 13009.467128
412 12741.183500
413 12511.822687
414 12630.671860
415 12197.415816
416 11878.583087
417 11948.038756
418 11398.063857
419 11281.147707
420 10576.386679
421 10488.840933
422 10550.352947
423 10623.825398
424 10030.051955
425 10214.171628
426 9981.309472
427 9767.071927
428 9545.850272
429 9224.772283
430 9471.022718
431 9314.532432
432 9126.112615
433 9157.480549
434 9008.987799
435 8741.198725
436 8581.018341
437 8486.048672
438 8586.516228
439 8295.175022
440 8227.379166
441 8131.077577
442 8141.030025
443 8031.369013
444 7945.173087
445 7928.630861
446 7845.663604
447 7893.969392
448 7750.707959
449 7695.041587
450 7610.197164
451 7525.979266
452 7443.512966
453 7353.467029
454 7212.042183
455 7052.912524
456 6991.443576
457 6923.034563
458 6883.351864
459 6855.081965
460 6766.584136
461 6651.238520
462 6544.682259
463 6521.053218
464 6369.354828
465 6221.286678
466 6142.807376
467 6106.114940
468 6066.800880
469 6033.450512
470 6003.389401
471 5910.626095
472 5906.487875
473 5864.863616
474 5802.438420
475 5783.451394
476 5761.315484
477 5657.225093
478 5637.297767
479 5625.651628
480 5569.832650
481 5519.723704
482 5484.287568
483 5454.097919
484 5405.853434
485 5395.468542
486 5367.379359
487 5351.977730
488 5324.497202
489 5301.574971
490 5282.431626
491 5263.440090
492 5248.829042
493 5230.430687
494 5213.197482
495 5192.003174
496 5176.235669
497 5168.083538
498 5159.479203
499 5151.411156
500 5148.322094
