1 inf
2 inf
3 inf
4 inf
5 inf
6 inf
7 inf
8 inf
9 inf
10 inf
11 inf
12 inf
13 inf
14 inf
15 inf
16 inf
17 inf
18 inf
19 inf
20 inf
21 inf
22 inf
23 inf
24 inf
25 inf
26 inf
27 inf
28 inf
29 inf
30 inf
31 inf
32 inf
33 inf
34 inf
35 inf
36 inf
37 inf
38 inf
39 inf
40 inf
41 inf
42 inf
43 inf
44 inf
45 inf
46 inf
47 inf
48 1445173230686422175847109215019140856586269441359243440282367275922483152080633157765049486517416490414112043990085665006925101257368750285498444224757319827485277543557920029744159298859068675470347976639959961780907240431555826413584772649798385894107405908670230382174204225985809164358116453659959099392.000000
49 13576140321915410708218485400688703626760632709034883917396686238579363136906441399542562438441727504816879583921846533033494207191498495361053942832009938959507509376343370464297719995273379867563471383561944086614660692140594332577941420345727672609333280503733933208152721435423864215120962761261056.000000
50 32105034498909783136924191443901978221397073403903612501122201898018352371935682318140029060913634638507553804034586967991753833362163934511074999121253017271991187501652572450710508620353684842345890928854945850018159477697178593709072504341796031005353769982872065046900507890679808.000000
51 2270943172078185673397907654236200990636620982586745645303554675000109755146853583421386337573631903621413311001732473624044636490844555157453900911251680762376547333918528121706041192333051941048954233459157892057864940161037470046889662268565891421876752002962161664.000000
52 67054282937989450775631763777865477229449900727958356790890931842021841645830036102013500433634760455624757883060084598507849591321334187378534187397900011053785637771372770145764475870796801244854055036645038310713748980462927452793844773714657280.000000
53 20671415219585980802143393551822974412059082127483510335199154457171711586049332437412388240083317352624010594261842109441338063694091024138109257529550069703962362296884740398838773528470728388746516547933850606550609035264.000000
54 865240634921308556545038635267105258767499109707638506588992096539379147604878618035479212060795787233005425749157086294764713475866309537594853722279565165495896959203853393167035043827840473306860837928960.000000
55 11856948999475023057449917258445460201330118033054525299050433347324011345182187442398658868891502946456226010338252028510447619155315955630182426481581310452567600770184805424011269805965312.000000
56 386913384310352196403500395489301478213905414476877703097526768898620197739972182099124739747637519018282328640521788405359068855641934940167791052366612375920561302274048.000000
57 813019623244733321884196377906906202294815982837633281827439363886853196042713272170525204905143628918507455612370784141794475783690355803972781745482235904.000000
58 43817706130308664015249558452961229146822582560361440331645012443513226296739747056852993661088058349997411124305326495578234094357752949243904.000000
59 12071895542620454907965659616855835140382649608849954617253870752331459937089458413987665801787856655633021505863156634746880.000000
60 4257167399592660830336744513851478438001658272418179436200866197464028988122569023041895811684105567099420672.000000
61 39561758883792526499917883668089105964428913025834058717189281970098975820896950917233515692032.000000
62 1666730590587781685172938967356390491044568479439474087092318263559847936.000000
63 165333778087180053083229718475480009742161165215306063282176.000000
64 24141975263897633848015804667130806272.000000
65 4303772742421742878720.000000
66 79710.990647
67 18405.966795
68 12952.101095
69 10289.743410
70 8773.027310
71 7487.902361
72 6146.777436
73 5301.637374
74 4537.031796
75 3963.384171
76 3583.937089
77 3063.053616
78 2764.933882
79 2517.106807
80 2316.904217
81 1999.476939
82 1703.512767
83 1604.586044
84 1450.438879
85 1260.784745
86 1166.120620
87 1059.649371
88 971.882800
89 859.210439
90 777.136926
91 695.415645
92 640.710651
93 585.758316
94 514.268906
95 471.338535
96 421.890595
97 387.322974
98 354.342068
99 324.869498
100 297.158639
101 270.331735
102 241.513420
103 224.043806
104 205.368969
105 185.971912
106 171.544175
107 158.663645
108 142.997937
109 129.945877
110 114.808838
111 106.287951
112 96.898220
113 87.481599
114 78.717597
115 70.974470
116 65.619125
117 59.837436
118 53.564989
119 47.899992
120 45.560007
121 41.835701
122 37.838210
123 33.805107
124 31.020157
125 27.711936
126 24.695924
127 22.775554
128 20.511375
129 18.877541
130 17.461800
131 15.952905
132 14.762192
133 13.439760
134 12.210583
135 11.358820
136 10.420044
137 9.668918
138 8.830249
139 8.101410
140 7.466363
141 6.877614
142 6.326839
143 5.820334
144 5.275469
145 4.911061
146 4.430842
147 4.120804
148 3.769879
149 3.563314
150 3.297270
151 3.071000
152 2.793783
153 2.628042
154 2.439768
155 2.284825
156 2.094352
157 1.942890
158 1.811467
159 1.670406
160 1.537766
161 1.449673
162 1.336936
163 1.257661
164 1.161787
165 1.087431
166 1.006053
167 0.930734
168 0.878246
169 0.826679
170 0.767296
171 0.712103
172 0.671641
173 0.630010
174 0.590668
175 0.550931
176 0.514238
177 0.481117
178 0.452962
179 0.419783
180 0.394231
181 0.368515
182 0.347954
183 0.328725
184 0.306675
185 0.289271
186 0.270515
187 0.256017
188 0.240308
189 0.229286
190 0.217091
191 0.203393
192 0.191752
193 0.182485
194 0.171188
195 0.162415
196 0.153264
197 0.143523
198 0.137074
199 0.129447
200 0.123821
201 0.117727
202 0.110468
203 0.104548
204 0.098997
205 0.092634
206 0.087998
207 0.084560
208 0.080095
209 0.075458
210 0.072700
211 0.068357
212 0.064916
213 0.061556
214 0.057257
215 0.055068
216 0.052362
217 0.049323
218 0.047320
219 0.044787
220 0.042961
221 0.041059
222 0.039385
223 0.037665
224 0.036238
225 0.034656
226 0.032582
227 0.031414
228 0.029845
229 0.028636
230 0.027279
231 0.026096
232 0.024903
233 0.023787
234 0.022763
235 0.021994
236 0.020982
237 0.020067
238 0.019375
239 0.018634
240 0.017923
241 0.017325
242 0.016666
243 0.015991
244 0.015312
245 0.014772
246 0.014270
247 0.013551
248 0.013129
249 0.012634
250 0.012147
251 0.011698
252 0.011209
253 0.010810
254 0.010375
255 0.010025
256 0.009577
257 0.009293
258 0.009002
259 0.008688
260 0.008297
261 0.008111
262 0.007857
263 0.007512
264 0.007309
265 0.007065
266 0.006793
267 0.006558
268 0.006313
269 0.006126
270 0.005929
271 0.005704
272 0.005543
273 0.005379
274 0.005219
275 0.005030
276 0.004896
277 0.004751
278 0.004605
279 0.004457
280 0.004313
281 0.004181
282 0.004048
283 0.003950
284 0.003828
285 0.003712
286 0.003607
287 0.003502
288 0.003409
289 0.003322
290 0.003221
291 0.003127
292 0.003048
293 0.002972
294 0.002879
295 0.002804
296 0.002708
297 0.002654
298 0.002576
299 0.002505
300 0.002438
301 0.002377
302 0.002320
303 0.002257
304 0.002195
305 0.002140
306 0.002094
307 0.002038
308 0.001984
309 0.001929
310 0.001880
311 0.001844
312 0.001797
313 0.001758
314 0.001714
315 0.001681
316 0.001641
317 0.001608
318 0.001566
319 0.001525
320 0.001496
321 0.001462
322 0.001428
323 0.001396
324 0.001367
325 0.001330
326 0.001310
327 0.001279
328 0.001250
329 0.001224
330 0.001198
331 0.001177
332 0.001152
333 0.001130
334 0.001106
335 0.001080
336 0.001058
337 0.001036
338 0.001016
339 0.000997
340 0.000976
341 0.000958
342 0.000941
343 0.000922
344 0.000902
345 0.000883
346 0.000870
347 0.000852
348 0.000839
349 0.000824
350 0.000810
351 0.000795
352 0.000780
353 0.000766
354 0.000751
355 0.000741
356 0.000727
357 0.000715
358 0.000703
359 0.000692
360 0.000681
361 0.000667
362 0.000658
363 0.000646
364 0.000636
365 0.000624
366 0.000616
367 0.000606
368 0.000597
369 0.000589
370 0.000579
371 0.000570
372 0.000562
373 0.000552
374 0.000545
375 0.000535
376 0.000527
377 0.000521
378 0.000513
379 0.000506
380 0.000498
381 0.000493
382 0.000487
383 0.000479
384 0.000471
385 0.000466
386 0.000459
387 0.000453
388 0.000446
389 0.000439
390 0.000435
391 0.000429
392 0.000423
393 0.000419
394 0.000414
395 0.000408
396 0.000403
397 0.000399
398 0.000393
399 0.000390
400 0.000384
401 0.000380
402 0.000375
403 0.000371
404 0.000366
405 0.000362
406 0.000358
407 0.000354
408 0.000350
409 0.000346
410 0.000343
411 0.000340
412 0.000337
413 0.000334
414 0.000330
415 0.000327
416 0.000325
417 0.000322
418 0.000319
419 0.000316
420 0.000314
421 0.000311
422 0.000308
423 0.000305
424 0.000302
425 0.000299
426 0.000297
427 0.000295
428 0.000293
429 0.000290
430 0.000288
431 0.000285
432 0.000284
433 0.000282
434 0.000279
435 0.000277
436 0.000275
437 0.000273
438 0.000271
439 0.000270
440 0.000267
441 0.000266
442 0.000265
443 0.000263
444 0.000261
445 0.000260
446 0.000258
447 0.000257
448 0.000255
449 0.000254
450 0.000252
451 0.000251
452 0.000250
453 0.000248
454 0.000247
455 0.000246
456 0.000245
457 0.000243
458 0.000242
459 0.000241
460 0.000240
461 0.000239
462 0.000238
463 0.000237
464 0.000236
465 0.000235
466 0.000234
467 0.000234
468 0.000233
469 0.000232
470 0.000231
471 0.000230
472 0.000230
473 0.000229
474 0.000228
475 0.000227
476 0.000227
477 0.000226
478 0.000226
479 0.000225
480 0.000224
481 0.000224
482 0.000223
483 0.000223
484 0.000222
485 0.000222
486 0.000222
487 0.000221
488 0.000221
489 0.000221
490 0.000220
491 0.000220
492 0.000220
493 0.000220
494 0.000220
495 0.000219
496 0.000219
497 0.000219
498 0.000219
499 0.000219
500 0.000219
