1 3131024.361699
2 3492984.626608
3 4051238.839497
4 4378939.109481
5 4622286.086685
6 4874714.284648
7 5025298.431708
8 5034301.975048
9 5272827.637477
10 5633307.278906
11 5760102.770110
12 6042629.449415
13 6034936.246112
14 6052701.669270
15 6136680.311049
16 6168759.223587
17 5679982.202109
18 6100682.385323
19 6117473.284538
20 6016161.796889
21 5929806.486386
22 5938808.661000
23 5962858.630214
24 5687931.767812
25 5761897.853823
26 5652223.642138
27 5780991.783897
28 5772411.627472
29 5780285.017071
30 5515413.678241
31 5169977.079347
32 5186254.425273
33 4936172.641758
34 4838689.489037
35 4570980.836563
36 4256448.847997
37 4251104.236658
38 4003521.958489
39 3830701.670817
40 3795989.624340
41 3457703.339045
42 3414112.004291
43 3160494.881531
44 2960928.122873
45 2843802.725671
46 2725343.806228
47 2554540.618780
48 2348127.828865
49 2144781.945506
50 2053409.446238
51 1906350.842538
52 1756549.723798
53 1704191.975947
54 1516213.975043
55 1461237.902109
56 1401805.096925
57 1264326.601623
58 1218001.226908
59 1121424.776661
60 1017876.677701
61 954859.016134
62 842506.614222
63 794937.460177
64 753067.928300
65 670245.773369
66 622751.660508
67 576450.078572
68 529897.363049
69 477775.609439
70 464758.628997
71 436846.112332
72 406206.288619
73 372319.733771
74 332151.787687
75 296869.344732
76 282763.992188
77 259908.261551
78 244620.518114
79 216198.677166
80 196578.474028
81 185006.813434
82 169541.437932
83 151270.776990
84 136140.128171
85 124467.606348
86 114795.675263
87 104392.787568
88 96074.053375
89 88953.060548
90 77361.366072
91 70441.605902
92 65669.555851
93 58850.959958
94 51869.740464
95 46765.909048
96 42439.951965
97 38008.952709
98 33607.214180
99 30434.713040
100 27419.371320
101 24755.846811
102 22377.087431
103 19851.219475
104 17330.445517
105 16010.277076
106 13286.732852
107 12447.507726
108 10759.832460
109 9258.018303
110 8651.294461
111 7156.685841
112 6886.458298
113 6131.352270
114 5461.496425
115 5010.976683
116 4326.222596
117 3825.404486
118 3475.764483
119 3132.857914
120 2802.932316
121 2574.740408
122 2367.445414
123 2015.929660
124 1830.727498
125 1681.502940
126 1465.724116
127 1327.288595
128 1211.110673
129 1119.111079
130 984.910790
131 909.536466
132 779.047626
133 748.930841
134 681.326575
135 615.480021
136 563.267370
137 494.087337
138 456.516482
139 415.651479
140 368.766534
141 333.192879
142 298.553531
143 271.097010
144 236.997175
145 212.729640
146 192.821202
147 177.613471
148 158.205430
149 144.306866
150 132.060560
151 120.708487
152 107.154447
153 97.703042
154 89.935879
155 83.269869
156 75.243084
157 70.052784
158 63.430589
159 58.388068
160 52.551308
161 47.985912
162 43.922801
163 39.621099
164 36.774762
165 33.707366
166 30.849998
167 27.925310
168 25.637314
169 23.488787
170 21.456130
171 20.240909
172 18.750712
173 16.866927
174 15.947288
175 14.465942
176 13.319879
177 12.317149
178 11.144148
179 10.245695
180 9.582014
181 8.586924
182 7.784438
183 7.160034
184 6.545741
185 6.118398
186 5.543396
187 5.184129
188 4.702542
189 4.289530
190 4.027616
191 3.656730
192 3.380194
193 3.121555
194 2.797115
195 2.622321
196 2.379392
197 2.248109
198 2.008264
199 1.888996
200 1.764548
201 1.654500
202 1.513087
203 1.408417
204 1.309203
205 1.215525
206 1.145380
207 1.055332
208 0.985200
209 0.915891
210 0.838083
211 0.789613
212 0.733730
213 0.688238
214 0.639971
215 0.599178
216 0.564229
217 0.525243
218 0.497384
219 0.462036
220 0.425947
221 0.395387
222 0.361298
223 0.340700
224 0.310689
225 0.298488
226 0.276409
227 0.262646
228 0.248416
229 0.233723
230 0.219902
231 0.208321
232 0.195006
233 0.178493
234 0.170565
235 0.160230
236 0.150635
237 0.142310
238 0.131828
239 0.123441
240 0.116487
241 0.110071
242 0.104409
243 0.098589
244 0.093875
245 0.087473
246 0.082706
247 0.078163
248 0.074296
249 0.070747
250 0.066925
251 0.063912
252 0.060388
253 0.056609
254 0.052882
255 0.049854
256 0.048301
257 0.045357
258 0.043036
259 0.040608
260 0.038897
261 0.036490
262 0.034313
263 0.032968
264 0.031624
265 0.029939
266 0.028551
267 0.026882
268 0.025888
269 0.024652
270 0.023644
271 0.022239
272 0.021210
273 0.020139
274 0.019460
275 0.018394
276 0.017522
277 0.016941
278 0.016172
279 0.015562
280 0.014816
281 0.014243
282 0.013670
283 0.012946
284 0.012427
285 0.011890
286 0.011496
287 0.010941
288 0.010457
289 0.010082
290 0.009709
291 0.009276
292 0.008922
293 0.008590
294 0.008283
295 0.007992
296 0.007718
297 0.007397
298 0.007095
299 0.006806
300 0.006568
301 0.006274
302 0.006051
303 0.005858
304 0.005593
305 0.005426
306 0.005233
307 0.004997
308 0.004804
309 0.004659
310 0.004495
311 0.004325
312 0.004189
313 0.004039
314 0.003872
315 0.003747
316 0.003623
317 0.003489
318 0.003358
319 0.003237
320 0.003123
321 0.003017
322 0.002900
323 0.002815
324 0.002739
325 0.002627
326 0.002540
327 0.002460
328 0.002372
329 0.002312
330 0.002246
331 0.002174
332 0.002096
333 0.002037
334 0.001958
335 0.001900
336 0.001834
337 0.001787
338 0.001722
339 0.001680
340 0.001634
341 0.001580
342 0.001543
343 0.001489
344 0.001446
345 0.001409
346 0.001364
347 0.001336
348 0.001299
349 0.001260
350 0.001226
351 0.001196
352 0.001157
353 0.001133
354 0.001099
355 0.001076
356 0.001046
357 0.001025
358 0.001000
359 0.000974
360 0.000949
361 0.000920
362 0.000904
363 0.000877
364 0.000857
365 0.000844
366 0.000822
367 0.000800
368 0.000785
369 0.000769
370 0.000749
371 0.000734
372 0.000714
373 0.000700
374 0.000684
375 0.000668
376 0.000654
377 0.000641
378 0.000628
379 0.000615
380 0.000602
381 0.000587
382 0.000577
383 0.000563
384 0.000553
385 0.000542
386 0.000532
387 0.000521
388 0.000512
389 0.000501
390 0.000493
391 0.000484
392 0.000473
393 0.000465
394 0.000458
395 0.000450
396 0.000441
397 0.000432
398 0.000426
399 0.000416
400 0.000409
401 0.000403
402 0.000396
403 0.000389
404 0.000383
405 0.000375
406 0.000368
407 0.000363
408 0.000357
409 0.000352
410 0.000346
411 0.000341
412 0.000336
413 0.000332
414 0.000327
415 0.000323
416 0.000317
417 0.000312
418 0.000308
419 0.000305
420 0.000301
421 0.000297
422 0.000293
423 0.000290
424 0.000286
425 0.000282
426 0.000278
427 0.000275
428 0.000271
429 0.000268
430 0.000264
431 0.000261
432 0.000259
433 0.000255
434 0.000253
435 0.000250
436 0.000246
437 0.000244
438 0.000241
439 0.000239
440 0.000236
441 0.000234
442 0.000231
443 0.000229
444 0.000227
445 0.000225
446 0.000222
447 0.000220
448 0.000218
449 0.000217
450 0.000214
451 0.000213
452 0.000211
453 0.000209
454 0.000207
455 0.000206
456 0.000204
457 0.000203
458 0.000201
459 0.000199
460 0.000198
461 0.000197
462 0.000195
463 0.000194
464 0.000193
465 0.000192
466 0.000191
467 0.000190
468 0.000189
469 0.000188
470 0.000186
471 0.000186
472 0.000185
473 0.000184
474 0.000183
475 0.000182
476 0.000182
477 0.000181
478 0.000180
479 0.000180
480 0.000179
481 0.000178
482 0.000178
483 0.000177
484 0.000177
485 0.000176
486 0.000176
487 0.000175
488 0.000175
489 0.000175
490 0.000174
491 0.000174
492 0.000174
493 0.000173
494 0.000173
495 0.000173
496 0.000173
497 0.000173
498 0.000173
499 0.000173
500 0.000173
