1 1000000000000000019884624838656.000000
2 1000000000000000019884624838656.000000
3 1000000000000000019884624838656.000000
4 1000000000000000019884624838656.000000
5 inf
6 inf
7 inf
8 inf
9 inf
10 inf
11 inf
12 inf
13 inf
14 inf
15 inf
16 inf
17 inf
18 inf
19 inf
20 inf
21 inf
22 inf
23 inf
24 inf
25 inf
26 inf
27 inf
28 inf
29 inf
30 inf
31 inf
32 inf
33 inf
34 inf
35 inf
36 inf
37 inf
38 inf
39 inf
40 inf
41 inf
42 inf
43 inf
44 inf
45 inf
46 inf
47 inf
48 inf
49 inf
50 inf
51 inf
52 inf
53 inf
54 inf
55 inf
56 inf
57 inf
58 inf
59 inf
60 inf
61 inf
62 inf
63 inf
64 inf
65 inf
66 inf
67 inf
68 inf
69 inf
70 8476847279455441918420222994034766793744718543947895812373514002936317545633245884379583257507507129887049569920878899291597773766312383718406988905810765700713228186016292868601011607880045655192510849014538379272157707258064391004733919199232.000000
71 8476847279455441918420222994034766793744718543947895812373514002936317545633245884379583257507507129887049569920878899291597773766312383718406988905810765700713228186016292868601011607880045655192510849014538379272157707258064391004733919199232.000000
72 8476847279455441918420222994034766793744718543947895812373514002936317545633245884379583257507507129887049569920878899291597773766312383718406988905810765700713228186016292868601011607880045655192510849014538379272157707258064391004733919199232.000000
73 8476847279455441918420222994034766793744718543947895812373514002936317545633245884379583257507507129887049569920878899291597773766312383718406988905810765700713228186016292868601011607880045655192510849014538379272157707258064391004733919199232.000000
74 8476847279455441918420222994034766793744718543947895812373514002936317545633245884379583257507507129887049569920878899291597773766312383718406988905810765700713228186016292868601011607880045655192510849014538379272157707258064391004733919199232.000000
75 13673993984485522800317610487975415468055538383566978040830880122045595695989276799615688328041021925973316846553876547875240921331138560.000000
76 13673993984485522800317610487975415468055538383566978040830880122045595695989276799615688328041021925973316846553876547875240921331138560.000000
77 13673993984485522800317610487975415468055538383566978040830880122045595695989276799615688328041021925973316846553876547875240921331138560.000000
78 13673993984485522800317610487975415468055538383566978040830880122045595695989276799615688328041021925973316846553876547875240921331138560.000000
79 13673993984485522800317610487975415468055538383566978040830880122045595695989276799615688328041021925973316846553876547875240921331138560.000000
80 1289063.985048
81 1289063.985048
82 1289063.985048
83 1289063.985048
84 1289063.985048
85 75513.902758
86 75513.902758
87 75513.902758
88 75513.902758
89 75513.902758
90 59291.348704
91 59291.348704
92 59291.348704
93 59291.348704
94 59291.348704
95 45646.579746
96 45646.579746
97 45646.579746
98 45646.579746
99 45646.579746
100 37109.311153
101 37109.311153
102 37109.311153
103 37109.311153
104 37109.311153
105 29156.468182
106 29156.468182
107 29156.468182
108 29156.468182
109 29156.468182
110 23085.293654
111 23085.293654
112 23085.293654
113 23085.293654
114 23085.293654
115 18785.271215
116 18785.271215
117 18785.271215
118 18785.271215
119 18785.271215
120 16065.480665
121 16065.480665
122 16065.480665
123 16065.480665
124 16065.480665
125 13657.659836
126 13657.659836
127 13657.659836
128 13657.659836
129 13657.659836
130 11205.201816
131 11205.201816
132 11205.201816
133 11205.201816
134 11205.201816
135 9180.181464
136 9180.181464
137 9180.181464
138 9180.181464
139 9180.181464
140 7678.243165
141 7678.243165
142 7678.243165
143 7678.243165
144 7678.243165
145 6100.617158
146 6100.617158
147 6100.617158
148 6100.617158
149 6100.617158
150 4900.354169
151 4900.354169
152 4900.354169
153 4900.354169
154 4900.354169
155 4130.200679
156 4130.200679
157 4130.200679
158 4130.200679
159 4130.200679
160 3480.659511
161 3480.659511
162 3480.659511
163 3480.659511
164 3480.659511
165 2877.913909
166 2877.913909
167 2877.913909
168 2877.913909
169 2877.913909
170 2227.417552
171 2227.417552
172 2227.417552
173 2227.417552
174 2227.417552
175 1823.648324
176 1823.648324
177 1823.648324
178 1823.648324
179 1823.648324
180 1491.765612
181 1491.765612
182 1491.765612
183 1491.765612
184 1491.765612
185 1238.793461
186 1238.793461
187 1238.793461
188 1238.793461
189 1238.793461
190 1004.191950
191 1004.191950
192 1004.191950
193 1004.191950
194 1004.191950
195 838.728367
196 838.728367
197 838.728367
198 838.728367
199 838.728367
200 682.284585
201 682.284585
202 682.284585
203 682.284585
204 682.284585
205 534.131670
206 534.131670
207 534.131670
208 534.131670
209 534.131670
210 443.218163
211 443.218163
212 443.218163
213 443.218163
214 443.218163
215 371.987543
216 371.987543
217 371.987543
218 371.987543
219 371.987543
220 303.466309
221 303.466309
222 303.466309
223 303.466309
224 303.466309
225 244.375203
226 244.375203
227 244.375203
228 244.375203
229 244.375203
230 203.797213
231 203.797213
232 203.797213
233 203.797213
234 203.797213
235 169.680382
236 169.680382
237 169.680382
238 169.680382
239 169.680382
240 122.406938
241 122.406938
242 122.406938
243 122.406938
244 122.406938
245 98.140790
246 98.140790
247 98.140790
248 98.140790
249 98.140790
250 80.337374
251 80.337374
252 80.337374
253 80.337374
254 80.337374
255 66.920224
256 66.920224
257 66.920224
258 66.920224
259 66.920224
260 57.229487
261 57.229487
262 57.229487
263 57.229487
264 57.229487
265 47.473372
266 47.473372
267 47.473372
268 47.473372
269 47.473372
270 40.983842
271 40.983842
272 40.983842
273 40.983842
274 40.983842
275 35.048578
276 35.048578
277 35.048578
278 35.048578
279 35.048578
280 28.393159
281 28.393159
282 28.393159
283 28.393159
284 28.393159
285 24.143482
286 24.143482
287 24.143482
288 24.143482
289 24.143482
290 20.216662
291 20.216662
292 20.216662
293 20.216662
294 20.216662
295 17.086324
296 17.086324
297 17.086324
298 17.086324
299 17.086324
300 14.577443
301 14.577443
302 14.577443
303 14.577443
304 14.577443
305 12.555608
306 12.555608
307 12.555608
308 12.555608
309 12.555608
310 10.606870
311 10.606870
312 10.606870
313 10.606870
314 10.606870
315 9.246598
316 9.246598
317 9.246598
318 9.246598
319 9.246598
320 7.779900
321 7.779900
322 7.779900
323 7.779900
324 7.779900
325 6.702132
326 6.702132
327 6.702132
328 6.702132
329 6.702132
330 5.742570
331 5.742570
332 5.742570
333 5.742570
334 5.742570
335 4.905113
336 4.905113
337 4.905113
338 4.905113
339 4.905113
340 4.243048
341 4.243048
342 4.243048
343 4.243048
344 4.243048
345 3.707741
346 3.707741
347 3.707741
348 3.707741
349 3.707741
350 3.203341
351 3.203341
352 3.203341
353 3.203341
354 3.203341
355 2.771172
356 2.771172
357 2.771172
358 2.771172
359 2.771172
360 2.405039
361 2.405039
362 2.405039
363 2.405039
364 2.405039
365 2.103521
366 2.103521
367 2.103521
368 2.103521
369 2.103521
370 1.823365
371 1.823365
372 1.823365
373 1.823365
374 1.823365
375 1.593113
376 1.593113
377 1.593113
378 1.593113
379 1.593113
380 1.399214
381 1.399214
382 1.399214
383 1.399214
384 1.399214
385 1.230976
386 1.230976
387 1.230976
388 1.230976
389 1.230976
390 1.072640
391 1.072640
392 1.072640
393 1.072640
394 1.072640
395 0.933007
396 0.933007
397 0.933007
398 0.933007
399 0.933007
400 0.823145
401 0.823145
402 0.823145
403 0.823145
404 0.823145
405 0.722168
406 0.722168
407 0.722168
408 0.722168
409 0.722168
410 0.634281
411 0.634281
412 0.634281
413 0.634281
414 0.634281
415 0.561905
416 0.561905
417 0.561905
418 0.561905
419 0.561905
420 0.496688
421 0.496688
422 0.496688
423 0.496688
424 0.496688
425 0.440615
426 0.440615
427 0.440615
428 0.440615
429 0.440615
430 0.390220
431 0.390220
432 0.390220
433 0.390220
434 0.390220
435 0.345851
436 0.345851
437 0.345851
438 0.345851
439 0.345851
440 0.307702
441 0.307702
442 0.307702
443 0.307702
444 0.307702
445 0.273201
446 0.273201
447 0.273201
448 0.273201
449 0.273201
450 0.243658
451 0.243658
452 0.243658
453 0.243658
454 0.243658
455 0.217196
456 0.217196
457 0.217196
458 0.217196
459 0.217196
460 0.194195
461 0.194195
462 0.194195
463 0.194195
464 0.194195
465 0.173310
466 0.173310
467 0.173310
468 0.173310
469 0.173310
470 0.155141
471 0.155141
472 0.155141
473 0.155141
474 0.155141
475 0.138691
476 0.138691
477 0.138691
478 0.138691
479 0.138691
480 0.124275
481 0.124275
482 0.124275
483 0.124275
484 0.124275
485 0.111349
486 0.111349
487 0.111349
488 0.111349
489 0.111349
490 0.099980
491 0.099980
492 0.099980
493 0.099980
494 0.099980
495 0.089808
496 0.089808
497 0.089808
498 0.089808
499 0.089808
500 0.080804
