1 inf
2 inf
3 inf
4 inf
5 inf
6 inf
7 inf
8 inf
9 inf
10 inf
11 inf
12 inf
13 inf
14 inf
15 inf
16 inf
17 inf
18 inf
19 inf
20 inf
21 inf
22 inf
23 inf
24 inf
25 inf
26 inf
27 inf
28 inf
29 inf
30 inf
31 inf
32 inf
33 inf
34 inf
35 inf
36 inf
37 inf
38 inf
39 inf
40 inf
41 inf
42 inf
43 inf
44 inf
45 inf
46 inf
47 inf
48 inf
49 inf
50 5822361781617973006772753253361943979597311676242671746099595242698837902044982947800611526896642552411226879109992865765596956195861456750083259015781222708357486215641464235495566992867907467845068100884695983188406097837625696399719716713428447028926196262996306746048372294447749885487334607825141760.000000
51 39099538086586122783633068192303419644587522408220715325044127070545250899932290464625511183159445659331179651448766304238477935589904098031891034688898409941670913689610823269693667948555369242843392610025354866194959024463308589479592668037845120783869699453017324880325804383271282278400.000000
52 2182553179095849510394404618135208639391698642670794405050663145495991004612288224159099533035025331197861068363699443619297978157488993683919356174961162511155199108498456120336461837909151134524633691531052596721098654083428744126070810343143868425507438592.000000
53 524652522782697784562522581984424683374611449197735904240753312405279392162221146236328095315379094174324422143378426502453404465756258389320470480866548436674886123463726255798036538263819625935869193737722471227938915387007508307221753626624.000000
54 234746884326461396258431740153069142497621657239413449621738599067451842263955510832289568441189903626221753062465995725770534347933165522049721469192186751446875426570657075075056267204623480207964950975469980013522920270725120.000000
55 1519084256700761510495433715988019437643092194863298476686424700299828484007725684983206970143533905600403363659724002059958464397115351733818078541823512606215756797882208341294352870047464089354821584982221258752.000000
56 7985718810971281904266766257180141780744737246215589817530976817771028504877068425859184618595746828408165062230490663868954314926066775040195818661571092551095923530944675378105435191667325700931584.000000
57 4155585045705268847278357955458008916258100449140248401819621099469833283725568694752970877225084025930166968401915618839882657014340094126521157028345599279741207093785202706545115136.000000
58 34647260626179729810262306805843958422341119646457794091138582529428826652166904708434935731639455143918431360205467707192841802934492701409736967468418207628293832704.000000
59 5841966074781566751714278760511885989328364571500539514820733642890314609989400291637868535815660627799332480436998449819217419737731531824470988779427081486336.000000
60 3472471852501306634165626939631532354628203299201100444073614398437159811097349406861723836577439840637798792119022438945841931085563935326208.000000
61 750927157512723576572357009566628837970744143823877860034588313811524201703168774860446964154243633344177546833381973557248.000000
62 79817743542771164719335493792362060401134171029371420740337426053034541966423867132507921386421585182720.000000
63 16128164838916992272624651060505142358023288515641594265780295012997132506986708992.000000
64 18246775090772409510197847440924177482373898703741637851549580394496.000000
65 108102231306328893545500225688372086742974464.000000
66 3169019615944751304636385722368.000000
67 82120863763.506638
68 25298.668906
69 19685.387346
70 14404.383421
71 12056.574698
72 9647.132061
73 8474.619352
74 6863.008245
75 5622.786993
76 4629.456215
77 4062.268984
78 3582.973856
79 3037.280844
80 2810.399317
81 2467.150124
82 2268.600761
83 1957.050811
84 1724.273077
85 1576.509381
86 1428.264501
87 1248.301352
88 1127.751065
89 1011.671992
90 937.915580
91 809.758841
92 754.285881
93 689.894020
94 601.059789
95 546.710787
96 492.928599
97 454.443798
98 391.565819
99 369.242581
100 333.311194
101 294.489594
102 266.693125
103 243.090051
104 220.224102
105 202.859601
106 182.737020
107 163.385273
108 146.833470
109 134.157197
110 123.908527
111 112.998401
112 103.729099
113 94.684938
114 84.250167
115 76.041164
116 70.148026
117 65.395950
118 60.474758
119 54.683250
120 50.984169
121 45.635396
122 41.857455
123 38.298223
124 34.864003
125 32.382436
126 29.150546
127 27.065658
128 24.086996
129 21.912773
130 20.516054
131 18.731647
132 17.141964
133 15.816380
134 14.619228
135 13.360111
136 12.525618
137 11.457669
138 10.553701
139 9.758467
140 9.032932
141 8.252637
142 7.632167
143 6.995318
144 6.519316
145 5.826283
146 5.439214
147 5.065216
148 4.647464
149 4.267476
150 3.953412
151 3.673349
152 3.371633
153 3.116104
154 2.840381
155 2.657407
156 2.455941
157 2.284108
158 2.125639
159 1.992641
160 1.827884
161 1.705580
162 1.578487
163 1.465643
164 1.379979
165 1.286167
166 1.191308
167 1.132177
168 1.055009
169 0.979339
170 0.908681
171 0.858157
172 0.785170
173 0.739884
174 0.687982
175 0.637841
176 0.602130
177 0.563294
178 0.523820
179 0.493794
180 0.459438
181 0.429672
182 0.395984
183 0.375465
184 0.351953
185 0.329670
186 0.304632
187 0.284469
188 0.273133
189 0.255322
190 0.240014
191 0.228036
192 0.213790
193 0.201620
194 0.188692
195 0.177981
196 0.169253
197 0.159194
198 0.150200
199 0.140317
200 0.132901
201 0.125710
202 0.119433
203 0.113729
204 0.107677
205 0.102042
206 0.096946
207 0.091971
208 0.086868
209 0.082334
210 0.077728
211 0.074471
212 0.070520
213 0.066955
214 0.063528
215 0.060243
216 0.057025
217 0.054192
218 0.051772
219 0.049197
220 0.046915
221 0.045104
222 0.043121
223 0.041026
224 0.039351
225 0.037500
226 0.035813
227 0.034021
228 0.032473
229 0.031057
230 0.029315
231 0.027910
232 0.026510
233 0.025335
234 0.024195
235 0.023329
236 0.022355
237 0.021501
238 0.020557
239 0.019733
240 0.018942
241 0.018204
242 0.017425
243 0.016696
244 0.015944
245 0.015409
246 0.014776
247 0.014340
248 0.013792
249 0.013279
250 0.012648
251 0.012185
252 0.011766
253 0.011307
254 0.010936
255 0.010468
256 0.010009
257 0.009633
258 0.009323
259 0.008982
260 0.008639
261 0.008338
262 0.008081
263 0.007819
264 0.007557
265 0.007268
266 0.007047
267 0.006807
268 0.006597
269 0.006396
270 0.006175
271 0.006003
272 0.005790
273 0.005617
274 0.005437
275 0.005238
276 0.005102
277 0.004948
278 0.004793
279 0.004651
280 0.004488
281 0.004341
282 0.004196
283 0.004083
284 0.003969
285 0.003875
286 0.003752
287 0.003634
288 0.003513
289 0.003436
290 0.003342
291 0.003252
292 0.003170
293 0.003081
294 0.002993
295 0.002918
296 0.002844
297 0.002770
298 0.002700
299 0.002634
300 0.002556
301 0.002482
302 0.002416
303 0.002360
304 0.002295
305 0.002237
306 0.002197
307 0.002138
308 0.002088
309 0.002040
310 0.001990
311 0.001944
312 0.001886
313 0.001855
314 0.001816
315 0.001767
316 0.001727
317 0.001686
318 0.001653
319 0.001616
320 0.001579
321 0.001538
322 0.001504
323 0.001463
324 0.001435
325 0.001403
326 0.001371
327 0.001345
328 0.001316
329 0.001287
330 0.001259
331 0.001234
332 0.001207
333 0.001181
334 0.001157
335 0.001132
336 0.001106
337 0.001085
338 0.001062
339 0.001041
340 0.001022
341 0.001002
342 0.000977
343 0.000957
344 0.000939
345 0.000923
346 0.000906
347 0.000889
348 0.000871
349 0.000855
350 0.000837
351 0.000824
352 0.000812
353 0.000795
354 0.000784
355 0.000770
356 0.000756
357 0.000743
358 0.000731
359 0.000720
360 0.000709
361 0.000696
362 0.000685
363 0.000674
364 0.000665
365 0.000656
366 0.000645
367 0.000636
368 0.000625
369 0.000617
370 0.000606
371 0.000599
372 0.000589
373 0.000580
374 0.000572
375 0.000564
376 0.000556
377 0.000548
378 0.000540
379 0.000532
380 0.000525
381 0.000517
382 0.000510
383 0.000502
384 0.000498
385 0.000490
386 0.000483
387 0.000478
388 0.000471
389 0.000465
390 0.000459
391 0.000453
392 0.000448
393 0.000443
394 0.000438
395 0.000433
396 0.000429
397 0.000423
398 0.000419
399 0.000414
400 0.000409
401 0.000404
402 0.000399
403 0.000393
404 0.000390
405 0.000386
406 0.000382
407 0.000378
408 0.000373
409 0.000370
410 0.000366
411 0.000362
412 0.000358
413 0.000355
414 0.000351
415 0.000348
416 0.000345
417 0.000342
418 0.000338
419 0.000336
420 0.000333
421 0.000330
422 0.000327
423 0.000324
424 0.000321
425 0.000318
426 0.000316
427 0.000313
428 0.000311
429 0.000308
430 0.000306
431 0.000303
432 0.000301
433 0.000299
434 0.000297
435 0.000294
436 0.000292
437 0.000289
438 0.000286
439 0.000285
440 0.000283
441 0.000281
442 0.000279
443 0.000278
444 0.000276
445 0.000274
446 0.000272
447 0.000270
448 0.000269
449 0.000267
450 0.000266
451 0.000264
452 0.000263
453 0.000262
454 0.000260
455 0.000259
456 0.000258
457 0.000257
458 0.000255
459 0.000254
460 0.000253
461 0.000252
462 0.000251
463 0.000250
464 0.000249
465 0.000248
466 0.000247
467 0.000246
468 0.000245
469 0.000244
470 0.000244
471 0.000243
472 0.000242
473 0.000241
474 0.000241
475 0.000240
476 0.000239
477 0.000239
478 0.000238
479 0.000238
480 0.000237
481 0.000236
482 0.000236
483 0.000236
484 0.000235
485 0.000235
486 0.000234
487 0.000234
488 0.000234
489 0.000233
490 0.000233
491 0.000233
492 0.000233
493 0.000232
494 0.000232
495 0.000232
496 0.000232
497 0.000232
498 0.000232
499 0.000232
500 0.000232
