1 inf
2 inf
3 inf
4 inf
5 inf
6 inf
7 inf
8 inf
9 inf
10 inf
11 inf
12 inf
13 inf
14 inf
15 inf
16 inf
17 inf
18 inf
19 inf
20 inf
21 inf
22 inf
23 inf
24 inf
25 inf
26 inf
27 inf
28 inf
29 inf
30 inf
31 inf
32 inf
33 inf
34 inf
35 inf
36 inf
37 inf
38 inf
39 inf
40 inf
41 inf
42 inf
43 inf
44 inf
45 inf
46 inf
47 3101125251568496139965719323389603386922176464028384126540150787743246574801908010312040542334151393524341181099617087445934392013749849168617009941324053193994100172980841465372810313816035065878033221800089239939844498357968414377453280982957985122444153186064413047868229523454055811948276677309628416.000000
48 2928884243187459273981481977870205864716940579949101991883809796265544919492173531334670812639935297022105032886016900328983292885962068457681425761459836360313525288612607004037012119644359495918751831174457067705958337609291793365441025610825871013376878540257026621028947576345329664.000000
49 791428167068431672194880045772695753573603931417861708689478270546857220719717350908444466942359827410337508786182729652174928872206652033495199419080937266109086007634435944870545301165623090007061801093043598108379361552303906565459359366237632378639864561664.000000
50 637857650802401123216229876876754586081094011710809767174427872883223088793019745895017399953133480544244039273861677898472541613693127318723735066720675182822218847512030208196824007829285563167429392471003553808202461229156369341245265281024.000000
51 309014753703831442337328708429935668748796525709041372486893326194875058838035561352123611938140327802263775085736273117151520764425329762269409028587041833761114992591273155440962590522699286283466472721806256131538944.000000
52 1641661750474868860613637162551258761426544210576558998596027174962273127122443743824477611237903251378261443780012134745258525680907130877377008924123094312622960873638078114779860023491166208.000000
53 105189305196556856090083334335404970891622952283606192480812595804962469316728302168099719285871415857955243111740727927010060020329750025946030725521315873802163868159534547599360.000000
54 17180891212327853441871256595457409439227402497694349853037316219064493935742743066186125225919200312327471398758102303103889953692263481379016055936864223232.000000
55 25029872693441367673733460484505734656134251358771734320564489421357976059980734534764446270130752928791422928255565176454629644304384.000000
56 44618697224474375075997723765005859966827193971809415899874460191911962954657057771108518949258452764910150787098738688.000000
57 6222189720056859268071508402687463249528546584947931127185366947894180729502153466857218297558168764416.000000
58 36440222498415358556575992021914120494678937054453901060539055370154497015808.000000
59 655724816183072572818034736362194308761057719702519808.000000
60 324789842472146801195663545027526656.000000
61 39232589784718664.000000
62 21798.455600
63 17432.197185
64 15785.709026
65 14312.295119
66 13292.260051
67 11759.211474
68 10451.168000
69 9183.560311
70 8773.377185
71 7707.414951
72 6399.483744
73 6249.072199
74 6045.847401
75 5540.137114
76 5229.417417
77 4841.613891
78 4298.371027
79 4059.954765
80 3797.646075
81 3361.873437
82 3020.456553
83 2713.636818
84 2479.152130
85 2404.545261
86 2195.145780
87 2059.700004
88 1761.916343
89 1700.982816
90 1601.803194
91 1476.732300
92 1374.593714
93 1262.795647
94 1145.271788
95 1072.264073
96 1019.142983
97 940.302556
98 871.675629
99 820.618622
100 734.207426
101 674.118643
102 622.221924
103 561.212893
104 515.251182
105 487.805397
106 444.407024
107 414.459262
108 387.910135
109 344.017489
110 315.868745
111 299.767026
112 279.695837
113 258.831709
114 246.029608
115 226.943768
116 212.219706
117 194.706460
118 180.058554
119 166.034371
120 156.294581
121 141.498080
122 123.115306
123 117.651152
124 108.206247
125 102.103037
126 93.132768
127 87.255060
128 77.972578
129 71.007414
130 67.360910
131 64.390164
132 58.143688
133 55.253182
134 51.532636
135 46.654709
136 42.714437
137 39.188225
138 37.489662
139 34.993057
140 31.327650
141 29.403753
142 26.825756
143 25.234960
144 23.529746
145 20.911466
146 19.357891
147 18.120436
148 16.446214
149 15.628252
150 14.555542
151 13.521332
152 12.389948
153 11.470976
154 10.827954
155 10.121126
156 9.423557
157 8.831766
158 8.134492
159 7.650767
160 7.235587
161 6.806411
162 6.362812
163 5.924887
164 5.527033
165 5.168366
166 4.891605
167 4.625101
168 4.333878
169 3.999041
170 3.735478
171 3.513280
172 3.283353
173 3.018734
174 2.786393
175 2.608962
176 2.489340
177 2.342647
178 2.146252
179 1.939108
180 1.832539
181 1.719857
182 1.607796
183 1.464944
184 1.398801
185 1.300529
186 1.219172
187 1.154459
188 1.086035
189 1.031351
190 0.981648
191 0.903359
192 0.861183
193 0.806414
194 0.753665
195 0.693046
196 0.635262
197 0.609330
198 0.569011
199 0.543572
200 0.495980
201 0.469900
202 0.437937
203 0.411606
204 0.389978
205 0.362359
206 0.339965
207 0.320623
208 0.309271
209 0.291093
210 0.272394
211 0.256936
212 0.244913
213 0.230348
214 0.214758
215 0.203522
216 0.189284
217 0.179245
218 0.169574
219 0.161952
220 0.153608
221 0.143446
222 0.134772
223 0.128388
224 0.122054
225 0.115442
226 0.110306
227 0.104225
228 0.098434
229 0.093700
230 0.088553
231 0.083977
232 0.079816
233 0.075296
234 0.072833
235 0.069061
236 0.064665
237 0.060157
238 0.055667
239 0.053089
240 0.050581
241 0.047926
242 0.044478
243 0.041401
244 0.039392
245 0.037348
246 0.035281
247 0.034239
248 0.032595
249 0.031001
250 0.029615
251 0.028254
252 0.027007
253 0.026022
254 0.024894
255 0.023943
256 0.023054
257 0.021916
258 0.021000
259 0.020132
260 0.019454
261 0.018263
262 0.017386
263 0.016671
264 0.016072
265 0.015259
266 0.014603
267 0.013823
268 0.013201
269 0.012679
270 0.012196
271 0.011731
272 0.011233
273 0.010740
274 0.010273
275 0.009787
276 0.009414
277 0.009048
278 0.008707
279 0.008295
280 0.007991
281 0.007686
282 0.007361
283 0.007099
284 0.006832
285 0.006554
286 0.006277
287 0.006049
288 0.005838
289 0.005660
290 0.005477
291 0.005293
292 0.005124
293 0.004990
294 0.004784
295 0.004638
296 0.004480
297 0.004320
298 0.004130
299 0.003989
300 0.003884
301 0.003775
302 0.003655
303 0.003566
304 0.003483
305 0.003394
306 0.003276
307 0.003182
308 0.003062
309 0.003001
310 0.002903
311 0.002832
312 0.002731
313 0.002662
314 0.002593
315 0.002518
316 0.002414
317 0.002369
318 0.002312
319 0.002244
320 0.002183
321 0.002118
322 0.002058
323 0.001993
324 0.001935
325 0.001894
326 0.001849
327 0.001799
328 0.001753
329 0.001717
330 0.001659
331 0.001634
332 0.001588
333 0.001534
334 0.001508
335 0.001477
336 0.001445
337 0.001413
338 0.001372
339 0.001346
340 0.001317
341 0.001285
342 0.001256
343 0.001234
344 0.001210
345 0.001183
346 0.001165
347 0.001144
348 0.001117
349 0.001085
350 0.001071
351 0.001052
352 0.001023
353 0.001003
354 0.000987
355 0.000968
356 0.000942
357 0.000928
358 0.000913
359 0.000898
360 0.000883
361 0.000870
362 0.000850
363 0.000833
364 0.000817
365 0.000805
366 0.000789
367 0.000776
368 0.000763
369 0.000748
370 0.000737
371 0.000726
372 0.000715
373 0.000704
374 0.000692
375 0.000680
376 0.000670
377 0.000661
378 0.000651
379 0.000643
380 0.000636
381 0.000625
382 0.000618
383 0.000608
384 0.000600
385 0.000592
386 0.000585
387 0.000578
388 0.000570
389 0.000563
390 0.000557
391 0.000549
392 0.000542
393 0.000535
394 0.000528
395 0.000519
396 0.000514
397 0.000506
398 0.000502
399 0.000496
400 0.000491
401 0.000484
402 0.000480
403 0.000474
404 0.000467
405 0.000461
406 0.000457
407 0.000452
408 0.000447
409 0.000443
410 0.000439
411 0.000434
412 0.000428
413 0.000425
414 0.000421
415 0.000416
416 0.000412
417 0.000407
418 0.000403
419 0.000399
420 0.000395
421 0.000391
422 0.000387
423 0.000383
424 0.000380
425 0.000377
426 0.000374
427 0.000370
428 0.000367
429 0.000364
430 0.000361
431 0.000358
432 0.000355
433 0.000352
434 0.000349
435 0.000346
436 0.000344
437 0.000341
438 0.000339
439 0.000336
440 0.000334
441 0.000331
442 0.000329
443 0.000327
444 0.000325
445 0.000323
446 0.000322
447 0.000320
448 0.000318
449 0.000316
450 0.000315
451 0.000312
452 0.000311
453 0.000309
454 0.000308
455 0.000306
456 0.000305
457 0.000304
458 0.000302
459 0.000301
460 0.000299
461 0.000298
462 0.000296
463 0.000295
464 0.000293
465 0.000293
466 0.000292
467 0.000290
468 0.000289
469 0.000288
470 0.000287
471 0.000286
472 0.000285
473 0.000285
474 0.000284
475 0.000283
476 0.000282
477 0.000282
478 0.000281
479 0.000280
480 0.000280
481 0.000279
482 0.000279
483 0.000278
484 0.000278
485 0.000277
486 0.000277
487 0.000276
488 0.000276
489 0.000276
490 0.000275
491 0.000275
492 0.000275
493 0.000275
494 0.000274
495 0.000274
496 0.000274
497 0.000274
498 0.000274
499 0.000274
500 0.000274
