1 61612239.598531
2 140439465.629232
3 261486184.531667
4 625543806.059409
5 1159943934.756941
6 2027504000.692201
7 2923663873.774684
8 5589137240.841694
9 5666759004.227181
10 9974828899.652786
11 9051421239.138449
12 9879728996.118395
13 18127788408.482243
14 36583872415.404236
15 47844231736.427864
16 71366346108.249557
17 106139668320.798172
18 181849673917.300049
19 365381601492.984741
20 509356951612.724854
21 776392107406.152710
22 1432183854017.840576
23 2486114792502.699219
24 3492065957444.504395
25 6740218280634.170898
26 5982258574801.583984
27 12324202125935.888672
28 21340701804253.457031
29 26100181671868.824219
30 33055825638283.386719
31 38785141370018.625000
32 57872774050434.578125
33 91021739871446.515625
34 107918358487739.000000
35 143514863041282.437500
36 182118362414457.625000
37 250508155235221.250000
38 255325854579285.343750
39 275060000703104.500000
40 453034342789187.437500
41 681528144561179.875000
42 1542985069336483.750000
43 2608505968344754.000000
44 2583903630493950.000000
45 2871748465151923.500000
46 2543770653366403.500000
47 3578888199876724.000000
48 3743773536382818.000000
49 3696666507356370.000000
50 6353917480852299.000000
51 7405401456055780.000000
52 9186840923501164.000000
53 7548616757429239.000000
54 9272623634271714.000000
55 12242153685734776.000000
56 10107962868587832.000000
57 20405296551566588.000000
58 34368164568396520.000000
59 41075578008066720.000000
60 28993579547041432.000000
61 26529056572875452.000000
62 36327197147552416.000000
63 31021168637790232.000000
64 57802171734537992.000000
65 33594208649121464.000000
66 59133397408505016.000000
67 69796029147016432.000000
68 76138237461078736.000000
69 101860553132446816.000000
70 53594719003324496.000000
71 61148140155918416.000000
72 73873063653425664.000000
73 63624844766131120.000000
74 69125563005232920.000000
75 125447371777555232.000000
76 104909088610514016.000000
77 105679364009418864.000000
78 194728235370065632.000000
79 132865879036982096.000000
80 204444228377364448.000000
81 160844885427485344.000000
82 140057801073969936.000000
83 108498954468553872.000000
84 190876257518967104.000000
85 166217339884033824.000000
86 249125316505695840.000000
87 257391852931292032.000000
88 165838898115048736.000000
89 258326692859411904.000000
90 353538878856147776.000000
91 374697984953707712.000000
92 314091615795001536.000000
93 399119031645703488.000000
94 549639437805875456.000000
95 472194102676109504.000000
96 418607384540169536.000000
97 503177275652504576.000000
98 418702793416273664.000000
99 489849459760475712.000000
100 344486156671347904.000000
101 473044585634772608.000000
102 441394284231501760.000000
103 409596276989029632.000000
104 562742458342513856.000000
105 549286797879464000.000000
106 672265474531868928.000000
107 882213997237051904.000000
108 794452238005204864.000000
109 654739872943732736.000000
110 650556476934847616.000000
111 767576245442640768.000000
112 797977531893292672.000000
113 968616932922382336.000000
114 768692324795552384.000000
115 691245282271959040.000000
116 593223757572466304.000000
117 598562453807763712.000000
118 856836985908711040.000000
119 1358079498903285504.000000
120 919245523536162560.000000
121 1300959191610667520.000000
122 1278983241753177600.000000
123 1168331438250833408.000000
124 614025752671768192.000000
125 797570230168055808.000000
126 934144472562965120.000000
127 703747246399506688.000000
128 564186804178875840.000000
129 545216885139637504.000000
130 575161043730204096.000000
131 520718081846628224.000000
132 490553627575982912.000000
133 616125370480967296.000000
134 668564848474214656.000000
135 531839831419759936.000000
136 464960172485682880.000000
137 480860650572123712.000000
138 367179570627104896.000000
139 428576871093250880.000000
140 235755478690726496.000000
141 183488767351462080.000000
142 154556555782075680.000000
143 108897440660220960.000000
144 133625716374883680.000000
145 98258025467799840.000000
146 60963283588298784.000000
147 66307077565479896.000000
148 78187293604068928.000000
149 63922281165562040.000000
150 48391084694189040.000000
151 46079448059938032.000000
152 56982202842676112.000000
153 31673514111258840.000000
154 30971511265062164.000000
155 32729660537788860.000000
156 34799648310024740.000000
157 22260161943406812.000000
158 19169536819520548.000000
159 20874159092312448.000000
160 10379317910403782.000000
161 6342201125999761.000000
162 7822329482031397.000000
163 8721657861225355.000000
164 4284873334694688.000000
165 4477884458933961.500000
166 4407473252009896.000000
167 1802215755090449.250000
168 2020220455443703.000000
169 2531648956894953.000000
170 1784409096837936.750000
171 1316741499881028.750000
172 1031647918309873.000000
173 823706110255531.625000
174 610987716324832.250000
175 509505872746478.062500
176 441439599007453.562500
177 394025942508696.250000
178 234823564930636.937500
179 170000639551679.562500
180 200719759013124.218750
181 139986646684904.640625
182 97062219353086.812500
183 56196965247561.476562
184 25161341650727.367188
185 26854095658263.585938
186 41566328537342.546875
187 33518968078369.722656
188 29410730080923.636719
189 23059983110945.707031
190 19327635510035.718750
191 10967379100577.156250
192 9504200950870.802734
193 6075861136434.346680
194 3238724342736.537109
195 2845682193029.423828
196 2156782984490.655762
197 1974993889372.955322
198 1701332024357.272705
199 1340973187989.619629
200 681959387904.275635
201 511177602203.435852
202 300919516748.812439
203 247821195674.768677
204 149941085494.571960
205 136585521360.885345
206 100023355151.651062
207 55115453344.754662
208 37617056228.041565
209 33692182788.567921
210 14867376302.761852
211 14987848503.219728
212 9837227321.201454
213 8003524701.434966
214 5271004532.253780
215 2862363018.465723
216 2386804079.113472
217 1989249783.480177
218 1063525204.382576
219 888837299.560789
220 434004559.335092
221 398083714.718332
222 288747942.932826
223 192216051.082084
224 176846482.657500
225 108000809.817648
226 77654596.179001
227 49330186.511422
228 28851921.581097
229 17944466.756524
230 15222416.216012
231 9405175.330683
232 6103822.969517
233 3352607.952984
234 2285055.370125
235 1497002.476919
236 983852.448700
237 698604.736396
238 488317.914323
239 360335.184771
240 249800.132830
241 122814.380348
242 98816.718879
243 58692.165989
244 29916.218401
245 23403.114913
246 13830.993815
247 11723.433781
248 7602.545545
249 5624.856788
250 3393.945153
251 2197.511559
252 1494.693846
253 800.561826
254 476.964475
255 366.033347
256 222.685258
257 169.297409
258 88.353217
259 60.656308
260 47.936575
261 27.537946
262 15.178829
263 8.622503
264 4.356649
265 2.286180
266 1.825978
267 0.892503
268 0.486104
269 0.305477
270 0.224710
271 0.123372
272 0.107484
273 0.094973
274 0.064989
275 0.038526
276 0.021493
277 0.014212
278 0.009677
279 0.006426
280 0.005013
281 0.003012
282 0.001594
283 0.001108
284 0.000629
285 0.000334
286 0.000193
287 0.000144
288 0.000092
289 0.000056
290 0.000033
291 0.000018
292 0.000007
293 0.000005
294 0.000002
295 0.000002
296 0.000001
297 0.000001
298 0.000000
299 0.000000
300 0.000000
301 0.000000
302 0.000000
303 0.000000
304 0.000000
305 0.000000
306 0.000000
307 0.000000
308 0.000000
309 0.000000
310 0.000000
311 0.000000
312 0.000000
313 0.000000
314 0.000000
315 0.000000
316 0.000000
317 0.000000
318 0.000000
319 0.000000
320 0.000000
321 0.000000
322 0.000000
323 0.000000
324 0.000000
325 0.000000
326 0.000000
327 0.000000
328 0.000000
329 0.000000
330 0.000000
331 0.000000
332 0.000000
333 0.000000
334 0.000000
335 0.000000
336 0.000000
337 0.000000
338 0.000000
339 0.000000
340 0.000000
341 0.000000
342 0.000000
343 0.000000
344 0.000000
345 0.000000
346 0.000000
347 0.000000
348 0.000000
349 0.000000
350 0.000000
351 0.000000
352 0.000000
353 0.000000
354 0.000000
355 0.000000
356 0.000000
357 0.000000
358 0.000000
359 0.000000
360 0.000000
361 0.000000
362 0.000000
363 0.000000
364 0.000000
365 0.000000
366 0.000000
367 0.000000
368 0.000000
369 0.000000
370 0.000000
371 0.000000
372 0.000000
373 0.000000
374 0.000000
375 0.000000
376 0.000000
377 0.000000
378 0.000000
379 0.000000
380 0.000000
381 0.000000
382 0.000000
383 0.000000
384 0.000000
385 0.000000
386 0.000000
387 0.000000
388 0.000000
389 0.000000
390 0.000000
391 0.000000
392 0.000000
393 0.000000
394 0.000000
395 0.000000
396 0.000000
397 0.000000
398 0.000000
399 0.000000
400 0.000000
401 0.000000
402 0.000000
403 0.000000
404 0.000000
405 0.000000
406 0.000000
407 0.000000
408 0.000000
409 0.000000
410 0.000000
411 0.000000
412 0.000000
413 0.000000
414 0.000000
415 0.000000
416 0.000000
417 0.000000
418 0.000000
419 0.000000
420 0.000000
421 0.000000
422 0.000000
423 0.000000
424 0.000000
425 0.000000
426 0.000000
427 0.000000
428 0.000000
429 0.000000
430 0.000000
431 0.000000
432 0.000000
433 0.000000
434 0.000000
435 0.000000
436 0.000000
437 0.000000
438 0.000000
439 0.000000
440 0.000000
441 0.000000
442 0.000000
443 0.000000
444 0.000000
445 0.000000
446 0.000000
447 0.000000
448 0.000000
449 0.000000
450 0.000000
451 0.000000
452 0.000000
453 0.000000
454 0.000000
455 0.000000
456 0.000000
457 0.000000
458 0.000000
459 0.000000
460 0.000000
461 0.000000
462 0.000000
463 0.000000
464 0.000000
465 0.000000
466 0.000000
467 0.000000
468 0.000000
469 0.000000
470 0.000000
471 0.000000
472 0.000000
473 0.000000
474 0.000000
475 0.000000
476 0.000000
477 0.000000
478 0.000000
479 0.000000
480 0.000000
481 0.000000
482 0.000000
483 0.000000
484 0.000000
485 0.000000
486 0.000000
487 0.000000
488 0.000000
489 0.000000
490 0.000000
491 0.000000
492 0.000000
493 0.000000
494 0.000000
495 0.000000
496 0.000000
497 0.000000
498 0.000000
499 0.000000
500 0.000000
