1 68710017.855965
2 158442030.130394
3 249009423.897803
4 414304821.861698
5 668053271.722405
6 1053492636.211460
7 3080400305.731074
8 5240171920.370625
9 8867889422.380335
10 12672463913.886440
11 16281448976.992937
12 23296858820.010960
13 49244968661.065422
14 73101034729.797699
15 125284216430.294785
16 136153115874.910126
17 229121385839.319580
18 313749289678.198730
19 528122282761.237671
20 1279372161062.960449
21 864425755264.325317
22 929679159631.030518
23 1414588335871.712158
24 2319873464187.629883
25 3636012368687.206055
26 6460274792809.396484
27 7366326812528.380859
28 14005445371990.304688
29 25031053133348.156250
30 22174363522222.121094
31 40711067228712.609375
32 32873047070930.632812
33 52894368980427.375000
34 84457683633219.593750
35 150382941697045.375000
36 139692894318483.421875
37 180695743866220.875000
38 115264491251399.078125
39 199516904133432.125000
40 308120002186158.375000
41 253463742969830.093750
42 598895714632104.250000
43 472934143173163.250000
44 564735375829193.375000
45 1302177620968185.750000
46 1502222097946377.000000
47 1206765145467655.500000
48 772140450208879.500000
49 1545341562380117.250000
50 1200543040299525.000000
51 1682933186399996.000000
52 2639871923071549.000000
53 3407793198528130.000000
54 2850029102681936.000000
55 4740590069977088.000000
56 5526468317372260.000000
57 4217835673207221.500000
58 8156442106854659.000000
59 9865890609377194.000000
60 12762377215848490.000000
61 12076143297992996.000000
62 17275801824753482.000000
63 22134944638626624.000000
64 34573986827979916.000000
65 39372185278032408.000000
66 44074373588648528.000000
67 64200819289200144.000000
68 57358240445960592.000000
69 62513851540239552.000000
70 58335620160912760.000000
71 94017231385615728.000000
72 98922830901927952.000000
73 125137951876677696.000000
74 138056313129673088.000000
75 159488824210615936.000000
76 157896631884411296.000000
77 150762214365211840.000000
78 237598529490727392.000000
79 313093269674647232.000000
80 353890393779602752.000000
81 433376751682688128.000000
82 302711542235070528.000000
83 351042609975470528.000000
84 240379420088338272.000000
85 407809227943288128.000000
86 383260384686632192.000000
87 433025693057689088.000000
88 478017909074882944.000000
89 638269560675326336.000000
90 525761457385283520.000000
91 638497361962426240.000000
92 660277598677547648.000000
93 909227104588326784.000000
94 609284861425539072.000000
95 763371422821597952.000000
96 908812975776135040.000000
97 1271998396532803328.000000
98 686391722268952832.000000
99 705654411152342400.000000
100 686919533465171456.000000
101 816316961711949568.000000
102 1421170812106246656.000000
103 1078388401850885248.000000
104 1454902237456028928.000000
105 1192739829825779712.000000
106 1151228559588125696.000000
107 1527531456211507456.000000
108 833039534797596416.000000
109 974235151839643136.000000
110 864852939959795200.000000
111 589424678264381824.000000
112 502278476321700352.000000
113 526592043010477888.000000
114 672203582293617408.000000
115 386162011570856128.000000
116 369443589238831424.000000
117 392455880455024832.000000
118 362531647421549888.000000
119 290645226963854080.000000
120 294186823887875840.000000
121 221701846189795936.000000
122 112234721646600976.000000
123 192105029133603808.000000
124 173441704594074240.000000
125 159650155990559072.000000
126 209353647717962912.000000
127 144392639339014528.000000
128 119403539794676464.000000
129 190653354281564320.000000
130 156056413196232096.000000
131 186791138225542880.000000
132 200033093533798464.000000
133 139793651634258448.000000
134 109171243708284288.000000
135 103041413957605664.000000
136 138422991151661088.000000
137 148954395268205056.000000
138 85199430875033872.000000
139 98762513015822896.000000
140 86865442726580176.000000
141 63070661164637768.000000
142 61843058760238336.000000
143 53425891130650048.000000
144 33435323453785740.000000
145 24178041060460452.000000
146 25779916405693448.000000
147 15196425111518572.000000
148 11540388092430272.000000
149 10318072326779324.000000
150 9170047888578556.000000
151 10359222493348770.000000
152 6456670642931364.000000
153 4981804330791920.000000
154 3870812596788429.500000
155 4442065673835712.000000
156 4402000794743773.000000
157 3267295666010270.000000
158 3686260549129618.500000
159 2945083414485504.500000
160 2214695369137655.000000
161 1853924744355841.000000
162 1650943824684193.500000
163 1178657612686853.500000
164 861020280332731.625000
165 489116106326757.062500
166 353379541172532.812500
167 359872605241129.500000
168 257185119917539.937500
169 152155959757227.000000
170 108867424793674.375000
171 91348484744847.921875
172 78993398782228.531250
173 62691462687346.554688
174 53941408120134.367188
175 37618611923634.828125
176 39048805663886.148438
177 38855286129134.648438
178 26238984690398.367188
179 19810042985770.292969
180 15911124702644.279297
181 9797278515708.984375
182 6882714991938.663086
183 7037807596261.200195
184 5011997449427.001953
185 3859869147477.896973
186 2914197696810.519531
187 2270022969618.053711
188 1593846149579.128174
189 1039704797455.356079
190 912349025899.774292
191 699314757636.147705
192 390348146378.598267
193 281261699892.933777
194 223538049806.717072
195 136968725660.989792
196 107817770851.159149
197 88929734956.821732
198 47959978955.411087
199 42112661704.762299
200 34963377732.793549
201 25455727660.284653
202 25500342809.720879
203 16844716255.410385
204 13029952192.441534
205 9115203726.716122
206 6915538725.649231
207 3725137310.536841
208 2374897641.878535
209 2643818856.359439
210 1297052345.364682
211 576379423.170224
212 314769588.376168
213 260903458.875839
214 179212365.983642
215 137205231.182858
216 71421660.234613
217 62862109.961547
218 41483624.045125
219 23925414.675141
220 17542537.829981
221 13950822.542865
222 6749774.551241
223 5332958.484082
224 3694288.980951
225 2477648.378206
226 2298123.710539
227 1430438.010695
228 1036042.557437
229 787157.735291
230 422414.269797
231 248490.457992
232 181135.016653
233 131862.987545
234 97251.805567
235 54845.559071
236 36030.676706
237 24692.840375
238 14251.702891
239 8981.280908
240 6142.934228
241 3239.511778
242 1793.424700
243 1271.553456
244 996.502762
245 589.378341
246 586.103648
247 286.968501
248 171.144647
249 123.631885
250 87.278336
251 57.104582
252 31.374101
253 16.876295
254 13.016425
255 6.702899
256 5.007069
257 3.109823
258 2.615473
259 1.341781
260 0.849970
261 0.546144
262 0.356332
263 0.211404
264 0.175358
265 0.111785
266 0.067356
267 0.036435
268 0.024848
269 0.014745
270 0.007295
271 0.004663
272 0.003077
273 0.001924
274 0.001227
275 0.000779
276 0.000539
277 0.000276
278 0.000179
279 0.000111
280 0.000071
281 0.000041
282 0.000026
283 0.000019
284 0.000011
285 0.000007
286 0.000004
287 0.000002
288 0.000002
289 0.000001
290 0.000001
291 0.000000
292 0.000000
293 0.000000
294 0.000000
295 0.000000
296 0.000000
297 0.000000
298 0.000000
299 0.000000
300 0.000000
301 0.000000
302 0.000000
303 0.000000
304 0.000000
305 0.000000
306 0.000000
307 0.000000
308 0.000000
309 0.000000
310 0.000000
311 0.000000
312 0.000000
313 0.000000
314 0.000000
315 0.000000
316 0.000000
317 0.000000
318 0.000000
319 0.000000
320 0.000000
321 0.000000
322 0.000000
323 0.000000
324 0.000000
325 0.000000
326 0.000000
327 0.000000
328 0.000000
329 0.000000
330 0.000000
331 0.000000
332 0.000000
333 0.000000
334 0.000000
335 0.000000
336 0.000000
337 0.000000
338 0.000000
339 0.000000
340 0.000000
341 0.000000
342 0.000000
343 0.000000
344 0.000000
345 0.000000
346 0.000000
347 0.000000
348 0.000000
349 0.000000
350 0.000000
351 0.000000
352 0.000000
353 0.000000
354 0.000000
355 0.000000
356 0.000000
357 0.000000
358 0.000000
359 0.000000
360 0.000000
361 0.000000
362 0.000000
363 0.000000
364 0.000000
365 0.000000
366 0.000000
367 0.000000
368 0.000000
369 0.000000
370 0.000000
371 0.000000
372 0.000000
373 0.000000
374 0.000000
375 0.000000
376 0.000000
377 0.000000
378 0.000000
379 0.000000
380 0.000000
381 0.000000
382 0.000000
383 0.000000
384 0.000000
385 0.000000
386 0.000000
387 0.000000
388 0.000000
389 0.000000
390 0.000000
391 0.000000
392 0.000000
393 0.000000
394 0.000000
395 0.000000
396 0.000000
397 0.000000
398 0.000000
399 0.000000
400 0.000000
401 0.000000
402 0.000000
403 0.000000
404 0.000000
405 0.000000
406 0.000000
407 0.000000
408 0.000000
409 0.000000
410 0.000000
411 0.000000
412 0.000000
413 0.000000
414 0.000000
415 0.000000
416 0.000000
417 0.000000
418 0.000000
419 0.000000
420 0.000000
421 0.000000
422 0.000000
423 0.000000
424 0.000000
425 0.000000
426 0.000000
427 0.000000
428 0.000000
429 0.000000
430 0.000000
431 0.000000
432 0.000000
433 0.000000
434 0.000000
435 0.000000
436 0.000000
437 0.000000
438 0.000000
439 0.000000
440 0.000000
441 0.000000
442 0.000000
443 0.000000
444 0.000000
445 0.000000
446 0.000000
447 0.000000
448 0.000000
449 0.000000
450 0.000000
451 0.000000
452 0.000000
453 0.000000
454 0.000000
455 0.000000
456 0.000000
457 0.000000
458 0.000000
459 0.000000
460 0.000000
461 0.000000
462 0.000000
463 0.000000
464 0.000000
465 0.000000
466 0.000000
467 0.000000
468 0.000000
469 0.000000
470 0.000000
471 0.000000
472 0.000000
473 0.000000
474 0.000000
475 0.000000
476 0.000000
477 0.000000
478 0.000000
479 0.000000
480 0.000000
481 0.000000
482 0.000000
483 0.000000
484 0.000000
485 0.000000
486 0.000000
487 0.000000
488 0.000000
489 0.000000
490 0.000000
491 0.000000
492 0.000000
493 0.000000
494 0.000000
495 0.000000
496 0.000000
497 0.000000
498 0.000000
499 0.000000
500 0.000000
