1 inf
2 inf
3 inf
4 inf
5 inf
6 inf
7 inf
8 inf
9 inf
10 inf
11 inf
12 inf
13 inf
14 inf
15 inf
16 inf
17 inf
18 inf
19 inf
20 inf
21 inf
22 inf
23 inf
24 inf
25 inf
26 inf
27 inf
28 inf
29 inf
30 inf
31 inf
32 inf
33 inf
34 inf
35 inf
36 inf
37 inf
38 inf
39 inf
40 inf
41 inf
42 inf
43 inf
44 inf
45 inf
46 inf
47 inf
48 inf
49 inf
50 inf
51 inf
52 inf
53 inf
54 inf
55 inf
56 inf
57 inf
58 inf
59 inf
60 inf
61 inf
62 inf
63 inf
64 inf
65 inf
66 inf
67 inf
68 inf
69 17526211673517155069693528616136578550721696663468216567722985574147448317421081795999550524650849843656827630911662966903848126598855227228865143033942849035499247259353207039502491869470696409580550274205735670390701002749578331103911693872548854947416548520849970360756964225626144768.000000
70 4174683031881296035063438354970197988853276466305178529657141190171264863592636469799302985904884552694703676641712234174669515939405953964269905037300933039262412697185477882801238937561956323544432506007722225119197489400972952017165593864044544.000000
71 11259593199302619778517564450296914607255526814616300453383819929710507452206578427957397932813032271038090245226314452092967512032196683182391038812166987637711641881684567369617389908457727332382887603456704512.000000
72 827902581689055111574233051958763872977262517306266969109727684902827337268040464293723715235103298274584504175863003509866892121751505469146374670043352896800665558310715392.000000
73 121880495504141577895216543928406806482653288846024289940731558271830425532563687733485871474582342383910261151220430223384751772308340736.000000
74 46047842355583582068339089551660578261315915808484822627388132849948911339607916494831004025076343373824.000000
75 78150477328233795373895122704818999775758965848561889965309331766725574656.000000
76 7228907343621061544638685152303644672.000000
77 54563346598210.726562
78 58787.934377
79 46798.498737
80 37756.789109
81 32052.485439
82 27910.737517
83 24600.263333
84 22334.230081
85 19164.903354
86 16278.894481
87 14752.970908
88 13312.151039
89 11698.144381
90 10491.935270
91 9652.714564
92 8636.940090
93 8044.228576
94 7334.710213
95 6449.387472
96 5821.453550
97 5455.352980
98 4798.930148
99 4370.415529
100 4077.280662
101 3674.916823
102 3386.772793
103 3165.645673
104 2968.280413
105 2725.371785
106 2549.593668
107 2317.588780
108 2140.690313
109 1945.720358
110 1778.101959
111 1607.137197
112 1482.672940
113 1375.342991
114 1254.041270
115 1161.168620
116 1081.493329
117 999.190410
118 928.345939
119 865.280787
120 792.510930
121 740.223720
122 681.139801
123 635.079281
124 591.193827
125 556.503952
126 514.333119
127 478.778086
128 447.957188
129 422.326944
130 391.087794
131 366.998152
132 338.896436
133 320.448041
134 298.249091
135 275.491267
136 256.347022
137 238.968010
138 225.460666
139 206.137857
140 194.668236
141 183.226300
142 172.814559
143 163.468350
144 153.445035
145 142.057741
146 131.971840
147 124.943206
148 116.637514
149 111.136671
150 103.599365
151 98.303200
152 92.115991
153 85.333114
154 79.145902
155 73.640974
156 69.027769
157 65.134349
158 61.350037
159 58.152498
160 54.818609
161 51.842314
162 48.765645
163 45.841630
164 42.656211
165 40.943891
166 38.778984
167 37.138447
168 34.543438
169 32.808179
170 30.707288
171 29.443159
172 27.683055
173 26.236273
174 24.820935
175 23.508578
176 22.098180
177 21.105809
178 19.931204
179 19.100800
180 18.118315
181 17.211123
182 16.358393
183 15.601302
184 14.631368
185 13.980516
186 13.414725
187 12.820920
188 12.133539
189 11.538850
190 11.000940
191 10.396756
192 9.900484
193 9.371621
194 9.024409
195 8.643494
196 8.208417
197 7.902443
198 7.571858
199 7.268688
200 6.999777
201 6.660367
202 6.321944
203 6.065720
204 5.827087
205 5.533739
206 5.357980
207 5.150923
208 4.892578
209 4.712911
210 4.508502
211 4.326927
212 4.143096
213 3.997076
214 3.831359
215 3.687983
216 3.492297
217 3.347521
218 3.208708
219 3.106617
220 2.978878
221 2.869732
222 2.766919
223 2.672186
224 2.567923
225 2.493088
226 2.403118
227 2.296353
228 2.231839
229 2.150759
230 2.080297
231 2.016203
232 1.935515
233 1.884015
234 1.803134
235 1.744402
236 1.676720
237 1.613151
238 1.548707
239 1.514548
240 1.466179
241 1.410076
242 1.362705
243 1.326704
244 1.280206
245 1.241620
246 1.202576
247 1.170125
248 1.124955
249 1.091999
250 1.067826
251 1.030515
252 0.998969
253 0.968105
254 0.943252
255 0.908459
256 0.886145
257 0.856123
258 0.828241
259 0.809415
260 0.785612
261 0.762508
262 0.744575
263 0.722900
264 0.707192
265 0.686444
266 0.666782
267 0.647881
268 0.628460
269 0.613931
270 0.597340
271 0.582556
272 0.568309
273 0.550426
274 0.536916
275 0.525664
276 0.513514
277 0.502517
278 0.490154
279 0.478999
280 0.468523
281 0.456803
282 0.445134
283 0.435203
284 0.423362
285 0.412640
286 0.403902
287 0.394718
288 0.385466
289 0.378419
290 0.371033
291 0.363792
292 0.352527
293 0.346435
294 0.337578
295 0.330301
296 0.323842
297 0.317059
298 0.309315
299 0.303163
300 0.296691
301 0.290459
302 0.283831
303 0.278012
304 0.272106
305 0.266865
306 0.261084
307 0.255353
308 0.250626
309 0.245762
310 0.241219
311 0.235963
312 0.230233
313 0.226463
314 0.221482
315 0.217484
316 0.213424
317 0.209721
318 0.205690
319 0.202179
320 0.198381
321 0.194978
322 0.190917
323 0.187779
324 0.184984
325 0.182080
326 0.178683
327 0.175885
328 0.172737
329 0.170106
330 0.167314
331 0.164786
332 0.162301
333 0.159398
334 0.157048
335 0.154360
336 0.151685
337 0.149840
338 0.147661
339 0.145360
340 0.143034
341 0.140846
342 0.138721
343 0.136601
344 0.134413
345 0.132216
346 0.130437
347 0.128271
348 0.126690
349 0.124782
350 0.122600
351 0.120617
352 0.119253
353 0.117550
354 0.115872
355 0.114451
356 0.113148
357 0.111485
358 0.109943
359 0.108678
360 0.107270
361 0.105904
362 0.104603
363 0.103020
364 0.101878
365 0.100710
366 0.099327
367 0.098299
368 0.097074
369 0.095818
370 0.094700
371 0.093732
372 0.092525
373 0.091507
374 0.090349
375 0.089488
376 0.087999
377 0.087018
378 0.086204
379 0.085047
380 0.084100
381 0.083301
382 0.082324
383 0.081499
384 0.080538
385 0.079612
386 0.078859
387 0.077983
388 0.077312
389 0.076503
390 0.075753
391 0.075102
392 0.074293
393 0.073638
394 0.072866
395 0.072090
396 0.071447
397 0.070719
398 0.070184
399 0.069415
400 0.068886
401 0.068342
402 0.067723
403 0.067207
404 0.066453
405 0.066050
406 0.065570
407 0.064794
408 0.064417
409 0.063847
410 0.063303
411 0.062802
412 0.062325
413 0.061703
414 0.061310
415 0.060867
416 0.060386
417 0.059954
418 0.059487
419 0.059104
420 0.058664
421 0.058271
422 0.057887
423 0.057551
424 0.057173
425 0.056816
426 0.056483
427 0.056038
428 0.055794
429 0.055453
430 0.055143
431 0.054799
432 0.054478
433 0.054148
434 0.053800
435 0.053518
436 0.053232
437 0.052957
438 0.052615
439 0.052377
440 0.052074
441 0.051803
442 0.051581
443 0.051317
444 0.051055
445 0.050865
446 0.050653
447 0.050416
448 0.050177
449 0.049969
450 0.049751
451 0.049496
452 0.049283
453 0.049116
454 0.048917
455 0.048746
456 0.048547
457 0.048349
458 0.048173
459 0.047973
460 0.047781
461 0.047658
462 0.047475
463 0.047342
464 0.047192
465 0.047056
466 0.046920
467 0.046762
468 0.046633
469 0.046489
470 0.046353
471 0.046267
472 0.046147
473 0.046038
474 0.045917
475 0.045843
476 0.045746
477 0.045661
478 0.045575
479 0.045487
480 0.045415
481 0.045331
482 0.045257
483 0.045177
484 0.045129
485 0.045070
486 0.045015
487 0.044955
488 0.044914
489 0.044874
490 0.044836
491 0.044802
492 0.044769
493 0.044744
494 0.044717
495 0.044692
496 0.044672
497 0.044658
498 0.044648
499 0.044642
500 0.044638
1 inf
2 inf
3 inf
4 inf
5 inf
6 inf
7 inf
8 inf
9 inf
10 inf
11 inf
12 inf
13 inf
14 inf
15 inf
16 inf
17 inf
18 inf
19 inf
20 inf
21 inf
22 inf
23 inf
24 inf
25 inf
26 inf
27 inf
28 inf
29 inf
30 inf
31 inf
32 inf
33 inf
34 inf
35 inf
36 inf
37 inf
38 inf
39 inf
40 inf
41 inf
42 inf
43 inf
44 inf
45 inf
46 inf
47 inf
48 inf
49 inf
50 inf
51 inf
52 inf
53 inf
54 inf
55 inf
56 inf
57 inf
58 inf
59 inf
60 inf
61 inf
62 inf
63 inf
64 inf
65 inf
66 inf
67 inf
68 inf
69 inf
70 inf
71 inf
72 inf
73 38557659498885316577795183694781840976347101553831674245376975820328081084018637791330656554889380079641232319251600198792397523848370396787005367233290312038340211582418755504280779378480467620975829641545953179693549159590798859607942575150170511433870631362749216061394982979764224.000000
74 19048549288755658799768421050174729473530165049054698470220136382123592246269286867706034660276232689006823412943539827328325673685451322931417503127798781994844210779407303263822002073100507779450380884679817310727696779363401921103138914304.000000
75 171641008642891721567988183484398901848911123797911148907052882514359989318606728303157146220585976290482512431102317726527037607577428626008044879861877386671066079025096673379356546215834835212367506754218936500224.000000
76 1275641958069771749757076211872546450774960613035472099462790394280055003809825523649701992501197388189530615421755155595595217740258656635551326674913086214439521996511933104128.000000
77 300850193208905827690800961334390183073912828025620742626863482864047422993048822329389817619655283459133803122326169312853000509333316334060711557877202944.000000
78 33227346884713788168811968410612878320110069347285151842797786851977219316691311045530816352888192721375149372790394776132977164288.000000
79 5477681226568894590684473777967688864760574837294520431217016139009502684637221922844219033505497088.000000
80 384573333510447834380671778814284785324107786160336931610261716992.000000
81 2503060907781827696062946767852814729216.000000
82 97929.782719
83 49586.163730
84 42679.864509
85 36302.880424
86 32317.833683
87 28223.791979
88 24995.613513
89 22204.137435
90 19355.253931
91 17490.787118
92 15528.237381
93 13445.743122
94 12121.549682
95 11060.509777
96 10208.945998
97 9185.148468
98 8395.809499
99 7539.851608
100 6864.237521
101 6274.534347
102 5817.383819
103 5343.672177
104 4959.487420
105 4473.237565
106 4116.970254
107 3747.990629
108 3514.217604
109 3150.468074
110 2865.762896
111 2625.367428
112 2468.495057
113 2261.631321
114 2091.626393
115 1963.284538
116 1824.852686
117 1664.520833
118 1527.329669
119 1418.491274
120 1315.146308
121 1193.609869
122 1115.875715
123 1044.777087
124 981.358699
125 908.639289
126 849.862877
127 791.260691
128 745.800320
129 687.660444
130 643.515020
131 602.125363
132 558.759566
133 520.306116
134 488.826213
135 459.148619
136 421.394368
137 397.265882
138 372.063344
139 348.492175
140 325.222168
141 304.064399
142 284.685389
143 267.100871
144 246.682091
145 233.598481
146 218.739750
147 204.872612
148 191.931182
149 178.612027
150 165.724668
151 157.827241
152 146.205350
153 133.515457
154 126.619339
155 116.047831
156 111.236865
157 104.649090
158 98.907651
159 93.712419
160 88.178220
161 83.107795
162 78.468165
163 73.816197
164 70.766370
165 67.113508
166 62.795937
167 57.747050
168 55.704899
169 52.318401
170 48.227630
171 46.677358
172 43.419329
173 40.764447
174 38.899200
175 36.655271
176 34.414907
177 32.296944
178 30.399481
179 29.146663
180 27.516311
181 26.055590
182 24.919232
183 23.574167
184 22.141780
185 21.185501
186 19.945488
187 18.778988
188 17.689055
189 16.700146
190 16.091979
191 15.279501
192 14.476854
193 13.708012
194 13.184369
195 12.644047
196 12.030505
197 11.424866
198 10.887326
199 10.220711
200 9.786125
201 9.368818
202 8.876107
203 8.538994
204 8.112306
205 7.769685
206 7.495970
207 7.153426
208 6.863603
209 6.620808
210 6.331040
211 6.030795
212 5.802376
213 5.612988
214 5.355679
215 5.125403
216 4.944777
217 4.767205
218 4.617286
219 4.406667
220 4.236357
221 4.085607
222 3.923363
223 3.785149
224 3.637366
225 3.499791
226 3.387045
227 3.231232
228 3.144714
229 3.043411
230 2.933973
231 2.823563
232 2.728933
233 2.643189
234 2.544198
235 2.477162
236 2.394374
237 2.323016
238 2.240547
239 2.169280
240 2.099754
241 2.031688
242 1.966212
243 1.892942
244 1.817450
245 1.762966
246 1.710007
247 1.655560
248 1.605150
249 1.556226
250 1.521345
251 1.472425
252 1.425772
253 1.387196
254 1.338995
255 1.303116
256 1.266882
257 1.218562
258 1.191605
259 1.158870
260 1.119838
261 1.085911
262 1.058707
263 1.027471
264 1.002684
265 0.971135
266 0.948446
267 0.919988
268 0.899117
269 0.870977
270 0.848276
271 0.825421
272 0.806895
273 0.786705
274 0.761506
275 0.747266
276 0.731307
277 0.714710
278 0.692842
279 0.677736
280 0.661965
281 0.646589
282 0.630491
283 0.614590
284 0.601320
285 0.589751
286 0.577029
287 0.562844
288 0.552834
289 0.540965
290 0.529873
291 0.519152
292 0.509140
293 0.497909
294 0.487784
295 0.473830
296 0.464758
297 0.455008
298 0.442895
299 0.435168
300 0.424817
301 0.415749
302 0.408228
303 0.401804
304 0.392850
305 0.384059
306 0.377648
307 0.370527
308 0.363196
309 0.356087
310 0.349160
311 0.342386
312 0.336371
313 0.329557
314 0.322150
315 0.316292
316 0.310991
317 0.305702
318 0.299723
319 0.294466
320 0.288822
321 0.282851
322 0.279165
323 0.273937
324 0.269450
325 0.264532
326 0.260074
327 0.256121
328 0.252339
329 0.246455
330 0.242988
331 0.238908
332 0.235436
333 0.230761
334 0.227236
335 0.223502
336 0.218946
337 0.215567
338 0.212718
339 0.209544
340 0.206334
341 0.203316
342 0.199967
343 0.197506
344 0.194545
345 0.191676
346 0.189224
347 0.186554
348 0.183564
349 0.181180
350 0.178732
351 0.175345
352 0.173830
353 0.171265
354 0.168597
355 0.166570
356 0.163991
357 0.161803
358 0.159176
359 0.157236
360 0.155109
361 0.152878
362 0.150830
363 0.148833
364 0.146764
365 0.144517
366 0.142729
367 0.141376
368 0.139646
369 0.137201
370 0.135911
371 0.134233
372 0.132399
373 0.131377
374 0.129742
375 0.128201
376 0.126833
377 0.125260
378 0.123953
379 0.122485
380 0.121385
381 0.119957
382 0.118829
383 0.117649
384 0.116406
385 0.115359
386 0.114101
387 0.112882
388 0.111859
389 0.110801
390 0.109621
391 0.108514
392 0.107394
393 0.106276
394 0.105393
395 0.104427
396 0.103467
397 0.102417
398 0.101502
399 0.100465
400 0.099498
401 0.098590
402 0.097857
403 0.097002
404 0.096175
405 0.095396
406 0.094512
407 0.093843
408 0.093117
409 0.092329
410 0.091593
411 0.090864
412 0.090239
413 0.089525
414 0.088903
415 0.088229
416 0.087619
417 0.086960
418 0.086310
419 0.085695
420 0.085015
421 0.084386
422 0.083845
423 0.083246
424 0.082733
425 0.082147
426 0.081635
427 0.081098
428 0.080619
429 0.080099
430 0.079612
431 0.079081
432 0.078591
433 0.078184
434 0.077726
435 0.077258
436 0.076871
437 0.076448
438 0.076004
439 0.075581
440 0.075232
441 0.074902
442 0.074519
443 0.074136
444 0.073766
445 0.073477
446 0.073119
447 0.072801
448 0.072419
449 0.072118
450 0.071756
451 0.071427
452 0.071101
453 0.070793
454 0.070501
455 0.070230
456 0.069953
457 0.069704
458 0.069476
459 0.069244
460 0.069045
461 0.068800
462 0.068554
463 0.068356
464 0.068119
465 0.067938
466 0.067738
467 0.067562
468 0.067355
469 0.067206
470 0.067041
471 0.066883
472 0.066717
473 0.066544
474 0.066390
475 0.066253
476 0.066115
477 0.065997
478 0.065875
479 0.065767
480 0.065656
481 0.065529
482 0.065419
483 0.065316
484 0.065224
485 0.065143
486 0.065063
487 0.064982
488 0.064926
489 0.064848
490 0.064796
491 0.064748
492 0.064701
493 0.064660
494 0.064630
495 0.064595
496 0.064564
497 0.064546
498 0.064528
499 0.064519
500 0.064514
