1 4368077.126965
2 10971852.896080
3 18908808.372396
4 42253516.429898
5 72190648.977314
6 102642523.834976
7 133317380.504865
8 258524004.723130
9 371424985.851273
10 505523001.717451
11 314300817.793049
12 987423866.493048
13 1015608272.874840
14 1622761731.525408
15 2636159356.000779
16 2269985498.007384
17 4933519990.134837
18 8493014577.239600
19 11352532189.305017
20 11909008999.565340
21 17707529691.838089
22 20649295990.256790
23 32539230608.993645
24 54815276819.743805
25 80829822690.980698
26 70656179515.647705
27 110906284890.164368
28 114556720824.233414
29 262446227291.924774
30 369948405294.062622
31 354351198545.001282
32 344724187304.430786
33 613990841563.604370
34 651842206832.756714
35 750673234904.070557
36 570523569741.441040
37 1263665607507.780029
38 1908997151824.150635
39 3251757946212.998047
40 3088220382008.945801
41 3959168750668.729980
42 4537905898568.408203
43 7408370203158.862305
44 7217200107492.547852
45 10092551377851.031250
46 14502040638670.894531
47 17215683730517.144531
48 24010463007577.519531
49 16468579349444.349609
50 34110211000454.203125
51 31228423766917.015625
52 41498641990518.531250
53 42496753846096.070312
54 46538242404273.671875
55 83041094178789.843750
56 98189666722795.156250
57 120608565532925.781250
58 103515764783235.296875
59 130861192522303.171875
60 148114022419168.531250
61 191317978940249.531250
62 134761738414689.265625
63 169523946278271.562500
64 157828005247815.437500
65 148600800037784.000000
66 217327645355147.531250
67 216322584150902.968750
68 235822737175309.156250
69 202175752025486.750000
70 212233352460671.312500
71 249921787238937.281250
72 277642750642857.468750
73 286301626694968.937500
74 319383953729844.500000
75 494928443480421.125000
76 336165825814816.250000
77 406910881114349.625000
78 302774335628518.937500
79 274072358672805.031250
80 277994193398946.281250
81 298886722169191.625000
82 430796844535892.562500
83 412069294777966.812500
84 390609739933028.750000
85 413751604689470.312500
86 391380904498089.750000
87 285074833780172.375000
88 370401461090280.625000
89 295280837202495.500000
90 203850325449000.375000
91 364078284584227.250000
92 340586656401098.125000
93 231180610486440.343750
94 328892065516976.187500
95 316852220470183.687500
96 323138703834148.187500
97 375318280412098.875000
98 238224646084175.218750
99 216627552860226.437500
100 187113129719142.718750
101 94811199441534.218750
102 106919965574319.296875
103 52164183733583.218750
104 56363551746905.882812
105 49354184826208.117188
106 52461528740982.437500
107 30067396340198.390625
108 30442495239598.839844
109 34917476475317.429688
110 21972710762874.906250
111 14082462688676.824219
112 13318355565216.632812
113 9482387829904.972656
114 6780477533650.616211
115 9953656917426.599609
116 9275018418140.218750
117 5490458833428.385742
118 4927743280630.823242
119 6020174180959.182617
120 4231049596691.210938
121 4105290567337.789062
122 5834241046849.875000
123 3911860685767.928223
124 3200666135366.418457
125 3718682266591.740234
126 2616974461071.881348
127 2443790449877.783691
128 3106530488629.211426
129 2187975520646.729736
130 2145486589491.794922
131 1369352630210.243652
132 1435425336490.182861
133 794266303932.101807
134 916280678634.312622
135 781912224294.057617
136 934147526233.926758
137 648459088767.182007
138 420691740408.293213
139 296708622152.762817
140 371749463796.202393
141 452000087199.489624
142 311718185766.321289
143 461711310763.720154
144 144773794578.630066
145 114137582130.635605
146 112352105734.652542
147 113061988311.311981
148 107618094675.087418
149 95544918316.852615
150 85597325900.412048
151 83092394761.044495
152 78128724806.710434
153 85195328549.242126
154 66463642900.953835
155 41152126000.554153
156 36692317677.044212
157 21224682187.610760
158 19723277383.853165
159 16989407813.910156
160 13166101105.822258
161 8990475466.000889
162 4661968703.012751
163 3483142003.536024
164 2383648380.100427
165 2065748181.342559
166 1469029792.107132
167 1032906453.560805
168 689126628.076157
169 444090283.365356
170 309734887.253161
171 218340000.738433
172 152743777.310878
173 107348869.903012
174 103824822.706607
175 102923416.056826
176 69581935.344852
177 67263143.056094
178 44284125.241479
179 31388411.639300
180 23918730.957874
181 19065802.725808
182 13292323.109565
183 10781403.210381
184 8717866.633652
185 4736375.938409
186 3977536.495247
187 2861932.577533
188 2041461.706627
189 1493767.330405
190 1241486.706861
191 1236754.919396
192 893810.821158
193 757836.855781
194 419604.651730
195 405494.632610
196 253233.955656
197 186465.951264
198 135831.234005
199 125000.440526
200 87559.234812
201 89169.158437
202 35565.771475
203 37745.916893
204 22767.177632
205 14786.639300
206 13052.436833
207 9149.044511
208 6103.793954
209 3992.038436
210 3086.691052
211 2169.325374
212 1399.545425
213 960.156047
214 763.829433
215 490.179971
216 289.594231
217 230.007600
218 159.277215
219 92.116735
220 53.411546
221 34.503524
222 21.164364
223 7.084252
224 5.425870
225 3.836730
226 2.742720
227 2.037066
228 1.376871
229 0.959565
230 0.598385
231 0.374934
232 0.241108
233 0.189024
234 0.114861
235 0.089553
236 0.073101
237 0.038829
238 0.028271
239 0.021570
240 0.016789
241 0.007766
242 0.006565
243 0.002972
244 0.002168
245 0.001962
246 0.000821
247 0.000688
248 0.000432
249 0.000303
250 0.000231
251 0.000135
252 0.000071
253 0.000037
254 0.000024
255 0.000016
256 0.000007
257 0.000004
258 0.000003
259 0.000002
260 0.000001
261 0.000001
262 0.000000
263 0.000000
264 0.000000
265 0.000000
266 0.000000
267 0.000000
268 0.000000
269 0.000000
270 0.000000
271 0.000000
272 0.000000
273 0.000000
274 0.000000
275 0.000000
276 0.000000
277 0.000000
278 0.000000
279 0.000000
280 0.000000
281 0.000000
282 0.000000
283 0.000000
284 0.000000
285 0.000000
286 0.000000
287 0.000000
288 0.000000
289 0.000000
290 0.000000
291 0.000000
292 0.000000
293 0.000000
294 0.000000
295 0.000000
296 0.000000
297 0.000000
298 0.000000
299 0.000000
300 0.000000
301 0.000000
302 0.000000
303 0.000000
304 0.000000
305 0.000000
306 0.000000
307 0.000000
308 0.000000
309 0.000000
310 0.000000
311 0.000000
312 0.000000
313 0.000000
314 0.000000
315 0.000000
316 0.000000
317 0.000000
318 0.000000
319 0.000000
320 0.000000
321 0.000000
322 0.000000
323 0.000000
324 0.000000
325 0.000000
326 0.000000
327 0.000000
328 0.000000
329 0.000000
330 0.000000
331 0.000000
332 0.000000
333 0.000000
334 0.000000
335 0.000000
336 0.000000
337 0.000000
338 0.000000
339 0.000000
340 0.000000
341 0.000000
342 0.000000
343 0.000000
344 0.000000
345 0.000000
346 0.000000
347 0.000000
348 0.000000
349 0.000000
350 0.000000
351 0.000000
352 0.000000
353 0.000000
354 0.000000
355 0.000000
356 0.000000
357 0.000000
358 0.000000
359 0.000000
360 0.000000
361 0.000000
362 0.000000
363 0.000000
364 0.000000
365 0.000000
366 0.000000
367 0.000000
368 0.000000
369 0.000000
370 0.000000
371 0.000000
372 0.000000
373 0.000000
374 0.000000
375 0.000000
376 0.000000
377 0.000000
378 0.000000
379 0.000000
380 0.000000
381 0.000000
382 0.000000
383 0.000000
384 0.000000
385 0.000000
386 0.000000
387 0.000000
388 0.000000
389 0.000000
390 0.000000
391 0.000000
392 0.000000
393 0.000000
394 0.000000
395 0.000000
396 0.000000
397 0.000000
398 0.000000
399 0.000000
400 0.000000
401 0.000000
402 0.000000
403 0.000000
404 0.000000
405 0.000000
406 0.000000
407 0.000000
408 0.000000
409 0.000000
410 0.000000
411 0.000000
412 0.000000
413 0.000000
414 0.000000
415 0.000000
416 0.000000
417 0.000000
418 0.000000
419 0.000000
420 0.000000
421 0.000000
422 0.000000
423 0.000000
424 0.000000
425 0.000000
426 0.000000
427 0.000000
428 0.000000
429 0.000000
430 0.000000
431 0.000000
432 0.000000
433 0.000000
434 0.000000
435 0.000000
436 0.000000
437 0.000000
438 0.000000
439 0.000000
440 0.000000
441 0.000000
442 0.000000
443 0.000000
444 0.000000
445 0.000000
446 0.000000
447 0.000000
448 0.000000
449 0.000000
450 0.000000
451 0.000000
452 0.000000
453 0.000000
454 0.000000
455 0.000000
456 0.000000
457 0.000000
458 0.000000
459 0.000000
460 0.000000
461 0.000000
462 0.000000
463 0.000000
464 0.000000
465 0.000000
466 0.000000
467 0.000000
468 0.000000
469 0.000000
470 0.000000
471 0.000000
472 0.000000
473 0.000000
474 0.000000
475 0.000000
476 0.000000
477 0.000000
478 0.000000
479 0.000000
480 0.000000
481 0.000000
482 0.000000
483 0.000000
484 0.000000
485 0.000000
486 0.000000
487 0.000000
488 0.000000
489 0.000000
490 0.000000
491 0.000000
492 0.000000
493 0.000000
494 0.000000
495 0.000000
496 0.000000
497 0.000000
498 0.000000
499 0.000000
500 0.000000
