1 inf
2 inf
3 inf
4 inf
5 inf
6 inf
7 inf
8 inf
9 inf
10 inf
11 inf
12 inf
13 inf
14 inf
15 inf
16 inf
17 inf
18 inf
19 inf
20 inf
21 inf
22 inf
23 inf
24 inf
25 inf
26 inf
27 inf
28 inf
29 inf
30 inf
31 inf
32 inf
33 inf
34 inf
35 inf
36 inf
37 inf
38 inf
39 inf
40 inf
41 inf
42 inf
43 inf
44 inf
45 inf
46 inf
47 inf
48 inf
49 inf
50 inf
51 inf
52 inf
53 inf
54 inf
55 inf
56 inf
57 inf
58 inf
59 inf
60 inf
61 inf
62 inf
63 inf
64 inf
65 inf
66 inf
67 15028027462062805676782062761928987636812470100787955279899099489588587072477155910786656319568018877249830637792003961947179593062013931388620951074080101281523218844386737038191642561277514347779316302641490093834611622938931636003596236865047316282080423903335471936176128.000000
68 61115540106898672899117673415062022525173100763330978411111265125000427708664308106149920816636413287549359338401846642983333421140002133557730016155618503968437099611810701879543044688204033209468548516355349047287597886231560579895435333084381184.000000
69 962156347418526160235087182602861560957481038172949806424748759197334876617428401583752351246405700482854977260506227051305957873691192498343214241970135619424758941790745857075997481713025881228069544044510838784.000000
70 1016087459408067892732523814169518978490202706405985767830137730171695422381107712624343694160755697889380435917613992073181639531009174561638220304849744635025418574735605013273791904880787456.000000
71 2893634511401447376646312513198015058901390678807499116326949699919645080916327386425226087599785724082881032436700452352596182061329134255659963991982080.000000
72 2982671765594384334154766189783793467436708044832962303375624975416241161801269898192821186329190003302854226603873489823063775117312.000000
73 21134040812191946089989696928885459779494790147431769537439336357721793744025357887765088151413383646674944.000000
74 1024598187485726626746930861844778749399553128506109153728613008655461122048.000000
75 45772976800882147605182524412909926151056523264.000000
76 4554724671213800960.000000
77 69579.574452
78 43402.878602
79 37454.804812
80 32796.561977
81 28428.934975
82 23866.497855
83 22040.149284
84 19320.315687
85 17583.926713
86 15955.840952
87 14327.759523
88 12954.710069
89 11403.823396
90 10618.189013
91 9823.792601
92 8726.137648
93 7939.804946
94 7322.110073
95 6620.095558
96 6116.528015
97 5669.897986
98 5154.763852
99 4864.120079
100 4361.277367
101 4004.035741
102 3703.722588
103 3394.484701
104 3181.055340
105 2925.937101
106 2701.748953
107 2524.589113
108 2341.857080
109 2194.891507
110 2018.819348
111 1877.635540
112 1732.871528
113 1614.467727
114 1463.027338
115 1342.952855
116 1224.177383
117 1137.591501
118 1049.194823
119 979.885093
120 915.123749
121 847.243138
122 791.672099
123 739.310080
124 681.448822
125 643.729582
126 596.032533
127 546.106748
128 506.209225
129 469.376225
130 443.359086
131 406.451036
132 382.906057
133 353.265616
134 330.270455
135 306.751451
136 285.412610
137 265.454306
138 244.052586
139 229.322280
140 215.165191
141 200.944277
142 187.414777
143 172.623476
144 163.679074
145 152.624699
146 139.045983
147 134.141574
148 124.316465
149 116.040718
150 110.033643
151 102.686149
152 96.507858
153 91.043430
154 85.369138
155 79.677590
156 75.147743
157 71.443999
158 66.821862
159 63.422161
160 60.075583
161 56.436259
162 52.943698
163 49.297591
164 46.372731
165 44.036228
166 41.543322
167 39.639412
168 36.930373
169 35.140714
170 33.409331
171 31.508726
172 29.945439
173 28.453145
174 27.141751
175 25.813356
176 24.391831
177 23.353621
178 22.031503
179 20.969664
180 19.861930
181 18.944067
182 17.812320
183 16.897789
184 15.930672
185 15.276390
186 14.636388
187 14.014884
188 13.345580
189 12.718701
190 12.079349
191 11.436944
192 10.831121
193 10.407992
194 9.751353
195 9.407157
196 8.977266
197 8.609400
198 8.135208
199 7.832635
200 7.567104
201 7.255812
202 6.857337
203 6.493555
204 6.293882
205 6.054594
206 5.805274
207 5.552787
208 5.332127
209 5.125940
210 4.862343
211 4.694307
212 4.493112
213 4.333508
214 4.165728
215 3.972277
216 3.791980
217 3.648477
218 3.501345
219 3.348401
220 3.204899
221 3.103738
222 2.997678
223 2.900815
224 2.783847
225 2.704401
226 2.613360
227 2.534065
228 2.435223
229 2.352559
230 2.289356
231 2.196600
232 2.109478
233 2.051518
234 1.980569
235 1.917633
236 1.852031
237 1.782399
238 1.727765
239 1.650177
240 1.612503
241 1.557830
242 1.506502
243 1.461321
244 1.415189
245 1.368623
246 1.332724
247 1.273677
248 1.241951
249 1.198492
250 1.157666
251 1.129006
252 1.085929
253 1.063013
254 1.032176
255 1.008413
256 0.973446
257 0.950587
258 0.923863
259 0.897064
260 0.871781
261 0.840694
262 0.821916
263 0.799294
264 0.774743
265 0.758757
266 0.732707
267 0.716770
268 0.696772
269 0.682454
270 0.662563
271 0.646191
272 0.628420
273 0.609486
274 0.594518
275 0.581360
276 0.566360
277 0.551777
278 0.537543
279 0.525849
280 0.509297
281 0.500653
282 0.488861
283 0.477973
284 0.467254
285 0.456817
286 0.443627
287 0.434441
288 0.425715
289 0.416242
290 0.407122
291 0.395684
292 0.388416
293 0.379592
294 0.371610
295 0.359934
296 0.353961
297 0.346721
298 0.339438
299 0.331786
300 0.325035
301 0.318875
302 0.311922
303 0.306573
304 0.300882
305 0.295600
306 0.288838
307 0.283857
308 0.278058
309 0.271819
310 0.266670
311 0.261546
312 0.257180
313 0.251428
314 0.246924
315 0.243112
316 0.238369
317 0.234018
318 0.227928
319 0.224912
320 0.221303
321 0.217112
322 0.213820
323 0.210670
324 0.206985
325 0.203376
326 0.199490
327 0.196572
328 0.193285
329 0.189526
330 0.186320
331 0.183715
332 0.180596
333 0.177373
334 0.174808
335 0.171680
336 0.168661
337 0.166318
338 0.163342
339 0.160650
340 0.157970
341 0.155161
342 0.152995
343 0.150509
344 0.148295
345 0.146240
346 0.144136
347 0.142145
348 0.139904
349 0.137815
350 0.136082
351 0.134384
352 0.132351
353 0.130685
354 0.129016
355 0.127494
356 0.125644
357 0.124133
358 0.122131
359 0.120819
360 0.119076
361 0.117660
362 0.116096
363 0.114870
364 0.113529
365 0.112007
366 0.110423
367 0.108942
368 0.107762
369 0.106590
370 0.105291
371 0.104010
372 0.102623
373 0.101476
374 0.100380
375 0.098945
376 0.097678
377 0.096709
378 0.095754
379 0.094706
380 0.093697
381 0.092858
382 0.091703
383 0.090868
384 0.089860
385 0.088925
386 0.088248
387 0.087397
388 0.086545
389 0.085661
390 0.084886
391 0.084141
392 0.083388
393 0.082543
394 0.081797
395 0.081018
396 0.080397
397 0.079642
398 0.078950
399 0.078321
400 0.077695
401 0.077009
402 0.076242
403 0.075655
404 0.075056
405 0.074403
406 0.073748
407 0.073068
408 0.072334
409 0.071811
410 0.071087
411 0.070697
412 0.070140
413 0.069589
414 0.069123
415 0.068583
416 0.068130
417 0.067608
418 0.067219
419 0.066755
420 0.066259
421 0.065853
422 0.065352
423 0.064904
424 0.064583
425 0.064134
426 0.063758
427 0.063354
428 0.062990
429 0.062636
430 0.062259
431 0.061860
432 0.061510
433 0.061187
434 0.060852
435 0.060508
436 0.060158
437 0.059874
438 0.059512
439 0.059018
440 0.058865
441 0.058566
442 0.058220
443 0.057995
444 0.057682
445 0.057412
446 0.057168
447 0.056913
448 0.056635
449 0.056437
450 0.056213
451 0.056004
452 0.055767
453 0.055529
454 0.055329
455 0.055097
456 0.054931
457 0.054739
458 0.054573
459 0.054366
460 0.054196
461 0.054020
462 0.053833
463 0.053656
464 0.053487
465 0.053339
466 0.053201
467 0.053051
468 0.052887
469 0.052761
470 0.052627
471 0.052498
472 0.052378
473 0.052256
474 0.052162
475 0.052042
476 0.051932
477 0.051832
478 0.051743
479 0.051646
480 0.051530
481 0.051445
482 0.051377
483 0.051312
484 0.051237
485 0.051173
486 0.051113
487 0.051059
488 0.051004
489 0.050946
490 0.050897
491 0.050862
492 0.050822
493 0.050796
494 0.050763
495 0.050743
496 0.050724
497 0.050706
498 0.050695
499 0.050687
500 0.050683
