1 4641042.475452
2 5553775.054203
3 3946960.443124
4 7240112.674511
5 8418403.080395
6 10217477.330567
7 8607449.151784
8 12416739.444055
9 10908405.626395
10 13546545.034732
11 10454492.419611
12 14936324.145829
13 15353004.827157
14 22036951.616638
15 20499656.845174
16 22047246.241657
17 24412158.177131
18 29788756.055491
19 33855429.078606
20 34351228.847048
21 25602864.175514
22 32282114.588673
23 36012673.726395
24 34291083.149447
25 47991955.261806
26 53820229.734931
27 70679285.780808
28 39568844.091379
29 54405454.161859
30 73207297.798407
31 75728708.143306
32 67521079.372683
33 57731843.756825
34 66161425.024950
35 85883518.901812
36 72590664.967291
37 78368968.736574
38 60436499.520088
39 82530919.563514
40 69453298.644288
41 69160047.706537
42 73632343.060780
43 63920790.669543
44 60553107.925309
45 72331989.905751
46 77904074.222297
47 96444554.203303
48 68624562.047766
49 51753997.938164
50 60556211.422011
51 45429035.286180
52 54857126.035150
53 45109949.512004
54 48501268.092544
55 59024372.725277
56 59094427.995259
57 60734686.465687
58 82131698.596626
59 85072132.910277
60 85025879.093649
61 88264307.100285
62 71006152.934848
63 54327805.393824
64 71318065.355925
65 41718010.171569
66 38654989.545034
67 42734058.763456
68 38008886.468168
69 42984079.052636
70 45409477.634614
71 36583341.708539
72 41825545.877499
73 35162032.812754
74 35416999.813220
75 23949977.089373
76 28440803.093283
77 22700019.428114
78 20083202.400182
79 19473450.111960
80 29500697.690820
81 23366860.097265
82 25089224.102925
83 18943774.923884
84 18034610.508063
85 19811417.264425
86 21604239.984779
87 11685956.419002
88 13565202.799317
89 11976989.408978
90 12030829.122869
91 9992379.482357
92 11806702.449369
93 10206909.292899
94 10811736.651736
95 10217168.023416
96 8572449.303382
97 7857036.761415
98 6452842.223819
99 5401095.767149
100 4932769.142862
101 4710119.689112
102 4541987.727640
103 4901401.012263
104 4857774.140969
105 4255410.441843
106 3594343.102950
107 3727607.865423
108 3757573.070174
109 2447399.217677
110 3154268.655862
111 1933785.617610
112 2678959.963820
113 2189898.592534
114 2975269.730665
115 2254312.165708
116 1612208.502049
117 2078507.361633
118 1630667.883106
119 1583151.180197
120 1754923.835927
121 1631623.527685
122 1408146.098084
123 1376424.911755
124 1026518.327843
125 1263403.231006
126 1327703.109793
127 1395067.689711
128 1398227.986405
129 1337127.469551
130 1251893.842432
131 1258857.111707
132 1055632.832930
133 1093495.680310
134 963643.511869
135 985655.582439
136 848674.259193
137 837440.967885
138 595185.869249
139 514262.705310
140 457920.202380
141 479865.667414
142 447118.330978
143 423441.600518
144 446683.826931
145 352309.097878
146 293494.100330
147 283479.090472
148 213555.566610
149 241481.329615
150 221448.676689
151 186957.106230
152 186075.040616
153 164779.380613
154 150800.250006
155 133882.724900
156 126206.322240
157 104868.214411
158 92011.878631
159 103009.022389
160 69993.335905
161 73881.636820
162 70774.270207
163 59899.964768
164 60157.448672
165 60519.795129
166 55339.013385
167 53566.255831
168 52482.502349
169 50434.005541
170 45878.620108
171 43999.626962
172 42700.099525
173 40355.901641
174 39283.604628
175 38758.319873
176 42598.783547
177 36449.599758
178 32194.088449
179 28797.011210
180 25928.905349
181 23859.102610
182 27619.269596
183 22755.818163
184 23938.965648
185 21163.681653
186 24679.979313
187 20213.717729
188 18965.578054
189 20172.576409
190 20176.971960
191 19426.253384
192 16430.529578
193 16603.658117
194 13724.066950
195 12564.352963
196 12027.847668
197 13065.396934
198 10955.550009
199 9489.181723
200 9353.512702
201 9049.476246
202 8275.244079
203 6968.205437
204 7140.390918
205 6733.330817
206 6295.736173
207 6585.433465
208 5788.931845
209 5728.989091
210 5994.336880
211 5842.864301
212 5799.118646
213 5199.152098
214 5072.099114
215 4338.281323
216 4718.024530
217 4176.731567
218 3946.355700
219 4326.254835
220 3459.047663
221 3626.769834
222 3467.609816
223 2999.685803
224 2855.705573
225 2560.714567
226 2568.174715
227 2293.228477
228 2263.201989
229 2152.239036
230 2091.153543
231 2022.997781
232 1986.964402
233 1976.783581
234 2055.273290
235 1732.976558
236 1583.271771
237 1367.472231
238 1538.311228
239 1505.161464
240 1406.844106
241 1479.883082
242 1371.685589
243 1536.435952
244 1308.087312
245 1318.834228
246 1284.636909
247 1293.282305
248 1446.066673
249 1296.891462
250 1208.981601
251 1042.948348
252 975.675707
253 922.494473
254 907.474610
255 751.817672
256 759.789222
257 738.728014
258 753.107218
259 807.711322
260 752.043141
261 781.351996
262 783.292220
263 675.922252
264 711.074757
265 607.795465
266 544.326042
267 572.096256
268 601.495717
269 560.649452
270 576.988481
271 498.530401
272 511.755734
273 478.565886
274 483.539050
275 468.602655
276 432.533290
277 424.369035
278 376.221299
279 352.735707
280 362.244094
281 358.059753
282 347.286340
283 327.150738
284 329.498258
285 310.427615
286 284.350567
287 298.117611
288 275.991610
289 291.920887
290 269.890669
291 237.639667
292 230.459781
293 256.110862
294 224.869138
295 226.565762
296 224.978022
297 208.775247
298 206.781027
299 198.188284
300 199.809774
301 193.551665
302 176.015186
303 183.604568
304 184.582572
305 155.101935
306 160.642743
307 152.185655
308 158.318597
309 161.400733
310 145.149719
311 131.858031
312 136.717121
313 137.255697
314 117.987831
315 114.046949
316 104.798220
317 107.868901
318 107.356938
319 102.800091
320 95.030720
321 97.999307
322 92.226325
323 88.626022
324 82.932669
325 78.183630
326 78.112342
327 76.929528
328 73.175035
329 69.642460
330 70.531064
331 65.113947
332 54.995461
333 58.016093
334 55.867100
335 53.959586
336 51.901205
337 50.480381
338 48.735938
339 48.573499
340 48.704803
341 45.477936
342 44.946549
343 42.770553
344 38.978301
345 38.479437
346 38.558824
347 36.820437
348 35.204142
349 36.263952
350 35.137965
351 34.819121
352 34.035107
353 32.797507
354 32.463798
355 30.290722
356 30.015380
357 28.736435
358 29.876464
359 29.528190
360 28.840381
361 27.592014
362 27.101166
363 26.099118
364 25.046859
365 23.983236
366 23.633054
367 23.104048
368 22.579954
369 22.250002
370 22.718601
371 20.310889
372 19.736616
373 19.830191
374 19.708132
375 19.339798
376 18.835483
377 18.931716
378 18.250109
379 17.015038
380 16.569514
381 16.508513
382 16.138461
383 15.887677
384 15.441135
385 15.028002
386 14.610839
387 14.614479
388 14.239010
389 13.786526
390 13.525004
391 13.118743
392 12.911534
393 12.624336
394 12.150265
395 12.245407
396 11.445544
397 11.618840
398 11.064469
399 11.021463
400 10.689201
401 10.458612
402 9.886419
403 9.900215
404 9.710279
405 9.483836
406 9.296526
407 9.137392
408 9.020153
409 8.633759
410 8.635892
411 8.336840
412 8.209144
413 8.122765
414 7.935055
415 7.963567
416 7.692180
417 7.545998
418 7.299780
419 7.235758
420 7.215893
421 7.199515
422 7.011684
423 7.002095
424 6.914222
425 6.656526
426 6.558835
427 6.393356
428 6.318215
429 6.316035
430 6.169990
431 6.145933
432 6.040762
433 5.922681
434 5.848218
435 5.653047
436 5.566173
437 5.555276
438 5.430009
439 5.400959
440 5.316620
441 5.216897
442 5.110433
443 5.055246
444 4.915637
445 4.886544
446 4.820031
447 4.705077
448 4.716934
449 4.640855
450 4.597215
451 4.544689
452 4.492371
453 4.416639
454 4.350900
455 4.292007
456 4.268913
457 4.231417
458 4.167003
459 4.159976
460 4.119157
461 4.061301
462 3.996913
463 3.971538
464 3.948800
465 3.904538
466 3.876845
467 3.840427
468 3.786579
469 3.750013
470 3.718000
471 3.690691
472 3.659182
473 3.624876
474 3.616362
475 3.586762
476 3.556350
477 3.540922
478 3.520535
479 3.484106
480 3.468118
481 3.444427
482 3.417571
483 3.405709
484 3.381739
485 3.367999
486 3.346533
487 3.327630
488 3.310565
489 3.300687
490 3.286032
491 3.272314
492 3.258859
493 3.251209
494 3.243437
495 3.235602
496 3.227072
497 3.222562
498 3.218406
499 3.215296
500 3.214129
