1 inf
2 inf
3 inf
4 inf
5 inf
6 inf
7 inf
8 inf
9 inf
10 inf
11 inf
12 inf
13 inf
14 inf
15 inf
16 inf
17 101846492179074855286107204284904844772335610636007747259024556384903878723634876796296466136484379418414128590115336848280066598437552992461828023486178541900662572023975830876603397066540952223325025320065404236296640411226052960480512660527540971289516725568426682186943608117407885240851673020104704000.000000
18 285303194700316754020529740197238547880094436960468043840466662267961713875906721771529311714036227568933845827271328648597718867285297744237759504793905218704214074859096442467636340070412344046488708583633505180958713841559184027700717738139328061044849695762954725012906262647291934425481216.000000
19 798350699073802823273826694613496400343538859153717565397849675624987964706717309661689757176246739289300174969296892768379322113611991043219663099501156234405887485638438111747490753468513553697923613633935388338092788211192054954995114460654719294774037533160649043837802462455005184.000000
20 28264345629798143284677181583844782602621840283014641583810841694729405409094020735058787467974874451754585710446264823273916257616968193009397813540308375704912539330424741787405400422932872323309891831790672600941402208726898772445777387105241213926979863381524086784.000000
21 3223300175365556922253368485212415084849535181263544576316315420442695008878656612728653307615669593655872383402267482680904787313127693103859055322837956535200671940999007337673930032072122157816438611108658074464033548358301018226926271455202966887857127424.000000
22 3290579544345454830805505568087782224344592002087966145229675642218343671306144629238109052566922952931005224827932471139406648616979898608886262138324540005898641303180267235967453349552282451917310605002911385246416578415326842629850307410498389047999725568.000000
23 677701111922102181932822547885550692750481312728803146469595353460065790772735321895434494494798899196459894382496095626992770423134054863230749891224010502843700271877389091653368429947652739429506418862950893413323330069551618169806286129526210560.000000
24 111858653767644350835289466327688533039347664299099163543895910149127338029619309494351614243682691097126992070290172060777200431322863238774876576896994925627852906703037921276428063040587348983832456751348171789025423255348907258939155939328.000000
25 2138708258211700850484337688330257813156617998226900675272483844464131926687731788853748345814082706968578002996655418723292139467087558821785400780575610750617008084930982655426163162479592387259487588280505664482050048.000000
26 1100066909293948572107477942720005646544365825436720003231300648805341746464515854683332408609363121610426889095680878043941658621820255372190050407470173617857846308866908826982654488540198758256580478727736525437534208.000000
27 115032263739637673223504943714102601033335812440229854049918409939236938525645349513072107462524323645660167891194952570698443458161498982295287471495132193522249820792703997266707174993530791975637455554380264679427949985792.000000
28 2358898673144356517058086947614878441203240688423482203040652358761739112188834107467601281021990933277722603970307007882924815091744389149299479119284781723239657745374735738559912492813627945223131052875186176.000000
29 1081385026418537329322720495763860087432231852602366981026762316518211382207038600601314525964086938615412662767560105056895893271980307024995964237189274138166802067579300127111775465757497639993081856.000000
30 99908133112163112136149673664357909366522065111548403070755709112822675922361116128888449274226569717043351140837183934597892123179533209720395245781189025396364839505424252560461555544998543360.000000
31 7761277769965928552332087840736287701995101352197401601867397673521379429860008543273352951341708457320332563677178138333954648199077474637580269690991179642446934826339121884372664320.000000
32 1961629427057052666164278689276036237250250925420903490208394182260686980726406332424855614708762376131379520649565568801765220006355555636821873511843679374925339629191168.000000
33 457509636397927321513144338380762086995394029678171597493464976919106869228424245070330534827107949344056343669367514384805690394459148793670934197065345371606089728.000000
34 38513229175979368370205411082258548717640648925767983257350434728246709958858114697248571464925467561760659544620526129266253039675255661892293974362693828608.000000
35 235702800044289768982077502634662066917248751847310788470034507723048253203253973585901306079418383178389551850589190244563373387583070886135140244783104.000000
36 190391920285219001581459130989588577931911059129708957625983348031043013121143837544384941901146277657702315588789216668695771095200593802468228333568.000000
37 109382247163068933651269138640599842449324357622145583646302717880199359985699695695798491574347799487665883735797116018853012834679166861312.000000
38 151190023853281014494711055366746020437529570054076657398455462332117752985004622449704986449296276145187232584867012029613296582656.000000
39 869772237633565929521442039245098382761008232502402479088821829550091682982754664713132369682506901167718324229596250112.000000
40 3537029270053259446410647520757437754824097744420149779164974642264809382665525776008474911829666367223240869776719872.000000
41 4454393196347545548819298326202833352522945571657476296447806380656593144282036958755768954735558656.000000
42 6210869487583648959351933251118008139751244304879054412761548318807749281474220999703803201702592512.000000
43 1881390507055627264323739099580976010263124811334272546166597515242845627481006448574464.000000
44 28481922623214399447713265351841469519019355354966445230928674721708346502545408.000000
45 2413657383794261223218264982928522719981664648964834455201970651136.000000
46 7844663325112480947730217130913568406450350485143552.000000
47 468503580729155689505477239758651280823775110627328.000000
48 10162470624966999980078726069992927185076224.000000
49 171088659807043644817408.000000
50 2228392088411.112793
51 10616.211489
52 5309.760846
53 3484.761932
54 2835.378930
55 2117.462497
56 1811.478796
57 1577.483280
58 1326.929451
59 1023.306240
60 884.659989
61 824.855701
62 687.646780
63 597.998246
64 515.742872
65 468.454268
66 397.512115
67 330.333239
68 299.320779
69 267.323934
70 237.465353
71 208.229597
72 184.797540
73 167.868580
74 140.915895
75 131.514433
76 116.451281
77 99.943244
78 90.002057
79 80.293631
80 69.945404
81 61.340725
82 54.490916
83 47.871297
84 42.314163
85 38.229094
86 34.341878
87 30.109352
88 27.610048
89 24.833584
90 21.856961
91 19.117707
92 17.208578
93 15.070166
94 13.181415
95 12.000119
96 10.524262
97 9.143817
98 8.493537
99 7.512819
100 6.812601
101 6.184544
102 5.436648
103 4.908548
104 4.362464
105 3.947397
106 3.446778
107 3.083322
108 2.739401
109 2.385943
110 2.143720
111 1.909032
112 1.711464
113 1.552658
114 1.402209
115 1.269471
116 1.103873
117 0.978382
118 0.897035
119 0.786767
120 0.707746
121 0.632510
122 0.566409
123 0.513980
124 0.462886
125 0.413477
126 0.354287
127 0.320611
128 0.293808
129 0.256187
130 0.231511
131 0.205716
132 0.185895
133 0.161079
134 0.144763
135 0.127736
136 0.110864
137 0.100887
138 0.091573
139 0.083538
140 0.073941
141 0.067207
142 0.058526
143 0.053353
144 0.046996
145 0.043073
146 0.037543
147 0.033965
148 0.030168
149 0.027862
150 0.024942
151 0.022696
152 0.020738
153 0.018982
154 0.017460
155 0.015891
156 0.014484
157 0.013164
158 0.011977
159 0.010943
160 0.009800
161 0.008965
162 0.008043
163 0.007310
164 0.006674
165 0.006125
166 0.005421
167 0.004950
168 0.004446
169 0.004116
170 0.003768
171 0.003437
172 0.003050
173 0.002839
174 0.002618
175 0.002384
176 0.002150
177 0.001946
178 0.001777
179 0.001647
180 0.001525
181 0.001392
182 0.001299
183 0.001163
184 0.001089
185 0.000990
186 0.000923
187 0.000850
188 0.000788
189 0.000714
190 0.000665
191 0.000611
192 0.000577
193 0.000538
194 0.000494
195 0.000452
196 0.000424
197 0.000389
198 0.000366
199 0.000341
200 0.000312
201 0.000297
202 0.000277
203 0.000257
204 0.000239
205 0.000221
206 0.000206
207 0.000193
208 0.000180
209 0.000167
210 0.000158
211 0.000146
212 0.000135
213 0.000128
214 0.000120
215 0.000113
216 0.000106
217 0.000097
218 0.000092
219 0.000086
220 0.000080
221 0.000076
222 0.000071
223 0.000067
224 0.000063
225 0.000058
226 0.000055
227 0.000052
228 0.000049
229 0.000046
230 0.000044
231 0.000041
232 0.000039
233 0.000036
234 0.000035
235 0.000033
236 0.000031
237 0.000029
238 0.000028
239 0.000026
240 0.000025
241 0.000024
242 0.000023
243 0.000021
244 0.000020
245 0.000019
246 0.000018
247 0.000017
248 0.000016
249 0.000015
250 0.000015
251 0.000014
252 0.000013
253 0.000013
254 0.000012
255 0.000012
256 0.000011
257 0.000010
258 0.000010
259 0.000010
260 0.000009
261 0.000009
262 0.000008
263 0.000008
264 0.000008
265 0.000007
266 0.000007
267 0.000007
268 0.000006
269 0.000006
270 0.000006
271 0.000006
272 0.000005
273 0.000005
274 0.000005
275 0.000005
276 0.000004
277 0.000004
278 0.000004
279 0.000004
280 0.000004
281 0.000004
282 0.000003
283 0.000003
284 0.000003
285 0.000003
286 0.000003
287 0.000003
288 0.000003
289 0.000003
290 0.000003
291 0.000002
292 0.000002
293 0.000002
294 0.000002
295 0.000002
296 0.000002
297 0.000002
298 0.000002
299 0.000002
300 0.000002
301 0.000002
302 0.000002
303 0.000002
304 0.000002
305 0.000001
306 0.000001
307 0.000001
308 0.000001
309 0.000001
310 0.000001
311 0.000001
312 0.000001
313 0.000001
314 0.000001
315 0.000001
316 0.000001
317 0.000001
318 0.000001
319 0.000001
320 0.000001
321 0.000001
322 0.000001
323 0.000001
324 0.000001
325 0.000001
326 0.000001
327 0.000001
328 0.000001
329 0.000001
330 0.000001
331 0.000001
332 0.000001
333 0.000001
334 0.000001
335 0.000001
336 0.000001
337 0.000001
338 0.000001
339 0.000001
340 0.000001
341 0.000000
342 0.000000
343 0.000000
344 0.000000
345 0.000000
346 0.000000
347 0.000000
348 0.000000
349 0.000000
350 0.000000
351 0.000000
352 0.000000
353 0.000000
354 0.000000
355 0.000000
356 0.000000
357 0.000000
358 0.000000
359 0.000000
360 0.000000
361 0.000000
362 0.000000
363 0.000000
364 0.000000
365 0.000000
366 0.000000
367 0.000000
368 0.000000
369 0.000000
370 0.000000
371 0.000000
372 0.000000
373 0.000000
374 0.000000
375 0.000000
376 0.000000
377 0.000000
378 0.000000
379 0.000000
380 0.000000
381 0.000000
382 0.000000
383 0.000000
384 0.000000
385 0.000000
386 0.000000
387 0.000000
388 0.000000
389 0.000000
390 0.000000
391 0.000000
392 0.000000
393 0.000000
394 0.000000
395 0.000000
396 0.000000
397 0.000000
398 0.000000
399 0.000000
400 0.000000
401 0.000000
402 0.000000
403 0.000000
404 0.000000
405 0.000000
406 0.000000
407 0.000000
408 0.000000
409 0.000000
410 0.000000
411 0.000000
412 0.000000
413 0.000000
414 0.000000
415 0.000000
416 0.000000
417 0.000000
418 0.000000
419 0.000000
420 0.000000
421 0.000000
422 0.000000
423 0.000000
424 0.000000
425 0.000000
426 0.000000
427 0.000000
428 0.000000
429 0.000000
430 0.000000
431 0.000000
432 0.000000
433 0.000000
434 0.000000
435 0.000000
436 0.000000
437 0.000000
438 0.000000
439 0.000000
440 0.000000
441 0.000000
442 0.000000
443 0.000000
444 0.000000
445 0.000000
446 0.000000
447 0.000000
448 0.000000
449 0.000000
450 0.000000
451 0.000000
452 0.000000
453 0.000000
454 0.000000
455 0.000000
456 0.000000
457 0.000000
458 0.000000
459 0.000000
460 0.000000
461 0.000000
462 0.000000
463 0.000000
464 0.000000
465 0.000000
466 0.000000
467 0.000000
468 0.000000
469 0.000000
470 0.000000
471 0.000000
472 0.000000
473 0.000000
474 0.000000
475 0.000000
476 0.000000
477 0.000000
478 0.000000
479 0.000000
480 0.000000
481 0.000000
482 0.000000
483 0.000000
484 0.000000
485 0.000000
486 0.000000
487 0.000000
488 0.000000
489 0.000000
490 0.000000
491 0.000000
492 0.000000
493 0.000000
494 0.000000
495 0.000000
496 0.000000
497 0.000000
498 0.000000
499 0.000000
500 0.000000
