1 inf
2 inf
3 inf
4 inf
5 inf
6 inf
7 inf
8 inf
9 inf
10 inf
11 inf
12 inf
13 inf
14 160642497284166501129240850514545734691580270717085478771860901978218081777279019285316540790294372094019984196367645123267089532296023063594103827267047676937250519058982559384298662317141103306988800403307808613136430416632832866700878601544507179991989271305892075307168061611709971585248975175911533969408.000000
15 1330827911621290987718138509974084992284202614659778563146628408174664169473121084847619235794669327099817780175772933719438197896624341063719330345023104840406187588829899535747106039564414611791019832715942007552471776429743834461188843980388363979416153141820714418809160974617280531272285647548710912.000000
16 234708484810107330730972413163184517146254054365392730116222569511729210706523744441024384938156708592751268805010674409917682381495547603737852235696590441017063018530914783681416202142165247252384179925924045335428506804034958339847202371806228296319185066740008722051235937159609323718967296.000000
17 946262376054554064049641647685124641640929603928138256590624526157492403121640936559620736365062766709924197503650773127906729237054112700850881018406171174826075834679980079088738040415769968364965684948101004986483276469084843847840403275872009649464169138913067511439941502098210816.000000
18 560420240646324332226209910571422787090818110226428815153412433188051764443663979008020210483983828346242400799414612399807166215584874907065797936508867760298276220686806231997165257492782228724036098098728934653410272684802817357530295825487265666380136363996957303111680.000000
19 3535492372416383351313856010208341775330387648333480759885095208869606800003330645306720943019848697266823494043844727743356037050119107238141472831055534859983143424484905707283134204026444335052690042827252753972372285248784707968145545955330477791354512590881423360.000000
20 598384874023774399489672751673692814154317692485487517453620154924165071552557284220114168171428604682134536878592047255406762387193760696450976132820349719769794703051867742807092511312179795968870524510231247489349488161737920154588250866295619296462636685721600.000000
21 783033989969566359109737912373567596744922372743343689049675034781311519983381647662750447641769184792021474888358961111730251219223979565933049786196622127314714283046959799173064952998092815851071112245852817654033235043904862610878231606745378480079014723584.000000
22 1255139571648638248568728739038047608034087385369192633463760503128898772452047475508470913234650524759351946768765361060510297481434279255246651634183069365521132731089117953577149776824288884756325746477788269944089415479652609473860599249654251520.000000
23 23840123038314866575990655371462331637003182347171596079166585618465041194930693276045855116820982987006939967773654702416469690020882401910708711075836986357149060465251473944609195821412659782319346221690401864876801617997230017784934077300736.000000
24 2748457405406593413885996944550309999209928663854001450198791829935558781780716655183829033309072742695713181975006948299888316848882750923386277738469042298534790921604743518611262410738439033710867366956005607579681036186769877368832.000000
25 16078673148752377262830755620168529034747472051832605093246696937110248931895740506359990061497881025596304767199184618246714466644178546024634599177197159586050996218374541376001481035745646941016588202255620546229221294079345688576.000000
26 893541143028557282284192702774459458248725261959671607599729664658132414945879023195120367761372869996856638942937835972770269944327393139988665787637821832234151106354234707745269545401840918780760149074339335112660877312.000000
27 624654679093267226434893174443656742440234648312527190313389205921203622566365349220640385682231168363286687631256577297765862525390290443573166717882456229805782738188791063890165756077624004367232774471337711373385728.000000
28 2383230036770802797848873987474402174310716762427964057349388394448681411711057258423746646381787759742440044620879032929939792012614644401471487236934459199386610804224635412675108361834208875379687424.000000
29 15183727033971683801234381700748797304030697470868208016400877319857063815741091740188806447685059975681519505395574910131358103601155202592230845132526261867937539746930960866065492608612583866368.000000
30 24606598435873647747056609982867246672467239124134618085063338605797057272243857172966018701120916771348162643173854857399389422303475696660097023528557844567039722817629825658496013565952.000000
31 362449411534755200541751894739315207658889094470571737896486881660028657250903804895298963524789213408399876242670297406842037605962379217719039231570148377048839210970356683636736.000000
32 152204234858940681912886753635967102444706289784285553063673909481260846016726739032093052313514781852473506116826224259472280688560688585428980963457113562205000563410599936.000000
33 3021361720716575862158924374077220434480913569675724949788770919627505640569932168732018290548846598296962477477948094473231490330493111431829587404594605465040425320448.000000
34 137859651122114375504487428942359801639665704001915000713553492012076428641587335525290918943091435731040992183596795135459838367808199601657984504591024128.000000
35 1913121230823520514605389182139027391724014445456111699018000240599853535815037532935786476397353577835563081399994403838984250439341971100810608640.000000
36 32784966226482701722164016389287676438312661305386951893345831735511024938032382537805586247799094276520522374156997117335667825539939303424.000000
37 3680804293595110069381392552515272520028292795894565532788652019585158231576509334369212356002159587547658904493439995476716436848640.000000
38 4707269081251451201533717399891011632751459050058412164950548679720644658593654260384913658870904663786207110697582592.000000
39 472445869787315140202548324389676491151729293120224255935870574521464198087367526039263957957069001195520.000000
40 1646622412268028680152430743693968851602356647481480665979246836831377442575260366468546560.000000
41 243048332180080370322092248096096188015192326629090379366904485967239339522318814674944.000000
42 103913854334591591886391205031881987151130590806317118522604036030464.000000
43 27090491729929974498463894513643814115963538892054841639245103235072.000000
44 362033396076159967029255274689055316928951622408601600.000000
45 57360126433570235049576486740061914449439939887104.000000
46 559700762587597663184139685329593434112.000000
47 8655146716975012870528388038656.000000
48 550272255596144552312832.000000
49 98730534725.784256
50 67327.109436
51 3656.879120
52 3017.684573
53 2375.572251
54 1855.453853
55 1672.586949
56 1351.284053
57 1122.180351
58 955.151502
59 847.206615
60 732.481531
61 652.416302
62 585.019892
63 501.683526
64 443.940350
65 388.864089
66 341.255490
67 297.196899
68 259.275449
69 229.521270
70 208.327401
71 187.836055
72 162.402739
73 145.946107
74 127.370391
75 118.838704
76 103.228657
77 90.418163
78 81.484659
79 73.976651
80 64.940795
81 57.274739
82 52.265596
83 46.841202
84 40.568095
85 36.996130
86 33.218327
87 28.701342
88 26.258641
89 22.193411
90 19.898660
91 17.529469
92 15.956318
93 14.123830
94 11.981114
95 11.250817
96 9.749008
97 8.709777
98 7.690817
99 6.436466
100 5.943758
101 5.354856
102 4.663402
103 4.243521
104 3.793374
105 3.371095
106 3.033962
107 2.705287
108 2.368015
109 2.121127
110 1.877242
111 1.677541
112 1.489257
113 1.371192
114 1.216433
115 1.077218
116 0.967215
117 0.849904
118 0.776764
119 0.690383
120 0.623246
121 0.559810
122 0.490162
123 0.445425
124 0.402740
125 0.364568
126 0.314524
127 0.284298
128 0.253497
129 0.228383
130 0.198487
131 0.171655
132 0.155565
133 0.137541
134 0.122888
135 0.109126
136 0.099825
137 0.090709
138 0.081923
139 0.072859
140 0.065088
141 0.058031
142 0.051678
143 0.046336
144 0.042626
145 0.038156
146 0.034737
147 0.031265
148 0.026823
149 0.024435
150 0.022051
151 0.019556
152 0.017357
153 0.015993
154 0.014374
155 0.013275
156 0.011947
157 0.010657
158 0.009696
159 0.008603
160 0.007908
161 0.007186
162 0.006582
163 0.005968
164 0.005419
165 0.004816
166 0.004420
167 0.004085
168 0.003710
169 0.003361
170 0.003069
171 0.002768
172 0.002502
173 0.002328
174 0.002088
175 0.001909
176 0.001745
177 0.001588
178 0.001446
179 0.001312
180 0.001216
181 0.001092
182 0.000996
183 0.000900
184 0.000829
185 0.000765
186 0.000713
187 0.000654
188 0.000600
189 0.000534
190 0.000511
191 0.000474
192 0.000439
193 0.000404
194 0.000372
195 0.000346
196 0.000316
197 0.000294
198 0.000267
199 0.000253
200 0.000231
201 0.000217
202 0.000204
203 0.000190
204 0.000176
205 0.000164
206 0.000151
207 0.000139
208 0.000127
209 0.000116
210 0.000107
211 0.000100
212 0.000094
213 0.000088
214 0.000082
215 0.000077
216 0.000072
217 0.000068
218 0.000063
219 0.000059
220 0.000055
221 0.000052
222 0.000049
223 0.000046
224 0.000044
225 0.000041
226 0.000039
227 0.000036
228 0.000034
229 0.000032
230 0.000030
231 0.000028
232 0.000027
233 0.000025
234 0.000024
235 0.000022
236 0.000021
237 0.000020
238 0.000019
239 0.000018
240 0.000016
241 0.000016
242 0.000015
243 0.000014
244 0.000013
245 0.000013
246 0.000012
247 0.000012
248 0.000011
249 0.000010
250 0.000010
251 0.000009
252 0.000009
253 0.000008
254 0.000008
255 0.000008
256 0.000007
257 0.000007
258 0.000007
259 0.000006
260 0.000006
261 0.000006
262 0.000005
263 0.000005
264 0.000005
265 0.000005
266 0.000005
267 0.000004
268 0.000004
269 0.000004
270 0.000004
271 0.000004
272 0.000003
273 0.000003
274 0.000003
275 0.000003
276 0.000003
277 0.000003
278 0.000003
279 0.000003
280 0.000002
281 0.000002
282 0.000002
283 0.000002
284 0.000002
285 0.000002
286 0.000002
287 0.000002
288 0.000002
289 0.000002
290 0.000002
291 0.000002
292 0.000001
293 0.000001
294 0.000001
295 0.000001
296 0.000001
297 0.000001
298 0.000001
299 0.000001
300 0.000001
301 0.000001
302 0.000001
303 0.000001
304 0.000001
305 0.000001
306 0.000001
307 0.000001
308 0.000001
309 0.000001
310 0.000001
311 0.000001
312 0.000001
313 0.000001
314 0.000001
315 0.000001
316 0.000001
317 0.000001
318 0.000001
319 0.000001
320 0.000001
321 0.000001
322 0.000001
323 0.000001
324 0.000001
325 0.000000
326 0.000000
327 0.000000
328 0.000000
329 0.000000
330 0.000000
331 0.000000
332 0.000000
333 0.000000
334 0.000000
335 0.000000
336 0.000000
337 0.000000
338 0.000000
339 0.000000
340 0.000000
341 0.000000
342 0.000000
343 0.000000
344 0.000000
345 0.000000
346 0.000000
347 0.000000
348 0.000000
349 0.000000
350 0.000000
351 0.000000
352 0.000000
353 0.000000
354 0.000000
355 0.000000
356 0.000000
357 0.000000
358 0.000000
359 0.000000
360 0.000000
361 0.000000
362 0.000000
363 0.000000
364 0.000000
365 0.000000
366 0.000000
367 0.000000
368 0.000000
369 0.000000
370 0.000000
371 0.000000
372 0.000000
373 0.000000
374 0.000000
375 0.000000
376 0.000000
377 0.000000
378 0.000000
379 0.000000
380 0.000000
381 0.000000
382 0.000000
383 0.000000
384 0.000000
385 0.000000
386 0.000000
387 0.000000
388 0.000000
389 0.000000
390 0.000000
391 0.000000
392 0.000000
393 0.000000
394 0.000000
395 0.000000
396 0.000000
397 0.000000
398 0.000000
399 0.000000
400 0.000000
401 0.000000
402 0.000000
403 0.000000
404 0.000000
405 0.000000
406 0.000000
407 0.000000
408 0.000000
409 0.000000
410 0.000000
411 0.000000
412 0.000000
413 0.000000
414 0.000000
415 0.000000
416 0.000000
417 0.000000
418 0.000000
419 0.000000
420 0.000000
421 0.000000
422 0.000000
423 0.000000
424 0.000000
425 0.000000
426 0.000000
427 0.000000
428 0.000000
429 0.000000
430 0.000000
431 0.000000
432 0.000000
433 0.000000
434 0.000000
435 0.000000
436 0.000000
437 0.000000
438 0.000000
439 0.000000
440 0.000000
441 0.000000
442 0.000000
443 0.000000
444 0.000000
445 0.000000
446 0.000000
447 0.000000
448 0.000000
449 0.000000
450 0.000000
451 0.000000
452 0.000000
453 0.000000
454 0.000000
455 0.000000
456 0.000000
457 0.000000
458 0.000000
459 0.000000
460 0.000000
461 0.000000
462 0.000000
463 0.000000
464 0.000000
465 0.000000
466 0.000000
467 0.000000
468 0.000000
469 0.000000
470 0.000000
471 0.000000
472 0.000000
473 0.000000
474 0.000000
475 0.000000
476 0.000000
477 0.000000
478 0.000000
479 0.000000
480 0.000000
481 0.000000
482 0.000000
483 0.000000
484 0.000000
485 0.000000
486 0.000000
487 0.000000
488 0.000000
489 0.000000
490 0.000000
491 0.000000
492 0.000000
493 0.000000
494 0.000000
495 0.000000
496 0.000000
497 0.000000
498 0.000000
499 0.000000
500 0.000000
