1 inf
2 inf
3 inf
4 inf
5 3143490572713563099724065645728702642735016987551674073587840580038568836790180514935457457070493565417887361795217658923448003664238848987913603842878487269513386693349652240703860438018386356969356281638163501182866145762390750020985639742824843585998231645819177333289780634770796987540816988733440.000000
6 1304286390331176204499184443338563286427735061250575816769532662672871754581043599624607608594835778853003467259512245940196351848148891438153087565748202888630178213989490787004980535281121679443917889503303275938252677636843528265184065176084271034793765692301312524288.000000
7 11349824358318496213655681570629962824565770839657743838484310636043179940417218727439971920419011359528964649312708684303049800900811815217974771219254215694337626330647901540685131336978399180227273468241366147923620779557640739332554752.000000
8 206846803400945069864351766111116365579548335933772802229231290172866520813277570913288439955460233733644179791361436998784013139342563406299835093428231927832921875628198352380698778289444011604519994672781075677184.000000
9 2109473483945150825175460522818053843330798769375021587285313515527809121696798313748936875927619496118218666303728745953667161247672050208450384165038762871208308842667111019548183531607818240.000000
10 2331157343438823834189077596496369667403592238796779794754567873788470758364967789802056207950665432405475731485024458370425496292394431397243247685531598848.000000
11 10808335340459363468422468882284680554175857106745223559789096627424849500727625723689985329290534710414782914679880347622945325056.000000
12 237368524465596405694554632330860584013717088460996934087963211670555219468013990295692730718748672.000000
13 102941878379303500684091115830021546715443463064599323996507030421504.000000
14 196060581620718257855345062962307434283008.000000
15 1187354772250039.000000
16 2929.480422
17 2496.443142
18 2668.858876
19 2677.993636
20 2486.338247
21 2156.687975
22 2155.601232
23 1667.334825
24 1288.563826
25 1289.801949
26 849.517447
27 694.535958
28 685.257996
29 731.052917
30 658.010787
31 618.600059
32 454.202446
33 476.233608
34 450.838526
35 449.663433
36 360.963088
37 352.204707
38 270.543090
39 246.351823
40 219.571406
41 170.963081
42 164.334617
43 118.595440
44 115.087940
45 96.794089
46 89.701037
47 75.669042
48 75.066492
49 47.746540
50 51.292920
51 47.445322
52 46.337440
53 40.565751
54 40.790889
55 36.360117
56 33.047576
57 29.432416
58 22.679513
59 21.693724
60 19.825390
61 17.167788
62 16.918674
63 15.563262
64 13.286315
65 12.338449
66 10.194101
67 7.970155
68 8.178922
69 7.130459
70 6.601013
71 5.771503
72 4.695643
73 4.005097
74 3.507499
75 3.377997
76 3.026008
77 2.866274
78 2.342756
79 2.240691
80 1.993922
81 1.780036
82 1.598947
83 1.532695
84 1.458940
85 1.372157
86 1.296222
87 1.210884
88 1.123240
89 0.999499
90 0.890596
91 0.853440
92 0.766663
93 0.735531
94 0.622483
95 0.581117
96 0.526950
97 0.506213
98 0.433108
99 0.391666
100 0.335719
101 0.307527
102 0.267152
103 0.238249
104 0.206146
105 0.198775
106 0.162173
107 0.150729
108 0.140787
109 0.126181
110 0.118672
111 0.104152
112 0.100405
113 0.076544
114 0.068144
115 0.059582
116 0.052865
117 0.047777
118 0.044719
119 0.033362
120 0.029899
121 0.026045
122 0.023535
123 0.022516
124 0.019475
125 0.018651
126 0.017719
127 0.015965
128 0.014532
129 0.012936
130 0.011193
131 0.009966
132 0.009110
133 0.008293
134 0.007846
135 0.007251
136 0.006527
137 0.005990
138 0.005070
139 0.004321
140 0.003673
141 0.003303
142 0.002854
143 0.002399
144 0.001881
145 0.001676
146 0.001595
147 0.001409
148 0.001309
149 0.001125
150 0.001004
151 0.000845
152 0.000737
153 0.000666
154 0.000582
155 0.000512
156 0.000452
157 0.000399
158 0.000347
159 0.000301
160 0.000267
161 0.000231
162 0.000202
163 0.000177
164 0.000149
165 0.000135
166 0.000122
167 0.000113
168 0.000092
169 0.000078
170 0.000070
171 0.000057
172 0.000051
173 0.000046
174 0.000038
175 0.000034
176 0.000028
177 0.000025
178 0.000021
179 0.000018
180 0.000015
181 0.000012
182 0.000011
183 0.000009
184 0.000008
185 0.000007
186 0.000006
187 0.000005
188 0.000004
189 0.000004
190 0.000003
191 0.000003
192 0.000002
193 0.000002
194 0.000002
195 0.000001
196 0.000001
197 0.000001
198 0.000001
199 0.000001
200 0.000001
201 0.000001
202 0.000000
203 0.000000
204 0.000000
205 0.000000
206 0.000000
207 0.000000
208 0.000000
209 0.000000
210 0.000000
211 0.000000
212 0.000000
213 0.000000
214 0.000000
215 0.000000
216 0.000000
217 0.000000
218 0.000000
219 0.000000
220 0.000000
221 0.000000
222 0.000000
223 0.000000
224 0.000000
225 0.000000
226 0.000000
227 0.000000
228 0.000000
229 0.000000
230 0.000000
231 0.000000
232 0.000000
233 0.000000
234 0.000000
235 0.000000
236 0.000000
237 0.000000
238 0.000000
239 0.000000
240 0.000000
241 0.000000
242 0.000000
243 0.000000
244 0.000000
245 0.000000
246 0.000000
247 0.000000
248 0.000000
249 0.000000
250 0.000000
251 0.000000
252 0.000000
253 0.000000
254 0.000000
255 0.000000
256 0.000000
257 0.000000
258 0.000000
259 0.000000
260 0.000000
261 0.000000
262 0.000000
263 0.000000
264 0.000000
265 0.000000
266 0.000000
267 0.000000
268 0.000000
269 0.000000
270 0.000000
271 0.000000
272 0.000000
273 0.000000
274 0.000000
275 0.000000
276 0.000000
277 0.000000
278 0.000000
279 0.000000
280 0.000000
281 0.000000
282 0.000000
283 0.000000
284 0.000000
285 0.000000
286 0.000000
287 0.000000
288 0.000000
289 0.000000
290 0.000000
291 0.000000
292 0.000000
293 0.000000
294 0.000000
295 0.000000
296 0.000000
297 0.000000
298 0.000000
299 0.000000
300 0.000000
301 0.000000
302 0.000000
303 0.000000
304 0.000000
305 0.000000
306 0.000000
307 0.000000
308 0.000000
309 0.000000
310 0.000000
311 0.000000
312 0.000000
313 0.000000
314 0.000000
315 0.000000
316 0.000000
317 0.000000
318 0.000000
319 0.000000
320 0.000000
321 0.000000
322 0.000000
323 0.000000
324 0.000000
325 0.000000
326 0.000000
327 0.000000
328 0.000000
329 0.000000
330 0.000000
331 0.000000
332 0.000000
333 0.000000
334 0.000000
335 0.000000
336 0.000000
337 0.000000
338 0.000000
339 0.000000
340 0.000000
341 0.000000
342 0.000000
343 0.000000
344 0.000000
345 0.000000
346 0.000000
347 0.000000
348 0.000000
349 0.000000
350 0.000000
351 0.000000
352 0.000000
353 0.000000
354 0.000000
355 0.000000
356 0.000000
357 0.000000
358 0.000000
359 0.000000
360 0.000000
361 0.000000
362 0.000000
363 0.000000
364 0.000000
365 0.000000
366 0.000000
367 0.000000
368 0.000000
369 0.000000
370 0.000000
371 0.000000
372 0.000000
373 0.000000
374 0.000000
375 0.000000
376 0.000000
377 0.000000
378 0.000000
379 0.000000
380 0.000000
381 0.000000
382 0.000000
383 0.000000
384 0.000000
385 0.000000
386 0.000000
387 0.000000
388 0.000000
389 0.000000
390 0.000000
391 0.000000
392 0.000000
393 0.000000
394 0.000000
395 0.000000
396 0.000000
397 0.000000
398 0.000000
399 0.000000
400 0.000000
401 0.000000
402 0.000000
403 0.000000
404 0.000000
405 0.000000
406 0.000000
407 0.000000
408 0.000000
409 0.000000
410 0.000000
411 0.000000
412 0.000000
413 0.000000
414 0.000000
415 0.000000
416 0.000000
417 0.000000
418 0.000000
419 0.000000
420 0.000000
421 0.000000
422 0.000000
423 0.000000
424 0.000000
425 0.000000
426 0.000000
427 0.000000
428 0.000000
429 0.000000
430 0.000000
431 0.000000
432 0.000000
433 0.000000
434 0.000000
435 0.000000
436 0.000000
437 0.000000
438 0.000000
439 0.000000
440 0.000000
441 0.000000
442 0.000000
443 0.000000
444 0.000000
445 0.000000
446 0.000000
447 0.000000
448 0.000000
449 0.000000
450 0.000000
451 0.000000
452 0.000000
453 0.000000
454 0.000000
455 0.000000
456 0.000000
457 0.000000
458 0.000000
459 0.000000
460 0.000000
461 0.000000
462 0.000000
463 0.000000
464 0.000000
465 0.000000
466 0.000000
467 0.000000
468 0.000000
469 0.000000
470 0.000000
471 0.000000
472 0.000000
473 0.000000
474 0.000000
475 0.000000
476 0.000000
477 0.000000
478 0.000000
479 0.000000
480 0.000000
481 0.000000
482 0.000000
483 0.000000
484 0.000000
485 0.000000
486 0.000000
487 0.000000
488 0.000000
489 0.000000
490 0.000000
491 0.000000
492 0.000000
493 0.000000
494 0.000000
495 0.000000
496 0.000000
497 0.000000
498 0.000000
499 0.000000
500 0.000000
