1 inf
2 inf
3 inf
4 inf
5 inf
6 inf
7 inf
8 inf
9 inf
10 inf
11 inf
12 inf
13 inf
14 inf
15 inf
16 inf
17 inf
18 inf
19 inf
20 inf
21 inf
22 inf
23 inf
24 inf
25 inf
26 inf
27 inf
28 inf
29 inf
30 inf
31 inf
32 inf
33 inf
34 inf
35 inf
36 inf
37 inf
38 inf
39 inf
40 inf
41 inf
42 inf
43 inf
44 inf
45 inf
46 inf
47 inf
48 inf
49 inf
50 32390473603059123145221266610381128657263709161623898239052430616675529112211501901408646618312395855580539557120474381443310060281336284058413979986359314400392572068335992021211187079166714038088958399328065723990231107427451163567476739478477701223362822097942948276313881778441091023951834512359424.000000
51 22502086577871727135029028739517275693335819017726105788721356002030433277533615993813097888322221391188631328835722071457538859935986802701584813871248265453048533335166589635933896596004647386708515034537012327525098394849189173028112147230333013527850289984885261898475851466676371456.000000
52 37725958741562533068077733348064732648011160180931297067462981885052838494603319856147940654238688731295873448178129151575020872133574616370967637146041108282248544530090776014290652529804170235487101122946534004582463021036156910249193873407781188766270228529152.000000
53 69153553712367377267435121862285687922804090686905215235843089806171519160986505654436513045668296426937315735116327504645701191042637066433585606391426697068324317382549572181567243218328872704741616915938976335009277942972619096214625845248.000000
54 3219939619874677009675714381129041094116888508358362194556707871584086011218894515811936938983565570385819803926813068502538967084132940619753707087014996874921892799090104490247072003721954964738415244003830107430977468891136.000000
55 289114320722353901517079852599141583769292999444155415528318856652190268151621058385215592467142596899248116208910325670546949244693934641921830578330437251487054080336351573448521860359631891662372864.000000
56 7139105950112523188493145692678600408010353052424562158440950840162901193017638765584811753033495912527790365436215275144209352978609576595852013319360800921435303289800712257536.000000
57 35713241198814184743975561446643104469794117142600398944268969391260792666313565063175326679363325211205083966170267681617027830280295183453606435724852001587068928.000000
58 1079390377920485455139586377142402825837356496675525636938757109837548968651691961722578265693783950126444344831575246835318395964602974208.000000
59 2510782759298330017357319061532092278363586768983966389544426590710548855627182618021962494699775221893308478006322917537742848.000000
60 14758117502047067283767182310360983419174427954628673296755676084923138360035829659161591987314884608.000000
61 46404319267615057595464152685243118828604846310250749500994178997888461957238160363251299044556800.000000
62 1513768973823158188602371889449626781275770987831169505167974400025518022055690240.000000
63 48367307676554266749010596513198859981528872919364017247058132992.000000
64 120448805229386124445278245138347327488.000000
65 5134258113365807277801472.000000
66 961636.511172
67 34894.100785
68 18179.464207
69 11816.505316
70 11500.960626
71 9848.842594
72 8693.315883
73 7352.718417
74 6026.254197
75 5447.389037
76 4573.272679
77 4035.380196
78 3507.957948
79 3096.188238
80 2761.493565
81 2472.792856
82 2168.660671
83 1945.811782
84 1649.580982
85 1441.646747
86 1349.848209
87 1179.224600
88 1076.949007
89 954.991772
90 840.472822
91 773.297429
92 689.580632
93 622.011008
94 564.319462
95 514.643018
96 459.689733
97 414.175224
98 388.269403
99 350.962698
100 312.385715
101 289.676057
102 262.332722
103 234.440829
104 214.999781
105 191.080179
106 168.132011
107 155.884177
108 139.369256
109 128.390960
110 115.320713
111 105.161673
112 95.001680
113 85.140234
114 78.157354
115 72.090912
116 65.925740
117 59.897595
118 55.518302
119 50.172108
120 46.328070
121 41.504911
122 38.786905
123 35.066636
124 32.235777
125 29.957019
126 26.581899
127 24.600174
128 22.114204
129 20.244897
130 18.547198
131 16.843414
132 15.453899
133 14.085701
134 12.876766
135 11.794741
136 10.445255
137 9.850719
138 8.999920
139 8.395116
140 7.628908
141 7.083868
142 6.569186
143 5.976889
144 5.548134
145 5.059755
146 4.680945
147 4.278719
148 3.871084
149 3.626080
150 3.331256
151 3.063944
152 2.818549
153 2.651996
154 2.456196
155 2.288519
156 2.109917
157 1.977629
158 1.819000
159 1.707861
160 1.594601
161 1.479569
162 1.370982
163 1.265369
164 1.189735
165 1.108845
166 1.013515
167 0.929907
168 0.857194
169 0.803989
170 0.748741
171 0.693400
172 0.647472
173 0.610881
174 0.562660
175 0.520878
176 0.488912
177 0.448185
178 0.427790
179 0.401643
180 0.376678
181 0.350195
182 0.329916
183 0.306853
184 0.285826
185 0.272580
186 0.254086
187 0.241714
188 0.228745
189 0.216427
190 0.204477
191 0.192974
192 0.180767
193 0.170886
194 0.161684
195 0.152283
196 0.143585
197 0.136400
198 0.128926
199 0.121687
200 0.115348
201 0.107105
202 0.101816
203 0.097113
204 0.092020
205 0.086748
206 0.082458
207 0.078537
208 0.073560
209 0.070052
210 0.065687
211 0.063342
212 0.060387
213 0.057657
214 0.054313
215 0.051542
216 0.049216
217 0.046507
218 0.044769
219 0.042495
220 0.040609
221 0.038872
222 0.037127
223 0.035398
224 0.033780
225 0.032080
226 0.030628
227 0.029194
228 0.027892
229 0.026449
230 0.025339
231 0.024106
232 0.023118
233 0.022159
234 0.021078
235 0.020254
236 0.019389
237 0.018403
238 0.017582
239 0.016883
240 0.016119
241 0.015593
242 0.014971
243 0.014408
244 0.013835
245 0.013206
246 0.012752
247 0.012189
248 0.011761
249 0.011336
250 0.010928
251 0.010521
252 0.010146
253 0.009773
254 0.009419
255 0.009112
256 0.008790
257 0.008528
258 0.008218
259 0.007928
260 0.007614
261 0.007290
262 0.007038
263 0.006818
264 0.006568
265 0.006354
266 0.006167
267 0.005966
268 0.005757
269 0.005575
270 0.005427
271 0.005274
272 0.005082
273 0.004924
274 0.004788
275 0.004638
276 0.004496
277 0.004363
278 0.004197
279 0.004088
280 0.003927
281 0.003843
282 0.003733
283 0.003594
284 0.003516
285 0.003405
286 0.003311
287 0.003216
288 0.003131
289 0.003057
290 0.002977
291 0.002908
292 0.002838
293 0.002766
294 0.002689
295 0.002602
296 0.002539
297 0.002467
298 0.002400
299 0.002345
300 0.002284
301 0.002207
302 0.002123
303 0.002086
304 0.002029
305 0.001982
306 0.001933
307 0.001885
308 0.001834
309 0.001793
310 0.001754
311 0.001714
312 0.001655
313 0.001619
314 0.001583
315 0.001548
316 0.001510
317 0.001477
318 0.001445
319 0.001414
320 0.001381
321 0.001345
322 0.001317
323 0.001288
324 0.001261
325 0.001235
326 0.001208
327 0.001183
328 0.001161
329 0.001139
330 0.001115
331 0.001088
332 0.001068
333 0.001047
334 0.001024
335 0.001002
336 0.000983
337 0.000960
338 0.000945
339 0.000922
340 0.000907
341 0.000884
342 0.000869
343 0.000851
344 0.000837
345 0.000814
346 0.000805
347 0.000783
348 0.000773
349 0.000761
350 0.000747
351 0.000732
352 0.000720
353 0.000707
354 0.000692
355 0.000681
356 0.000669
357 0.000658
358 0.000646
359 0.000636
360 0.000623
361 0.000615
362 0.000606
363 0.000596
364 0.000587
365 0.000577
366 0.000567
367 0.000559
368 0.000551
369 0.000543
370 0.000535
371 0.000525
372 0.000518
373 0.000509
374 0.000501
375 0.000494
376 0.000488
377 0.000480
378 0.000474
379 0.000468
380 0.000461
381 0.000453
382 0.000447
383 0.000442
384 0.000437
385 0.000431
386 0.000425
387 0.000420
388 0.000414
389 0.000409
390 0.000404
391 0.000399
392 0.000394
393 0.000388
394 0.000384
395 0.000377
396 0.000374
397 0.000370
398 0.000366
399 0.000361
400 0.000357
401 0.000353
402 0.000349
403 0.000346
404 0.000342
405 0.000339
406 0.000335
407 0.000332
408 0.000328
409 0.000325
410 0.000321
411 0.000318
412 0.000315
413 0.000311
414 0.000308
415 0.000305
416 0.000302
417 0.000299
418 0.000297
419 0.000294
420 0.000292
421 0.000289
422 0.000286
423 0.000284
424 0.000281
425 0.000279
426 0.000276
427 0.000274
428 0.000272
429 0.000270
430 0.000267
431 0.000265
432 0.000263
433 0.000261
434 0.000259
435 0.000257
436 0.000255
437 0.000253
438 0.000252
439 0.000250
440 0.000248
441 0.000246
442 0.000244
443 0.000243
444 0.000241
445 0.000240
446 0.000238
447 0.000237
448 0.000236
449 0.000234
450 0.000233
451 0.000232
452 0.000231
453 0.000229
454 0.000228
455 0.000227
456 0.000226
457 0.000225
458 0.000224
459 0.000223
460 0.000222
461 0.000221
462 0.000220
463 0.000219
464 0.000218
465 0.000217
466 0.000216
467 0.000215
468 0.000215
469 0.000214
470 0.000213
471 0.000213
472 0.000212
473 0.000211
474 0.000211
475 0.000210
476 0.000210
477 0.000209
478 0.000208
479 0.000208
480 0.000208
481 0.000207
482 0.000207
483 0.000206
484 0.000206
485 0.000205
486 0.000205
487 0.000205
488 0.000205
489 0.000204
490 0.000204
491 0.000204
492 0.000204
493 0.000203
494 0.000203
495 0.000203
496 0.000203
497 0.000203
498 0.000203
499 0.000203
500 0.000203
