1 59187165.640476
2 180447044.772358
3 186302443.473386
4 632349156.581693
5 1224251764.115671
6 2332158668.626442
7 4615657677.706571
8 9476443733.776365
9 21401162548.695465
10 23980013079.598789
11 42683037304.701508
12 67170101348.717751
13 95240757614.721771
14 191512863809.516724
15 233426316511.575775
16 444052583593.697754
17 662072028463.385498
18 1188600303462.163574
19 1559921490882.583740
20 3265954691486.255859
21 6234820695887.820312
22 3169350887365.086426
23 8315826978250.068359
24 18835954949634.042969
25 22328000596954.531250
26 30736871286438.320312
27 47665715268590.234375
28 75998827140104.890625
29 132218949505243.468750
30 261738531482716.000000
31 257691440607227.781250
32 370384833282918.812500
33 460099276661177.562500
34 953924648172074.125000
35 740340158998525.125000
36 1918007449534632.500000
37 1256837804299884.750000
38 2354487585845181.000000
39 4121636156448299.500000
40 7061778607313957.000000
41 9256923070501574.000000
42 13192569142290234.000000
43 11500678702783324.000000
44 15624944182720702.000000
45 20595682205872812.000000
46 33781130521003720.000000
47 48327075312783080.000000
48 42235619245240192.000000
49 62579218268930672.000000
50 84443352031947008.000000
51 95236312767605920.000000
52 172943417806281344.000000
53 363457451138060480.000000
54 322763295020485056.000000
55 526042579446101696.000000
56 773406575445864704.000000
57 1151181549625046272.000000
58 1049878092723140864.000000
59 1061598036752221056.000000
60 1445206820622008832.000000
61 2314711640502045184.000000
62 3086987780853498880.000000
63 2587376617727517696.000000
64 2046893886232703488.000000
65 4246612644125814784.000000
66 4906120222007628800.000000
67 2673813676888851456.000000
68 3948958476115604480.000000
69 6112842253521200128.000000
70 4076348526304781312.000000
71 4547003909865726976.000000
72 4707824678356799488.000000
73 6584991449360989184.000000
74 9065222623149891584.000000
75 10116237596443676672.000000
76 9880250218147035136.000000
77 13165426453006237696.000000
78 19409588112230301696.000000
79 19821250035351068672.000000
80 25005620417688842240.000000
81 26071829476724973568.000000
82 33582825085956681728.000000
83 31029791188959027200.000000
84 33775740561270181888.000000
85 42686021493996904448.000000
86 54087401498028326912.000000
87 62854949266653528064.000000
88 30608334608652881920.000000
89 48015506669959749632.000000
90 105545263253904982016.000000
91 138474359726608498688.000000
92 108780820516294950912.000000
93 138230627370682695680.000000
94 117813361920410943488.000000
95 147400925754523664384.000000
96 261208183743166185472.000000
97 280329826530561589248.000000
98 338193378975197036544.000000
99 281801168616007467008.000000
100 380093277203893714944.000000
101 464439970252805439488.000000
102 427675465453072220160.000000
103 388910170398017585152.000000
104 653803050560453607424.000000
105 533455400244319354880.000000
106 681377891882598924288.000000
107 837340410103792533504.000000
108 886631444391489306624.000000
109 871110213331697139712.000000
110 892920978825476177920.000000
111 559884186271263752192.000000
112 615370923497767043072.000000
113 594970754393517064192.000000
114 681187110657720320000.000000
115 606445694084609867776.000000
116 751803282898999574528.000000
117 777341130117380702208.000000
118 505432546040896946176.000000
119 732813862822117638144.000000
120 475076718881452326912.000000
121 596046907873332559872.000000
122 609309928393537355776.000000
123 590275766205319348224.000000
124 580424480423846346752.000000
125 601186900022265511936.000000
126 759778401284770889728.000000
127 682400995460453236736.000000
128 833860019824622305280.000000
129 646823469253984518144.000000
130 615329950371616522240.000000
131 722120874521077874688.000000
132 617746634878755536896.000000
133 770107756102296797184.000000
134 820426012000272121856.000000
135 820118870997580251136.000000
136 639483398526532321280.000000
137 750594205479811284992.000000
138 593271523300211425280.000000
139 576454970097041408000.000000
140 509300572414704418816.000000
141 411393247737631145984.000000
142 504765872157081010176.000000
143 458077882989740556288.000000
144 444864439075053895680.000000
145 543478135162626310144.000000
146 476721657568853360640.000000
147 465046263688460697600.000000
148 330470948365030785024.000000
149 385450256599685005312.000000
150 305412198438324731904.000000
151 290557982830146289664.000000
152 299518482249797599232.000000
153 261286560108055429120.000000
154 292383699287851106304.000000
155 300087461500818423808.000000
156 237805487010623258624.000000
157 311877315837847732224.000000
158 195953746600215412736.000000
159 233909186041834504192.000000
160 224207126267175337984.000000
161 170639940722098995200.000000
162 111548931701834809344.000000
163 126178982324973551616.000000
164 123952833541442994176.000000
165 106961032151907762176.000000
166 121595072051183714304.000000
167 90199162480631529472.000000
168 93107885504533659648.000000
169 86711871285959081984.000000
170 72892145947106254848.000000
171 48669198309326700544.000000
172 40774082444272025600.000000
173 38212375736038719488.000000
174 40074111616661544960.000000
175 39961162543256313856.000000
176 30072453349566844928.000000
177 33100230829138137088.000000
178 24149355189904191488.000000
179 27354859145380548608.000000
180 24225047151374061568.000000
181 19251075581790642176.000000
182 11361935597816377344.000000
183 9057820807031928832.000000
184 7187579189697390592.000000
185 6400589152857426944.000000
186 5370195043377496064.000000
187 4474741441538208768.000000
188 4985698575152684032.000000
189 3751801979184449024.000000
190 3046940827041966080.000000
191 3033022653196448256.000000
192 2707986454679733248.000000
193 1998647061055384576.000000
194 1956676266571683328.000000
195 1259319161296199680.000000
196 1423173433277743104.000000
197 1271410520438895616.000000
198 1006536825925784832.000000
199 921847331121562240.000000
200 880899742116627712.000000
201 891916500422965504.000000
202 952882829245342336.000000
203 594798299710333312.000000
204 532607119657605504.000000
205 405009956755563904.000000
206 313717357956122752.000000
207 247513381930056320.000000
208 249175335985774624.000000
209 231612637650416704.000000
210 190150958782313120.000000
211 129421139453057952.000000
212 115683136473316720.000000
213 101913084039224800.000000
214 103209387737121328.000000
215 70195843196647592.000000
216 66696882412396664.000000
217 55995541905974848.000000
218 37502185246489032.000000
219 27152084872650072.000000
220 24881656075686348.000000
221 21390848807938248.000000
222 14002659155719298.000000
223 12111286835627340.000000
224 8599569027501931.000000
225 7224945012705922.000000
226 5636899542549587.000000
227 4784755501082621.000000
228 1827697071242258.500000
229 2512456304958083.500000
230 1994669401674330.750000
231 1588225302976758.750000
232 1730581593337155.500000
233 1380350576289052.750000
234 1362734107484255.250000
235 1012587942554812.500000
236 809762223067170.750000
237 875588768331905.250000
238 735853255865162.375000
239 394281460221635.187500
240 345214663800973.687500
241 251772794994124.750000
242 242700649702201.781250
243 178861581518796.312500
244 104165187269211.546875
245 84584769485072.390625
246 69520883462427.726562
247 54385709154957.273438
248 35974483519851.414062
249 25658068389163.527344
250 20814304688894.613281
251 19999418218632.246094
252 17048847880290.486328
253 11537149582398.763672
254 10001591861763.509766
255 6361275372654.891602
256 6098577952347.681641
257 4540821332671.806641
258 2948166140676.352539
259 2502128618541.747559
260 1955494215439.717041
261 1354419574212.272217
262 1104620318982.927246
263 1003790191047.227783
264 931491304293.074219
265 759314358038.478394
266 410517270449.574707
267 319237808192.436523
268 251284729039.053802
269 161659355655.834595
270 144525177919.047424
271 139720907702.612671
272 116701761473.391678
273 94738750920.617966
274 63352343175.803505
275 58087290428.815750
276 44819562256.983490
277 38391068695.539154
278 30743265773.516941
279 20540521945.511570
280 14560044564.224270
281 11943222902.548124
282 9802828092.735828
283 8614861867.288950
284 6284819661.539021
285 4862274242.756648
286 4173728649.684362
287 2949496816.333216
288 2761196069.003009
289 1889925641.426496
290 1463736438.220504
291 1106201257.406788
292 990461471.085603
293 724010168.116023
294 475724929.289433
295 369782806.291677
296 252472808.296320
297 238108678.915109
298 182071213.230619
299 153810148.455745
300 109449211.440383
301 83684802.767818
302 71837919.693035
303 55707746.294922
304 45829912.424290
305 32769562.877802
306 21024465.771936
307 14981337.524163
308 10341229.538871
309 6798719.014208
310 5341041.597790
311 4024661.196563
312 2973086.440379
313 2070108.966202
314 1601007.048029
315 1155304.278181
316 831853.988033
317 616771.774780
318 458700.602657
319 390153.136652
320 303274.812553
321 195799.496122
322 180010.854482
323 139425.365078
324 113670.786242
325 93278.918741
326 68684.653396
327 55542.097906
328 37857.780342
329 32078.660780
330 24293.005177
331 17263.406406
332 14479.796322
333 9949.454351
334 7075.054173
335 5651.316152
336 4258.722735
337 3452.444972
338 2467.045028
339 1927.833963
340 1497.785015
341 1186.353594
342 913.554035
343 755.306687
344 603.386821
345 478.035532
346 366.814077
347 254.234955
348 209.051627
349 159.578691
350 137.435193
351 110.896810
352 92.245713
353 67.010176
354 57.099060
355 45.110994
356 41.041923
357 33.416633
358 27.662246
359 21.067229
360 16.401078
361 13.620064
362 9.959930
363 8.152925
364 6.074583
365 4.684204
366 4.094713
367 3.123667
368 2.582033
369 2.028468
370 1.650561
371 1.323712
372 1.101156
373 0.872862
374 0.699860
375 0.578458
376 0.482324
377 0.407136
378 0.305746
379 0.235042
380 0.190230
381 0.150293
382 0.117805
383 0.098443
384 0.083422
385 0.063134
386 0.053297
387 0.037584
388 0.031375
389 0.026515
390 0.020372
391 0.016918
392 0.013577
393 0.011103
394 0.008755
395 0.007662
396 0.005512
397 0.004293
398 0.003168
399 0.002711
400 0.002160
401 0.001690
402 0.001353
403 0.001071
404 0.000850
405 0.000680
406 0.000547
407 0.000459
408 0.000392
409 0.000314
410 0.000246
411 0.000206
412 0.000160
413 0.000130
414 0.000104
415 0.000085
416 0.000066
417 0.000054
418 0.000044
419 0.000035
420 0.000028
421 0.000023
422 0.000019
423 0.000015
424 0.000012
425 0.000010
426 0.000008
427 0.000006
428 0.000005
429 0.000004
430 0.000003
431 0.000003
432 0.000002
433 0.000002
434 0.000001
435 0.000001
436 0.000001
437 0.000001
438 0.000001
439 0.000000
440 0.000000
441 0.000000
442 0.000000
443 0.000000
444 0.000000
445 0.000000
446 0.000000
447 0.000000
448 0.000000
449 0.000000
450 0.000000
451 0.000000
452 0.000000
453 0.000000
454 0.000000
455 0.000000
456 0.000000
457 0.000000
458 0.000000
459 0.000000
460 0.000000
461 0.000000
462 0.000000
463 0.000000
464 0.000000
465 0.000000
466 0.000000
467 0.000000
468 0.000000
469 0.000000
470 0.000000
471 0.000000
472 0.000000
473 0.000000
474 0.000000
475 0.000000
476 0.000000
477 0.000000
478 0.000000
479 0.000000
480 0.000000
481 0.000000
482 0.000000
483 0.000000
484 0.000000
485 0.000000
486 0.000000
487 0.000000
488 0.000000
489 0.000000
490 0.000000
491 0.000000
492 0.000000
493 0.000000
494 0.000000
495 0.000000
496 0.000000
497 0.000000
498 0.000000
499 0.000000
500 0.000000
