1 inf
2 inf
3 inf
4 inf
5 inf
6 inf
7 inf
8 inf
9 inf
10 inf
11 inf
12 inf
13 inf
14 inf
15 inf
16 inf
17 inf
18 inf
19 inf
20 inf
21 inf
22 inf
23 inf
24 inf
25 inf
26 inf
27 inf
28 inf
29 inf
30 inf
31 inf
32 inf
33 inf
34 inf
35 inf
36 inf
37 inf
38 inf
39 inf
40 inf
41 inf
42 inf
43 inf
44 inf
45 inf
46 inf
47 inf
48 inf
49 inf
50 inf
51 inf
52 inf
53 inf
54 inf
55 inf
56 inf
57 inf
58 inf
59 inf
60 inf
61 inf
62 inf
63 inf
64 inf
65 inf
66 9969251015882966101633800607559574392339982195643865173205364619177618154196654827608125480388752615132847265677837914311423793675133906646733814283833758975874518974901009506606916213726208458276277409357376680150782994243004970207167666198146281171441765100495015237043222699002453952668862528332696125440.000000
67 362171891971808594624038319442626440307464942572031246691186836410895145883999408405939777774876952835347101852158833635348957835536679875780491581169572615608452969502808798127403715371117475649447936842165450074292124737982971744297547351625038940155157619652807902047435462017024.000000
68 192204757781017514816733893021200798465671591266674907120486864081827537495740635512504187395924257958748255980134232041492997058877708471581984021160531488502796546130520773594847485513736445132995855394382118880193103595278133786749201955789209600.000000
69 36670068799500161573615522696639505979364983918286863803851898655265646193561947145930720504873548839496614670989638334372731035429508621736144235545769086230340021805370741211247132268968917489619558699119475785302278144.000000
70 4551293990895037869217128975589175027487646494288995801013157218286798640003974917832447378931162816455976665668419506391638357011357042103614685578793597639801141821198559084544.000000
71 870463878542022923339245781823552667226627483573774630870946100460707161917762502377557862802878981495346611954155214090834125303312285696.000000
72 908937263129692763517177581975245820101851481568628946118994514030052597776532258565318739024024698880.000000
73 5179782166888204924052784972193776351116759570883089214462511546368.000000
74 63371.189772
75 47322.572398
76 39719.703866
77 38129.013621
78 34748.743925
79 31788.443888
80 29867.161420
81 26381.156809
82 24220.723484
83 22005.624821
84 18222.687890
85 17562.059573
86 16740.833500
87 14842.430290
88 13503.731444
89 12883.918648
90 12032.782802
91 11207.930480
92 10089.591805
93 9162.349551
94 8479.410507
95 7741.520028
96 6938.384581
97 6748.859036
98 6036.992622
99 5714.780246
100 5360.024357
101 4838.034134
102 4673.328347
103 4415.538750
104 4150.842336
105 3903.252285
106 3544.701394
107 3367.189351
108 3154.679451
109 2893.766227
110 2690.840224
111 2515.787811
112 2380.287849
113 2229.274293
114 2012.471701
115 1884.845334
116 1748.805185
117 1638.809525
118 1564.712861
119 1500.355506
120 1370.485854
121 1259.245984
122 1154.538485
123 1108.932039
124 1009.568083
125 965.244217
126 898.757105
127 847.289211
128 787.292021
129 746.841189
130 691.245978
131 635.006510
132 601.048610
133 559.886296
134 524.579188
135 504.054862
136 464.159692
137 422.315440
138 404.678540
139 375.975859
140 359.236548
141 321.888910
142 299.478389
143 280.825749
144 265.427741
145 245.447908
146 232.681387
147 214.408231
148 194.229160
149 189.117939
150 177.399680
151 165.806176
152 160.074911
153 149.176936
154 142.166226
155 133.859227
156 127.103007
157 119.845738
158 113.663666
159 107.708476
160 101.592106
161 95.275095
162 89.040480
163 83.927103
164 79.173906
165 73.516201
166 68.268573
167 63.495851
168 59.348122
169 56.402800
170 53.413337
171 48.726488
172 46.734326
173 43.373274
174 41.216328
175 38.943976
176 36.246937
177 34.548067
178 33.124999
179 31.322909
180 29.776552
181 28.117617
182 26.682310
183 24.995195
184 23.725114
185 22.671339
186 21.239866
187 20.085617
188 18.812065
189 17.880966
190 16.869660
191 16.078797
192 15.229637
193 13.944338
194 13.378275
195 12.686751
196 11.830999
197 11.242386
198 10.709744
199 10.090495
200 9.599892
201 9.093528
202 8.565694
203 8.163472
204 7.793067
205 7.423167
206 7.024836
207 6.668733
208 6.363084
209 5.999888
210 5.735134
211 5.462726
212 5.181694
213 4.886776
214 4.657597
215 4.374900
216 4.185991
217 4.012361
218 3.795391
219 3.642611
220 3.468894
221 3.265625
222 3.089513
223 2.956532
224 2.827365
225 2.694507
226 2.563482
227 2.475911
228 2.335342
229 2.229583
230 2.114785
231 2.037751
232 1.921613
233 1.850892
234 1.774536
235 1.690661
236 1.608899
237 1.554763
238 1.488806
239 1.427436
240 1.375779
241 1.320367
242 1.251223
243 1.207177
244 1.138514
245 1.086888
246 1.048621
247 1.005472
248 0.964571
249 0.936118
250 0.908477
251 0.876745
252 0.848004
253 0.807680
254 0.775631
255 0.739762
256 0.706510
257 0.676076
258 0.642814
259 0.617516
260 0.598973
261 0.579955
262 0.560544
263 0.540604
264 0.519758
265 0.500949
266 0.485619
267 0.469194
268 0.449683
269 0.437991
270 0.422298
271 0.408554
272 0.395579
273 0.382037
274 0.368564
275 0.355876
276 0.338139
277 0.329220
278 0.318316
279 0.306415
280 0.296309
281 0.288134
282 0.279444
283 0.271937
284 0.264190
285 0.254871
286 0.248278
287 0.240998
288 0.234388
289 0.228096
290 0.221168
291 0.214709
292 0.209341
293 0.202290
294 0.197098
295 0.191403
296 0.185430
297 0.181058
298 0.175380
299 0.170440
300 0.166311
301 0.161980
302 0.158115
303 0.154297
304 0.150396
305 0.146996
306 0.143266
307 0.140015
308 0.135771
309 0.132111
310 0.129070
311 0.125860
312 0.122883
313 0.119561
314 0.116852
315 0.113996
316 0.111357
317 0.108838
318 0.106619
319 0.103356
320 0.101365
321 0.098738
322 0.097051
323 0.095190
324 0.093299
325 0.091081
326 0.089202
327 0.087022
328 0.085215
329 0.083697
330 0.081823
331 0.079989
332 0.078632
333 0.076694
334 0.075010
335 0.073706
336 0.072244
337 0.070822
338 0.069371
339 0.068103
340 0.066925
341 0.065578
342 0.064251
343 0.063098
344 0.061993
345 0.060687
346 0.059420
347 0.058180
348 0.056922
349 0.055924
350 0.054830
351 0.053966
352 0.053078
353 0.052165
354 0.051156
355 0.050107
356 0.049229
357 0.048348
358 0.047607
359 0.046780
360 0.045945
361 0.045211
362 0.044417
363 0.043791
364 0.043148
365 0.042519
366 0.041851
367 0.041063
368 0.040281
369 0.039729
370 0.039168
371 0.038540
372 0.037990
373 0.037511
374 0.036918
375 0.036283
376 0.035665
377 0.035117
378 0.034503
379 0.034023
380 0.033606
381 0.033189
382 0.032789
383 0.032296
384 0.031743
385 0.031412
386 0.031100
387 0.030682
388 0.030270
389 0.029908
390 0.029502
391 0.029186
392 0.028805
393 0.028489
394 0.028216
395 0.027883
396 0.027579
397 0.027294
398 0.027033
399 0.026786
400 0.026471
401 0.026254
402 0.026004
403 0.025710
404 0.025428
405 0.025125
406 0.024891
407 0.024656
408 0.024483
409 0.024171
410 0.024014
411 0.023810
412 0.023582
413 0.023305
414 0.023062
415 0.022876
416 0.022651
417 0.022464
418 0.022305
419 0.022118
420 0.021919
421 0.021684
422 0.021540
423 0.021405
424 0.021229
425 0.021067
426 0.020939
427 0.020790
428 0.020629
429 0.020472
430 0.020343
431 0.020216
432 0.020061
433 0.019906
434 0.019781
435 0.019674
436 0.019571
437 0.019445
438 0.019345
439 0.019219
440 0.019092
441 0.018995
442 0.018899
443 0.018789
444 0.018691
445 0.018569
446 0.018455
447 0.018357
448 0.018256
449 0.018168
450 0.018064
451 0.017986
452 0.017889
453 0.017793
454 0.017717
455 0.017625
456 0.017547
457 0.017453
458 0.017388
459 0.017317
460 0.017228
461 0.017149
462 0.017088
463 0.017011
464 0.016957
465 0.016898
466 0.016835
467 0.016776
468 0.016730
469 0.016684
470 0.016640
471 0.016590
472 0.016547
473 0.016508
474 0.016471
475 0.016424
476 0.016386
477 0.016350
478 0.016313
479 0.016279
480 0.016237
481 0.016206
482 0.016176
483 0.016149
484 0.016124
485 0.016094
486 0.016073
487 0.016052
488 0.016033
489 0.016016
490 0.016002
491 0.015986
492 0.015973
493 0.015957
494 0.015948
495 0.015939
496 0.015932
497 0.015927
498 0.015923
499 0.015920
500 0.015918
