1 4395564.296571
2 4538553.815490
3 5422348.072258
4 5662949.869766
5 5697091.730063
6 12245612.068950
7 10324289.509343
8 12873687.207716
9 11209162.409528
10 14789611.559052
11 14854715.638291
12 20125269.577955
13 28231416.018666
14 22199724.319935
15 30735226.586131
16 31127587.601099
17 26335492.043175
18 16564556.610882
19 27515320.828421
20 28663795.513931
21 38057150.508736
22 38125583.784165
23 32679163.393053
24 42461613.582071
25 41856647.475234
26 35817506.172555
27 31588742.225525
28 48290028.257211
29 51804310.641555
30 47855137.385727
31 40301628.329123
32 36838879.061420
33 50072339.800156
34 47426401.515105
35 54660483.029377
36 60901775.586788
37 56342145.789437
38 51399868.691273
39 55679830.802685
40 36655720.338855
41 43114338.808926
42 26072673.451609
43 32126690.563684
44 32367069.805048
45 34080449.253669
46 53239879.183988
47 37098911.802700
48 33195993.078485
49 43039986.813655
50 39467416.049367
51 41699630.634897
52 37310131.388656
53 30380842.440154
54 30493581.006494
55 25238841.931941
56 18604643.900536
57 18080463.790084
58 17371594.449426
59 24947967.399388
60 22156171.097840
61 16458200.187719
62 22977246.949692
63 23661410.273389
64 20204287.251867
65 17487022.531569
66 13596717.298630
67 19716543.192665
68 16137174.809874
69 16564483.180174
70 15515694.257931
71 11789814.384539
72 13942122.024501
73 9218963.324359
74 8849367.991060
75 8801400.049293
76 6895686.644821
77 8362260.937424
78 8396584.556831
79 8159637.901270
80 6653669.225099
81 6917313.520122
82 4922449.221151
83 5729298.836726
84 6697039.733182
85 3430614.707866
86 3684373.790358
87 4414415.732757
88 3830403.625311
89 3050650.544392
90 2870717.641129
91 2683805.147472
92 2527312.251424
93 1424435.816556
94 1977030.137648
95 1971114.218621
96 2340272.912264
97 2399042.022436
98 1994303.319913
99 1924921.019874
100 1616458.255719
101 1555160.734448
102 1495680.666856
103 1398496.410787
104 1354349.756415
105 1039865.186918
106 1331149.774243
107 981417.170249
108 935316.292456
109 962114.035567
110 929655.825879
111 926947.013166
112 891921.889820
113 665701.170685
114 639517.746458
115 554298.775333
116 544802.348430
117 469340.161092
118 532042.589974
119 408671.271117
120 536204.399592
121 539644.026702
122 436051.616313
123 452619.493491
124 439202.036638
125 391913.644297
126 384742.408388
127 439399.734897
128 439831.243615
129 382947.457904
130 321650.069543
131 251867.446019
132 213519.758199
133 241240.486045
134 234171.923954
135 227568.589686
136 225958.802648
137 216064.080286
138 196768.233235
139 219104.304030
140 196162.543552
141 174925.335529
142 204167.054292
143 201984.567696
144 170740.984336
145 134907.505740
146 103370.912725
147 125686.447634
148 101048.158774
149 99829.633306
150 104464.564391
151 87699.925462
152 97107.091101
153 94256.234342
154 82687.007434
155 78592.928455
156 81500.847169
157 82590.093458
158 85537.682608
159 73722.573536
160 64706.363028
161 58428.264878
162 57754.794704
163 58109.053364
164 56671.410387
165 63726.153938
166 50930.872521
167 49416.624984
168 39609.803631
169 34961.565189
170 35453.277289
171 38723.553561
172 37591.282452
173 38009.655673
174 31861.858363
175 32397.025631
176 31770.438206
177 29761.706353
178 26598.335249
179 25753.452591
180 24439.217241
181 19608.790282
182 18547.211747
183 16345.253075
184 18037.438599
185 15393.199913
186 15541.337742
187 13652.563626
188 12215.782223
189 12197.203439
190 10868.556166
191 11580.888494
192 11122.853075
193 9632.528680
194 9478.557572
195 9966.664913
196 9073.019182
197 8270.759981
198 7141.420282
199 8093.386570
200 8559.135492
201 8072.019741
202 7451.094927
203 6643.857041
204 5773.990657
205 5874.360508
206 5610.919653
207 4175.124171
208 4221.794206
209 4722.969830
210 4119.056191
211 4615.657886
212 4495.757414
213 4580.706534
214 3947.759043
215 3551.033650
216 3352.260197
217 3540.352928
218 3158.766139
219 3533.260833
220 3032.101250
221 2998.867084
222 2757.135502
223 2500.225290
224 2639.044528
225 2458.426237
226 2206.586009
227 2007.714478
228 2277.724790
229 2339.631938
230 2138.709334
231 2027.579912
232 1875.599141
233 2012.023646
234 2047.719254
235 1893.061011
236 1665.528955
237 1529.408770
238 1594.069218
239 1644.218668
240 1468.164796
241 1317.140383
242 1291.810725
243 1338.930505
244 1101.066419
245 1258.926403
246 1166.444731
247 1026.519138
248 1091.758395
249 1105.910078
250 1029.060220
251 1031.034779
252 919.396804
253 867.127089
254 920.259963
255 921.473894
256 966.500417
257 871.382188
258 848.448934
259 771.956846
260 728.331044
261 766.760773
262 667.329250
263 684.837703
264 684.216115
265 626.201193
266 645.148339
267 587.113379
268 574.626162
269 576.054280
270 527.005278
271 540.779890
272 476.990704
273 461.026117
274 479.138941
275 434.078862
276 391.271307
277 377.259886
278 357.729183
279 357.165909
280 374.128378
281 337.240060
282 345.309943
283 309.733050
284 332.297812
285 331.892745
286 326.967049
287 307.019822
288 298.170539
289 316.849332
290 296.454141
291 286.741087
292 282.035726
293 283.061609
294 258.590034
295 243.497136
296 251.008462
297 256.190476
298 238.724874
299 222.025506
300 227.883087
301 198.542401
302 202.079918
303 195.272802
304 198.250387
305 209.039121
306 196.810747
307 185.642300
308 178.483408
309 183.709646
310 161.874513
311 162.308108
312 154.496766
313 153.057361
314 151.735219
315 145.261037
316 135.645409
317 133.180186
318 120.934576
319 119.566718
320 113.790372
321 107.901444
322 106.742630
323 112.979826
324 109.159129
325 112.006390
326 106.773445
327 101.803221
328 99.729207
329 93.330038
330 91.298728
331 85.281831
332 86.298739
333 80.840590
334 79.390103
335 77.110587
336 77.928524
337 78.373919
338 74.053963
339 68.678309
340 64.621679
341 65.641885
342 62.938187
343 60.933311
344 58.195493
345 55.389880
346 56.690717
347 57.543014
348 57.316817
349 56.978020
350 50.770217
351 52.286284
352 49.918881
353 49.133070
354 48.275255
355 46.833684
356 46.957485
357 45.635619
358 45.364503
359 42.946357
360 42.472276
361 42.321202
362 38.642544
363 40.357515
364 38.162714
365 37.635044
366 38.066204
367 36.841701
368 34.877740
369 34.519469
370 32.343033
371 34.238766
372 35.027774
373 34.046113
374 34.739920
375 34.248449
376 33.179447
377 31.777100
378 31.194034
379 29.742637
380 30.214391
381 30.112534
382 29.402316
383 29.829013
384 29.140390
385 29.453137
386 28.240028
387 27.292578
388 27.147995
389 26.991283
390 26.366498
391 25.485182
392 24.426563
393 24.990077
394 23.970008
395 24.007631
396 22.605329
397 22.793188
398 22.763328
399 22.214482
400 22.378827
401 21.739646
402 21.084084
403 20.385433
404 20.843511
405 20.827141
406 20.015492
407 20.381943
408 19.971148
409 19.838652
410 19.675748
411 19.583571
412 18.710369
413 18.706431
414 18.612576
415 17.919183
416 18.086508
417 17.735565
418 16.989235
419 16.735504
420 16.793291
421 16.297196
422 16.537582
423 16.019190
424 16.063270
425 15.631921
426 15.157767
427 14.644144
428 14.577544
429 14.433513
430 13.946736
431 14.003813
432 13.609842
433 13.686321
434 13.598378
435 13.173131
436 13.143169
437 12.830454
438 12.666130
439 12.464045
440 12.273495
441 12.263927
442 12.052292
443 12.021060
444 11.555277
445 11.597235
446 11.479870
447 11.319541
448 11.326391
449 11.209617
450 11.096798
451 10.913873
452 10.666539
453 10.600440
454 10.521802
455 10.337630
456 10.207021
457 10.205050
458 10.099392
459 9.969196
460 9.818193
461 9.724705
462 9.681332
463 9.567085
464 9.460589
465 9.408104
466 9.269965
467 9.216886
468 9.112386
469 9.026294
470 8.995484
471 8.864915
472 8.736606
473 8.721465
474 8.653905
475 8.608744
476 8.545038
477 8.485804
478 8.443505
479 8.405379
480 8.357790
481 8.320960
482 8.261480
483 8.216004
484 8.161187
485 8.122260
486 8.086070
487 8.045627
488 8.023584
489 7.986203
490 7.958630
491 7.934792
492 7.911911
493 7.884771
494 7.868599
495 7.848794
496 7.835373
497 7.821928
498 7.810626
499 7.805897
500 7.802621
