1 1505814.136980
2 1557934.189983
3 1604665.166275
4 1801511.102367
5 1665218.586773
6 1829176.234303
7 1778689.715715
8 1941830.164109
9 1818047.380015
10 1804230.016112
11 1791822.346348
12 1780178.404182
13 1698441.167040
14 1701029.840360
15 1665465.704223
16 1698071.357202
17 1560660.741248
18 1467338.369054
19 1431187.240038
20 1393556.960933
21 1281628.942857
22 1259829.628386
23 1195034.388965
24 1202480.649759
25 1083304.514613
26 1043151.228499
27 937045.587960
28 877700.815573
29 830077.562991
30 854423.616168
31 797503.794348
32 712275.043727
33 649801.248753
34 548877.763810
35 489661.942339
36 463342.481477
37 421672.102482
38 392752.023334
39 374267.224331
40 350618.848219
41 321054.844819
42 299300.827766
43 267257.809914
44 245894.468326
45 232412.534769
46 212012.049356
47 185943.162979
48 170901.176907
49 152849.882708
50 136656.634509
51 125416.854897
52 115161.393913
53 101765.563029
54 94379.200651
55 81918.905837
56 72759.859347
57 64666.230912
58 61307.437250
59 55241.822441
60 48837.172284
61 43717.047832
62 38764.571023
63 34937.386992
64 31870.213031
65 27067.302851
66 24409.131866
67 20554.455554
68 18571.113874
69 16795.351927
70 15146.565132
71 13366.579178
72 11335.349855
73 9832.807233
74 8614.241207
75 7452.810795
76 5877.825438
77 5075.079091
78 4729.751770
79 3748.679614
80 3593.606467
81 2966.144593
82 2763.980087
83 2466.996629
84 2196.918103
85 1891.998677
86 1654.243634
87 1442.606849
88 1261.297765
89 1015.988796
90 910.560454
91 838.788767
92 718.647614
93 666.133305
94 569.472987
95 458.821327
96 414.471754
97 365.857959
98 326.237802
99 268.460916
100 244.698362
101 209.785825
102 185.739368
103 164.592227
104 141.571316
105 120.915174
106 107.031858
107 96.111566
108 85.053945
109 72.851791
110 63.189446
111 54.883451
112 47.500123
113 42.452152
114 36.132067
115 29.678534
116 27.296439
117 23.926922
118 21.191788
119 17.603559
120 15.864893
121 13.285378
122 12.090118
123 10.863196
124 9.675679
125 8.221585
126 6.974734
127 6.145861
128 5.284165
129 4.486953
130 3.879306
131 3.446004
132 3.013315
133 2.589785
134 2.288937
135 1.963677
136 1.685106
137 1.460995
138 1.235028
139 1.113935
140 0.977490
141 0.849527
142 0.742612
143 0.660898
144 0.584069
145 0.495475
146 0.443549
147 0.388283
148 0.343807
149 0.294636
150 0.259920
151 0.228526
152 0.202456
153 0.173633
154 0.153645
155 0.135442
156 0.119699
157 0.105421
158 0.094773
159 0.083244
160 0.071534
161 0.063845
162 0.055193
163 0.050271
164 0.045099
165 0.039949
166 0.036192
167 0.032686
168 0.028929
169 0.025541
170 0.021513
171 0.019036
172 0.016868
173 0.014801
174 0.012412
175 0.011289
176 0.010193
177 0.009197
178 0.008211
179 0.007318
180 0.006687
181 0.005803
182 0.005340
183 0.004804
184 0.004375
185 0.003894
186 0.003474
187 0.003193
188 0.002917
189 0.002596
190 0.002408
191 0.002193
192 0.001926
193 0.001796
194 0.001619
195 0.001456
196 0.001355
197 0.001161
198 0.001095
199 0.000952
200 0.000876
201 0.000804
202 0.000736
203 0.000673
204 0.000598
205 0.000544
206 0.000499
207 0.000459
208 0.000423
209 0.000372
210 0.000352
211 0.000321
212 0.000297
213 0.000271
214 0.000248
215 0.000220
216 0.000203
217 0.000184
218 0.000168
219 0.000155
220 0.000143
221 0.000132
222 0.000121
223 0.000111
224 0.000104
225 0.000093
226 0.000086
227 0.000080
228 0.000072
229 0.000068
230 0.000062
231 0.000057
232 0.000051
233 0.000048
234 0.000044
235 0.000040
236 0.000037
237 0.000035
238 0.000032
239 0.000029
240 0.000027
241 0.000025
242 0.000024
243 0.000022
244 0.000021
245 0.000020
246 0.000018
247 0.000017
248 0.000016
249 0.000015
250 0.000014
251 0.000013
252 0.000012
253 0.000012
254 0.000011
255 0.000010
256 0.000009
257 0.000009
258 0.000008
259 0.000008
260 0.000007
261 0.000007
262 0.000006
263 0.000006
264 0.000005
265 0.000005
266 0.000005
267 0.000004
268 0.000004
269 0.000004
270 0.000004
271 0.000003
272 0.000003
273 0.000003
274 0.000003
275 0.000003
276 0.000003
277 0.000002
278 0.000002
279 0.000002
280 0.000002
281 0.000002
282 0.000002
283 0.000002
284 0.000002
285 0.000001
286 0.000001
287 0.000001
288 0.000001
289 0.000001
290 0.000001
291 0.000001
292 0.000001
293 0.000001
294 0.000001
295 0.000001
296 0.000001
297 0.000001
298 0.000001
299 0.000001
300 0.000001
301 0.000001
302 0.000001
303 0.000001
304 0.000001
305 0.000001
306 0.000001
307 0.000000
308 0.000000
309 0.000000
310 0.000000
311 0.000000
312 0.000000
313 0.000000
314 0.000000
315 0.000000
316 0.000000
317 0.000000
318 0.000000
319 0.000000
320 0.000000
321 0.000000
322 0.000000
323 0.000000
324 0.000000
325 0.000000
326 0.000000
327 0.000000
328 0.000000
329 0.000000
330 0.000000
331 0.000000
332 0.000000
333 0.000000
334 0.000000
335 0.000000
336 0.000000
337 0.000000
338 0.000000
339 0.000000
340 0.000000
341 0.000000
342 0.000000
343 0.000000
344 0.000000
345 0.000000
346 0.000000
347 0.000000
348 0.000000
349 0.000000
350 0.000000
351 0.000000
352 0.000000
353 0.000000
354 0.000000
355 0.000000
356 0.000000
357 0.000000
358 0.000000
359 0.000000
360 0.000000
361 0.000000
362 0.000000
363 0.000000
364 0.000000
365 0.000000
366 0.000000
367 0.000000
368 0.000000
369 0.000000
370 0.000000
371 0.000000
372 0.000000
373 0.000000
374 0.000000
375 0.000000
376 0.000000
377 0.000000
378 0.000000
379 0.000000
380 0.000000
381 0.000000
382 0.000000
383 0.000000
384 0.000000
385 0.000000
386 0.000000
387 0.000000
388 0.000000
389 0.000000
390 0.000000
391 0.000000
392 0.000000
393 0.000000
394 0.000000
395 0.000000
396 0.000000
397 0.000000
398 0.000000
399 0.000000
400 0.000000
401 0.000000
402 0.000000
403 0.000000
404 0.000000
405 0.000000
406 0.000000
407 0.000000
408 0.000000
409 0.000000
410 0.000000
411 0.000000
412 0.000000
413 0.000000
414 0.000000
415 0.000000
416 0.000000
417 0.000000
418 0.000000
419 0.000000
420 0.000000
421 0.000000
422 0.000000
423 0.000000
424 0.000000
425 0.000000
426 0.000000
427 0.000000
428 0.000000
429 0.000000
430 0.000000
431 0.000000
432 0.000000
433 0.000000
434 0.000000
435 0.000000
436 0.000000
437 0.000000
438 0.000000
439 0.000000
440 0.000000
441 0.000000
442 0.000000
443 0.000000
444 0.000000
445 0.000000
446 0.000000
447 0.000000
448 0.000000
449 0.000000
450 0.000000
451 0.000000
452 0.000000
453 0.000000
454 0.000000
455 0.000000
456 0.000000
457 0.000000
458 0.000000
459 0.000000
460 0.000000
461 0.000000
462 0.000000
463 0.000000
464 0.000000
465 0.000000
466 0.000000
467 0.000000
468 0.000000
469 0.000000
470 0.000000
471 0.000000
472 0.000000
473 0.000000
474 0.000000
475 0.000000
476 0.000000
477 0.000000
478 0.000000
479 0.000000
480 0.000000
481 0.000000
482 0.000000
483 0.000000
484 0.000000
485 0.000000
486 0.000000
487 0.000000
488 0.000000
489 0.000000
490 0.000000
491 0.000000
492 0.000000
493 0.000000
494 0.000000
495 0.000000
496 0.000000
497 0.000000
498 0.000000
499 0.000000
500 0.000000
