1 1491200.997505
2 1610779.561505
3 1513677.514308
4 1727741.336809
5 1700011.453869
6 1820294.523241
7 1816772.145322
8 1882221.954910
9 1811312.140556
10 1779990.685688
11 1803230.002427
12 1794039.872549
13 1811259.946860
14 1768886.169496
15 1676936.374805
16 1582769.901199
17 1549428.567054
18 1463030.120596
19 1457719.742412
20 1425340.623631
21 1338820.625350
22 1292029.682337
23 1285170.154420
24 1211557.252802
25 1148689.319733
26 1056521.526285
27 959426.783598
28 946975.835425
29 940526.014446
30 874327.725478
31 833075.233345
32 826434.738772
33 766573.860912
34 711492.391817
35 600821.565403
36 607158.930536
37 581694.699641
38 544919.345198
39 457646.885815
40 438525.660433
41 406701.929408
42 393589.487864
43 368653.355350
44 327010.605238
45 281543.337026
46 275387.610523
47 243641.147325
48 212540.626687
49 207102.533061
50 192805.007787
51 169214.630961
52 147877.097003
53 134131.698653
54 123436.363878
55 107312.574123
56 99370.461227
57 86453.212454
58 80002.647104
59 70275.798436
60 70628.935731
61 62334.281499
62 55166.812670
63 49335.013119
64 45274.198026
65 38603.552413
66 34865.817993
67 30953.470043
68 26993.642791
69 22460.531629
70 20332.875036
71 17328.053853
72 15401.752783
73 13334.393301
74 10884.781783
75 10180.100331
76 8886.119587
77 8102.956451
78 6600.356335
79 5732.757848
80 5173.040048
81 4550.915783
82 3904.794382
83 3496.863225
84 2896.816159
85 2491.447024
86 2251.963989
87 1856.768661
88 1679.323406
89 1511.578510
90 1280.549395
91 1113.100564
92 1011.494049
93 858.544823
94 747.991723
95 647.512326
96 552.201860
97 477.229721
98 410.274870
99 362.821723
100 322.679439
101 275.719801
102 239.724559
103 200.603808
104 174.152867
105 151.681597
106 134.401863
107 119.800433
108 106.211039
109 92.085552
110 80.861389
111 69.143207
112 60.243157
113 51.564114
114 47.028766
115 41.377914
116 36.045161
117 31.470291
118 27.930395
119 23.853673
120 21.314307
121 17.422871
122 15.117711
123 13.088034
124 11.999668
125 10.561341
126 9.459796
127 7.958038
128 6.856784
129 6.251989
130 5.572270
131 4.831140
132 4.205313
133 3.684083
134 3.242433
135 2.701799
136 2.391835
137 1.972669
138 1.718003
139 1.543652
140 1.326943
141 1.157337
142 0.979708
143 0.866626
144 0.742814
145 0.654525
146 0.569003
147 0.494590
148 0.438631
149 0.368581
150 0.333974
151 0.293173
152 0.260418
153 0.231640
154 0.203282
155 0.176003
156 0.157122
157 0.138901
158 0.125909
159 0.112819
160 0.095914
161 0.088046
162 0.078703
163 0.070085
164 0.061638
165 0.054458
166 0.048018
167 0.043030
168 0.037899
169 0.034760
170 0.030637
171 0.026490
172 0.023604
173 0.021278
174 0.019136
175 0.017164
176 0.015533
177 0.014080
178 0.012635
179 0.011509
180 0.010291
181 0.008820
182 0.008227
183 0.007342
184 0.006547
185 0.005828
186 0.005214
187 0.004740
188 0.004346
189 0.003880
190 0.003521
191 0.003086
192 0.002745
193 0.002508
194 0.002268
195 0.001974
196 0.001822
197 0.001629
198 0.001423
199 0.001284
200 0.001187
201 0.001053
202 0.000961
203 0.000851
204 0.000796
205 0.000728
206 0.000659
207 0.000608
208 0.000537
209 0.000506
210 0.000462
211 0.000413
212 0.000375
213 0.000347
214 0.000313
215 0.000283
216 0.000264
217 0.000241
218 0.000220
219 0.000198
220 0.000183
221 0.000168
222 0.000155
223 0.000144
224 0.000132
225 0.000122
226 0.000112
227 0.000103
228 0.000097
229 0.000090
230 0.000083
231 0.000076
232 0.000072
233 0.000066
234 0.000061
235 0.000056
236 0.000053
237 0.000049
238 0.000044
239 0.000041
240 0.000039
241 0.000036
242 0.000033
243 0.000031
244 0.000029
245 0.000027
246 0.000025
247 0.000023
248 0.000022
249 0.000020
250 0.000019
251 0.000018
252 0.000017
253 0.000015
254 0.000014
255 0.000014
256 0.000013
257 0.000012
258 0.000011
259 0.000011
260 0.000010
261 0.000009
262 0.000009
263 0.000008
264 0.000008
265 0.000007
266 0.000007
267 0.000006
268 0.000006
269 0.000006
270 0.000005
271 0.000005
272 0.000005
273 0.000004
274 0.000004
275 0.000004
276 0.000004
277 0.000003
278 0.000003
279 0.000003
280 0.000003
281 0.000003
282 0.000003
283 0.000002
284 0.000002
285 0.000002
286 0.000002
287 0.000002
288 0.000002
289 0.000002
290 0.000002
291 0.000002
292 0.000002
293 0.000001
294 0.000001
295 0.000001
296 0.000001
297 0.000001
298 0.000001
299 0.000001
300 0.000001
301 0.000001
302 0.000001
303 0.000001
304 0.000001
305 0.000001
306 0.000001
307 0.000001
308 0.000001
309 0.000001
310 0.000001
311 0.000001
312 0.000001
313 0.000001
314 0.000001
315 0.000001
316 0.000000
317 0.000000
318 0.000000
319 0.000000
320 0.000000
321 0.000000
322 0.000000
323 0.000000
324 0.000000
325 0.000000
326 0.000000
327 0.000000
328 0.000000
329 0.000000
330 0.000000
331 0.000000
332 0.000000
333 0.000000
334 0.000000
335 0.000000
336 0.000000
337 0.000000
338 0.000000
339 0.000000
340 0.000000
341 0.000000
342 0.000000
343 0.000000
344 0.000000
345 0.000000
346 0.000000
347 0.000000
348 0.000000
349 0.000000
350 0.000000
351 0.000000
352 0.000000
353 0.000000
354 0.000000
355 0.000000
356 0.000000
357 0.000000
358 0.000000
359 0.000000
360 0.000000
361 0.000000
362 0.000000
363 0.000000
364 0.000000
365 0.000000
366 0.000000
367 0.000000
368 0.000000
369 0.000000
370 0.000000
371 0.000000
372 0.000000
373 0.000000
374 0.000000
375 0.000000
376 0.000000
377 0.000000
378 0.000000
379 0.000000
380 0.000000
381 0.000000
382 0.000000
383 0.000000
384 0.000000
385 0.000000
386 0.000000
387 0.000000
388 0.000000
389 0.000000
390 0.000000
391 0.000000
392 0.000000
393 0.000000
394 0.000000
395 0.000000
396 0.000000
397 0.000000
398 0.000000
399 0.000000
400 0.000000
401 0.000000
402 0.000000
403 0.000000
404 0.000000
405 0.000000
406 0.000000
407 0.000000
408 0.000000
409 0.000000
410 0.000000
411 0.000000
412 0.000000
413 0.000000
414 0.000000
415 0.000000
416 0.000000
417 0.000000
418 0.000000
419 0.000000
420 0.000000
421 0.000000
422 0.000000
423 0.000000
424 0.000000
425 0.000000
426 0.000000
427 0.000000
428 0.000000
429 0.000000
430 0.000000
431 0.000000
432 0.000000
433 0.000000
434 0.000000
435 0.000000
436 0.000000
437 0.000000
438 0.000000
439 0.000000
440 0.000000
441 0.000000
442 0.000000
443 0.000000
444 0.000000
445 0.000000
446 0.000000
447 0.000000
448 0.000000
449 0.000000
450 0.000000
451 0.000000
452 0.000000
453 0.000000
454 0.000000
455 0.000000
456 0.000000
457 0.000000
458 0.000000
459 0.000000
460 0.000000
461 0.000000
462 0.000000
463 0.000000
464 0.000000
465 0.000000
466 0.000000
467 0.000000
468 0.000000
469 0.000000
470 0.000000
471 0.000000
472 0.000000
473 0.000000
474 0.000000
475 0.000000
476 0.000000
477 0.000000
478 0.000000
479 0.000000
480 0.000000
481 0.000000
482 0.000000
483 0.000000
484 0.000000
485 0.000000
486 0.000000
487 0.000000
488 0.000000
489 0.000000
490 0.000000
491 0.000000
492 0.000000
493 0.000000
494 0.000000
495 0.000000
496 0.000000
497 0.000000
498 0.000000
499 0.000000
500 0.000000
