1 711615.122197
2 760011.716774
3 636571.651818
4 634794.083226
5 635487.487226
6 581762.718912
7 516814.545835
8 531160.446025
9 512411.019525
10 494221.446891
11 448131.556231
12 388235.208034
13 364877.585373
14 359223.884024
15 302553.782378
16 287773.637549
17 255693.489842
18 244352.532340
19 212330.999963
20 176668.024003
21 142654.273785
22 132681.630604
23 129634.309142
24 115617.528867
25 94600.003380
26 84613.157853
27 68947.405821
28 63498.952448
29 52320.760312
30 53344.659298
31 43152.486232
32 41500.895868
33 36085.056934
34 33078.569293
35 27842.242753
36 26418.029256
37 24304.453384
38 19057.525954
39 17751.176411
40 16182.718391
41 13487.683851
42 12004.977259
43 9991.679843
44 8608.779254
45 7195.154196
46 5742.665708
47 4901.972094
48 4172.803938
49 3720.523379
50 3260.376143
51 2937.239906
52 2406.408835
53 2076.224415
54 1857.150199
55 1659.191594
56 1341.369310
57 1142.354217
58 968.099425
59 865.653968
60 688.734604
61 592.963992
62 504.053684
63 423.041898
64 347.256257
65 262.756143
66 235.044096
67 205.158575
68 171.625208
69 144.753141
70 125.839352
71 105.504258
72 90.806538
73 78.038720
74 67.040800
75 54.861468
76 42.113392
77 36.142057
78 30.172542
79 24.229485
80 20.333161
81 17.728002
82 14.037014
83 11.796525
84 8.949760
85 7.492545
86 6.800681
87 5.575037
88 4.794112
89 3.986718
90 3.187983
91 2.661505
92 2.255068
93 1.809555
94 1.520870
95 1.287255
96 1.104415
97 0.905427
98 0.737022
99 0.641539
100 0.515432
101 0.430595
102 0.318659
103 0.287232
104 0.230436
105 0.187929
106 0.155659
107 0.127255
108 0.103953
109 0.089219
110 0.072580
111 0.062762
112 0.054208
113 0.045278
114 0.036163
115 0.029536
116 0.025110
117 0.020476
118 0.017459
119 0.014279
120 0.011023
121 0.009209
122 0.007252
123 0.005772
124 0.004782
125 0.003921
126 0.003242
127 0.002573
128 0.001953
129 0.001726
130 0.001400
131 0.001200
132 0.000999
133 0.000822
134 0.000702
135 0.000563
136 0.000488
137 0.000420
138 0.000349
139 0.000293
140 0.000241
141 0.000203
142 0.000169
143 0.000148
144 0.000129
145 0.000105
146 0.000091
147 0.000078
148 0.000067
149 0.000056
150 0.000048
151 0.000040
152 0.000034
153 0.000029
154 0.000024
155 0.000020
156 0.000017
157 0.000014
158 0.000011
159 0.000010
160 0.000008
161 0.000007
162 0.000006
163 0.000005
164 0.000004
165 0.000004
166 0.000003
167 0.000003
168 0.000002
169 0.000002
170 0.000002
171 0.000001
172 0.000001
173 0.000001
174 0.000001
175 0.000001
176 0.000001
177 0.000001
178 0.000000
179 0.000000
180 0.000000
181 0.000000
182 0.000000
183 0.000000
184 0.000000
185 0.000000
186 0.000000
187 0.000000
188 0.000000
189 0.000000
190 0.000000
191 0.000000
192 0.000000
193 0.000000
194 0.000000
195 0.000000
196 0.000000
197 0.000000
198 0.000000
199 0.000000
200 0.000000
201 0.000000
202 0.000000
203 0.000000
204 0.000000
205 0.000000
206 0.000000
207 0.000000
208 0.000000
209 0.000000
210 0.000000
211 0.000000
212 0.000000
213 0.000000
214 0.000000
215 0.000000
216 0.000000
217 0.000000
218 0.000000
219 0.000000
220 0.000000
221 0.000000
222 0.000000
223 0.000000
224 0.000000
225 0.000000
226 0.000000
227 0.000000
228 0.000000
229 0.000000
230 0.000000
231 0.000000
232 0.000000
233 0.000000
234 0.000000
235 0.000000
236 0.000000
237 0.000000
238 0.000000
239 0.000000
240 0.000000
241 0.000000
242 0.000000
243 0.000000
244 0.000000
245 0.000000
246 0.000000
247 0.000000
248 0.000000
249 0.000000
250 0.000000
251 0.000000
252 0.000000
253 0.000000
254 0.000000
255 0.000000
256 0.000000
257 0.000000
258 0.000000
259 0.000000
260 0.000000
261 0.000000
262 0.000000
263 0.000000
264 0.000000
265 0.000000
266 0.000000
267 0.000000
268 0.000000
269 0.000000
270 0.000000
271 0.000000
272 0.000000
273 0.000000
274 0.000000
275 0.000000
276 0.000000
277 0.000000
278 0.000000
279 0.000000
280 0.000000
281 0.000000
282 0.000000
283 0.000000
284 0.000000
285 0.000000
286 0.000000
287 0.000000
288 0.000000
289 0.000000
290 0.000000
291 0.000000
292 0.000000
293 0.000000
294 0.000000
295 0.000000
296 0.000000
297 0.000000
298 0.000000
299 0.000000
300 0.000000
301 0.000000
302 0.000000
303 0.000000
304 0.000000
305 0.000000
306 0.000000
307 0.000000
308 0.000000
309 0.000000
310 0.000000
311 0.000000
312 0.000000
313 0.000000
314 0.000000
315 0.000000
316 0.000000
317 0.000000
318 0.000000
319 0.000000
320 0.000000
321 0.000000
322 0.000000
323 0.000000
324 0.000000
325 0.000000
326 0.000000
327 0.000000
328 0.000000
329 0.000000
330 0.000000
331 0.000000
332 0.000000
333 0.000000
334 0.000000
335 0.000000
336 0.000000
337 0.000000
338 0.000000
339 0.000000
340 0.000000
341 0.000000
342 0.000000
343 0.000000
344 0.000000
345 0.000000
346 0.000000
347 0.000000
348 0.000000
349 0.000000
350 0.000000
351 0.000000
352 0.000000
353 0.000000
354 0.000000
355 0.000000
356 0.000000
357 0.000000
358 0.000000
359 0.000000
360 0.000000
361 0.000000
362 0.000000
363 0.000000
364 0.000000
365 0.000000
366 0.000000
367 0.000000
368 0.000000
369 0.000000
370 0.000000
371 0.000000
372 0.000000
373 0.000000
374 0.000000
375 0.000000
376 0.000000
377 0.000000
378 0.000000
379 0.000000
380 0.000000
381 0.000000
382 0.000000
383 0.000000
384 0.000000
385 0.000000
386 0.000000
387 0.000000
388 0.000000
389 0.000000
390 0.000000
391 0.000000
392 0.000000
393 0.000000
394 0.000000
395 0.000000
396 0.000000
397 0.000000
398 0.000000
399 0.000000
400 0.000000
401 0.000000
402 0.000000
403 0.000000
404 0.000000
405 0.000000
406 0.000000
407 0.000000
408 0.000000
409 0.000000
410 0.000000
411 0.000000
412 0.000000
413 0.000000
414 0.000000
415 0.000000
416 0.000000
417 0.000000
418 0.000000
419 0.000000
420 0.000000
421 0.000000
422 0.000000
423 0.000000
424 0.000000
425 0.000000
426 0.000000
427 0.000000
428 0.000000
429 0.000000
430 0.000000
431 0.000000
432 0.000000
433 0.000000
434 0.000000
435 0.000000
436 0.000000
437 0.000000
438 0.000000
439 0.000000
440 0.000000
441 0.000000
442 0.000000
443 0.000000
444 0.000000
445 0.000000
446 0.000000
447 0.000000
448 0.000000
449 0.000000
450 0.000000
451 0.000000
452 0.000000
453 0.000000
454 0.000000
455 0.000000
456 0.000000
457 0.000000
458 0.000000
459 0.000000
460 0.000000
461 0.000000
462 0.000000
463 0.000000
464 0.000000
465 0.000000
466 0.000000
467 0.000000
468 0.000000
469 0.000000
470 0.000000
471 0.000000
472 0.000000
473 0.000000
474 0.000000
475 0.000000
476 0.000000
477 0.000000
478 0.000000
479 0.000000
480 0.000000
481 0.000000
482 0.000000
483 0.000000
484 0.000000
485 0.000000
486 0.000000
487 0.000000
488 0.000000
489 0.000000
490 0.000000
491 0.000000
492 0.000000
493 0.000000
494 0.000000
495 0.000000
496 0.000000
497 0.000000
498 0.000000
499 0.000000
500 0.000000
