1 98598007.874268
2 76853171.408290
3 119640937.943322
4 113590590.437942
5 130535796.255543
6 191775779.566573
7 150362496.133401
8 217446048.584410
9 277110336.017875
10 345838094.687180
11 301263058.487542
12 247989780.902433
13 474631102.389062
14 494017757.117364
15 545234512.074469
16 621269499.738618
17 716010627.165580
18 753148370.148200
19 1002825559.267651
20 1130555640.991378
21 1117640822.705262
22 1060464179.193096
23 1141765847.312521
24 1472979214.778119
25 1692567675.574763
26 2210114470.506211
27 2164589642.954904
28 2182793716.068631
29 1640480504.886801
30 1284293871.439448
31 2119669596.222584
32 2370155299.017570
33 3255792608.755888
34 4025011655.838113
35 3797944325.987132
36 5054993875.460446
37 5443828643.178641
38 5141230413.218860
39 4971364127.344441
40 4914459030.509747
41 5468433041.308179
42 6253007117.542877
43 6322334316.175398
44 6451051082.569971
45 5402082036.426843
46 5367437207.490102
47 6140365007.554093
48 6851250797.594157
49 6699641006.093641
50 6163565966.876482
51 7443120263.509900
52 7778929394.732219
53 7368234898.377684
54 5708969548.566407
55 9902342254.563354
56 9018480813.463957
57 8964650184.922628
58 10873783444.861961
59 12651200864.090576
60 9225832235.237015
61 11192092396.663921
62 12086309615.396433
63 9637113515.957083
64 11817127907.615303
65 11686823110.265007
66 11966107364.297316
67 13963111331.261223
68 11299011260.777325
69 12928385341.344482
70 12390559829.100073
71 12675287613.391047
72 12463367032.122126
73 10303638791.674740
74 9676010435.835337
75 8785751952.567406
76 8736261542.228661
77 6600833541.295361
78 9018175222.981182
79 9397577442.710720
80 8616819571.342112
81 8852874483.602919
82 10818585140.228859
83 8279503635.665709
84 8557079639.072428
85 9001369635.812727
86 7335939088.450859
87 7132041518.376019
88 7309259660.729368
89 6902714065.127188
90 6858647450.839566
91 6910781800.544455
92 6192068410.119795
93 6523304067.208497
94 5739642527.999875
95 5240827769.889873
96 4511187525.022871
97 4175502722.872989
98 4592713540.684543
99 4695399956.464805
100 5144745397.577319
101 4277099532.228074
102 5424188083.067966
103 5014589878.935246
104 4896364433.471429
105 3912114855.486244
106 3728440065.238458
107 3644858412.728027
108 2889470065.064315
109 2770000669.022306
110 3431847880.377158
111 3159383787.158154
112 3873293111.702893
113 1845557882.244430
114 2866366839.693970
115 3094177412.290333
116 2380978347.356236
117 2651673752.106903
118 2407091650.907928
119 1820136210.853850
120 2035333530.561620
121 2351681611.823889
122 1835040082.566391
123 2057017694.880209
124 1598525486.055432
125 2015224029.210598
126 1612008621.730742
127 1640928283.813129
128 1358839254.450399
129 1671419190.130317
130 1598536426.489528
131 1514116091.285519
132 1472372202.829926
133 1491796808.052978
134 1332215177.745896
135 1558734572.724274
136 1683626736.012367
137 1449198837.349856
138 1152672430.881813
139 1161369268.127137
140 896474212.536871
141 1010952763.553812
142 875158766.395562
143 915432609.083125
144 787914715.987623
145 892851744.888378
146 761511936.497239
147 797686718.893358
148 707465914.930034
149 924718637.033761
150 644401908.186426
151 690392218.081093
152 674029656.525004
153 773758393.117220
154 689057981.739970
155 571975791.733451
156 651727717.950291
157 578327841.390727
158 556356493.118675
159 561808819.191239
160 502064338.048970
161 454892778.744944
162 444197311.496515
163 406137213.329544
164 390416884.157649
165 472682356.575378
166 480288268.341297
167 503306497.637655
168 475351733.959486
169 414531411.659261
170 380803886.611966
171 422972095.521430
172 469034125.378168
173 416459161.129798
174 407292873.506724
175 367413453.921828
176 318738484.840196
177 399191127.268118
178 384747413.306528
179 341936700.137359
180 412637886.651261
181 421556628.807097
182 325776041.869378
183 377020502.690117
184 329921990.102132
185 347799259.981862
186 319380226.623865
187 271270285.259101
188 262976718.695754
189 194641324.121528
190 207832642.290432
191 213658289.313576
192 236861521.879749
193 211656212.405805
194 160250112.772879
195 163660285.091681
196 171855413.799975
197 145406321.161130
198 161465633.529271
199 125105918.298218
200 150266184.392915
201 124624720.315079
202 124296834.647060
203 98970063.623381
204 101709996.470188
205 105840854.108768
206 104872750.190286
207 106841795.743689
208 95011821.279342
209 93221432.509334
210 85802850.643741
211 80933439.446559
212 83213868.616079
213 74822184.116594
214 69469511.316815
215 72015267.614820
216 74366859.673651
217 62012894.153109
218 71166967.711188
219 54412154.060200
220 77932193.926812
221 64120723.943198
222 57412468.971447
223 53981991.389305
224 61566969.706002
225 62188698.696095
226 57317027.324861
227 52520380.968752
228 47883406.422112
229 44650515.596118
230 51065383.276842
231 43769762.234487
232 46148356.594715
233 44831077.095007
234 46629760.500935
235 42558091.232617
236 34599958.169723
237 41145034.644029
238 35412289.779297
239 35154035.505389
240 34118234.836461
241 37976517.997993
242 29357816.744333
243 27047281.393335
244 29792803.905876
245 27659117.406971
246 26208308.400174
247 28804581.849647
248 24499540.759843
249 28023930.969754
250 21956168.070150
251 21879735.176021
252 21413009.702821
253 20155335.852289
254 21612734.455490
255 23014833.391811
256 21250005.340051
257 21810154.920337
258 21178392.099955
259 18917422.458492
260 19606273.669228
261 18856046.966113
262 16852919.152348
263 17781169.860640
264 14916362.058873
265 14773156.688874
266 13600096.933408
267 16236029.171293
268 15156946.233100
269 13533290.794222
270 13291696.111897
271 10865409.292251
272 12066549.611589
273 12029132.415087
274 10810348.047401
275 11446246.887766
276 9755008.464242
277 11280427.754465
278 10889721.880037
279 10745477.108549
280 10901835.235802
281 9929124.027263
282 10691362.843383
283 10998559.051144
284 9729462.160251
285 10323390.584322
286 10972497.381096
287 10555387.924761
288 9056758.832336
289 7898094.833014
290 7875154.906068
291 8403000.808532
292 7734820.466034
293 8034904.691078
294 7432202.701678
295 8172789.877631
296 7701639.557701
297 6646098.264624
298 7184522.571843
299 6648845.886122
300 6886824.191816
301 6755326.192418
302 6668750.431615
303 7304433.590715
304 7037124.187550
305 6348178.813124
306 6383403.008454
307 5919301.962029
308 6020753.883511
309 5317755.525411
310 5573611.434381
311 5433605.613602
312 4820239.974401
313 5312507.909318
314 5127651.201607
315 4893121.688371
316 4529469.617215
317 4677303.412534
318 4568211.175190
319 4619938.763086
320 4418404.890474
321 4205344.393861
322 4039737.623704
323 4434279.389425
324 4291543.614970
325 4217533.385248
326 3912251.351199
327 3857870.919667
328 3600074.641854
329 3642053.198493
330 3566417.853519
331 3496780.802328
332 3664323.907215
333 3651361.510627
334 3385511.430580
335 3112693.975934
336 2937015.416920
337 3106623.558308
338 3038329.927900
339 2963356.175316
340 2889580.496469
341 2790055.607136
342 2904226.823496
343 2786869.820543
344 2926852.137609
345 2721092.893179
346 2841439.093919
347 2694795.216458
348 2693653.149835
349 2705867.612072
350 2463046.229759
351 2483310.019985
352 2471147.858506
353 2356940.063389
354 2284544.487222
355 2376322.656983
356 2339833.265021
357 2336952.198569
358 2304750.099613
359 2372465.595094
360 2229591.488095
361 2388270.730497
362 2292158.661858
363 2195263.443238
364 2244583.573012
365 2209661.036793
366 2176675.551770
367 2106660.192891
368 2122645.734184
369 2120414.870827
370 2119173.140677
371 2106450.344665
372 2043853.417051
373 2087745.417825
374 2042252.511884
375 2058495.780996
376 1959420.593975
377 1922098.907212
378 1858136.263014
379 1849725.696219
380 1803922.402558
381 1786219.089204
382 1729164.975771
383 1674100.551324
384 1662763.554093
385 1658328.367001
386 1580800.182445
387 1636894.784640
388 1539058.146488
389 1525824.696714
390 1476326.719020
391 1470222.487457
392 1473636.897184
393 1420865.417577
394 1405421.025732
395 1390427.405090
396 1362468.273759
397 1332442.441460
398 1350316.322002
399 1301261.195691
400 1291587.977866
401 1288702.949172
402 1253605.680236
403 1259407.334359
404 1274166.766646
405 1256757.241881
406 1255387.624606
407 1240166.985743
408 1229247.183351
409 1205703.667172
410 1162061.538420
411 1187979.160654
412 1170100.199300
413 1150002.534115
414 1099707.114851
415 1065290.562500
416 1080657.763093
417 1072946.621702
418 1064837.252581
419 1077290.759260
420 1053448.216786
421 1023904.950381
422 1017317.944867
423 1020617.539560
424 1012478.622950
425 991608.674435
426 985792.648468
427 988418.396574
428 990963.688405
429 967652.518068
430 973529.689960
431 953913.047613
432 914529.940526
433 911185.731917
434 908608.835436
435 898721.377865
436 874647.492861
437 889245.391565
438 872492.303826
439 869215.560077
440 830624.425299
441 836412.757075
442 824283.041633
443 799621.623646
444 794419.406598
445 791069.679440
446 781751.530153
447 775810.931664
448 776282.498114
449 769589.752232
450 768994.458834
451 766382.007297
452 755970.981791
453 749225.304668
454 750937.173856
455 751070.756882
456 740805.800840
457 734631.563720
458 728609.887672
459 720254.940328
460 711573.191119
461 705875.227749
462 704895.149088
463 702511.917359
464 698734.991432
465 691646.950412
466 684613.974978
467 682271.658631
468 681414.079641
469 672950.177860
470 665789.009679
471 663863.607757
472 658395.152018
473 654150.878556
474 651749.374685
475 648679.151435
476 642146.661664
477 638359.344449
478 633988.660226
479 627825.562538
480 623846.248171
481 621690.040386
482 618818.880220
483 616922.759000
484 612622.865472
485 610236.124260
486 607930.186305
487 605481.556669
488 603657.693013
489 601200.391999
490 599878.341462
491 597347.868903
492 595389.180536
493 593832.432067
494 592391.451043
495 591507.374888
496 589945.789405
497 588590.334780
498 588280.390056
499 587903.713413
500 587506.834554
