1 84002999.717533
2 167931468.678236
3 230418787.404706
4 362898067.546659
5 763344867.449782
6 1402486480.424696
7 2368490086.295386
8 4089834449.553140
9 9817005240.087439
10 18029723972.808624
11 29049144237.006966
12 52194373674.409546
13 101308009351.600693
14 172139494255.108093
15 182429802692.217682
16 355361922360.622437
17 665728488706.114258
18 718668208816.499634
19 1124022436996.095947
20 1859798122611.480469
21 1976438288042.472412
22 1709394961156.648438
23 4881075523571.672852
24 9129142730746.460938
25 12270693289661.095703
26 21635325414371.156250
27 26059283666651.582031
28 38465810316592.734375
29 44319981846674.078125
30 64037430234775.132812
31 77382457293744.343750
32 107353622211805.343750
33 54636605553365.890625
34 104421936946131.546875
35 161873954927929.312500
36 244576136530757.437500
37 155118306785986.281250
38 180211963690463.625000
39 212298781956960.968750
40 384707851734268.250000
41 473795894953229.187500
42 938169065590187.500000
43 1075971556444973.375000
44 1795612099467753.250000
45 1885338099257205.500000
46 3172410628278400.000000
47 3313990984371428.500000
48 4454147071921761.000000
49 5190028422820141.000000
50 5611773958444953.000000
51 7507071395075044.000000
52 10802767869737296.000000
53 11365553786864988.000000
54 8990820241236075.000000
55 12241695498153504.000000
56 17651929394583268.000000
57 26094935858313668.000000
58 31933517860585176.000000
59 55878538859741736.000000
60 49114014166286920.000000
61 104411792560697232.000000
62 161378114537607840.000000
63 176452125526588832.000000
64 258854520326389984.000000
65 271151199677622464.000000
66 291324960817355392.000000
67 333157060605847744.000000
68 580587869131424896.000000
69 627096309761203968.000000
70 790713546772737792.000000
71 725382137189800064.000000
72 970227938762743552.000000
73 1770667579068848384.000000
74 1429520776188457728.000000
75 1719203546389224704.000000
76 2080219946001494016.000000
77 2041828887330442496.000000
78 1207782576788056832.000000
79 2760903679135738880.000000
80 1157192589252930048.000000
81 2390921520335764992.000000
82 2891350878418925056.000000
83 4164349430735903744.000000
84 4392970659684358144.000000
85 3846374559999783424.000000
86 8199946567118592000.000000
87 7717450656813512704.000000
88 12009394112395087872.000000
89 12805750091872387072.000000
90 12915889633051588608.000000
91 15906999909970251776.000000
92 24150249205518327808.000000
93 24649538559917187072.000000
94 31430740504919019520.000000
95 28768049154935341056.000000
96 41281900971685986304.000000
97 55869888678369755136.000000
98 48868132497302355968.000000
99 48160941674562347008.000000
100 54910456367294799872.000000
101 60154792886758703104.000000
102 56706364922346872832.000000
103 58189753914607992832.000000
104 62050012463116681216.000000
105 89893807996229189632.000000
106 77565573680767041536.000000
107 99474093688806686720.000000
108 83888785307705933824.000000
109 71283696581350883328.000000
110 79393511480703467520.000000
111 74081829502528405504.000000
112 121129064311993696256.000000
113 113743156706550956032.000000
114 136400024400394764288.000000
115 165115568263342686208.000000
116 202168550601454190592.000000
117 185723383913516564480.000000
118 248110317036754632704.000000
119 225824839729035018240.000000
120 231325826338786967552.000000
121 291447714934892134400.000000
122 292247373360213065728.000000
123 212273963721281011712.000000
124 221640604847183069184.000000
125 201052617492672217088.000000
126 205971063176285290496.000000
127 192631730710682402816.000000
128 191327855545343836160.000000
129 164145758423254695936.000000
130 212375216636048277504.000000
131 200009529809207033856.000000
132 230792758378058678272.000000
133 206843293419984879616.000000
134 153824910733144621056.000000
135 229914481486485880832.000000
136 147488830496191823872.000000
137 204847763940082384896.000000
138 247042066345310650368.000000
139 227557385354492018688.000000
140 226887189022166843392.000000
141 238683221384476491776.000000
142 244107924389395791872.000000
143 136030654629570592768.000000
144 143654105791274958848.000000
145 137656282515926827008.000000
146 103781463495639629824.000000
147 87104871946999758848.000000
148 77725676536515821568.000000
149 94571519217778294784.000000
150 62798629546542620672.000000
151 77514514896029564928.000000
152 86808381970062409728.000000
153 80902432640656130048.000000
154 76629585898091266048.000000
155 66057328958853021696.000000
156 47463656698546520064.000000
157 42961060902987063296.000000
158 51145347909839118336.000000
159 50865340415451291648.000000
160 42320587838595170304.000000
161 48255276194732630016.000000
162 35200738609484046336.000000
163 35813351891765510144.000000
164 30751099686040584192.000000
165 31287208013546254336.000000
166 33256753925248942080.000000
167 32034492178570874880.000000
168 31898346400204603392.000000
169 26462562509111828480.000000
170 16808701422424350720.000000
171 14740741094588960768.000000
172 16058670540392251392.000000
173 11660676398860500992.000000
174 15127976301931481088.000000
175 9883691462958120960.000000
176 8546802756341961728.000000
177 10039210569238360064.000000
178 8193754167780808704.000000
179 10111577530911561728.000000
180 7802782571757798400.000000
181 8016566313235365888.000000
182 5796938448914510848.000000
183 4874700480173273088.000000
184 4482519627387600896.000000
185 4547835358963703808.000000
186 3597701799422007296.000000
187 2883834272527536640.000000
188 2626790165466678272.000000
189 1977045555871457280.000000
190 2240808325592168192.000000
191 1887612133339473408.000000
192 1843913599805172736.000000
193 1472344773822053376.000000
194 1362239521752476416.000000
195 1399039899569079296.000000
196 883707406173945600.000000
197 821488396631774592.000000
198 647301224119913984.000000
199 597822277355605120.000000
200 568326514892302528.000000
201 404107857726411648.000000
202 459242678653039616.000000
203 391589301734692160.000000
204 361937639439414336.000000
205 191875950919951232.000000
206 179350486158841792.000000
207 163787609893033184.000000
208 106918880345249296.000000
209 87672195264300704.000000
210 65523663861056080.000000
211 45406443843942432.000000
212 39530568431312008.000000
213 24878118876894816.000000
214 29082298549885992.000000
215 25340962578423092.000000
216 16959140725181796.000000
217 15371031276140288.000000
218 15919619361220308.000000
219 12270709821140932.000000
220 8353510928073087.000000
221 7602411617622160.000000
222 5963487993318660.000000
223 4599402573166658.000000
224 3402352456587536.500000
225 2638318998247307.500000
226 2201502553730315.750000
227 1778128804046131.000000
228 1450097149966322.250000
229 1190685560869953.750000
230 783124114119393.500000
231 674952271294017.625000
232 495495029469662.875000
233 389416035970054.687500
234 306337907909444.562500
235 235887469260102.687500
236 170014085521467.500000
237 174340831474818.843750
238 114641408327510.656250
239 111873882699271.343750
240 93859268470233.125000
241 75741763732663.968750
242 58020224933405.687500
243 43022045302425.117188
244 33296800651378.804688
245 25366948345831.996094
246 23696949428314.171875
247 14769333543857.263672
248 13052900506990.501953
249 9060175292352.681641
250 7005172438428.893555
251 5586597687473.414062
252 3526692698610.232422
253 2319103319487.138672
254 2401165815356.559570
255 1721119508520.668213
256 1284926991293.516357
257 1053253290163.105591
258 969295477687.136475
259 687398638461.387207
260 655987614375.997559
261 619254394100.291016
262 553390813004.173584
263 323639664548.489258
264 263424309942.737854
265 219509756978.884003
266 191297766585.566742
267 137204914315.665924
268 115206685768.856171
269 91110585241.841721
270 76203106033.248474
271 69897956129.816956
272 50359495807.578918
273 46600485574.879990
274 41531576702.619766
275 35066841291.301697
276 28230090001.332329
277 16743853494.308331
278 14495861909.859175
279 13204311634.972292
280 10106791372.245329
281 8299434910.695288
282 7583395720.407595
283 4896224434.004622
284 3412931317.758952
285 2420172398.148300
286 2204132803.680394
287 1917492424.997247
288 1266500096.623507
289 1024843410.757481
290 957225676.745528
291 683960905.386547
292 651102482.938180
293 492388440.819977
294 402339783.836181
295 285924923.897006
296 236972321.809323
297 190019004.464075
298 149621125.328924
299 118033154.701107
300 105639852.730460
301 75711031.060195
302 55354881.994969
303 46533081.283572
304 29228725.720381
305 21805555.642684
306 21139308.422231
307 14279593.842089
308 11427755.134117
309 11344057.147151
310 8685623.397202
311 7086922.043419
312 4941612.224092
313 4022047.534404
314 3458414.358769
315 2938516.116466
316 2146064.000576
317 1718103.205748
318 1281416.986882
319 942469.008316
320 685001.393772
321 586702.389540
322 451908.891653
323 389150.143609
324 357718.379416
325 267740.685735
326 212845.119571
327 145755.388511
328 123854.147478
329 96325.447701
330 70595.577743
331 61323.483727
332 38892.750467
333 37315.364682
334 28162.149387
335 22106.452131
336 19127.972541
337 14257.810071
338 10002.305388
339 8419.542303
340 6197.051616
341 5450.491450
342 4207.215160
343 2975.835294
344 2129.377079
345 1848.224738
346 1543.356185
347 1124.484907
348 823.684475
349 723.940163
350 554.472312
351 408.742953
352 323.018448
353 258.993757
354 193.007825
355 153.744887
356 129.114465
357 85.747134
358 66.760290
359 54.069038
360 41.258030
361 31.194106
362 27.993555
363 24.260066
364 18.512166
365 15.002921
366 11.134421
367 7.769718
368 6.800519
369 5.189491
370 3.952074
371 3.239032
372 2.694520
373 1.963265
374 1.610684
375 1.270100
376 0.871374
377 0.696995
378 0.556810
379 0.436761
380 0.342989
381 0.271344
382 0.210541
383 0.172241
384 0.122101
385 0.094424
386 0.070485
387 0.057284
388 0.043167
389 0.034686
390 0.027205
391 0.022001
392 0.016116
393 0.014657
394 0.010910
395 0.008758
396 0.006688
397 0.005296
398 0.004465
399 0.003711
400 0.002821
401 0.002350
402 0.002018
403 0.001595
404 0.001235
405 0.000962
406 0.000761
407 0.000637
408 0.000539
409 0.000418
410 0.000338
411 0.000261
412 0.000215
413 0.000175
414 0.000144
415 0.000110
416 0.000090
417 0.000075
418 0.000059
419 0.000048
420 0.000039
421 0.000030
422 0.000026
423 0.000021
424 0.000017
425 0.000014
426 0.000011
427 0.000009
428 0.000007
429 0.000006
430 0.000005
431 0.000004
432 0.000003
433 0.000003
434 0.000002
435 0.000002
436 0.000001
437 0.000001
438 0.000001
439 0.000001
440 0.000001
441 0.000000
442 0.000000
443 0.000000
444 0.000000
445 0.000000
446 0.000000
447 0.000000
448 0.000000
449 0.000000
450 0.000000
451 0.000000
452 0.000000
453 0.000000
454 0.000000
455 0.000000
456 0.000000
457 0.000000
458 0.000000
459 0.000000
460 0.000000
461 0.000000
462 0.000000
463 0.000000
464 0.000000
465 0.000000
466 0.000000
467 0.000000
468 0.000000
469 0.000000
470 0.000000
471 0.000000
472 0.000000
473 0.000000
474 0.000000
475 0.000000
476 0.000000
477 0.000000
478 0.000000
479 0.000000
480 0.000000
481 0.000000
482 0.000000
483 0.000000
484 0.000000
485 0.000000
486 0.000000
487 0.000000
488 0.000000
489 0.000000
490 0.000000
491 0.000000
492 0.000000
493 0.000000
494 0.000000
495 0.000000
496 0.000000
497 0.000000
498 0.000000
499 0.000000
500 0.000000
