1 17956489.749667
2 26294561.079341
3 25308243.709136
4 24096489.842855
5 31883057.166738
6 44489399.561214
7 50287202.851023
8 47579109.308887
9 39741149.818315
10 53350472.198599
11 54118754.562040
12 49685926.252636
13 66886470.227304
14 82619318.252400
15 58336320.877806
16 91041776.981265
17 75667654.017524
18 72682039.391340
19 124339565.388404
20 113799770.609005
21 119326869.476880
22 111249463.773285
23 137008379.798887
24 171239833.499816
25 175966367.769639
26 167094995.382898
27 178944790.175195
28 171761390.584056
29 185620951.371960
30 267348317.468815
31 235264720.533340
32 308174598.674754
33 267728570.049360
34 328679058.953843
35 343004200.807824
36 353580697.204628
37 402511258.884102
38 474050919.218210
39 401539992.627095
40 416304976.443667
41 432118045.688513
42 403049125.828302
43 313171366.771466
44 454345557.040457
45 383379896.544045
46 448780290.618483
47 397266654.095307
48 477925135.212828
49 362403621.268228
50 339172132.670432
51 381650087.430427
52 417027407.066463
53 530287288.207056
54 437681175.458064
55 451399250.604840
56 494666712.021977
57 496001533.538406
58 419369701.977360
59 450960825.459761
60 443119431.619769
61 429255361.492999
62 370392059.012244
63 344242487.891336
64 304384929.481088
65 289794286.258161
66 243116600.206558
67 303527123.752952
68 269426376.154214
69 347746303.894918
70 226442543.779191
71 266591149.155449
72 265794369.301829
73 264407972.692037
74 199809796.256223
75 216204692.007133
76 165968056.207178
77 118923399.812942
78 84928658.706068
79 130596666.121597
80 104284301.568021
81 108366602.343343
82 112576496.457944
83 105843076.095295
84 104160657.906759
85 145491495.943449
86 128965898.610388
87 93788199.884914
88 108813078.384216
89 124401830.800386
90 128661883.200350
91 108292483.884969
92 95822447.640010
93 92847214.881033
94 99311767.060479
95 117526448.522938
96 85190655.005165
97 84164482.038380
98 89048196.409065
99 82590599.683762
100 85243554.404717
101 80177853.390104
102 54449294.749551
103 52986320.058948
104 46180572.991116
105 61297606.570093
106 51393157.102133
107 41997391.387812
108 34931927.118027
109 33095082.660898
110 35424582.726522
111 32842938.766442
112 29423948.446076
113 32765610.372994
114 40413527.751187
115 41306727.862289
116 38915543.019941
117 36700792.209399
118 39933334.574290
119 36958139.639658
120 28999142.770395
121 31623007.703387
122 27505865.318329
123 22566840.306935
124 27930988.353975
125 26434403.573225
126 22133090.364811
127 25505245.978229
128 22932267.942542
129 16226392.554086
130 13706485.183885
131 13028134.292866
132 12835281.045696
133 14979104.565179
134 15348603.614549
135 12639451.499576
136 14087732.385930
137 15111644.102955
138 14863363.786318
139 15089367.358236
140 14586936.195782
141 12842933.458573
142 12944248.007415
143 14221245.036461
144 12719560.174760
145 13137862.620171
146 13317775.572751
147 12810268.092700
148 11479462.019145
149 12138063.330729
150 13578117.355759
151 11734769.099298
152 10401613.412492
153 10966703.453531
154 10081319.217309
155 10883335.508020
156 9389641.181246
157 10776122.314803
158 8161457.378337
159 8466273.242036
160 9358232.436134
161 8609110.007572
162 10031376.456776
163 10626473.091986
164 11853925.607616
165 10170453.277388
166 10466520.432290
167 8442922.388875
168 7901029.181706
169 7811559.697389
170 8146236.073588
171 7387109.723137
172 8211590.421137
173 6510484.082214
174 5201119.845846
175 5671521.400997
176 4976852.267331
177 4225313.350059
178 4280549.621797
179 4112929.245719
180 4035989.312354
181 3743382.239112
182 4046079.648551
183 3623126.103219
184 3261106.007004
185 2675760.102689
186 2476583.478212
187 2673643.654298
188 2121083.229718
189 2328950.862487
190 2021121.187413
191 2156968.827474
192 2106337.798159
193 2202328.245160
194 2188637.514368
195 1891553.883208
196 2260168.419271
197 2554534.465668
198 1985007.736524
199 2365390.086419
200 1562740.531614
201 1541455.846590
202 1245688.005552
203 1530592.592841
204 1303215.951022
205 1225270.140807
206 1190272.175813
207 1112714.758250
208 909948.395049
209 964905.983452
210 752992.860183
211 770654.036706
212 846422.042351
213 669559.850992
214 605190.106273
215 601499.291232
216 571738.889750
217 596832.345982
218 726031.966635
219 732623.042542
220 596353.600940
221 610241.080631
222 367380.407347
223 388937.542315
224 333103.624456
225 357685.928333
226 334752.974253
227 299962.959781
228 287863.204432
229 235850.956951
230 284155.944708
231 286130.608151
232 240263.911204
233 255664.712459
234 230295.818515
235 220053.330133
236 218770.365433
237 195729.892487
238 194004.152583
239 195534.735608
240 167302.625232
241 151326.171493
242 148690.185842
243 145893.076633
244 146812.600990
245 128784.328012
246 135624.599280
247 134928.951732
248 138904.355257
249 126109.258145
250 98193.856172
251 107724.741427
252 105360.313981
253 94838.396401
254 92146.332518
255 85801.314532
256 80244.601818
257 85274.524937
258 83314.067290
259 80609.722797
260 77057.446609
261 81154.483396
262 79344.113086
263 73323.062076
264 74190.648138
265 67698.930679
266 64989.410625
267 56078.161814
268 60835.948861
269 56085.581416
270 60961.857814
271 54297.561260
272 55470.808599
273 52915.436920
274 48385.483302
275 44908.491630
276 49071.748870
277 49308.463383
278 43796.092851
279 43498.386447
280 37394.736237
281 39443.420104
282 37201.294090
283 35749.171927
284 34945.718266
285 28529.056919
286 33049.994839
287 29754.152401
288 29351.514642
289 25516.970280
290 26960.288241
291 24052.262282
292 22983.889623
293 23169.167224
294 24766.389682
295 21073.546292
296 21562.941504
297 21015.261635
298 22623.741821
299 22539.063707
300 21955.400926
301 23205.924075
302 22720.745386
303 23164.335838
304 24889.000187
305 23545.824166
306 22533.082674
307 22276.985592
308 21739.571167
309 22258.141865
310 20787.010823
311 18784.005720
312 19709.219339
313 19000.962387
314 16906.294476
315 16768.403151
316 18275.620469
317 15325.303081
318 14967.235392
319 14447.341607
320 14394.923535
321 14371.865082
322 12662.179551
323 12910.222355
324 12377.286884
325 12788.691141
326 13155.163244
327 12900.648846
328 12642.735835
329 12090.399858
330 12491.495297
331 11910.470748
332 12520.148234
333 12685.005372
334 11845.724185
335 11554.102142
336 12066.661507
337 11231.747461
338 10685.134671
339 10506.484918
340 10407.490256
341 10673.609035
342 10673.473812
343 11166.314814
344 10123.163423
345 10381.267701
346 10637.227192
347 9835.992676
348 9956.531997
349 9142.611099
350 8937.715930
351 8356.204739
352 8205.020071
353 7718.215671
354 7558.443946
355 7140.504018
356 7330.507509
357 7377.368810
358 7348.610098
359 7104.107223
360 6676.980670
361 6889.084750
362 6271.100717
363 6151.983756
364 6093.509544
365 6185.115155
366 5980.115674
367 5731.206016
368 6048.432636
369 5860.905401
370 5811.653271
371 5844.686740
372 5635.199042
373 5762.472591
374 5686.552533
375 5272.096510
376 5104.622272
377 4758.391428
378 4868.582595
379 4921.090089
380 4929.757849
381 4698.003820
382 4728.314038
383 4694.420295
384 4465.619310
385 4608.445289
386 4451.872730
387 4462.977448
388 4330.223521
389 4421.478246
390 4280.676054
391 4150.920817
392 4221.785679
393 4112.080340
394 4104.473084
395 3940.830695
396 3904.160996
397 3766.812425
398 3827.513078
399 3771.403789
400 3643.795135
401 3670.460402
402 3661.024225
403 3518.932337
404 3538.018270
405 3574.236832
406 3470.824078
407 3447.855544
408 3260.936803
409 3286.184382
410 3094.416939
411 2998.788234
412 2780.692150
413 2705.960747
414 2647.640652
415 2671.182541
416 2707.137100
417 2676.480215
418 2644.333052
419 2439.453455
420 2376.586099
421 2303.216991
422 2330.279694
423 2386.760607
424 2289.807079
425 2274.688812
426 2272.631188
427 2266.672081
428 2286.236444
429 2289.203205
430 2219.337411
431 2154.643944
432 2138.320301
433 2102.088104
434 2072.736100
435 2055.202545
436 2065.300368
437 2017.652105
438 1971.836507
439 1953.719977
440 1919.566369
441 1898.824566
442 1922.653040
443 1924.476124
444 1905.240530
445 1887.909991
446 1887.950104
447 1838.968519
448 1816.367878
449 1795.133311
450 1817.621383
451 1796.869603
452 1798.546705
453 1771.354809
454 1743.236815
455 1737.655466
456 1738.895438
457 1713.294479
458 1688.765290
459 1685.603754
460 1653.501872
461 1604.110512
462 1608.335121
463 1587.840283
464 1555.987565
465 1544.220749
466 1523.533123
467 1508.305888
468 1505.136351
469 1494.655862
470 1482.815289
471 1480.659424
472 1472.020159
473 1462.719978
474 1467.084171
475 1465.767079
476 1454.593534
477 1440.768640
478 1433.420785
479 1421.297791
480 1414.247573
481 1403.366739
482 1392.546788
483 1378.597435
484 1379.986371
485 1372.483537
486 1369.331486
487 1365.333557
488 1359.929473
489 1355.735536
490 1351.809174
491 1346.066498
492 1339.486610
493 1335.797927
494 1329.649073
495 1325.940818
496 1322.880941
497 1319.934206
498 1318.277029
499 1316.565558
500 1315.813127
