1 1000000000000000019884624838656.000000
2 1000000000000000019884624838656.000000
3 1000000000000000019884624838656.000000
4 1000000000000000019884624838656.000000
5 653.366188
6 653.366188
7 653.366188
8 653.366188
9 653.366188
10 618.466775
11 618.466775
12 618.466775
13 618.466775
14 618.466775
15 557.815849
16 557.815849
17 557.815849
18 557.815849
19 557.815849
20 494.967834
21 494.967834
22 494.967834
23 494.967834
24 494.967834
25 431.921487
26 431.921487
27 431.921487
28 431.921487
29 431.921487
30 383.297485
31 383.297485
32 383.297485
33 383.297485
34 383.297485
35 330.624015
36 330.624015
37 330.624015
38 330.624015
39 330.624015
40 288.171644
41 288.171644
42 288.171644
43 288.171644
44 288.171644
45 253.256732
46 253.256732
47 253.256732
48 253.256732
49 253.256732
50 222.280748
51 222.280748
52 222.280748
53 222.280748
54 222.280748
55 193.461557
56 193.461557
57 193.461557
58 193.461557
59 193.461557
60 169.243769
61 169.243769
62 169.243769
63 169.243769
64 169.243769
65 151.691942
66 151.691942
67 151.691942
68 151.691942
69 151.691942
70 135.052787
71 135.052787
72 135.052787
73 135.052787
74 135.052787
75 121.221573
76 121.221573
77 121.221573
78 121.221573
79 121.221573
80 106.030925
81 106.030925
82 106.030925
83 106.030925
84 106.030925
85 96.554487
86 96.554487
87 96.554487
88 96.554487
89 96.554487
90 84.963574
91 84.963574
92 84.963574
93 84.963574
94 84.963574
95 74.019249
96 74.019249
97 74.019249
98 74.019249
99 74.019249
100 66.478572
101 66.478572
102 66.478572
103 66.478572
104 66.478572
105 60.036899
106 60.036899
107 60.036899
108 60.036899
109 60.036899
110 53.823081
111 53.823081
112 53.823081
113 53.823081
114 53.823081
115 49.054485
116 49.054485
117 49.054485
118 49.054485
119 49.054485
120 44.788565
121 44.788565
122 44.788565
123 44.788565
124 44.788565
125 39.324421
126 39.324421
127 39.324421
128 39.324421
129 39.324421
130 35.490916
131 35.490916
132 35.490916
133 35.490916
134 35.490916
135 32.061151
136 32.061151
137 32.061151
138 32.061151
139 32.061151
140 29.012960
141 29.012960
142 29.012960
143 29.012960
144 29.012960
145 26.312753
146 26.312753
147 26.312753
148 26.312753
149 26.312753
150 24.355030
151 24.355030
152 24.355030
153 24.355030
154 24.355030
155 21.924831
156 21.924831
157 21.924831
158 21.924831
159 21.924831
160 20.567497
161 20.567497
162 20.567497
163 20.567497
164 20.567497
165 18.851049
166 18.851049
167 18.851049
168 18.851049
169 18.851049
170 17.663320
171 17.663320
172 17.663320
173 17.663320
174 17.663320
175 16.421986
176 16.421986
177 16.421986
178 16.421986
179 16.421986
180 15.365653
181 15.365653
182 15.365653
183 15.365653
184 15.365653
185 13.962327
186 13.962327
187 13.962327
188 13.962327
189 13.962327
190 13.002896
191 13.002896
192 13.002896
193 13.002896
194 13.002896
195 12.193928
196 12.193928
197 12.193928
198 12.193928
199 12.193928
200 11.500752
201 11.500752
202 11.500752
203 11.500752
204 11.500752
205 10.793240
206 10.793240
207 10.793240
208 10.793240
209 10.793240
210 9.969554
211 9.969554
212 9.969554
213 9.969554
214 9.969554
215 8.972693
216 8.972693
217 8.972693
218 8.972693
219 8.972693
220 8.425277
221 8.425277
222 8.425277
223 8.425277
224 8.425277
225 7.911935
226 7.911935
227 7.911935
228 7.911935
229 7.911935
230 7.142411
231 7.142411
232 7.142411
233 7.142411
234 7.142411
235 6.960447
236 6.960447
237 6.960447
238 6.960447
239 6.960447
240 6.508899
241 6.508899
242 6.508899
243 6.508899
244 6.508899
245 6.239322
246 6.239322
247 6.239322
248 6.239322
249 6.239322
250 5.815577
251 5.815577
252 5.815577
253 5.815577
254 5.815577
255 5.465723
256 5.465723
257 5.465723
258 5.465723
259 5.465723
260 5.202292
261 5.202292
262 5.202292
263 5.202292
264 5.202292
265 4.893571
266 4.893571
267 4.893571
268 4.893571
269 4.893571
270 4.686385
271 4.686385
272 4.686385
273 4.686385
274 4.686385
275 4.469470
276 4.469470
277 4.469470
278 4.469470
279 4.469470
280 4.291024
281 4.291024
282 4.291024
283 4.291024
284 4.291024
285 4.088134
286 4.088134
287 4.088134
288 4.088134
289 4.088134
290 3.907075
291 3.907075
292 3.907075
293 3.907075
294 3.907075
295 3.740364
296 3.740364
297 3.740364
298 3.740364
299 3.740364
300 3.583864
301 3.583864
302 3.583864
303 3.583864
304 3.583864
305 3.477155
306 3.477155
307 3.477155
308 3.477155
309 3.477155
310 3.334624
311 3.334624
312 3.334624
313 3.334624
314 3.334624
315 3.216168
316 3.216168
317 3.216168
318 3.216168
319 3.216168
320 3.101676
321 3.101676
322 3.101676
323 3.101676
324 3.101676
325 2.984291
326 2.984291
327 2.984291
328 2.984291
329 2.984291
330 2.889669
331 2.889669
332 2.889669
333 2.889669
334 2.889669
335 2.802297
336 2.802297
337 2.802297
338 2.802297
339 2.802297
340 2.725196
341 2.725196
342 2.725196
343 2.725196
344 2.725196
345 2.634358
346 2.634358
347 2.634358
348 2.634358
349 2.634358
350 2.546369
351 2.546369
352 2.546369
353 2.546369
354 2.546369
355 2.478732
356 2.478732
357 2.478732
358 2.478732
359 2.478732
360 2.393358
361 2.393358
362 2.393358
363 2.393358
364 2.393358
365 2.357429
366 2.357429
367 2.357429
368 2.357429
369 2.357429
370 2.304448
371 2.304448
372 2.304448
373 2.304448
374 2.304448
375 2.252919
376 2.252919
377 2.252919
378 2.252919
379 2.252919
380 2.215488
381 2.215488
382 2.215488
383 2.215488
384 2.215488
385 2.168662
386 2.168662
387 2.168662
388 2.168662
389 2.168662
390 2.120359
391 2.120359
392 2.120359
393 2.120359
394 2.120359
395 2.086025
396 2.086025
397 2.086025
398 2.086025
399 2.086025
400 2.048620
401 2.048620
402 2.048620
403 2.048620
404 2.048620
405 2.011957
406 2.011957
407 2.011957
408 2.011957
409 2.011957
410 1.971957
411 1.971957
412 1.971957
413 1.971957
414 1.971957
415 1.946708
416 1.946708
417 1.946708
418 1.946708
419 1.946708
420 1.924924
421 1.924924
422 1.924924
423 1.924924
424 1.924924
425 1.885056
426 1.885056
427 1.885056
428 1.885056
429 1.885056
430 1.864769
431 1.864769
432 1.864769
433 1.864769
434 1.864769
435 1.846077
436 1.846077
437 1.846077
438 1.846077
439 1.846077
440 1.828150
441 1.828150
442 1.828150
443 1.828150
444 1.828150
445 1.813009
446 1.813009
447 1.813009
448 1.813009
449 1.813009
450 1.792837
451 1.792837
452 1.792837
453 1.792837
454 1.792837
455 1.783020
456 1.783020
457 1.783020
458 1.783020
459 1.783020
460 1.770056
461 1.770056
462 1.770056
463 1.770056
464 1.770056
465 1.757180
466 1.757180
467 1.757180
468 1.757180
469 1.757180
470 1.747760
471 1.747760
472 1.747760
473 1.747760
474 1.747760
475 1.739472
476 1.739472
477 1.739472
478 1.739472
479 1.739472
480 1.733075
481 1.733075
482 1.733075
483 1.733075
484 1.733075
485 1.727392
486 1.727392
487 1.727392
488 1.727392
489 1.727392
490 1.724320
491 1.724320
492 1.724320
493 1.724320
494 1.724320
495 1.722444
496 1.722444
497 1.722444
498 1.722444
499 1.722444
500 1.722172
