1 1000000000000000019884624838656.000000
2 1000000000000000019884624838656.000000
3 1000000000000000019884624838656.000000
4 1000000000000000019884624838656.000000
5 661.742244
6 661.742244
7 661.742244
8 661.742244
9 661.742244
10 686.438125
11 686.438125
12 686.438125
13 686.438125
14 686.438125
15 530.167590
16 530.167590
17 530.167590
18 530.167590
19 530.167590
20 448.349635
21 448.349635
22 448.349635
23 448.349635
24 448.349635
25 386.199513
26 386.199513
27 386.199513
28 386.199513
29 386.199513
30 333.124227
31 333.124227
32 333.124227
33 333.124227
34 333.124227
35 292.742224
36 292.742224
37 292.742224
38 292.742224
39 292.742224
40 250.313472
41 250.313472
42 250.313472
43 250.313472
44 250.313472
45 211.424424
46 211.424424
47 211.424424
48 211.424424
49 211.424424
50 187.063016
51 187.063016
52 187.063016
53 187.063016
54 187.063016
55 161.608590
56 161.608590
57 161.608590
58 161.608590
59 161.608590
60 133.836911
61 133.836911
62 133.836911
63 133.836911
64 133.836911
65 119.768495
66 119.768495
67 119.768495
68 119.768495
69 119.768495
70 102.666868
71 102.666868
72 102.666868
73 102.666868
74 102.666868
75 90.179867
76 90.179867
77 90.179867
78 90.179867
79 90.179867
80 78.439305
81 78.439305
82 78.439305
83 78.439305
84 78.439305
85 68.152406
86 68.152406
87 68.152406
88 68.152406
89 68.152406
90 59.235711
91 59.235711
92 59.235711
93 59.235711
94 59.235711
95 51.030977
96 51.030977
97 51.030977
98 51.030977
99 51.030977
100 44.531961
101 44.531961
102 44.531961
103 44.531961
104 44.531961
105 38.927457
106 38.927457
107 38.927457
108 38.927457
109 38.927457
110 33.885588
111 33.885588
112 33.885588
113 33.885588
114 33.885588
115 29.055481
116 29.055481
117 29.055481
118 29.055481
119 29.055481
120 25.559876
121 25.559876
122 25.559876
123 25.559876
124 25.559876
125 22.336853
126 22.336853
127 22.336853
128 22.336853
129 22.336853
130 20.170376
131 20.170376
132 20.170376
133 20.170376
134 20.170376
135 18.026256
136 18.026256
137 18.026256
138 18.026256
139 18.026256
140 16.226013
141 16.226013
142 16.226013
143 16.226013
144 16.226013
145 14.625979
146 14.625979
147 14.625979
148 14.625979
149 14.625979
150 13.260391
151 13.260391
152 13.260391
153 13.260391
154 13.260391
155 11.869276
156 11.869276
157 11.869276
158 11.869276
159 11.869276
160 10.784451
161 10.784451
162 10.784451
163 10.784451
164 10.784451
165 9.889653
166 9.889653
167 9.889653
168 9.889653
169 9.889653
170 9.226711
171 9.226711
172 9.226711
173 9.226711
174 9.226711
175 8.391342
176 8.391342
177 8.391342
178 8.391342
179 8.391342
180 7.891071
181 7.891071
182 7.891071
183 7.891071
184 7.891071
185 7.133262
186 7.133262
187 7.133262
188 7.133262
189 7.133262
190 6.640248
191 6.640248
192 6.640248
193 6.640248
194 6.640248
195 6.119770
196 6.119770
197 6.119770
198 6.119770
199 6.119770
200 5.676807
201 5.676807
202 5.676807
203 5.676807
204 5.676807
205 5.346393
206 5.346393
207 5.346393
208 5.346393
209 5.346393
210 5.039426
211 5.039426
212 5.039426
213 5.039426
214 5.039426
215 4.737047
216 4.737047
217 4.737047
218 4.737047
219 4.737047
220 4.436692
221 4.436692
222 4.436692
223 4.436692
224 4.436692
225 4.178790
226 4.178790
227 4.178790
228 4.178790
229 4.178790
230 3.994922
231 3.994922
232 3.994922
233 3.994922
234 3.994922
235 3.740991
236 3.740991
237 3.740991
238 3.740991
239 3.740991
240 3.562146
241 3.562146
242 3.562146
243 3.562146
244 3.562146
245 3.374499
246 3.374499
247 3.374499
248 3.374499
249 3.374499
250 3.181314
251 3.181314
252 3.181314
253 3.181314
254 3.181314
255 3.034416
256 3.034416
257 3.034416
258 3.034416
259 3.034416
260 2.872851
261 2.872851
262 2.872851
263 2.872851
264 2.872851
265 2.727235
266 2.727235
267 2.727235
268 2.727235
269 2.727235
270 2.559992
271 2.559992
272 2.559992
273 2.559992
274 2.559992
275 2.461883
276 2.461883
277 2.461883
278 2.461883
279 2.461883
280 2.333433
281 2.333433
282 2.333433
283 2.333433
284 2.333433
285 2.240748
286 2.240748
287 2.240748
288 2.240748
289 2.240748
290 2.121271
291 2.121271
292 2.121271
293 2.121271
294 2.121271
295 2.048976
296 2.048976
297 2.048976
298 2.048976
299 2.048976
300 1.984566
301 1.984566
302 1.984566
303 1.984566
304 1.984566
305 1.902077
306 1.902077
307 1.902077
308 1.902077
309 1.902077
310 1.838891
311 1.838891
312 1.838891
313 1.838891
314 1.838891
315 1.768453
316 1.768453
317 1.768453
318 1.768453
319 1.768453
320 1.707485
321 1.707485
322 1.707485
323 1.707485
324 1.707485
325 1.660629
326 1.660629
327 1.660629
328 1.660629
329 1.660629
330 1.606680
331 1.606680
332 1.606680
333 1.606680
334 1.606680
335 1.561444
336 1.561444
337 1.561444
338 1.561444
339 1.561444
340 1.521946
341 1.521946
342 1.521946
343 1.521946
344 1.521946
345 1.485391
346 1.485391
347 1.485391
348 1.485391
349 1.485391
350 1.437610
351 1.437610
352 1.437610
353 1.437610
354 1.437610
355 1.401356
356 1.401356
357 1.401356
358 1.401356
359 1.401356
360 1.370313
361 1.370313
362 1.370313
363 1.370313
364 1.370313
365 1.339625
366 1.339625
367 1.339625
368 1.339625
369 1.339625
370 1.312771
371 1.312771
372 1.312771
373 1.312771
374 1.312771
375 1.285426
376 1.285426
377 1.285426
378 1.285426
379 1.285426
380 1.257991
381 1.257991
382 1.257991
383 1.257991
384 1.257991
385 1.229521
386 1.229521
387 1.229521
388 1.229521
389 1.229521
390 1.204223
391 1.204223
392 1.204223
393 1.204223
394 1.204223
395 1.186533
396 1.186533
397 1.186533
398 1.186533
399 1.186533
400 1.166765
401 1.166765
402 1.166765
403 1.166765
404 1.166765
405 1.149031
406 1.149031
407 1.149031
408 1.149031
409 1.149031
410 1.134145
411 1.134145
412 1.134145
413 1.134145
414 1.134145
415 1.117885
416 1.117885
417 1.117885
418 1.117885
419 1.117885
420 1.101482
421 1.101482
422 1.101482
423 1.101482
424 1.101482
425 1.088828
426 1.088828
427 1.088828
428 1.088828
429 1.088828
430 1.072057
431 1.072057
432 1.072057
433 1.072057
434 1.072057
435 1.063377
436 1.063377
437 1.063377
438 1.063377
439 1.063377
440 1.052991
441 1.052991
442 1.052991
443 1.052991
444 1.052991
445 1.043148
446 1.043148
447 1.043148
448 1.043148
449 1.043148
450 1.034847
451 1.034847
452 1.034847
453 1.034847
454 1.034847
455 1.025763
456 1.025763
457 1.025763
458 1.025763
459 1.025763
460 1.020739
461 1.020739
462 1.020739
463 1.020739
464 1.020739
465 1.014977
466 1.014977
467 1.014977
468 1.014977
469 1.014977
470 1.009986
471 1.009986
472 1.009986
473 1.009986
474 1.009986
475 1.005702
476 1.005702
477 1.005702
478 1.005702
479 1.005702
480 1.001986
481 1.001986
482 1.001986
483 1.001986
484 1.001986
485 0.999538
486 0.999538
487 0.999538
488 0.999538
489 0.999538
490 0.997638
491 0.997638
492 0.997638
493 0.997638
494 0.997638
495 0.996602
496 0.996602
497 0.996602
498 0.996602
499 0.996602
500 0.996593
