1 inf
2 inf
3 inf
4 inf
5 inf
6 inf
7 inf
8 inf
9 inf
10 inf
11 inf
12 inf
13 inf
14 inf
15 inf
16 inf
17 inf
18 inf
19 inf
20 inf
21 inf
22 inf
23 inf
24 inf
25 inf
26 inf
27 inf
28 inf
29 inf
30 inf
31 inf
32 inf
33 inf
34 inf
35 inf
36 inf
37 inf
38 inf
39 inf
40 inf
41 inf
42 inf
43 inf
44 inf
45 inf
46 inf
47 inf
48 inf
49 124384410472854859754997768034606430675782349504525775559075977908085595341364260552265551460300185750147776064244951003916523358809332146610636765052274880680572729421235744060769199360857048451539034078095289869250471436646653997549373443793399104200771802436686048731295382570374487080960.000000
50 62106717826399855737210240429072707775343713819984855281680841869549993163970830426017627834618788858609015093477007635885856271876526754151138748295334069346469587652097315506722455241059693906892509019555668323992103523228860433202898419191365552831359348869156739163336212480.000000
51 9661775147080788721917918868907087356811437789079319753467825051586009069467854000506261788719686941875652803192607346524580040147041150032843471601473488984792651310413044549120640354744778754696567658950080570367769777366051326804016420709938163802439680.000000
52 1162881982246260791700727466176081181347885960346836680806966793303249233511147157202888605110614789768897513525708919992360325427907639450822605008362242518930133884731287897116720278435845757721109484488812015340279174553308611601235968.000000
53 4033853450523909719423831239278297898353251996148811115628311812609596393963447566697350974497908947914019588677020139230114736740469386801397451821467694513337694171094658896380518997762952996546244066232737584387287154688.000000
54 1669043185734841552054868858891357743178551693396968486422278426366296409572518052911179939801033916341359839221076143818899985333709988675742263369148124606386354502335596532491313729760162010634387456.000000
55 1131258637296220716569162748869109541447295812711579608559062030359501801834410205478942806107548973217950651926666685025256091670263806955007030274097803170298658799898290973161442955493376.000000
56 1070250388420665368529997765636080065918292169347881574179086779436838331555685542887797782214371088937518385221415266674493825527688850801692063699347699934195443826688.000000
57 466712387495098985565442321904508248229924130758790515214968058858017506275334765949740374955377260540065959274766277359219931631037839150704107878004817920.000000
58 1244970264034442084484169608481771913682892147586595778295475601520658006904237772146410719970781622488396771768309427149166359479469451377639424.000000
59 194031084109440033099803996714436541498925909601378992021419229576620185580563002307147187344795626516800143416740544512.000000
60 5486320059526192345473519384700885975376609431868123986327427951906754339432491062113156274117211402010624.000000
61 21273786135658477042450194460721354227764920172558908378703851561283875934044160.000000
62 547275365928291327230761979389935139147382003260473535985039741812736.000000
63 41376261814009324844533189175893286518763028480.000000
64 2516285465311153413611616020201472.000000
65 381167685.026873
66 11599.083742
67 9962.317621
68 7608.523020
69 6838.398345
70 6013.799298
71 5036.879849
72 4438.076193
73 3903.336006
74 3494.347025
75 3150.546188
76 2747.585920
77 2470.461439
78 2166.952450
79 1963.479787
80 1729.051442
81 1520.321359
82 1408.708499
83 1212.072457
84 1120.535635
85 1001.148535
86 915.367696
87 823.712001
88 764.675387
89 683.289405
90 630.409439
91 569.185161
92 514.580847
93 468.561932
94 419.050957
95 385.039744
96 349.670525
97 312.972459
98 289.484944
99 253.654072
100 225.056706
101 211.679999
102 188.515196
103 168.411979
104 158.838064
105 140.546102
106 129.310812
107 117.785621
108 105.019132
109 94.571662
110 85.774914
111 79.022960
112 70.917317
113 64.851013
114 58.513552
115 54.124954
116 49.020534
117 44.972111
118 41.147616
119 37.875741
120 34.160407
121 30.186769
122 27.723144
123 25.576314
124 23.573774
125 21.495706
126 19.910221
127 18.379062
128 16.734347
129 15.127171
130 13.521617
131 12.359243
132 11.355022
133 10.490142
134 9.572236
135 8.755286
136 8.137093
137 7.579979
138 7.038599
139 6.510586
140 5.998647
141 5.518154
142 5.069520
143 4.682760
144 4.333282
145 4.033086
146 3.735663
147 3.450291
148 3.177135
149 2.872878
150 2.672067
151 2.495373
152 2.323936
153 2.130963
154 1.954379
155 1.855592
156 1.730117
157 1.591990
158 1.466849
159 1.375686
160 1.269326
161 1.179261
162 1.082743
163 1.009540
164 0.941355
165 0.875834
166 0.804250
167 0.751784
168 0.691778
169 0.644317
170 0.600936
171 0.559381
172 0.519559
173 0.483088
174 0.451117
175 0.418891
176 0.390314
177 0.366971
178 0.341080
179 0.311320
180 0.296448
181 0.273875
182 0.259373
183 0.242047
184 0.226916
185 0.211852
186 0.199963
187 0.190213
188 0.178616
189 0.168240
190 0.159586
191 0.149759
192 0.140962
193 0.132729
194 0.124639
195 0.117073
196 0.110426
197 0.103462
198 0.097042
199 0.090230
200 0.085898
201 0.079635
202 0.075654
203 0.071646
204 0.067606
205 0.063285
206 0.060585
207 0.057602
208 0.054407
209 0.051553
210 0.049027
211 0.046363
212 0.044370
213 0.042249
214 0.040622
215 0.038544
216 0.036459
217 0.034902
218 0.032990
219 0.031438
220 0.029989
221 0.028708
222 0.027518
223 0.026347
224 0.025163
225 0.024088
226 0.022932
227 0.021901
228 0.021074
229 0.020275
230 0.019485
231 0.018638
232 0.017885
233 0.017206
234 0.016375
235 0.015733
236 0.015073
237 0.014376
238 0.013798
239 0.013276
240 0.012835
241 0.012206
242 0.011779
243 0.011260
244 0.010862
245 0.010444
246 0.010066
247 0.009592
248 0.009300
249 0.008942
250 0.008633
251 0.008277
252 0.008029
253 0.007768
254 0.007411
255 0.007189
256 0.006885
257 0.006558
258 0.006370
259 0.006177
260 0.005942
261 0.005733
262 0.005529
263 0.005351
264 0.005161
265 0.004999
266 0.004840
267 0.004682
268 0.004526
269 0.004380
270 0.004233
271 0.004082
272 0.003929
273 0.003808
274 0.003666
275 0.003521
276 0.003406
277 0.003315
278 0.003233
279 0.003123
280 0.003046
281 0.002952
282 0.002855
283 0.002768
284 0.002706
285 0.002611
286 0.002552
287 0.002483
288 0.002415
289 0.002333
290 0.002280
291 0.002216
292 0.002145
293 0.002082
294 0.002026
295 0.001971
296 0.001926
297 0.001873
298 0.001822
299 0.001774
300 0.001715
301 0.001673
302 0.001625
303 0.001588
304 0.001539
305 0.001500
306 0.001470
307 0.001432
308 0.001394
309 0.001364
310 0.001314
311 0.001292
312 0.001262
313 0.001233
314 0.001199
315 0.001169
316 0.001142
317 0.001121
318 0.001096
319 0.001066
320 0.001043
321 0.001020
322 0.000995
323 0.000970
324 0.000949
325 0.000925
326 0.000909
327 0.000888
328 0.000866
329 0.000842
330 0.000830
331 0.000813
332 0.000798
333 0.000781
334 0.000764
335 0.000751
336 0.000736
337 0.000718
338 0.000705
339 0.000689
340 0.000676
341 0.000665
342 0.000653
343 0.000640
344 0.000625
345 0.000616
346 0.000605
347 0.000594
348 0.000582
349 0.000570
350 0.000561
351 0.000551
352 0.000541
353 0.000531
354 0.000522
355 0.000511
356 0.000503
357 0.000496
358 0.000488
359 0.000480
360 0.000473
361 0.000466
362 0.000457
363 0.000451
364 0.000443
365 0.000436
366 0.000426
367 0.000421
368 0.000415
369 0.000408
370 0.000401
371 0.000395
372 0.000389
373 0.000383
374 0.000377
375 0.000373
376 0.000368
377 0.000361
378 0.000357
379 0.000351
380 0.000347
381 0.000342
382 0.000337
383 0.000333
384 0.000329
385 0.000325
386 0.000321
387 0.000317
388 0.000312
389 0.000309
390 0.000305
391 0.000301
392 0.000298
393 0.000294
394 0.000291
395 0.000288
396 0.000284
397 0.000281
398 0.000276
399 0.000274
400 0.000271
401 0.000268
402 0.000264
403 0.000262
404 0.000258
405 0.000255
406 0.000252
407 0.000250
408 0.000247
409 0.000244
410 0.000241
411 0.000239
412 0.000237
413 0.000234
414 0.000232
415 0.000229
416 0.000227
417 0.000225
418 0.000223
419 0.000221
420 0.000220
421 0.000218
422 0.000215
423 0.000214
424 0.000212
425 0.000210
426 0.000209
427 0.000207
428 0.000205
429 0.000204
430 0.000202
431 0.000200
432 0.000199
433 0.000198
434 0.000196
435 0.000194
436 0.000193
437 0.000192
438 0.000191
439 0.000189
440 0.000188
441 0.000187
442 0.000186
443 0.000185
444 0.000184
445 0.000182
446 0.000181
447 0.000180
448 0.000179
449 0.000178
450 0.000177
451 0.000176
452 0.000175
453 0.000174
454 0.000173
455 0.000173
456 0.000172
457 0.000171
458 0.000170
459 0.000170
460 0.000169
461 0.000168
462 0.000167
463 0.000167
464 0.000166
465 0.000165
466 0.000165
467 0.000164
468 0.000163
469 0.000163
470 0.000162
471 0.000162
472 0.000161
473 0.000161
474 0.000161
475 0.000160
476 0.000160
477 0.000159
478 0.000159
479 0.000158
480 0.000158
481 0.000158
482 0.000157
483 0.000157
484 0.000157
485 0.000157
486 0.000156
487 0.000156
488 0.000156
489 0.000156
490 0.000156
491 0.000155
492 0.000155
493 0.000155
494 0.000155
495 0.000155
496 0.000155
497 0.000155
498 0.000155
499 0.000155
500 0.000155
