1 inf
2 inf
3 inf
4 inf
5 inf
6 inf
7 inf
8 inf
9 inf
10 inf
11 inf
12 inf
13 inf
14 25434867966556901506456156556855308828271977697680962133577562298565669482970551210199921590202096343752515312790517314600148584414854505792057006230523018924962700324153984356068870148095015470404715389350313000492456316494872919551566097265836048998121668484276845087045976163362872173711356561929011200.000000
15 6683796798232245592678583281187059485504949647857542016684093061263617849742083836607077430617586072285439940016904189374408949507010545143140028804914935152490922955256116961322085981659146340127863242414819139344873523554169175388978904986759751828215599549088976808877811097938579087851606721161068544.000000
16 1240606193628552196535641837662749587489803210665019171136006956805260490514441582552632569900115896525691403449996458029840867346004207839112935317253832223114328991876270791047630843962959019387554612357713804110953207216508386912396541738993406843415579877736919527411037363096256512.000000
17 605502210273834549389319673758708526813436666546344327753408669582605245277231666931649907371857236047215155343606173880285293547339286029178238610695564762317214604243611597533181872285584390085154570960919954180992009040658696077220911450261102258528782898675070512595012887248896.000000
18 7411537364832858433658418402338372541286985384665181705680412822025097257176647237275922147948504069573206068576771606215352588198868799271210391796197201296278467561612026181264020356925182822287323323966533319075636090860539760179528064409497266598062946816810782031872.000000
19 42173490473111212936109328858882939562716742191736451503902961801830983920116911840665370177761889381366416831733692521347417550546684482843128466795717969826460065171896219670219361314168152812907193966909984119066205512342695620449354433478069629625829731436855296.000000
20 3506101127094230145472327094013083701212459226574412871419025716263856265997637699173589108106247071802252782439061113461054233059605555455736714369397358768501808836852924058639329499176839943600963743340937491890395538427302102550652433116304139246905589760.000000
21 4416952735302083983622702086823525780445319030757516533328361344806268856881459530635870118213552419209305387531640255892393419602459275421502939325345784586083029168988346123463942485323639451728755432573549353477226242346863628564914241536.000000
22 49565399517519223982176881044906298351767043498805579682807849839285975698311431124219623569972874704155330696581376085981409916975615951356405875845014918449605844843976464822142765709297575501382023734262733596635861811758102062773043200.000000
23 9442238248345368665441291306425754461724091798407950677794535742794996850233311260794414283267341911272227102131298691631283598927447549901421045197727262706385125812229494015698385796494538804353405668263709305356395995274936320.000000
24 24379788687742362199278835625801770715090550818208335753695249860247646638960318888392258061124902827771826030325188788224031096851899725073094313249554914136420197596213448535021737105285713168059035415607770047193578209280.000000
25 1266924640764146611384853820993717005092024079485833563657787799267238387912503874682383663081599390163990255466368634873876049275591807614780447274879156273566887316635500291372480581584007970727241299363832528896.000000
26 165134335014321359203829236126898592661644973740654156918972083704616592124322390581239648381305584884569919263411677911901530764791443706403785531318579863285974488497125994707017313777937507574388680032256.000000
27 2126761441781222111473525466812775092381911968996225879279850795645902651650159154196096462063817412891554831330447884353489800410823318395625884191261618033610635024360215938439345852816067395584.000000
28 326258149082090795755965517428946737075478409625272744397089099511823800634081875551953151969607563650348320893772963682916687764633936932554521929118599525441344976334940971833679927352229888.000000
29 73551851660169407442126892336877832079239852661987226472569092445961744659966311898425111177163532846390823887087474421433997463597764406179913819887865563569523460186988428174295040.000000
30 884989255076342527208617987245262378838860082184723657144781498227198902202798676388919244148502152836632339064198387805129035546227341650758842508288848010473932789637715142377472.000000
31 38687103463035613476979671347398740494423193696350868687480775472325657176390494913106631962709671851735106779885437508695473936893224840531015005054940122890421403648.000000
32 3302727461243303934582786150375735673410612120354953393588715475008114474315970397168802127937797193133925936016431792619865813008206384935187148439552.000000
33 33193808092084216998593758775670479740338086099724016210908387956917001601013875625299838692118158855965494945265065652068767053599465382951939735552.000000
34 3899429153982720659774408977680355416391975595997279434799713325134852952289463462794911570353809444106311526619227822760886830809009021255680.000000
35 11800325510741341159172450551471234809788284047434319317702619203644747431254130717183490571372572485303892950830046790991107724863864832.000000
36 23389372504457034450527898613587364919207255975198472982141294852080941880062952570501837380569239065415169500638338665878126592.000000
37 1257083952116800219165745215584734943506063629392872786395887978693500581946988376690159796484624788593238314420535296.000000
38 760503511691561672058920808529024879373240056500830306882025728542456623566597582580372199664650947359702366814208.000000
39 30171310040534669173740768719062828055680046714351031711029076493210998462341491879721813677490466455552.000000
40 54004462232085829906002716530329878821060194206439675578433742894914301920832349119224741888.000000
41 72646853992968753583512907911640250257142585651872780019653651078726469812224.000000
42 90066813088279811310254510225284022532191669664014675112488877869236224.000000
43 12502680569123219932996634841294818792746014878245131256856576.000000
44 26453328770814398816607963726875711438437447565836288.000000
45 1116111897206078806875862233367569235968.000000
46 4906803519412637516392828237774848.000000
47 201142465575178402267136.000000
48 8380123217075.167969
49 719378.218215
50 2710.457034
51 2258.203376
52 1786.788208
53 1569.869403
54 1408.344583
55 1121.742519
56 971.841145
57 828.582239
58 748.994851
59 618.067202
60 567.383085
61 500.111987
62 452.921982
63 396.960685
64 333.573238
65 294.331335
66 261.526445
67 242.873684
68 214.027541
69 185.048397
70 164.038316
71 140.501623
72 126.617278
73 105.921895
74 100.309112
75 88.524405
76 76.558972
77 64.760070
78 56.665021
79 51.907556
80 45.986006
81 41.014081
82 36.787194
83 32.814315
84 29.236738
85 25.701859
86 23.099889
87 20.620429
88 18.524994
89 16.027009
90 14.310113
91 12.878670
92 11.630122
93 10.407374
94 9.028588
95 8.293541
96 7.442691
97 6.501230
98 5.703083
99 5.202188
100 4.643897
101 4.144917
102 3.601425
103 3.244606
104 2.840107
105 2.512226
106 2.240240
107 2.060936
108 1.750263
109 1.570491
110 1.380533
111 1.225080
112 1.110450
113 0.963077
114 0.829270
115 0.749082
116 0.656362
117 0.593609
118 0.533581
119 0.480878
120 0.429241
121 0.374232
122 0.339206
123 0.296469
124 0.267851
125 0.237034
126 0.216523
127 0.192899
128 0.166882
129 0.149801
130 0.135410
131 0.120952
132 0.106163
133 0.095614
134 0.084530
135 0.077443
136 0.068580
137 0.059787
138 0.054240
139 0.049417
140 0.044293
141 0.039947
142 0.035689
143 0.032298
144 0.029365
145 0.025913
146 0.023157
147 0.021164
148 0.019222
149 0.017219
150 0.015613
151 0.014167
152 0.012756
153 0.011641
154 0.010605
155 0.009603
156 0.008626
157 0.007858
158 0.007141
159 0.006436
160 0.005873
161 0.005263
162 0.004866
163 0.004440
164 0.004057
165 0.003729
166 0.003407
167 0.003073
168 0.002827
169 0.002575
170 0.002324
171 0.002055
172 0.001906
173 0.001746
174 0.001555
175 0.001430
176 0.001333
177 0.001217
178 0.001131
179 0.001033
180 0.000959
181 0.000884
182 0.000811
183 0.000736
184 0.000662
185 0.000621
186 0.000576
187 0.000526
188 0.000485
189 0.000442
190 0.000410
191 0.000383
192 0.000354
193 0.000323
194 0.000299
195 0.000271
196 0.000250
197 0.000233
198 0.000215
199 0.000201
200 0.000184
201 0.000173
202 0.000162
203 0.000151
204 0.000140
205 0.000130
206 0.000121
207 0.000114
208 0.000105
209 0.000099
210 0.000092
211 0.000084
212 0.000081
213 0.000074
214 0.000070
215 0.000066
216 0.000062
217 0.000058
218 0.000054
219 0.000051
220 0.000047
221 0.000045
222 0.000042
223 0.000039
224 0.000037
225 0.000034
226 0.000033
227 0.000031
228 0.000029
229 0.000027
230 0.000026
231 0.000024
232 0.000023
233 0.000021
234 0.000020
235 0.000019
236 0.000018
237 0.000017
238 0.000016
239 0.000015
240 0.000014
241 0.000013
242 0.000013
243 0.000012
244 0.000011
245 0.000011
246 0.000010
247 0.000010
248 0.000009
249 0.000009
250 0.000008
251 0.000008
252 0.000007
253 0.000007
254 0.000007
255 0.000006
256 0.000006
257 0.000006
258 0.000006
259 0.000005
260 0.000005
261 0.000005
262 0.000005
263 0.000004
264 0.000004
265 0.000004
266 0.000004
267 0.000004
268 0.000003
269 0.000003
270 0.000003
271 0.000003
272 0.000003
273 0.000003
274 0.000003
275 0.000003
276 0.000002
277 0.000002
278 0.000002
279 0.000002
280 0.000002
281 0.000002
282 0.000002
283 0.000002
284 0.000002
285 0.000002
286 0.000002
287 0.000002
288 0.000001
289 0.000001
290 0.000001
291 0.000001
292 0.000001
293 0.000001
294 0.000001
295 0.000001
296 0.000001
297 0.000001
298 0.000001
299 0.000001
300 0.000001
301 0.000001
302 0.000001
303 0.000001
304 0.000001
305 0.000001
306 0.000001
307 0.000001
308 0.000001
309 0.000001
310 0.000001
311 0.000001
312 0.000001
313 0.000001
314 0.000001
315 0.000001
316 0.000001
317 0.000001
318 0.000001
319 0.000000
320 0.000000
321 0.000000
322 0.000000
323 0.000000
324 0.000000
325 0.000000
326 0.000000
327 0.000000
328 0.000000
329 0.000000
330 0.000000
331 0.000000
332 0.000000
333 0.000000
334 0.000000
335 0.000000
336 0.000000
337 0.000000
338 0.000000
339 0.000000
340 0.000000
341 0.000000
342 0.000000
343 0.000000
344 0.000000
345 0.000000
346 0.000000
347 0.000000
348 0.000000
349 0.000000
350 0.000000
351 0.000000
352 0.000000
353 0.000000
354 0.000000
355 0.000000
356 0.000000
357 0.000000
358 0.000000
359 0.000000
360 0.000000
361 0.000000
362 0.000000
363 0.000000
364 0.000000
365 0.000000
366 0.000000
367 0.000000
368 0.000000
369 0.000000
370 0.000000
371 0.000000
372 0.000000
373 0.000000
374 0.000000
375 0.000000
376 0.000000
377 0.000000
378 0.000000
379 0.000000
380 0.000000
381 0.000000
382 0.000000
383 0.000000
384 0.000000
385 0.000000
386 0.000000
387 0.000000
388 0.000000
389 0.000000
390 0.000000
391 0.000000
392 0.000000
393 0.000000
394 0.000000
395 0.000000
396 0.000000
397 0.000000
398 0.000000
399 0.000000
400 0.000000
401 0.000000
402 0.000000
403 0.000000
404 0.000000
405 0.000000
406 0.000000
407 0.000000
408 0.000000
409 0.000000
410 0.000000
411 0.000000
412 0.000000
413 0.000000
414 0.000000
415 0.000000
416 0.000000
417 0.000000
418 0.000000
419 0.000000
420 0.000000
421 0.000000
422 0.000000
423 0.000000
424 0.000000
425 0.000000
426 0.000000
427 0.000000
428 0.000000
429 0.000000
430 0.000000
431 0.000000
432 0.000000
433 0.000000
434 0.000000
435 0.000000
436 0.000000
437 0.000000
438 0.000000
439 0.000000
440 0.000000
441 0.000000
442 0.000000
443 0.000000
444 0.000000
445 0.000000
446 0.000000
447 0.000000
448 0.000000
449 0.000000
450 0.000000
451 0.000000
452 0.000000
453 0.000000
454 0.000000
455 0.000000
456 0.000000
457 0.000000
458 0.000000
459 0.000000
460 0.000000
461 0.000000
462 0.000000
463 0.000000
464 0.000000
465 0.000000
466 0.000000
467 0.000000
468 0.000000
469 0.000000
470 0.000000
471 0.000000
472 0.000000
473 0.000000
474 0.000000
475 0.000000
476 0.000000
477 0.000000
478 0.000000
479 0.000000
480 0.000000
481 0.000000
482 0.000000
483 0.000000
484 0.000000
485 0.000000
486 0.000000
487 0.000000
488 0.000000
489 0.000000
490 0.000000
491 0.000000
492 0.000000
493 0.000000
494 0.000000
495 0.000000
496 0.000000
497 0.000000
498 0.000000
499 0.000000
500 0.000000
