1 81761795.494856
2 188667003.784485
3 361999366.498934
4 269818409.135904
5 1170298175.988584
6 1918127776.224489
7 4244306498.412893
8 7242697930.193486
9 15022957481.586123
10 27232289166.912846
11 41886198006.232399
12 65759634374.329277
13 98082420955.321960
14 174654301136.086914
15 450482764071.901306
16 536334774230.172424
17 1041080788267.365479
18 1738924030972.287109
19 1575669083408.763184
20 3723892265378.570801
21 8124057257444.581055
22 12563648909912.326172
23 19638919818266.582031
24 26160516455924.789062
25 31493188197142.062500
26 69634024128835.460938
27 115141704289470.015625
28 223952825494332.031250
29 255315494314696.187500
30 388692608598200.812500
31 802437886872231.750000
32 1131209430575274.000000
33 2102711694473607.250000
34 2546420320679535.500000
35 2974822705217146.000000
36 5028445925336885.000000
37 4030716296093814.000000
38 8410318458534630.000000
39 11158642926815058.000000
40 14971765423444284.000000
41 24456227105966868.000000
42 36593363704441736.000000
43 56755326541649328.000000
44 79793862342432480.000000
45 78809908145680240.000000
46 64760391268483416.000000
47 89836208655713760.000000
48 83620277820871712.000000
49 119536749495432512.000000
50 110119320748828816.000000
51 146358632946546816.000000
52 304008428616108672.000000
53 379846067708574912.000000
54 475311098092078976.000000
55 729706298213073024.000000
56 1009868248343639296.000000
57 1826008128475627008.000000
58 2770484703328919552.000000
59 1898414568227001600.000000
60 3208384772974694912.000000
61 4014163791754463232.000000
62 5163906083514653696.000000
63 5579278649215983616.000000
64 8392320946108344320.000000
65 11919591532461092864.000000
66 10145653570593644544.000000
67 10542665080294254592.000000
68 13762061904266995712.000000
69 10565609146917027840.000000
70 19391363776092262400.000000
71 19903269117621370880.000000
72 42502052825584574464.000000
73 34828726739181314048.000000
74 53221445635721633792.000000
75 40729245368721440768.000000
76 54096634267764998144.000000
77 72832928092264513536.000000
78 126795593794724167680.000000
79 159492743156434698240.000000
80 173401332284007284736.000000
81 131979403829350547456.000000
82 190911693502922850304.000000
83 250367654115612819456.000000
84 240279763379617431552.000000
85 378175258262254452736.000000
86 393467962620899033088.000000
87 676244764338735939584.000000
88 535266433430452699136.000000
89 926407083944219115520.000000
90 861479499700202373120.000000
91 1185126517459130515456.000000
92 1080859627476480557056.000000
93 1132123552329878470656.000000
94 1459067653346541436928.000000
95 1438019178225468178432.000000
96 2358230810444307628032.000000
97 1384823662592224395264.000000
98 1765176395510865985536.000000
99 2211187392461190201344.000000
100 2586581995104049823744.000000
101 2900384174356309737472.000000
102 4361323763140084629504.000000
103 3835965785608001945600.000000
104 3497286426735295332352.000000
105 4229161583125004812288.000000
106 3824622012837962186752.000000
107 5275418277214062379008.000000
108 5248153458020250025984.000000
109 5861035729306585661440.000000
110 5244264323773642047488.000000
111 7015708263098310721536.000000
112 9132139372046203224064.000000
113 9903765022319644246016.000000
114 10086818562027976392704.000000
115 11429474018598104072192.000000
116 9222645408728657952768.000000
117 9839974298947543891968.000000
118 9073465928722498453504.000000
119 7065668364892089876480.000000
120 11255058518774135128064.000000
121 7008167076207493382144.000000
122 7550896587241454305280.000000
123 8881100141349393399808.000000
124 12291596585025184727040.000000
125 11520983035218585714688.000000
126 10273597977012339736576.000000
127 12229423475170939502592.000000
128 12761964892904633663488.000000
129 18347311885862943326208.000000
130 13789600585020765896704.000000
131 11799134399869470375936.000000
132 8852850530933719171072.000000
133 11536276326249289220096.000000
134 9836312576337112989696.000000
135 7897668711516232220672.000000
136 7487395986634331652096.000000
137 8484319487032032231424.000000
138 7535840594504570634240.000000
139 4960601564423479361536.000000
140 5895438664641916436480.000000
141 5735501210697605316608.000000
142 3597969774793490169856.000000
143 4483737831906763341824.000000
144 3225313022287815901184.000000
145 1723525618583301259264.000000
146 2596936712956974989312.000000
147 3105192535770979631104.000000
148 2573857915681011924992.000000
149 2999319911679864078336.000000
150 2975925219157443346432.000000
151 2882708482012368338944.000000
152 1863159024941857243136.000000
153 2837210531734567256064.000000
154 2449314275171426107392.000000
155 2235170568780181667840.000000
156 2206950499405106511872.000000
157 1812329648114757009408.000000
158 1961453579847212728320.000000
159 1776562423297439170560.000000
160 1768046181328124379136.000000
161 1154749095546555596800.000000
162 710125175751749271552.000000
163 1189679734125251264512.000000
164 1154757646163325878272.000000
165 1219770523488793919488.000000
166 973617289196981321728.000000
167 573848484884796473344.000000
168 680609198129897406464.000000
169 519739950918466666496.000000
170 521666158276030824448.000000
171 343013159244489555968.000000
172 361275153655423893504.000000
173 408842951546207272960.000000
174 275258242489706512384.000000
175 282971904744006287360.000000
176 258173427746243674112.000000
177 279570550468171300864.000000
178 287448984901824348160.000000
179 233053275372108054528.000000
180 188411981522127552512.000000
181 154691738527150505984.000000
182 159422068969734242304.000000
183 133532566577844912128.000000
184 119619830739989938176.000000
185 115706500029757800448.000000
186 112304147949726400512.000000
187 92719683647184453632.000000
188 52821176718966185984.000000
189 47628768881788428288.000000
190 43817935701557010432.000000
191 36939015850974330880.000000
192 33684485881991327744.000000
193 27028161425403891712.000000
194 19912876535475912704.000000
195 22287006807305052160.000000
196 20748423731769217024.000000
197 14266762885996036096.000000
198 12502890283490134016.000000
199 13908262587242272768.000000
200 11600435684173139968.000000
201 10017847552149604352.000000
202 8065111993253606400.000000
203 6018429468465664000.000000
204 5034965680969919488.000000
205 3679319366205161984.000000
206 3428214177665570304.000000
207 3750471436399806464.000000
208 2853651790713147392.000000
209 3072195163077096448.000000
210 2383253508709716480.000000
211 2105159093399927040.000000
212 1354656452055050496.000000
213 1185263426277316096.000000
214 1176972758522548736.000000
215 924414336590304384.000000
216 540541555003964032.000000
217 490425819824144704.000000
218 353414122249023104.000000
219 276257790275811616.000000
220 170264246486699648.000000
221 128185690515300256.000000
222 134941758099761680.000000
223 107886501703779728.000000
224 93805976839607872.000000
225 81101250643857792.000000
226 46547357901416408.000000
227 44544597367160688.000000
228 35977039721002276.000000
229 25301956744943060.000000
230 20823274756897588.000000
231 20405182034731024.000000
232 20068221870978760.000000
233 16849534894737264.000000
234 12596459618424618.000000
235 12786378193073790.000000
236 9020135767897234.000000
237 6568394564142168.000000
238 4613899303702874.000000
239 3561252525542850.000000
240 2774351944089046.500000
241 2219809758165863.000000
242 1680998297592098.500000
243 1303708376762258.750000
244 782951174994936.500000
245 727053098040684.500000
246 613883872839348.625000
247 430138560479431.187500
248 296396457014844.875000
249 169607534250727.875000
250 172456394611933.250000
251 129007360593899.031250
252 124762209103215.812500
253 75459917360932.593750
254 72045317239047.906250
255 57217920642811.218750
256 40592239540932.390625
257 33136895561296.902344
258 24111261138232.722656
259 15424349551924.111328
260 15115635889912.150391
261 11691813584627.492188
262 8402218051968.428711
263 5957320177067.477539
264 5545299057087.351562
265 4083056512667.750000
266 2964083123321.731934
267 2659992794768.930176
268 1970109832344.842773
269 1420795427871.083008
270 1038404282549.984253
271 774283701374.137451
272 593959928759.711914
273 418860744629.135864
274 380326334729.846802
275 306474308690.310974
276 272548940380.140045
277 177166317587.861755
278 124079154391.043930
279 115876908471.501511
280 94011346984.997330
281 84655871680.778931
282 59084419531.161064
283 35481962957.052956
284 31607000025.638237
285 32668120558.341396
286 23106694956.574848
287 17578313601.696369
288 14556890096.759609
289 12341123798.662962
290 8280407364.908512
291 5933360017.746737
292 5173695336.428495
293 3766083879.784309
294 2627163373.177038
295 2188485248.715488
296 1745272649.661726
297 1055233566.257061
298 903538325.297428
299 563088516.257882
300 501854140.770303
301 388691539.157326
302 377660506.627172
303 363336905.606413
304 263608019.158699
305 208985997.717981
306 199098148.744086
307 159818006.876092
308 144263277.140592
309 100669138.795921
310 99133486.346360
311 84256263.043297
312 69183257.752672
313 52794595.271898
314 46061639.445148
315 30384627.024695
316 22222740.024726
317 16766574.601058
318 12466662.586250
319 9467354.082490
320 8165844.106171
321 7307530.293238
322 6615500.520863
323 4028835.741936
324 3709329.572012
325 2494406.226470
326 2014784.291670
327 1270586.883144
328 1201364.424156
329 1030373.917759
330 662120.352293
331 542027.541019
332 475551.503699
333 442411.988555
334 347977.495177
335 292204.343464
336 226474.530032
337 155488.940508
338 143038.292866
339 116892.531207
340 97548.486186
341 90417.533905
342 61603.643130
343 43552.347059
344 36974.654101
345 30320.357243
346 21547.555151
347 17322.371838
348 14060.665707
349 10095.121693
350 8154.467140
351 6415.637801
352 5073.626260
353 3913.299251
354 3407.279857
355 2531.054015
356 2232.834579
357 1604.673801
358 1179.552473
359 969.075565
360 853.610680
361 646.633462
362 628.786856
363 443.519985
364 354.829654
365 276.376377
366 231.452962
367 178.064436
368 135.894899
369 115.254307
370 84.565389
371 67.063880
372 51.765327
373 42.781331
374 35.427351
375 26.788846
376 23.197097
377 20.273325
378 15.083348
379 11.986871
380 10.353335
381 7.468845
382 5.323717
383 4.761213
384 4.003915
385 3.162879
386 2.805404
387 2.198675
388 1.761595
389 1.434005
390 1.072057
391 0.907517
392 0.682177
393 0.512889
394 0.472443
395 0.397336
396 0.329534
397 0.228652
398 0.187712
399 0.154115
400 0.132019
401 0.111230
402 0.095975
403 0.067179
404 0.056883
405 0.045882
406 0.038946
407 0.029034
408 0.023453
409 0.019244
410 0.016465
411 0.013013
412 0.010308
413 0.007825
414 0.005642
415 0.004499
416 0.003679
417 0.002942
418 0.002290
419 0.001861
420 0.001560
421 0.001187
422 0.000927
423 0.000797
424 0.000642
425 0.000500
426 0.000406
427 0.000346
428 0.000278
429 0.000220
430 0.000184
431 0.000154
432 0.000126
433 0.000103
434 0.000085
435 0.000068
436 0.000057
437 0.000046
438 0.000036
439 0.000029
440 0.000025
441 0.000020
442 0.000016
443 0.000013
444 0.000011
445 0.000009
446 0.000007
447 0.000006
448 0.000005
449 0.000004
450 0.000003
451 0.000003
452 0.000002
453 0.000002
454 0.000001
455 0.000001
456 0.000001
457 0.000001
458 0.000001
459 0.000001
460 0.000000
461 0.000000
462 0.000000
463 0.000000
464 0.000000
465 0.000000
466 0.000000
467 0.000000
468 0.000000
469 0.000000
470 0.000000
471 0.000000
472 0.000000
473 0.000000
474 0.000000
475 0.000000
476 0.000000
477 0.000000
478 0.000000
479 0.000000
480 0.000000
481 0.000000
482 0.000000
483 0.000000
484 0.000000
485 0.000000
486 0.000000
487 0.000000
488 0.000000
489 0.000000
490 0.000000
491 0.000000
492 0.000000
493 0.000000
494 0.000000
495 0.000000
496 0.000000
497 0.000000
498 0.000000
499 0.000000
500 0.000000
