1 12440052.780248
2 31821521.421622
3 90846676.563380
4 172169401.297092
5 362663522.991809
6 523436631.679787
7 724526149.619121
8 1210341854.562245
9 1806203608.988678
10 3070049274.983938
11 5578104054.039781
12 10659205523.841625
13 10844277689.163010
14 11384799979.028393
15 36036995689.407906
16 70088009161.601089
17 60377755168.448067
18 106835126555.047775
19 101746575879.757538
20 171093013398.572083
21 275937111536.809082
22 524185594782.708435
23 880648806386.650146
24 1400459060322.338867
25 1364318440982.670654
26 2010613045369.198242
27 3856317099844.372559
28 6246292342187.128906
29 4314419398105.749512
30 5163622137621.513672
31 6738010179522.451172
32 8044514286842.965820
33 13421659081607.044922
34 25016696648502.644531
35 24272928689748.429688
36 31749943184894.503906
37 55199113800025.492188
38 86406183660218.093750
39 107432409733014.093750
40 125649652657780.171875
41 199867300012605.250000
42 260392360844639.593750
43 465816609760401.500000
44 337638480955014.312500
45 638811590840821.500000
46 810554651220182.500000
47 1275636919741528.500000
48 1953029890043109.000000
49 2220632076493581.750000
50 2440787764834532.500000
51 4619402781247411.000000
52 5732322857051826.000000
53 9647417588441412.000000
54 9627239106368282.000000
55 9662896444072148.000000
56 13531188541842138.000000
57 16412632615884456.000000
58 18759446276512820.000000
59 18836035306108196.000000
60 33117170003634964.000000
61 28776945918494296.000000
62 33532422032195484.000000
63 58822075234364520.000000
64 66324236559283824.000000
65 62756952482359032.000000
66 71947023223423432.000000
67 92187081222451376.000000
68 103378386611819536.000000
69 109327146475585296.000000
70 78192338146169536.000000
71 86465861362233040.000000
72 130307405653700512.000000
73 155659117919149920.000000
74 216763225225879552.000000
75 175142154715928192.000000
76 117188770208847984.000000
77 261381158271000160.000000
78 350284070092044992.000000
79 410919554602231104.000000
80 378870921735895808.000000
81 632941265742829440.000000
82 850822857759913216.000000
83 759274246658314368.000000
84 845117065269628672.000000
85 1095223356538394112.000000
86 1365730657566531072.000000
87 823498734227463168.000000
88 1456488766571359232.000000
89 1855950833271972352.000000
90 1418762352057209344.000000
91 1548872101714242560.000000
92 2068374882328792064.000000
93 1749045108391313152.000000
94 2258298868921444864.000000
95 2347250917009825792.000000
96 4249080827974387712.000000
97 4250071168993156608.000000
98 3364585873524967424.000000
99 5653337745495273472.000000
100 5233408336007526400.000000
101 3991544770262568448.000000
102 4431215956127128064.000000
103 5113264208760694784.000000
104 5146425335348603904.000000
105 4133447504165765120.000000
106 6434886693938228224.000000
107 4691524788579622912.000000
108 4721725422033412096.000000
109 5297632649247830016.000000
110 5937132258027429888.000000
111 6349975409792525312.000000
112 6953843422315153408.000000
113 8673872574699601920.000000
114 7915872211526213632.000000
115 9230296711441948672.000000
116 7207368278366862336.000000
117 5988584963067126784.000000
118 8845868630938828800.000000
119 8485315954371782656.000000
120 10868253759583090688.000000
121 14437595619107170304.000000
122 15371509726243682304.000000
123 13525476498894071808.000000
124 13104110478642610176.000000
125 8883980181765993472.000000
126 13269453429830893568.000000
127 13260644723037319168.000000
128 8576841393509825536.000000
129 14141669976798208000.000000
130 11113474995048294400.000000
131 8970523252148420608.000000
132 7176355907604369408.000000
133 7033604490872857600.000000
134 7055923501865080832.000000
135 8921914947526473728.000000
136 8799965542351753216.000000
137 7365236492667061248.000000
138 7855649223190739968.000000
139 7404220782207676416.000000
140 6854487183543043072.000000
141 8879322912951175168.000000
142 5050539269961798656.000000
143 5795159865984224256.000000
144 6781240599502533632.000000
145 7967457052391254016.000000
146 6464177603440912384.000000
147 6226638962868229120.000000
148 6207433177319838720.000000
149 5387848736810909696.000000
150 3999518091389732352.000000
151 5108376686424786944.000000
152 3739485183350132224.000000
153 3635290283474129408.000000
154 2721237857915093504.000000
155 2755903361239984640.000000
156 2002188345991702528.000000
157 2303487466252251136.000000
158 2702747449002512384.000000
159 2318095918266341888.000000
160 1990634277063995136.000000
161 2038046122622393344.000000
162 1518517613743610368.000000
163 1595610626163670016.000000
164 1296486202264775168.000000
165 1539345397689554688.000000
166 1213003494675789568.000000
167 662240505048743680.000000
168 1058336905717147136.000000
169 420216919386217728.000000
170 508191569039026752.000000
171 470926851409496256.000000
172 438059969745344448.000000
173 430154972681468544.000000
174 318470985865377408.000000
175 342463723365057152.000000
176 282897256076634624.000000
177 214250677965775552.000000
178 187504963044649792.000000
179 108410279647627808.000000
180 100215445646019840.000000
181 106581746078542976.000000
182 100144315755656128.000000
183 90266089537713792.000000
184 80339492173908640.000000
185 63658114424701344.000000
186 52748469584461640.000000
187 35362153565557156.000000
188 36669554787660208.000000
189 26555085814078816.000000
190 24137903802658004.000000
191 26292396253524032.000000
192 26617230534494484.000000
193 25808655421979972.000000
194 21651515079224108.000000
195 18243023877251764.000000
196 12907171198879750.000000
197 16033432614521988.000000
198 12802682840101174.000000
199 10227217764744628.000000
200 10467018054757954.000000
201 8030290330556263.000000
202 5252397941438739.000000
203 5437796108830371.000000
204 3545931303462366.500000
205 3058580959368241.000000
206 2102031289914501.750000
207 1688485423734023.500000
208 1692127177338692.750000
209 1535530118576064.250000
210 1109555270212369.375000
211 875958844185066.750000
212 838124080388607.625000
213 802018310050278.625000
214 650031815766566.625000
215 460057967339704.625000
216 481546179604927.125000
217 361081092591960.437500
218 297090637094649.062500
219 244465333985541.531250
220 227384206840519.281250
221 182266855636763.843750
222 164196449488293.375000
223 84639551997297.484375
224 52869715885680.976562
225 45749123224593.156250
226 48274077460984.062500
227 30406103125888.609375
228 21878600721743.500000
229 18030929308371.921875
230 11758112221030.269531
231 10443972365230.052734
232 5226245760077.366211
233 5989507172572.582031
234 3894968953893.454102
235 2270654555002.207031
236 1983234968089.774658
237 1841409050639.087402
238 1224533012042.820801
239 900967588103.667358
240 795183424574.264771
241 647784342330.204712
242 536130056530.699707
243 462058528318.025146
244 385203657907.182678
245 244005593156.122589
246 218285124408.159882
247 165475389020.876160
248 113977284932.620056
249 99511133915.469116
250 87383528407.074448
251 77531153279.736313
252 56891131958.647339
253 40841505899.972618
254 28379342648.597172
255 28671801517.348381
256 21467515160.130733
257 16753419292.468544
258 12729317735.610167
259 11867454893.342218
260 9431031529.792009
261 4879228331.772142
262 4375816924.237814
263 3711093558.229701
264 2568648540.943843
265 2315054817.921447
266 1936559606.885871
267 1429423926.793587
268 1088536456.990819
269 1007892592.809188
270 675274133.562191
271 474120238.163863
272 385770844.832717
273 281308256.673884
274 168148397.881513
275 132036240.129094
276 93241493.613808
277 75977853.414339
278 66121869.600159
279 45027571.396935
280 36282084.744024
281 27163603.473673
282 20429169.551514
283 17555040.077457
284 14183471.236377
285 9951628.226601
286 9245621.867743
287 7180276.695572
288 5338190.305120
289 4172022.432441
290 3239290.316024
291 2737988.653124
292 2081599.105601
293 1919305.982163
294 1279875.271509
295 737814.230027
296 672183.737328
297 459195.704618
298 403748.217712
299 242241.747338
300 162833.156318
301 109864.292966
302 80133.049868
303 63099.566173
304 48865.000004
305 37953.161670
306 26368.435155
307 21546.984786
308 14346.393699
309 11107.725870
310 9626.693917
311 7057.006075
312 5298.406122
313 4799.547782
314 4220.396395
315 3376.976433
316 2639.946255
317 2133.426363
318 1494.114912
319 1129.940701
320 979.342837
321 753.246023
322 638.548778
323 496.120734
324 466.066490
325 300.676556
326 248.252599
327 223.175232
328 164.516608
329 133.287451
330 114.483105
331 94.838995
332 77.761458
333 62.121298
334 54.562494
335 45.213575
336 35.907930
337 31.130544
338 25.454694
339 19.577034
340 14.068009
341 10.750607
342 8.151416
343 6.080112
344 4.911627
345 3.916531
346 3.098153
347 2.347543
348 1.710229
349 1.157471
350 1.003960
351 0.741074
352 0.541465
353 0.406244
354 0.279772
355 0.229763
356 0.178717
357 0.140991
358 0.117060
359 0.093333
360 0.077304
361 0.058269
362 0.042481
363 0.033468
364 0.027580
365 0.022165
366 0.018549
367 0.014502
368 0.011024
369 0.009104
370 0.006779
371 0.005587
372 0.004261
373 0.003448
374 0.002518
375 0.001938
376 0.001611
377 0.001287
378 0.000966
379 0.000758
380 0.000626
381 0.000502
382 0.000398
383 0.000282
384 0.000222
385 0.000168
386 0.000135
387 0.000104
388 0.000086
389 0.000071
390 0.000054
391 0.000041
392 0.000033
393 0.000027
394 0.000021
395 0.000017
396 0.000014
397 0.000011
398 0.000009
399 0.000007
400 0.000006
401 0.000005
402 0.000004
403 0.000003
404 0.000002
405 0.000002
406 0.000002
407 0.000001
408 0.000001
409 0.000001
410 0.000001
411 0.000000
412 0.000000
413 0.000000
414 0.000000
415 0.000000
416 0.000000
417 0.000000
418 0.000000
419 0.000000
420 0.000000
421 0.000000
422 0.000000
423 0.000000
424 0.000000
425 0.000000
426 0.000000
427 0.000000
428 0.000000
429 0.000000
430 0.000000
431 0.000000
432 0.000000
433 0.000000
434 0.000000
435 0.000000
436 0.000000
437 0.000000
438 0.000000
439 0.000000
440 0.000000
441 0.000000
442 0.000000
443 0.000000
444 0.000000
445 0.000000
446 0.000000
447 0.000000
448 0.000000
449 0.000000
450 0.000000
451 0.000000
452 0.000000
453 0.000000
454 0.000000
455 0.000000
456 0.000000
457 0.000000
458 0.000000
459 0.000000
460 0.000000
461 0.000000
462 0.000000
463 0.000000
464 0.000000
465 0.000000
466 0.000000
467 0.000000
468 0.000000
469 0.000000
470 0.000000
471 0.000000
472 0.000000
473 0.000000
474 0.000000
475 0.000000
476 0.000000
477 0.000000
478 0.000000
479 0.000000
480 0.000000
481 0.000000
482 0.000000
483 0.000000
484 0.000000
485 0.000000
486 0.000000
487 0.000000
488 0.000000
489 0.000000
490 0.000000
491 0.000000
492 0.000000
493 0.000000
494 0.000000
495 0.000000
496 0.000000
497 0.000000
498 0.000000
499 0.000000
500 0.000000
