1 inf
2 inf
3 inf
4 inf
5 inf
6 inf
7 inf
8 inf
9 inf
10 1345192875354297889485915603027261835408977281667350624774868054558901597513267440934987084985824898661682127754701369904783563695163047496539100213428429056309071689481268222012032233234533805409293911982467726440932063684084233891887079609111356837576420468716990969675776.000000
11 7458256371018641026532346325880174736325406790884053825500461911704639918418596463142766424755600425990751979440148330437157710664671731713469652414582503846628141620036174941362322626396065458270894634626449408.000000
12 899591467933162353469996869985760491348375860998046294969239733485863359388704502551375470929520853852675233153741800453500541012429759562497177170214912.000000
13 269985507602540614327760766920463608356439842042885503961509141980357041073993376628201408919991484416.000000
14 6801155070962134321235662942858437850038272.000000
15 7128.418051
16 7739.736600
17 6919.545679
18 6082.089232
19 6273.371610
20 4514.753913
21 4481.769830
22 3666.472844
23 3721.167837
24 3901.535356
25 3184.254474
26 3444.203616
27 3476.314755
28 3330.178504
29 2858.161741
30 2404.496313
31 2107.141675
32 2394.294838
33 2299.684534
34 2191.356066
35 2003.128714
36 1848.214967
37 1670.449246
38 1660.679759
39 1436.300780
40 1326.899823
41 1231.199440
42 1095.893073
43 1045.196742
44 826.268875
45 774.664352
46 739.983831
47 783.309568
48 714.379890
49 694.595976
50 553.433025
51 487.839819
52 409.241195
53 404.020797
54 377.924173
55 373.090227
56 298.649430
57 249.077274
58 213.580232
59 211.580431
60 198.789031
61 189.957734
62 153.902693
63 162.449097
64 135.495501
65 139.985088
66 124.889296
67 121.447945
68 119.339702
69 95.815364
70 87.402264
71 81.727581
72 75.343963
73 63.170794
74 62.480266
75 54.565187
76 43.991931
77 39.964811
78 34.550546
79 30.774061
80 25.969761
81 22.964960
82 18.814800
83 17.027309
84 14.986505
85 14.699984
86 13.992915
87 13.438436
88 11.550262
89 10.761985
90 8.365284
91 7.695744
92 6.657405
93 5.341389
94 4.413951
95 4.152351
96 3.767168
97 2.717733
98 2.591451
99 1.892433
100 1.494854
101 1.422662
102 1.280924
103 1.059713
104 0.986840
105 0.906490
106 0.843981
107 0.775846
108 0.660799
109 0.576350
110 0.472482
111 0.436868
112 0.401053
113 0.352926
114 0.338717
115 0.296287
116 0.263558
117 0.216937
118 0.197146
119 0.178675
120 0.157420
121 0.140834
122 0.120522
123 0.110897
124 0.093425
125 0.086424
126 0.080195
127 0.073329
128 0.068581
129 0.062664
130 0.056080
131 0.049450
132 0.043567
133 0.039493
134 0.034968
135 0.030366
136 0.026591
137 0.024700
138 0.020527
139 0.017279
140 0.015659
141 0.013734
142 0.011027
143 0.009893
144 0.008633
145 0.007719
146 0.007020
147 0.006049
148 0.005250
149 0.004202
150 0.003703
151 0.003399
152 0.002972
153 0.002584
154 0.002379
155 0.002146
156 0.001869
157 0.001661
158 0.001516
159 0.001297
160 0.001202
161 0.001055
162 0.000922
163 0.000801
164 0.000700
165 0.000637
166 0.000535
167 0.000486
168 0.000426
169 0.000381
170 0.000339
171 0.000301
172 0.000268
173 0.000239
174 0.000210
175 0.000188
176 0.000159
177 0.000141
178 0.000121
179 0.000112
180 0.000098
181 0.000088
182 0.000077
183 0.000068
184 0.000060
185 0.000053
186 0.000045
187 0.000040
188 0.000034
189 0.000031
190 0.000027
191 0.000025
192 0.000021
193 0.000018
194 0.000016
195 0.000014
196 0.000011
197 0.000010
198 0.000009
199 0.000007
200 0.000006
201 0.000006
202 0.000005
203 0.000004
204 0.000003
205 0.000003
206 0.000003
207 0.000002
208 0.000002
209 0.000002
210 0.000002
211 0.000001
212 0.000001
213 0.000001
214 0.000001
215 0.000001
216 0.000001
217 0.000001
218 0.000000
219 0.000000
220 0.000000
221 0.000000
222 0.000000
223 0.000000
224 0.000000
225 0.000000
226 0.000000
227 0.000000
228 0.000000
229 0.000000
230 0.000000
231 0.000000
232 0.000000
233 0.000000
234 0.000000
235 0.000000
236 0.000000
237 0.000000
238 0.000000
239 0.000000
240 0.000000
241 0.000000
242 0.000000
243 0.000000
244 0.000000
245 0.000000
246 0.000000
247 0.000000
248 0.000000
249 0.000000
250 0.000000
251 0.000000
252 0.000000
253 0.000000
254 0.000000
255 0.000000
256 0.000000
257 0.000000
258 0.000000
259 0.000000
260 0.000000
261 0.000000
262 0.000000
263 0.000000
264 0.000000
265 0.000000
266 0.000000
267 0.000000
268 0.000000
269 0.000000
270 0.000000
271 0.000000
272 0.000000
273 0.000000
274 0.000000
275 0.000000
276 0.000000
277 0.000000
278 0.000000
279 0.000000
280 0.000000
281 0.000000
282 0.000000
283 0.000000
284 0.000000
285 0.000000
286 0.000000
287 0.000000
288 0.000000
289 0.000000
290 0.000000
291 0.000000
292 0.000000
293 0.000000
294 0.000000
295 0.000000
296 0.000000
297 0.000000
298 0.000000
299 0.000000
300 0.000000
301 0.000000
302 0.000000
303 0.000000
304 0.000000
305 0.000000
306 0.000000
307 0.000000
308 0.000000
309 0.000000
310 0.000000
311 0.000000
312 0.000000
313 0.000000
314 0.000000
315 0.000000
316 0.000000
317 0.000000
318 0.000000
319 0.000000
320 0.000000
321 0.000000
322 0.000000
323 0.000000
324 0.000000
325 0.000000
326 0.000000
327 0.000000
328 0.000000
329 0.000000
330 0.000000
331 0.000000
332 0.000000
333 0.000000
334 0.000000
335 0.000000
336 0.000000
337 0.000000
338 0.000000
339 0.000000
340 0.000000
341 0.000000
342 0.000000
343 0.000000
344 0.000000
345 0.000000
346 0.000000
347 0.000000
348 0.000000
349 0.000000
350 0.000000
351 0.000000
352 0.000000
353 0.000000
354 0.000000
355 0.000000
356 0.000000
357 0.000000
358 0.000000
359 0.000000
360 0.000000
361 0.000000
362 0.000000
363 0.000000
364 0.000000
365 0.000000
366 0.000000
367 0.000000
368 0.000000
369 0.000000
370 0.000000
371 0.000000
372 0.000000
373 0.000000
374 0.000000
375 0.000000
376 0.000000
377 0.000000
378 0.000000
379 0.000000
380 0.000000
381 0.000000
382 0.000000
383 0.000000
384 0.000000
385 0.000000
386 0.000000
387 0.000000
388 0.000000
389 0.000000
390 0.000000
391 0.000000
392 0.000000
393 0.000000
394 0.000000
395 0.000000
396 0.000000
397 0.000000
398 0.000000
399 0.000000
400 0.000000
401 0.000000
402 0.000000
403 0.000000
404 0.000000
405 0.000000
406 0.000000
407 0.000000
408 0.000000
409 0.000000
410 0.000000
411 0.000000
412 0.000000
413 0.000000
414 0.000000
415 0.000000
416 0.000000
417 0.000000
418 0.000000
419 0.000000
420 0.000000
421 0.000000
422 0.000000
423 0.000000
424 0.000000
425 0.000000
426 0.000000
427 0.000000
428 0.000000
429 0.000000
430 0.000000
431 0.000000
432 0.000000
433 0.000000
434 0.000000
435 0.000000
436 0.000000
437 0.000000
438 0.000000
439 0.000000
440 0.000000
441 0.000000
442 0.000000
443 0.000000
444 0.000000
445 0.000000
446 0.000000
447 0.000000
448 0.000000
449 0.000000
450 0.000000
451 0.000000
452 0.000000
453 0.000000
454 0.000000
455 0.000000
456 0.000000
457 0.000000
458 0.000000
459 0.000000
460 0.000000
461 0.000000
462 0.000000
463 0.000000
464 0.000000
465 0.000000
466 0.000000
467 0.000000
468 0.000000
469 0.000000
470 0.000000
471 0.000000
472 0.000000
473 0.000000
474 0.000000
475 0.000000
476 0.000000
477 0.000000
478 0.000000
479 0.000000
480 0.000000
481 0.000000
482 0.000000
483 0.000000
484 0.000000
485 0.000000
486 0.000000
487 0.000000
488 0.000000
489 0.000000
490 0.000000
491 0.000000
492 0.000000
493 0.000000
494 0.000000
495 0.000000
496 0.000000
497 0.000000
498 0.000000
499 0.000000
500 0.000000
