1 64787555.866965
2 79148852.789301
3 105109002.229089
4 152669070.664161
5 185436902.128425
6 190779624.817447
7 201160816.370251
8 211962735.503731
9 229811773.993353
10 347636988.332124
11 444094864.952539
12 472525144.697877
13 522029406.284699
14 623537357.417606
15 749097646.422341
16 828436590.335836
17 870694599.656085
18 867469280.886042
19 1150952600.413595
20 1626593487.681132
21 1317993410.811330
22 2059205004.821435
23 1224025609.608349
24 2268976470.791389
25 2079472933.533863
26 2851415647.813623
27 3073724832.648283
28 3677575536.027271
29 3898988238.550310
30 4642839492.644341
31 4113794698.532436
32 4004359947.134645
33 4557606939.991446
34 4607838379.135981
35 4178894845.249983
36 4273350609.559358
37 5496652989.631873
38 5135096080.779633
39 5405610146.408652
40 6353172846.452449
41 6573946871.244622
42 6633264767.284483
43 7880376874.064155
44 8610891693.835678
45 10191764533.635399
46 9376387473.634623
47 9964739045.703901
48 11325617962.673269
49 9954478230.309414
50 9849083022.096460
51 12271199044.637503
52 11408649186.252951
53 11200735412.324045
54 15818020459.558784
55 9616591804.131922
56 15128026076.311478
57 13356105573.888269
58 10508539843.163288
59 9816864995.647863
60 11711786676.448954
61 9056073010.106836
62 8480077578.558969
63 7701622772.640024
64 8923616979.457272
65 8573115962.835320
66 9361136364.155090
67 9260774542.928183
68 9559110337.669207
69 10013809921.063921
70 8492511057.528921
71 8114188313.324765
72 6737131661.604376
73 8812123474.855228
74 9791233948.386578
75 11825874935.380529
76 8623610375.534571
77 11227154696.454414
78 11596242870.011667
79 9892592456.431475
80 9000687801.471842
81 9003755256.793530
82 9401653407.863375
83 9669405362.677414
84 6964447888.542356
85 8006382649.313877
86 8633158803.939920
87 8096471442.160762
88 7564922464.154035
89 8282884001.006598
90 10523578234.836224
91 10339428689.445229
92 10968006172.056433
93 10986041934.320971
94 9740200832.051336
95 7866526637.658304
96 7760982190.938302
97 6118148748.204652
98 9555014103.255337
99 8519645818.004788
100 9173811189.183571
101 8911174696.765345
102 7217730690.822473
103 6971804680.556581
104 7378151241.914644
105 6242452066.676723
106 6509158359.543738
107 7298699339.768818
108 6698707091.438629
109 5874761677.698839
110 5073414844.514959
111 6411368687.073357
112 5561312389.231421
113 5344686974.182780
114 5206587965.773601
115 7212499956.407966
116 4929347815.953324
117 5157594297.021483
118 4822837289.135318
119 4110320626.498002
120 5054535784.363165
121 3989630260.613328
122 4710859139.767580
123 3756915274.319217
124 3961104309.112197
125 4425503128.790444
126 3729596936.811501
127 4243480977.964136
128 3965869884.272203
129 3541934750.946172
130 4227008989.047609
131 4162761308.920718
132 3946697094.502524
133 2752246965.772919
134 3395882795.170337
135 2846106665.638775
136 2577764165.476115
137 3020411394.164495
138 2579701275.938334
139 2712141265.976095
140 2733744282.016637
141 2785267726.778171
142 2481132618.895599
143 2703682699.369625
144 2836958874.329674
145 2333518540.923017
146 2530964721.416308
147 2680940839.403185
148 2627979219.268287
149 2222881317.017697
150 2264526823.929228
151 2006860192.174989
152 2211501785.924673
153 1589567483.775319
154 1478091557.576207
155 1816686699.185170
156 1896913869.895422
157 2054233435.789699
158 1718686089.102978
159 1415492129.788102
160 1335488784.772684
161 1261374937.706798
162 1040428048.126183
163 1019407437.313580
164 893924943.530243
165 923116570.230439
166 888080251.503104
167 742942045.808518
168 840908968.597248
169 765782234.914553
170 783907989.457717
171 633398574.321912
172 675077887.643676
173 520553211.808344
174 618052152.485600
175 601321398.196263
176 576769912.732785
177 509906178.017551
178 529261209.464012
179 470366258.024637
180 496018673.940338
181 492175485.521979
182 443861225.695881
183 459684342.073861
184 398349546.038232
185 413082718.254311
186 357949406.001310
187 321863086.352838
188 318514509.133731
189 301036686.640676
190 267938032.713850
191 248782202.708570
192 254068646.467875
193 280414929.015867
194 241874519.961345
195 243238230.225614
196 199117005.659644
197 237631042.160853
198 199936420.136933
199 196403387.694845
200 198995434.977769
201 173303447.241923
202 145121316.627136
203 164213474.518632
204 156459254.316704
205 144659380.767952
206 128223086.873377
207 134641933.812771
208 123712213.425395
209 114153819.816082
210 126145457.692999
211 122829122.376749
212 113351854.793004
213 106423601.392628
214 101123291.790134
215 94909324.889025
216 101890869.746812
217 96398234.181400
218 89839958.861373
219 82308672.699866
220 76421843.077709
221 78306711.881503
222 83098182.757411
223 79055077.209558
224 81942780.922087
225 76637336.716906
226 79022959.154585
227 80246517.123685
228 76551904.319154
229 63573106.997116
230 66391016.100043
231 61170936.202008
232 68187789.960576
233 70203133.945799
234 55083457.556250
235 62521206.829195
236 58034329.412336
237 58272544.936128
238 54995994.400083
239 54746904.417819
240 59640432.254890
241 54325462.501703
242 54730264.063925
243 49732793.033907
244 44265356.051549
245 54359618.409806
246 48964092.128462
247 42276637.009224
248 49768442.993173
249 41450944.056061
250 41828743.814146
251 41971556.289323
252 40789391.115138
253 36706208.774217
254 32004534.725592
255 35106598.111958
256 32958140.127120
257 31626539.703499
258 32798404.071624
259 29635891.070389
260 33003967.221230
261 35751692.236179
262 32533054.475000
263 30466039.658902
264 29816481.329162
265 27366169.236818
266 28014065.398398
267 27751349.662597
268 24249353.379266
269 22242343.663639
270 25573073.635894
271 23925620.344674
272 22422823.959409
273 20478271.906414
274 22171144.380895
275 23030156.971556
276 19784893.255415
277 23020265.191372
278 20135517.002643
279 21725396.590880
280 20483479.153532
281 17822978.611425
282 17237734.692749
283 17092163.566300
284 17493091.441710
285 15365488.951158
286 16209413.950372
287 14867776.258051
288 15866344.461388
289 17145268.750284
290 14143441.544842
291 13892240.765721
292 12891079.986174
293 13082107.327113
294 11990115.312246
295 12072939.589635
296 11249298.740311
297 10603532.042616
298 11242544.523122
299 9860794.697454
300 8953237.017895
301 8878702.990792
302 9166559.267353
303 9143489.502343
304 8971177.196198
305 8034896.459331
306 8135274.345436
307 7820059.954839
308 8559978.464019
309 8080951.447250
310 6910956.623806
311 7637268.539673
312 6963083.660900
313 6515041.715917
314 7026278.144762
315 6936654.652789
316 6881064.376944
317 6481454.810883
318 6652133.541492
319 6413960.667769
320 6245546.025609
321 5618927.240478
322 5734801.173846
323 5762366.633403
324 6223852.664587
325 5477125.991635
326 5360195.751347
327 5727150.757010
328 5824886.096284
329 5259737.171477
330 5287325.736194
331 4906652.905199
332 4784905.908185
333 5007324.081454
334 5077538.019777
335 4808067.759804
336 4739461.247648
337 4557406.316505
338 4705263.722930
339 4544998.270808
340 4427920.575596
341 4299592.624908
342 4349547.209446
343 3925567.424206
344 4051554.272626
345 3995049.704594
346 3921707.022679
347 4022697.217370
348 3896324.076439
349 3492052.450006
350 3656116.156916
351 3552242.387114
352 3637403.784488
353 3484293.461583
354 3639031.432824
355 3473898.701767
356 3320639.793516
357 3283744.282240
358 3038466.219539
359 3090815.560337
360 3038324.566688
361 3010114.151057
362 2965411.534361
363 3088490.329200
364 3152882.413566
365 3051084.943081
366 2749434.948690
367 2726917.900248
368 2677389.458821
369 2674310.507202
370 2552556.331580
371 2596945.181152
372 2635502.539772
373 2417199.273069
374 2418532.130022
375 2486643.026959
376 2430897.160220
377 2347497.451290
378 2352798.692634
379 2427559.810528
380 2385027.930852
381 2393206.842147
382 2301418.924813
383 2243989.498288
384 2272038.611684
385 2350473.334497
386 2224426.120140
387 2167575.364679
388 2202806.837165
389 2038426.778393
390 1990172.155970
391 1958445.938705
392 1980997.291038
393 2010029.718543
394 1863681.525219
395 1931733.839474
396 1897504.518415
397 1780731.169139
398 1787048.094044
399 1673968.205850
400 1748981.641844
401 1741898.759918
402 1705247.321302
403 1674139.128297
404 1694266.950986
405 1639732.573098
406 1673834.855229
407 1699315.354315
408 1714244.087513
409 1659974.659640
410 1621817.277951
411 1591863.752345
412 1581520.741083
413 1569167.979424
414 1571745.872120
415 1551600.423937
416 1574722.305909
417 1515647.138861
418 1521434.589760
419 1484304.388205
420 1452984.392544
421 1418782.141851
422 1406522.635777
423 1404812.769561
424 1345232.531378
425 1363023.646333
426 1346941.312623
427 1348973.096608
428 1348401.979316
429 1337582.179777
430 1317644.466759
431 1315132.971829
432 1289762.781455
433 1269296.210562
434 1253993.357084
435 1228585.280796
436 1230534.849177
437 1220351.975128
438 1209883.066710
439 1173856.314442
440 1178122.938535
441 1162579.769467
442 1136538.630760
443 1140123.836651
444 1130953.322674
445 1120601.401577
446 1089203.307348
447 1083130.772470
448 1068998.821212
449 1068469.518148
450 1050394.387549
451 1026150.014041
452 1016021.680511
453 1014271.904373
454 1011924.936005
455 992830.344406
456 994350.552268
457 989079.706591
458 975448.330663
459 974375.086414
460 963564.778495
461 956641.416468
462 948665.092509
463 929911.436420
464 932313.698248
465 926224.311100
466 916236.454488
467 911847.894636
468 901556.964478
469 899415.358202
470 896101.352120
471 885999.358709
472 880056.733523
473 875150.077313
474 866115.098525
475 861405.135415
476 862208.395792
477 856230.599848
478 851320.581494
479 845074.962012
480 841560.939166
481 837273.831318
482 832827.319491
483 829194.856611
484 827897.189314
485 824021.924903
486 821013.611902
487 818341.903129
488 815006.677173
489 811919.629842
490 809457.237205
491 807584.915735
492 805228.282455
493 802493.431657
494 800645.892479
495 798922.939726
496 797627.913319
497 796556.171380
498 795657.959904
499 795059.040112
500 794619.927147
