1 21048678.449397
2 20390656.264746
3 26968594.741889
4 26607664.396248
5 24322807.361189
6 36285562.606567
7 33920693.356303
8 36278996.809223
9 46426911.086029
10 52991661.961720
11 62344119.481997
12 73544914.114655
13 84404500.065030
14 105367285.760585
15 106799743.791205
16 133209830.314509
17 133100369.060752
18 158040399.008553
19 201372708.279961
20 186358418.453647
21 222578870.554067
22 236989525.131478
23 321697120.835729
24 297589919.959178
25 350351234.135066
26 263030262.231674
27 348786490.164322
28 381384544.980998
29 378755872.982283
30 402091510.590093
31 509278500.286044
32 340073387.037582
33 438022635.173431
34 510240458.645646
35 403256755.435278
36 486773612.870742
37 415235486.992948
38 438772379.875370
39 664572251.545930
40 630492192.791530
41 613584661.698131
42 650968846.239925
43 560913929.969476
44 688978585.151679
45 662306023.331532
46 706566054.884094
47 652136151.551617
48 741996919.219503
49 742841904.627500
50 633314598.790100
51 786747968.730008
52 870303583.687950
53 767412356.508399
54 822018432.473994
55 653675719.367305
56 978825067.062676
57 706275076.830477
58 720461401.304156
59 707096266.550164
60 688018362.991185
61 774176624.082815
62 798415119.144595
63 884209149.192783
64 958737356.027388
65 1088591519.742018
66 814878652.858554
67 740282747.652389
68 870977612.622810
69 956064646.029886
70 807047025.522216
71 931138407.675168
72 1033067065.195196
73 874633308.829400
74 885676865.434120
75 682540732.901648
76 709027555.715314
77 670911640.269530
78 588427682.457624
79 611129295.380719
80 498480523.869141
81 479120333.809635
82 422684500.256914
83 422604803.251767
84 365410565.275058
85 440007374.896193
86 348144556.494674
87 295908735.314416
88 313782387.564366
89 312688837.843504
90 246754728.987325
91 275959424.862820
92 217461153.965275
93 338742122.682410
94 321166423.978313
95 283743566.786018
96 295133992.747902
97 297205808.687760
98 253148963.901992
99 249341949.888712
100 252436410.944305
101 255038509.497488
102 278007345.880544
103 332202958.389238
104 307963835.192205
105 306691436.588040
106 336220588.759579
107 294565948.156687
108 240486582.998697
109 289181449.086008
110 249536407.254769
111 300048292.710480
112 212186244.205535
113 246353797.455434
114 211545355.260726
115 176258895.831941
116 211544553.185053
117 217091139.704335
118 207280042.111686
119 169913379.239024
120 184622012.817099
121 204717212.493485
122 152327765.201539
123 137352538.030325
124 125621897.446096
125 127165385.434714
126 102961940.023488
127 103238662.546292
128 94649098.851798
129 86109672.865135
130 76852537.356980
131 86416834.816674
132 79787336.560802
133 92711542.555152
134 83230908.279349
135 73396133.594862
136 78907490.768982
137 71168224.281850
138 67224225.759193
139 72607379.581543
140 65944489.025017
141 66104956.762034
142 76409655.710694
143 68344471.689543
144 62978487.779937
145 60621059.739287
146 67788617.071725
147 48873029.085785
148 49983709.880885
149 54054761.074320
150 41366280.922469
151 47520510.851851
152 46768206.528483
153 41063055.308934
154 35332403.726328
155 38177044.614138
156 34402496.200259
157 33109885.818398
158 27283220.436870
159 30410562.277608
160 30566735.318376
161 30312709.616731
162 26042853.683735
163 30048166.369818
164 28007300.116522
165 26092161.854131
166 20697210.788902
167 19083752.626885
168 17808105.161859
169 18164433.448878
170 14386074.265241
171 14085885.438766
172 13408467.663017
173 11819961.413234
174 10291862.182373
175 10708745.767532
176 9798429.614289
177 8465325.679820
178 9783598.709607
179 8812538.649961
180 9304867.375571
181 8973467.374768
182 6842752.444950
183 7772760.991293
184 8155618.061934
185 6751423.559343
186 7592163.019845
187 7917232.962536
188 7444440.814358
189 5777193.063661
190 5819862.329038
191 6319635.152462
192 5886063.031465
193 5290131.414909
194 4463817.700327
195 5196353.201155
196 4474682.235380
197 4504000.630163
198 4317015.036781
199 3599977.697316
200 3633454.221768
201 3498709.839477
202 3215140.994795
203 3200300.311215
204 2378611.282573
205 2987628.569270
206 3066923.732334
207 3147093.981134
208 2709837.561609
209 2876518.613752
210 2528318.230945
211 2109516.609302
212 2302631.804082
213 2335569.739176
214 2217896.397653
215 2451047.624038
216 1929564.407328
217 1749102.018950
218 1886649.159700
219 1528752.129283
220 1616155.870190
221 1399399.222885
222 1531060.250879
223 1378098.526000
224 1273923.953748
225 1144379.298480
226 1121328.388273
227 1122884.124476
228 973524.152511
229 960427.248247
230 777811.884085
231 879071.700312
232 851669.433274
233 898955.249188
234 840411.538163
235 851532.355782
236 669625.718373
237 680741.359368
238 732070.518032
239 696240.539727
240 673238.680727
241 664542.489598
242 599383.355598
243 623074.204821
244 533022.377649
245 578767.090873
246 616057.368231
247 498656.930872
248 520296.985063
249 500850.185887
250 542587.997043
251 454086.514088
252 489347.738685
253 492601.169397
254 417672.145534
255 417465.221824
256 375811.907084
257 419432.195038
258 383822.738604
259 376134.535840
260 389658.835797
261 351819.178819
262 304309.739304
263 320947.285667
264 351641.186080
265 311798.400032
266 327105.153017
267 325142.083401
268 329871.706153
269 286820.706881
270 289316.898531
271 307154.854500
272 274697.761974
273 245502.987645
274 250525.126850
275 228241.368720
276 233283.332953
277 220301.106831
278 198194.815564
279 174675.837420
280 204435.357374
281 191539.094277
282 208501.583977
283 200427.939589
284 185928.859620
285 185031.219717
286 161258.424843
287 127332.126527
288 136926.194882
289 147020.863705
290 131807.259827
291 125446.400073
292 119630.945579
293 124338.494800
294 113327.830266
295 108234.317083
296 102843.710423
297 114751.800217
298 109526.790328
299 111561.369447
300 94399.467015
301 98853.140496
302 95417.464988
303 89721.065521
304 88377.182481
305 94263.292459
306 85624.586860
307 92357.240244
308 79348.011441
309 76766.587802
310 71905.637343
311 72490.422291
312 70092.126500
313 70607.970660
314 69502.710784
315 65334.130101
316 60430.885377
317 60731.978561
318 57816.675693
319 57259.839508
320 60558.404012
321 56809.408279
322 55514.169799
323 54182.480952
324 53075.949278
325 56399.325399
326 54645.300854
327 54333.607877
328 53914.581911
329 55241.072603
330 51909.873842
331 47999.676301
332 52159.591647
333 50582.016073
334 48225.752052
335 50748.083330
336 47411.009052
337 50906.342084
338 50294.474514
339 52649.388164
340 51597.251930
341 53288.211604
342 54358.676571
343 53542.294454
344 49422.195066
345 42908.351412
346 43898.210710
347 40185.227271
348 40621.535204
349 39439.541663
350 36747.687392
351 38866.516878
352 38516.772111
353 39006.861824
354 36357.774626
355 37343.611816
356 36062.970728
357 32217.247498
358 33825.809122
359 31859.363706
360 34215.177441
361 34497.458029
362 32586.213545
363 32069.808784
364 32258.334852
365 33275.128640
366 31595.147158
367 30370.907338
368 29686.984865
369 27986.553290
370 27364.433089
371 26868.941381
372 27873.691690
373 24578.022628
374 25155.445386
375 25193.221787
376 23222.382307
377 23348.028703
378 23238.277033
379 23158.514883
380 22634.339160
381 20769.430057
382 21977.729082
383 21811.009153
384 21199.024652
385 20740.623249
386 21043.521825
387 19663.455759
388 19930.180231
389 20199.019506
390 19182.204744
391 19121.203897
392 18213.964583
393 17508.577292
394 17540.107126
395 17966.528866
396 16338.804264
397 15387.925929
398 15808.117677
399 15541.721453
400 15177.271397
401 15340.578165
402 14955.630451
403 14785.490938
404 14971.433934
405 14482.378263
406 14629.674248
407 14293.724863
408 14524.076644
409 14152.890230
410 13944.689455
411 13760.010208
412 12896.542224
413 12949.929346
414 12416.671345
415 12247.935873
416 12300.840994
417 12335.187506
418 11905.396753
419 11581.655821
420 11549.503811
421 11464.869741
422 11320.264695
423 11064.694030
424 11000.129560
425 10860.848167
426 10786.436998
427 10733.739761
428 10799.076067
429 10588.061675
430 10674.509785
431 10518.306659
432 10305.167709
433 10192.696107
434 10058.599000
435 10085.456742
436 10083.446353
437 9731.566796
438 9735.108862
439 9615.639674
440 9417.250107
441 9459.923245
442 9204.858435
443 9065.408875
444 8804.221857
445 8863.333129
446 8648.795569
447 8568.929666
448 8422.424927
449 8216.161712
450 8102.790034
451 8071.352976
452 8036.008261
453 7959.537309
454 7909.426331
455 7809.180249
456 7779.300274
457 7706.465621
458 7634.991869
459 7527.649657
460 7399.669619
461 7358.057840
462 7296.575307
463 7181.853484
464 7145.619339
465 6998.747127
466 6948.600620
467 6855.872865
468 6798.155541
469 6758.254871
470 6688.836561
471 6665.125226
472 6610.225750
473 6597.379428
474 6549.789421
475 6517.166672
476 6438.144340
477 6405.270496
478 6376.484298
479 6327.363256
480 6297.475996
481 6265.066854
482 6220.663754
483 6198.147620
484 6152.086204
485 6108.441068
486 6093.144592
487 6073.993302
488 6049.407734
489 6031.625240
490 6014.552642
491 5986.703211
492 5972.093747
493 5950.750378
494 5933.147532
495 5919.248413
496 5910.047881
497 5900.059582
498 5893.830245
499 5889.109249
500 5886.269609
