1 722822.813051
2 763716.298804
3 723148.797992
4 749909.113924
5 727182.359032
6 690964.221021
7 640671.735533
8 595140.816624
9 542782.654618
10 484673.721923
11 472680.857345
12 427971.913923
13 373399.057814
14 337626.546283
15 347188.519488
16 305192.320276
17 274207.560081
18 248400.576403
19 223699.376830
20 201411.469615
21 175517.630239
22 157502.420226
23 125789.903805
24 116060.149744
25 112275.047192
26 100750.577846
27 85170.226166
28 75518.611968
29 66431.136774
30 60550.931174
31 53068.651184
32 47000.618694
33 39930.539711
34 35489.153744
35 32652.049239
36 29827.133057
37 25222.494083
38 21994.943554
39 19373.279731
40 17308.485886
41 14042.168060
42 11673.052477
43 10026.513557
44 8399.551625
45 7628.208330
46 6484.267191
47 5515.656115
48 4826.846487
49 4250.128043
50 3688.541254
51 3246.576676
52 2686.520235
53 2434.450814
54 2028.521176
55 1754.485431
56 1528.693657
57 1244.542410
58 975.387268
59 853.522746
60 706.848852
61 636.086578
62 483.131409
63 430.047469
64 364.045365
65 302.205156
66 247.484141
67 199.869682
68 174.518060
69 150.205573
70 126.744203
71 102.284224
72 90.972735
73 74.283214
74 65.870639
75 51.814572
76 40.644520
77 34.896299
78 29.431913
79 23.533528
80 19.912421
81 16.968323
82 14.540018
83 12.383903
84 9.905301
85 8.631005
86 7.338126
87 6.364258
88 4.960501
89 4.351140
90 3.555586
91 3.054678
92 2.377455
93 1.793751
94 1.641454
95 1.294041
96 1.001067
97 0.899594
98 0.714168
99 0.597867
100 0.501527
101 0.406156
102 0.324491
103 0.264824
104 0.221508
105 0.178978
106 0.146977
107 0.116933
108 0.104357
109 0.090568
110 0.074817
111 0.061352
112 0.053419
113 0.045858
114 0.039079
115 0.030778
116 0.027250
117 0.022507
118 0.017957
119 0.014959
120 0.012466
121 0.010700
122 0.008802
123 0.007507
124 0.006339
125 0.005277
126 0.004623
127 0.003935
128 0.003346
129 0.002852
130 0.002367
131 0.002148
132 0.001824
133 0.001461
134 0.001248
135 0.001021
136 0.000855
137 0.000719
138 0.000604
139 0.000527
140 0.000443
141 0.000380
142 0.000317
143 0.000254
144 0.000219
145 0.000187
146 0.000160
147 0.000138
148 0.000113
149 0.000097
150 0.000080
151 0.000070
152 0.000056
153 0.000051
154 0.000041
155 0.000036
156 0.000032
157 0.000027
158 0.000024
159 0.000019
160 0.000016
161 0.000013
162 0.000012
163 0.000010
164 0.000009
165 0.000008
166 0.000006
167 0.000005
168 0.000004
169 0.000004
170 0.000003
171 0.000003
172 0.000002
173 0.000002
174 0.000002
175 0.000001
176 0.000001
177 0.000001
178 0.000001
179 0.000001
180 0.000001
181 0.000001
182 0.000001
183 0.000001
184 0.000000
185 0.000000
186 0.000000
187 0.000000
188 0.000000
189 0.000000
190 0.000000
191 0.000000
192 0.000000
193 0.000000
194 0.000000
195 0.000000
196 0.000000
197 0.000000
198 0.000000
199 0.000000
200 0.000000
201 0.000000
202 0.000000
203 0.000000
204 0.000000
205 0.000000
206 0.000000
207 0.000000
208 0.000000
209 0.000000
210 0.000000
211 0.000000
212 0.000000
213 0.000000
214 0.000000
215 0.000000
216 0.000000
217 0.000000
218 0.000000
219 0.000000
220 0.000000
221 0.000000
222 0.000000
223 0.000000
224 0.000000
225 0.000000
226 0.000000
227 0.000000
228 0.000000
229 0.000000
230 0.000000
231 0.000000
232 0.000000
233 0.000000
234 0.000000
235 0.000000
236 0.000000
237 0.000000
238 0.000000
239 0.000000
240 0.000000
241 0.000000
242 0.000000
243 0.000000
244 0.000000
245 0.000000
246 0.000000
247 0.000000
248 0.000000
249 0.000000
250 0.000000
251 0.000000
252 0.000000
253 0.000000
254 0.000000
255 0.000000
256 0.000000
257 0.000000
258 0.000000
259 0.000000
260 0.000000
261 0.000000
262 0.000000
263 0.000000
264 0.000000
265 0.000000
266 0.000000
267 0.000000
268 0.000000
269 0.000000
270 0.000000
271 0.000000
272 0.000000
273 0.000000
274 0.000000
275 0.000000
276 0.000000
277 0.000000
278 0.000000
279 0.000000
280 0.000000
281 0.000000
282 0.000000
283 0.000000
284 0.000000
285 0.000000
286 0.000000
287 0.000000
288 0.000000
289 0.000000
290 0.000000
291 0.000000
292 0.000000
293 0.000000
294 0.000000
295 0.000000
296 0.000000
297 0.000000
298 0.000000
299 0.000000
300 0.000000
301 0.000000
302 0.000000
303 0.000000
304 0.000000
305 0.000000
306 0.000000
307 0.000000
308 0.000000
309 0.000000
310 0.000000
311 0.000000
312 0.000000
313 0.000000
314 0.000000
315 0.000000
316 0.000000
317 0.000000
318 0.000000
319 0.000000
320 0.000000
321 0.000000
322 0.000000
323 0.000000
324 0.000000
325 0.000000
326 0.000000
327 0.000000
328 0.000000
329 0.000000
330 0.000000
331 0.000000
332 0.000000
333 0.000000
334 0.000000
335 0.000000
336 0.000000
337 0.000000
338 0.000000
339 0.000000
340 0.000000
341 0.000000
342 0.000000
343 0.000000
344 0.000000
345 0.000000
346 0.000000
347 0.000000
348 0.000000
349 0.000000
350 0.000000
351 0.000000
352 0.000000
353 0.000000
354 0.000000
355 0.000000
356 0.000000
357 0.000000
358 0.000000
359 0.000000
360 0.000000
361 0.000000
362 0.000000
363 0.000000
364 0.000000
365 0.000000
366 0.000000
367 0.000000
368 0.000000
369 0.000000
370 0.000000
371 0.000000
372 0.000000
373 0.000000
374 0.000000
375 0.000000
376 0.000000
377 0.000000
378 0.000000
379 0.000000
380 0.000000
381 0.000000
382 0.000000
383 0.000000
384 0.000000
385 0.000000
386 0.000000
387 0.000000
388 0.000000
389 0.000000
390 0.000000
391 0.000000
392 0.000000
393 0.000000
394 0.000000
395 0.000000
396 0.000000
397 0.000000
398 0.000000
399 0.000000
400 0.000000
401 0.000000
402 0.000000
403 0.000000
404 0.000000
405 0.000000
406 0.000000
407 0.000000
408 0.000000
409 0.000000
410 0.000000
411 0.000000
412 0.000000
413 0.000000
414 0.000000
415 0.000000
416 0.000000
417 0.000000
418 0.000000
419 0.000000
420 0.000000
421 0.000000
422 0.000000
423 0.000000
424 0.000000
425 0.000000
426 0.000000
427 0.000000
428 0.000000
429 0.000000
430 0.000000
431 0.000000
432 0.000000
433 0.000000
434 0.000000
435 0.000000
436 0.000000
437 0.000000
438 0.000000
439 0.000000
440 0.000000
441 0.000000
442 0.000000
443 0.000000
444 0.000000
445 0.000000
446 0.000000
447 0.000000
448 0.000000
449 0.000000
450 0.000000
451 0.000000
452 0.000000
453 0.000000
454 0.000000
455 0.000000
456 0.000000
457 0.000000
458 0.000000
459 0.000000
460 0.000000
461 0.000000
462 0.000000
463 0.000000
464 0.000000
465 0.000000
466 0.000000
467 0.000000
468 0.000000
469 0.000000
470 0.000000
471 0.000000
472 0.000000
473 0.000000
474 0.000000
475 0.000000
476 0.000000
477 0.000000
478 0.000000
479 0.000000
480 0.000000
481 0.000000
482 0.000000
483 0.000000
484 0.000000
485 0.000000
486 0.000000
487 0.000000
488 0.000000
489 0.000000
490 0.000000
491 0.000000
492 0.000000
493 0.000000
494 0.000000
495 0.000000
496 0.000000
497 0.000000
498 0.000000
499 0.000000
500 0.000000
