1 inf
2 inf
3 inf
4 inf
5 inf
6 inf
7 inf
8 inf
9 inf
10 120566561696735609082333345948052315061262773595980811233404593322472218987207410650052767139833275021452305500818867670144505831817788402973467467112684015853596513569243546534344250590860407191685640093126844231778474507563032165714624631539980046995159705492469684714277086462917429753812214755889132863488.000000
11 994464354169901433899159091608019531434955844768482616344069068877090558165032668855980120472058056076334726668898605432045126930112862514702974891199573890828606273900209978897388502798481092095889160469514332694282827149368074991270428584113593902956544.000000
12 137830800521066166184189716749412215093662283859532348427853886556708284585070472469348007017151763767987055992227709461903249838970210232903673487596780917634371203275353024722733395481722880.000000
13 14849616695140803435678820838474742036423355233959224223015847462708186757538577150345938470859778158280591538819877147161647872493305724928.000000
14 210578627586950022020289112483907778623086873107100465825424896591577928567183896746131456.000000
15 106198950987518556766208.000000
16 7988.162104
17 7379.100965
18 6554.436573
19 6396.669474
20 5942.118203
21 5491.692722
22 4591.713964
23 3987.875370
24 3263.805609
25 3023.479129
26 2919.666602
27 2959.332483
28 2328.005612
29 2121.163738
30 1988.670698
31 1834.654730
32 1495.286949
33 1195.197057
34 1068.472367
35 1062.047350
36 926.738624
37 940.436629
38 937.220743
39 929.678931
40 726.949051
41 681.670456
42 711.391468
43 709.513421
44 611.694106
45 582.159755
46 521.034410
47 477.060353
48 442.231474
49 361.065814
50 319.998057
51 287.505826
52 285.013060
53 262.760540
54 221.930902
55 191.509691
56 162.124896
57 146.615134
58 124.869426
59 119.801260
60 91.037704
61 85.317139
62 79.081247
63 68.894424
64 57.856007
65 58.254755
66 51.518470
67 47.020518
68 44.129357
69 39.546351
70 37.483637
71 33.954721
72 32.275734
73 28.980392
74 27.371449
75 24.358096
76 21.967861
77 19.676904
78 20.054133
79 18.016472
80 15.498671
81 13.653194
82 12.420508
83 10.732781
84 9.833862
85 8.502101
86 8.268279
87 7.701303
88 7.525926
89 7.348701
90 6.548226
91 5.954876
92 5.631933
93 5.489410
94 5.135217
95 5.020201
96 4.600674
97 4.115812
98 3.547778
99 2.822754
100 2.825182
101 2.606596
102 2.526972
103 2.199380
104 2.035970
105 1.836041
106 1.602552
107 1.417532
108 1.291329
109 1.158677
110 1.038567
111 0.905308
112 0.811822
113 0.735321
114 0.607791
115 0.529886
116 0.512679
117 0.486532
118 0.433935
119 0.373113
120 0.340214
121 0.295275
122 0.273940
123 0.260754
124 0.238867
125 0.203946
126 0.188317
127 0.170295
128 0.153296
129 0.140294
130 0.132384
131 0.123160
132 0.108051
133 0.091965
134 0.084437
135 0.075693
136 0.067794
137 0.055333
138 0.053224
139 0.047037
140 0.043678
141 0.037240
142 0.034062
143 0.030414
144 0.027303
145 0.023996
146 0.020680
147 0.018174
148 0.016726
149 0.015205
150 0.013555
151 0.011330
152 0.009647
153 0.009178
154 0.007954
155 0.006715
156 0.006357
157 0.005325
158 0.004654
159 0.004320
160 0.003835
161 0.003357
162 0.002939
163 0.002680
164 0.002316
165 0.001961
166 0.001703
167 0.001491
168 0.001301
169 0.001118
170 0.000986
171 0.000891
172 0.000765
173 0.000654
174 0.000554
175 0.000475
176 0.000410
177 0.000363
178 0.000322
179 0.000282
180 0.000247
181 0.000216
182 0.000189
183 0.000163
184 0.000140
185 0.000123
186 0.000110
187 0.000093
188 0.000081
189 0.000071
190 0.000062
191 0.000052
192 0.000046
193 0.000040
194 0.000035
195 0.000031
196 0.000026
197 0.000023
198 0.000020
199 0.000016
200 0.000015
201 0.000013
202 0.000011
203 0.000010
204 0.000009
205 0.000007
206 0.000006
207 0.000005
208 0.000005
209 0.000004
210 0.000003
211 0.000003
212 0.000002
213 0.000002
214 0.000002
215 0.000002
216 0.000001
217 0.000001
218 0.000001
219 0.000001
220 0.000001
221 0.000001
222 0.000001
223 0.000000
224 0.000000
225 0.000000
226 0.000000
227 0.000000
228 0.000000
229 0.000000
230 0.000000
231 0.000000
232 0.000000
233 0.000000
234 0.000000
235 0.000000
236 0.000000
237 0.000000
238 0.000000
239 0.000000
240 0.000000
241 0.000000
242 0.000000
243 0.000000
244 0.000000
245 0.000000
246 0.000000
247 0.000000
248 0.000000
249 0.000000
250 0.000000
251 0.000000
252 0.000000
253 0.000000
254 0.000000
255 0.000000
256 0.000000
257 0.000000
258 0.000000
259 0.000000
260 0.000000
261 0.000000
262 0.000000
263 0.000000
264 0.000000
265 0.000000
266 0.000000
267 0.000000
268 0.000000
269 0.000000
270 0.000000
271 0.000000
272 0.000000
273 0.000000
274 0.000000
275 0.000000
276 0.000000
277 0.000000
278 0.000000
279 0.000000
280 0.000000
281 0.000000
282 0.000000
283 0.000000
284 0.000000
285 0.000000
286 0.000000
287 0.000000
288 0.000000
289 0.000000
290 0.000000
291 0.000000
292 0.000000
293 0.000000
294 0.000000
295 0.000000
296 0.000000
297 0.000000
298 0.000000
299 0.000000
300 0.000000
301 0.000000
302 0.000000
303 0.000000
304 0.000000
305 0.000000
306 0.000000
307 0.000000
308 0.000000
309 0.000000
310 0.000000
311 0.000000
312 0.000000
313 0.000000
314 0.000000
315 0.000000
316 0.000000
317 0.000000
318 0.000000
319 0.000000
320 0.000000
321 0.000000
322 0.000000
323 0.000000
324 0.000000
325 0.000000
326 0.000000
327 0.000000
328 0.000000
329 0.000000
330 0.000000
331 0.000000
332 0.000000
333 0.000000
334 0.000000
335 0.000000
336 0.000000
337 0.000000
338 0.000000
339 0.000000
340 0.000000
341 0.000000
342 0.000000
343 0.000000
344 0.000000
345 0.000000
346 0.000000
347 0.000000
348 0.000000
349 0.000000
350 0.000000
351 0.000000
352 0.000000
353 0.000000
354 0.000000
355 0.000000
356 0.000000
357 0.000000
358 0.000000
359 0.000000
360 0.000000
361 0.000000
362 0.000000
363 0.000000
364 0.000000
365 0.000000
366 0.000000
367 0.000000
368 0.000000
369 0.000000
370 0.000000
371 0.000000
372 0.000000
373 0.000000
374 0.000000
375 0.000000
376 0.000000
377 0.000000
378 0.000000
379 0.000000
380 0.000000
381 0.000000
382 0.000000
383 0.000000
384 0.000000
385 0.000000
386 0.000000
387 0.000000
388 0.000000
389 0.000000
390 0.000000
391 0.000000
392 0.000000
393 0.000000
394 0.000000
395 0.000000
396 0.000000
397 0.000000
398 0.000000
399 0.000000
400 0.000000
401 0.000000
402 0.000000
403 0.000000
404 0.000000
405 0.000000
406 0.000000
407 0.000000
408 0.000000
409 0.000000
410 0.000000
411 0.000000
412 0.000000
413 0.000000
414 0.000000
415 0.000000
416 0.000000
417 0.000000
418 0.000000
419 0.000000
420 0.000000
421 0.000000
422 0.000000
423 0.000000
424 0.000000
425 0.000000
426 0.000000
427 0.000000
428 0.000000
429 0.000000
430 0.000000
431 0.000000
432 0.000000
433 0.000000
434 0.000000
435 0.000000
436 0.000000
437 0.000000
438 0.000000
439 0.000000
440 0.000000
441 0.000000
442 0.000000
443 0.000000
444 0.000000
445 0.000000
446 0.000000
447 0.000000
448 0.000000
449 0.000000
450 0.000000
451 0.000000
452 0.000000
453 0.000000
454 0.000000
455 0.000000
456 0.000000
457 0.000000
458 0.000000
459 0.000000
460 0.000000
461 0.000000
462 0.000000
463 0.000000
464 0.000000
465 0.000000
466 0.000000
467 0.000000
468 0.000000
469 0.000000
470 0.000000
471 0.000000
472 0.000000
473 0.000000
474 0.000000
475 0.000000
476 0.000000
477 0.000000
478 0.000000
479 0.000000
480 0.000000
481 0.000000
482 0.000000
483 0.000000
484 0.000000
485 0.000000
486 0.000000
487 0.000000
488 0.000000
489 0.000000
490 0.000000
491 0.000000
492 0.000000
493 0.000000
494 0.000000
495 0.000000
496 0.000000
497 0.000000
498 0.000000
499 0.000000
500 0.000000
