1 inf
2 inf
3 inf
4 inf
5 inf
6 inf
7 inf
8 inf
9 inf
10 inf
11 inf
12 inf
13 11794421259939305336824091765243067212624906289640521884378946536094186308899160579323500988964585689322384441776697339006495835158301691672122895449571250236579438222385429562213400224918372624483441999355727719336509875281614308807969539546008455357361657767813762881317584934858711041465818030170307559424.000000
14 113614156972940569469980323237674492125099525765640886013243831965980927758173797527218220518146685169058675284831786750016599538295251298484647076059446026212392575191685248864816797414237680235562066302543984530435868004882672565795220765817351065384510513876178209797169628486164447667863347527680.000000
15 129882839023760029714143141597891564347023145514132414692020696287840079565377684758278568501680124912678112439571108372752598211824166110261856742348616675868006993602641167688617031191709665659419719215842973307648588061490044802788503027075821805928487957920009416443683459863412736.000000
16 2047234977027199671742897777195257433791294024230361507919647793917072205825294141321557599459962564172841815323170224579468708923603264457486380397064247088684367783227914899368200396205501025643309691333149344100862021259083416400355619493126280526111350455232970620928.000000
17 23136636900482459397979496381060611353267971122680862313431215215195033970970547428815791962638926124446360918385079587169961053191354445289048491966036517359003810555692038194407459004276941047027453879662575265028671344219351253833730956389067677569302659072.000000
18 1760257625905620789817082305240104778098221379989553070213100662901883534087390952040375923138447824665258917343989121195634583116942666470571084274596299415548933298760392907960439068420075414842587524299515674075891862762010410514517435184308027392.000000
19 78643280227032163335499044650059408102422735912826552183494253810654366818678900062773195943575583648721188864209171951381219534211233924018678280181568818741846590147146296369413183066968667222362790520415532370962175739574262413171621888.000000
20 24094061389055502918287659930349060674570423755040295324512928342485503764002734466717881084871364435927633853180287667835478357746721017762452679676143494419924390568116378921346358308133836776729581110164509840994266588441078661120.000000
21 387763432457209593296534206663289423133060026583910184646318393966381021202170701772493029981261816046410473140379359838783755160397843640877616432130118872043272083196583612142018076235822611221606529870663815684242408892006400.000000
22 16383109825575728866399205286734726928340940235327815741200729859546436832063485861438802741799382848288491261144318709673688370682651050753482822368417662044074346646272526070175525131464092868678538615771365376.000000
23 625579609099140238303758467075552460125983809577031308326747199756654041306692464873177387168190055507478512640214603618488480547715150874978543976421336858617141300132739424583178801720700185672511416958976.000000
24 36951323169587240862991799749656773877005001928585592338839111646364887990660956992337134285034797233510341835299233925857976432502539226911832640139727355723348478255107483196684952077111860474247380992.000000
25 921323269215042511711395359784142022934651952615459859652635415980308471288496531566688538930459996335479905083561390813550747455790562692003039396181421885777326650334805910467103128297232400384.000000
26 129135666682728680332505540965112080954328218388827541342884968614064947795906740029272558742193430839207317772211818969296012801555757847993879138548175876990929185168066423236153311232.000000
27 265416075631453970701457090616849151249472696600700714786807732468047827639475507770954915582831177307687196438751474034049234784346635459182692293454653550486233427046832275456.000000
28 70578372193230619776630271068341964851438022082323374211025316904022055463631954934939104579819551470534481181176124324564215359769459685756803530883145921630460234956800.000000
29 88566057147353672446465599724182981015024725577274673032638674788269235720821265394985636534056369286444364359614762385031303297070343482075011149629370863119216148480.000000
30 944384249936937219853407903698517919504190568984711249516365084581095777261079566969147388583138238074985953766660532985500827729259834452867325852707167666176.000000
31 10606943819246164658835199795554787433370861185938514907526045545371111806961053872492136141747685480633654075148529991072217980821187372525795640606720.000000
32 16371076283493104205304099778345544858525172304119233997412692576288616482386018185865207142913783478134682154235528599829697031836427685529124864.000000
33 23800151836804065166962669046787591588265182419324401878117587087882204607231451960809168655816115318727401950030051214097947608219648.000000
34 9670573075877203526534157792715629210265040974687750917179256894005421073968319978946665943830628458102287524939264725406973952.000000
35 41595870310919435162916138893258095455939032896760941617124310603561577173689531595247942829482730568781637189310162665472.000000
36 2130841683695959827792851099572811164189777496107496639097285690385394167463985849698033408008838042872415518720.000000
37 1116200350728802882252140532743949564952157560366335441651365354046947851090347936748428728761057280.000000
38 11773070648746256754009371611285097560404211034507265325339592148484746948521324438157929742336.000000
39 52013030996672047812134707914376998770457147418139479242987827970534463766528.000000
40 3243095503006771375166834863688676724503609705555878933601945166283993513984.000000
41 3430921861667618305706595626785420492575146480465188971610112.000000
42 760911589204446655435685070140159308248916919582720.000000
43 7557758692368243700305785083920384.000000
44 3685934224087199882548346880.000000
45 8150921357977310208.000000
46 41632181218.613899
47 5529.208928
48 3605.331500
49 2058.137873
50 1835.556908
51 1496.371240
52 1344.366409
53 1129.883501
54 988.728828
55 849.290362
56 749.727453
57 671.444932
58 543.185038
59 480.305431
60 429.131092
61 388.181361
62 339.843740
63 306.122478
64 254.256449
65 226.295654
66 212.161832
67 184.203913
68 161.827136
69 144.298738
70 133.094911
71 115.853926
72 106.458193
73 90.369654
74 79.826564
75 68.541182
76 61.850076
77 55.120891
78 49.451996
79 45.608215
80 41.034672
81 37.231562
82 33.499069
83 29.783667
84 25.977604
85 24.286304
86 22.466811
87 19.622291
88 17.101618
89 16.291369
90 14.552058
91 12.829972
92 10.792344
93 9.837892
94 8.646607
95 7.896223
96 7.174716
97 6.331684
98 5.649599
99 4.804158
100 4.246297
101 3.647135
102 3.345212
103 2.977927
104 2.627524
105 2.356808
106 2.100148
107 1.857509
108 1.588418
109 1.531567
110 1.365672
111 1.220670
112 1.068869
113 0.953465
114 0.873010
115 0.759140
116 0.717913
117 0.634685
118 0.587330
119 0.535424
120 0.482846
121 0.429176
122 0.386786
123 0.347358
124 0.309141
125 0.275546
126 0.256708
127 0.238893
128 0.210395
129 0.191189
130 0.170130
131 0.152795
132 0.134327
133 0.123480
134 0.109252
135 0.098745
136 0.088073
137 0.082761
138 0.073315
139 0.064938
140 0.059407
141 0.053798
142 0.049146
143 0.044455
144 0.039514
145 0.035736
146 0.032096
147 0.028829
148 0.026475
149 0.024015
150 0.021170
151 0.019239
152 0.017760
153 0.015642
154 0.014253
155 0.013181
156 0.012155
157 0.010977
158 0.010057
159 0.008956
160 0.007929
161 0.007343
162 0.006637
163 0.005995
164 0.005452
165 0.004886
166 0.004490
167 0.004085
168 0.003647
169 0.003364
170 0.003059
171 0.002768
172 0.002495
173 0.002283
174 0.002128
175 0.001922
176 0.001757
177 0.001628
178 0.001466
179 0.001368
180 0.001269
181 0.001153
182 0.001052
183 0.000942
184 0.000867
185 0.000792
186 0.000722
187 0.000663
188 0.000593
189 0.000541
190 0.000484
191 0.000448
192 0.000419
193 0.000387
194 0.000351
195 0.000319
196 0.000296
197 0.000270
198 0.000253
199 0.000235
200 0.000219
201 0.000201
202 0.000186
203 0.000171
204 0.000161
205 0.000148
206 0.000137
207 0.000128
208 0.000119
209 0.000110
210 0.000102
211 0.000092
212 0.000087
213 0.000079
214 0.000074
215 0.000070
216 0.000065
217 0.000058
218 0.000055
219 0.000052
220 0.000048
221 0.000045
222 0.000043
223 0.000040
224 0.000037
225 0.000034
226 0.000032
227 0.000030
228 0.000028
229 0.000026
230 0.000025
231 0.000023
232 0.000022
233 0.000021
234 0.000020
235 0.000018
236 0.000017
237 0.000016
238 0.000015
239 0.000014
240 0.000014
241 0.000013
242 0.000012
243 0.000011
244 0.000011
245 0.000010
246 0.000009
247 0.000009
248 0.000008
249 0.000008
250 0.000008
251 0.000007
252 0.000007
253 0.000006
254 0.000006
255 0.000006
256 0.000006
257 0.000005
258 0.000005
259 0.000005
260 0.000005
261 0.000004
262 0.000004
263 0.000004
264 0.000004
265 0.000003
266 0.000003
267 0.000003
268 0.000003
269 0.000003
270 0.000003
271 0.000003
272 0.000002
273 0.000002
274 0.000002
275 0.000002
276 0.000002
277 0.000002
278 0.000002
279 0.000002
280 0.000002
281 0.000002
282 0.000002
283 0.000002
284 0.000001
285 0.000001
286 0.000001
287 0.000001
288 0.000001
289 0.000001
290 0.000001
291 0.000001
292 0.000001
293 0.000001
294 0.000001
295 0.000001
296 0.000001
297 0.000001
298 0.000001
299 0.000001
300 0.000001
301 0.000001
302 0.000001
303 0.000001
304 0.000001
305 0.000001
306 0.000001
307 0.000001
308 0.000001
309 0.000001
310 0.000001
311 0.000001
312 0.000001
313 0.000000
314 0.000000
315 0.000000
316 0.000000
317 0.000000
318 0.000000
319 0.000000
320 0.000000
321 0.000000
322 0.000000
323 0.000000
324 0.000000
325 0.000000
326 0.000000
327 0.000000
328 0.000000
329 0.000000
330 0.000000
331 0.000000
332 0.000000
333 0.000000
334 0.000000
335 0.000000
336 0.000000
337 0.000000
338 0.000000
339 0.000000
340 0.000000
341 0.000000
342 0.000000
343 0.000000
344 0.000000
345 0.000000
346 0.000000
347 0.000000
348 0.000000
349 0.000000
350 0.000000
351 0.000000
352 0.000000
353 0.000000
354 0.000000
355 0.000000
356 0.000000
357 0.000000
358 0.000000
359 0.000000
360 0.000000
361 0.000000
362 0.000000
363 0.000000
364 0.000000
365 0.000000
366 0.000000
367 0.000000
368 0.000000
369 0.000000
370 0.000000
371 0.000000
372 0.000000
373 0.000000
374 0.000000
375 0.000000
376 0.000000
377 0.000000
378 0.000000
379 0.000000
380 0.000000
381 0.000000
382 0.000000
383 0.000000
384 0.000000
385 0.000000
386 0.000000
387 0.000000
388 0.000000
389 0.000000
390 0.000000
391 0.000000
392 0.000000
393 0.000000
394 0.000000
395 0.000000
396 0.000000
397 0.000000
398 0.000000
399 0.000000
400 0.000000
401 0.000000
402 0.000000
403 0.000000
404 0.000000
405 0.000000
406 0.000000
407 0.000000
408 0.000000
409 0.000000
410 0.000000
411 0.000000
412 0.000000
413 0.000000
414 0.000000
415 0.000000
416 0.000000
417 0.000000
418 0.000000
419 0.000000
420 0.000000
421 0.000000
422 0.000000
423 0.000000
424 0.000000
425 0.000000
426 0.000000
427 0.000000
428 0.000000
429 0.000000
430 0.000000
431 0.000000
432 0.000000
433 0.000000
434 0.000000
435 0.000000
436 0.000000
437 0.000000
438 0.000000
439 0.000000
440 0.000000
441 0.000000
442 0.000000
443 0.000000
444 0.000000
445 0.000000
446 0.000000
447 0.000000
448 0.000000
449 0.000000
450 0.000000
451 0.000000
452 0.000000
453 0.000000
454 0.000000
455 0.000000
456 0.000000
457 0.000000
458 0.000000
459 0.000000
460 0.000000
461 0.000000
462 0.000000
463 0.000000
464 0.000000
465 0.000000
466 0.000000
467 0.000000
468 0.000000
469 0.000000
470 0.000000
471 0.000000
472 0.000000
473 0.000000
474 0.000000
475 0.000000
476 0.000000
477 0.000000
478 0.000000
479 0.000000
480 0.000000
481 0.000000
482 0.000000
483 0.000000
484 0.000000
485 0.000000
486 0.000000
487 0.000000
488 0.000000
489 0.000000
490 0.000000
491 0.000000
492 0.000000
493 0.000000
494 0.000000
495 0.000000
496 0.000000
497 0.000000
498 0.000000
499 0.000000
500 0.000000
