1 1524088.457862
2 1549126.900654
3 1731941.077268
4 1924577.932420
5 2084708.397554
6 1941632.562456
7 2042754.379289
8 2094729.296392
9 2086228.656103
10 2145698.811929
11 2209079.321781
12 2114310.846054
13 2083058.481212
14 2121979.983781
15 2032761.591134
16 2040342.793183
17 1929940.906034
18 1906947.948489
19 1676745.153956
20 1562768.642951
21 1578801.861768
22 1564350.677948
23 1505252.865588
24 1362504.615903
25 1228151.201720
26 1096511.418385
27 1061442.857097
28 962868.092073
29 954613.447856
30 895942.963573
31 912349.568026
32 824258.713736
33 791749.936663
34 715525.895120
35 685069.284432
36 634748.075683
37 586364.072995
38 514782.571470
39 542530.254929
40 516131.238139
41 490708.577088
42 429064.124030
43 385548.062209
44 323228.251299
45 352442.396693
46 314156.550511
47 281221.120778
48 271989.479413
49 227876.021679
50 220590.454211
51 192886.487342
52 177734.456482
53 147949.156681
54 132369.145528
55 128687.634849
56 119177.380305
57 106964.059193
58 98470.892491
59 89835.090400
60 76633.436157
61 67386.730797
62 64808.620865
63 59370.352520
64 54016.945629
65 46161.521189
66 40536.975777
67 39501.846576
68 34755.819251
69 34913.589413
70 31448.343742
71 30444.017788
72 28125.625337
73 23797.351044
74 21255.610792
75 19579.169737
76 17185.410107
77 14716.499839
78 13865.495503
79 13483.756067
80 11614.147640
81 10673.981028
82 9258.018901
83 8757.138239
84 8044.792977
85 7216.998594
86 6156.625902
87 5539.258754
88 4726.186823
89 4061.944273
90 3440.158795
91 2958.383480
92 2661.457763
93 2257.252276
94 1925.519504
95 1858.891560
96 1626.540345
97 1422.722030
98 1168.119889
99 1100.423216
100 917.368557
101 882.085016
102 746.418400
103 652.805720
104 593.159523
105 488.706934
106 439.670166
107 402.662249
108 384.004242
109 332.640982
110 268.442924
111 237.227601
112 208.269330
113 188.293566
114 153.068869
115 129.971561
116 112.849311
117 105.776156
118 94.409077
119 80.990421
120 70.622383
121 63.149919
122 54.683077
123 49.262810
124 42.620159
125 38.256565
126 32.016479
127 29.328570
128 24.792434
129 23.001818
130 19.779590
131 16.950616
132 15.273229
133 13.001727
134 11.297019
135 10.685202
136 9.941437
137 8.892122
138 7.658941
139 7.002491
140 6.149236
141 5.689509
142 4.758097
143 4.110969
144 3.410015
145 2.955916
146 2.637449
147 2.284866
148 2.022685
149 1.710327
150 1.605067
151 1.333711
152 1.213176
153 1.063176
154 0.938838
155 0.776609
156 0.678980
157 0.592708
158 0.511572
159 0.449257
160 0.377000
161 0.335916
162 0.290008
163 0.264013
164 0.238545
165 0.198857
166 0.180873
167 0.161518
168 0.141838
169 0.127925
170 0.118236
171 0.104825
172 0.095002
173 0.083928
174 0.073121
175 0.069610
176 0.065306
177 0.055592
178 0.048098
179 0.042854
180 0.035748
181 0.033678
182 0.028011
183 0.026434
184 0.023730
185 0.020756
186 0.019147
187 0.016191
188 0.014395
189 0.012451
190 0.011671
191 0.010697
192 0.009570
193 0.008358
194 0.008221
195 0.007018
196 0.006183
197 0.005522
198 0.004824
199 0.004330
200 0.003871
201 0.003482
202 0.003099
203 0.002809
204 0.002572
205 0.002389
206 0.002081
207 0.001895
208 0.001526
209 0.001399
210 0.001276
211 0.001188
212 0.001090
213 0.001021
214 0.000907
215 0.000844
216 0.000769
217 0.000696
218 0.000641
219 0.000579
220 0.000531
221 0.000487
222 0.000447
223 0.000418
224 0.000374
225 0.000326
226 0.000298
227 0.000268
228 0.000241
229 0.000220
230 0.000200
231 0.000185
232 0.000173
233 0.000156
234 0.000149
235 0.000137
236 0.000127
237 0.000115
238 0.000107
239 0.000097
240 0.000089
241 0.000081
242 0.000073
243 0.000067
244 0.000062
245 0.000058
246 0.000055
247 0.000049
248 0.000045
249 0.000042
250 0.000038
251 0.000036
252 0.000034
253 0.000031
254 0.000029
255 0.000027
256 0.000025
257 0.000024
258 0.000022
259 0.000020
260 0.000019
261 0.000017
262 0.000016
263 0.000015
264 0.000013
265 0.000012
266 0.000011
267 0.000011
268 0.000010
269 0.000009
270 0.000009
271 0.000008
272 0.000008
273 0.000007
274 0.000007
275 0.000006
276 0.000006
277 0.000005
278 0.000005
279 0.000005
280 0.000004
281 0.000004
282 0.000004
283 0.000004
284 0.000003
285 0.000003
286 0.000003
287 0.000003
288 0.000003
289 0.000002
290 0.000002
291 0.000002
292 0.000002
293 0.000002
294 0.000002
295 0.000002
296 0.000002
297 0.000002
298 0.000001
299 0.000001
300 0.000001
301 0.000001
302 0.000001
303 0.000001
304 0.000001
305 0.000001
306 0.000001
307 0.000001
308 0.000001
309 0.000001
310 0.000001
311 0.000001
312 0.000001
313 0.000001
314 0.000001
315 0.000001
316 0.000001
317 0.000001
318 0.000000
319 0.000000
320 0.000000
321 0.000000
322 0.000000
323 0.000000
324 0.000000
325 0.000000
326 0.000000
327 0.000000
328 0.000000
329 0.000000
330 0.000000
331 0.000000
332 0.000000
333 0.000000
334 0.000000
335 0.000000
336 0.000000
337 0.000000
338 0.000000
339 0.000000
340 0.000000
341 0.000000
342 0.000000
343 0.000000
344 0.000000
345 0.000000
346 0.000000
347 0.000000
348 0.000000
349 0.000000
350 0.000000
351 0.000000
352 0.000000
353 0.000000
354 0.000000
355 0.000000
356 0.000000
357 0.000000
358 0.000000
359 0.000000
360 0.000000
361 0.000000
362 0.000000
363 0.000000
364 0.000000
365 0.000000
366 0.000000
367 0.000000
368 0.000000
369 0.000000
370 0.000000
371 0.000000
372 0.000000
373 0.000000
374 0.000000
375 0.000000
376 0.000000
377 0.000000
378 0.000000
379 0.000000
380 0.000000
381 0.000000
382 0.000000
383 0.000000
384 0.000000
385 0.000000
386 0.000000
387 0.000000
388 0.000000
389 0.000000
390 0.000000
391 0.000000
392 0.000000
393 0.000000
394 0.000000
395 0.000000
396 0.000000
397 0.000000
398 0.000000
399 0.000000
400 0.000000
401 0.000000
402 0.000000
403 0.000000
404 0.000000
405 0.000000
406 0.000000
407 0.000000
408 0.000000
409 0.000000
410 0.000000
411 0.000000
412 0.000000
413 0.000000
414 0.000000
415 0.000000
416 0.000000
417 0.000000
418 0.000000
419 0.000000
420 0.000000
421 0.000000
422 0.000000
423 0.000000
424 0.000000
425 0.000000
426 0.000000
427 0.000000
428 0.000000
429 0.000000
430 0.000000
431 0.000000
432 0.000000
433 0.000000
434 0.000000
435 0.000000
436 0.000000
437 0.000000
438 0.000000
439 0.000000
440 0.000000
441 0.000000
442 0.000000
443 0.000000
444 0.000000
445 0.000000
446 0.000000
447 0.000000
448 0.000000
449 0.000000
450 0.000000
451 0.000000
452 0.000000
453 0.000000
454 0.000000
455 0.000000
456 0.000000
457 0.000000
458 0.000000
459 0.000000
460 0.000000
461 0.000000
462 0.000000
463 0.000000
464 0.000000
465 0.000000
466 0.000000
467 0.000000
468 0.000000
469 0.000000
470 0.000000
471 0.000000
472 0.000000
473 0.000000
474 0.000000
475 0.000000
476 0.000000
477 0.000000
478 0.000000
479 0.000000
480 0.000000
481 0.000000
482 0.000000
483 0.000000
484 0.000000
485 0.000000
486 0.000000
487 0.000000
488 0.000000
489 0.000000
490 0.000000
491 0.000000
492 0.000000
493 0.000000
494 0.000000
495 0.000000
496 0.000000
497 0.000000
498 0.000000
499 0.000000
500 0.000000
1 1494836.341225
2 1510097.698240
3 1672684.311544
4 1924094.132153
5 1863887.394351
6 1838508.392066
7 1930652.097356
8 1759599.484851
9 1775503.646857
10 1945718.935020
11 1813075.816531
12 1774613.084887
13 1717702.290296
14 1615562.546541
15 1604085.251333
16 1746930.489116
17 1659004.982413
18 1554030.764110
19 1468042.586535
20 1433641.300276
21 1351416.132285
22 1338050.955099
23 1226807.888744
24 1164685.876659
25 1116995.648855
26 1080820.764982
27 1058055.282531
28 1036815.451340
29 999179.393729
30 977033.606038
31 882246.051202
32 857013.833212
33 730940.233977
34 809904.539783
35 727005.522060
36 678722.008703
37 604293.436671
38 557103.898977
39 485113.556340
40 476236.918461
41 437942.817990
42 406644.878671
43 338511.917126
44 328509.576421
45 287782.182180
46 252814.880739
47 241382.742191
48 223276.853625
49 204836.531035
50 217727.498774
51 205460.490341
52 182245.714665
53 163750.318571
54 146010.124623
55 134438.946554
56 122402.456817
57 102020.049757
58 104373.314631
59 105217.825307
60 99117.596891
61 82867.524158
62 83056.620043
63 69666.273925
64 63604.434019
65 57574.362203
66 48963.827142
67 48124.711162
68 42579.014273
69 41010.920533
70 36547.406354
71 31978.545198
72 28363.054962
73 24325.091820
74 22050.897299
75 20567.811685
76 18078.227281
77 15615.370174
78 12997.151991
79 12416.532281
80 10594.620407
81 10914.360117
82 10076.611137
83 8927.735831
84 8734.567405
85 7464.740852
86 6988.350470
87 6455.360185
88 5330.648775
89 5282.105993
90 4609.939827
91 4058.235583
92 3531.794968
93 2945.214498
94 2871.105633
95 2796.550181
96 2521.861208
97 2551.197032
98 2137.889619
99 1866.330462
100 1572.942522
101 1430.763714
102 1189.823404
103 1084.540694
104 913.411272
105 831.332012
106 779.884564
107 636.671186
108 572.190404
109 554.752680
110 490.363667
111 412.991835
112 343.599740
113 317.633565
114 285.070186
115 257.570793
116 220.898877
117 191.616202
118 164.198514
119 141.559512
120 119.457440
121 104.582107
122 88.089883
123 77.493070
124 68.742089
125 64.933624
126 57.967967
127 48.881592
128 43.678910
129 39.205985
130 33.685933
131 32.582282
132 26.826175
133 23.039799
134 19.425099
135 17.575172
136 15.938465
137 13.298613
138 11.919660
139 11.364452
140 10.097883
141 8.860962
142 7.682682
143 6.492618
144 5.762138
145 4.946563
146 4.437624
147 3.884760
148 3.698249
149 3.188985
150 2.827621
151 2.387876
152 2.254023
153 2.010571
154 1.735533
155 1.573129
156 1.380988
157 1.197357
158 1.096736
159 0.973588
160 0.851317
161 0.779084
162 0.735820
163 0.627898
164 0.577177
165 0.516653
166 0.478774
167 0.413864
168 0.379732
169 0.330768
170 0.300586
171 0.255051
172 0.224810
173 0.204120
174 0.175255
175 0.165478
176 0.146153
177 0.128726
178 0.123054
179 0.107478
180 0.094408
181 0.081004
182 0.070769
183 0.060708
184 0.053776
185 0.047630
186 0.041608
187 0.036345
188 0.032579
189 0.026947
190 0.024741
191 0.022917
192 0.020636
193 0.018798
194 0.017053
195 0.014628
196 0.013961
197 0.012423
198 0.010335
199 0.009957
200 0.008529
201 0.007842
202 0.007318
203 0.006289
204 0.005938
205 0.005213
206 0.004579
207 0.004204
208 0.003603
209 0.003239
210 0.003005
211 0.002607
212 0.002374
213 0.002115
214 0.001996
215 0.001808
216 0.001679
217 0.001518
218 0.001339
219 0.001248
220 0.001119
221 0.001008
222 0.000960
223 0.000873
224 0.000775
225 0.000715
226 0.000647
227 0.000604
228 0.000571
229 0.000503
230 0.000454
231 0.000427
232 0.000399
233 0.000369
234 0.000329
235 0.000299
236 0.000273
237 0.000246
238 0.000238
239 0.000213
240 0.000199
241 0.000187
242 0.000168
243 0.000158
244 0.000146
245 0.000137
246 0.000127
247 0.000116
248 0.000108
249 0.000099
250 0.000091
251 0.000086
252 0.000081
253 0.000076
254 0.000070
255 0.000067
256 0.000061
257 0.000057
258 0.000055
259 0.000050
260 0.000047
261 0.000044
262 0.000040
263 0.000037
264 0.000034
265 0.000033
266 0.000031
267 0.000029
268 0.000027
269 0.000025
270 0.000024
271 0.000022
272 0.000021
273 0.000020
274 0.000018
275 0.000017
276 0.000016
277 0.000015
278 0.000014
279 0.000014
280 0.000013
281 0.000012
282 0.000011
283 0.000011
284 0.000010
285 0.000009
286 0.000009
287 0.000008
288 0.000008
289 0.000007
290 0.000007
291 0.000006
292 0.000006
293 0.000006
294 0.000005
295 0.000005
296 0.000005
297 0.000005
298 0.000004
299 0.000004
300 0.000004
301 0.000004
302 0.000003
303 0.000003
304 0.000003
305 0.000003
306 0.000003
307 0.000003
308 0.000003
309 0.000002
310 0.000002
311 0.000002
312 0.000002
313 0.000002
314 0.000002
315 0.000002
316 0.000002
317 0.000002
318 0.000002
319 0.000001
320 0.000001
321 0.000001
322 0.000001
323 0.000001
324 0.000001
325 0.000001
326 0.000001
327 0.000001
328 0.000001
329 0.000001
330 0.000001
331 0.000001
332 0.000001
333 0.000001
334 0.000001
335 0.000001
336 0.000001
337 0.000001
338 0.000001
339 0.000001
340 0.000001
341 0.000001
342 0.000000
343 0.000000
344 0.000000
345 0.000000
346 0.000000
347 0.000000
348 0.000000
349 0.000000
350 0.000000
351 0.000000
352 0.000000
353 0.000000
354 0.000000
355 0.000000
356 0.000000
357 0.000000
358 0.000000
359 0.000000
360 0.000000
361 0.000000
362 0.000000
363 0.000000
364 0.000000
365 0.000000
366 0.000000
367 0.000000
368 0.000000
369 0.000000
370 0.000000
371 0.000000
372 0.000000
373 0.000000
374 0.000000
375 0.000000
376 0.000000
377 0.000000
378 0.000000
379 0.000000
380 0.000000
381 0.000000
382 0.000000
383 0.000000
384 0.000000
385 0.000000
386 0.000000
387 0.000000
388 0.000000
389 0.000000
390 0.000000
391 0.000000
392 0.000000
393 0.000000
394 0.000000
395 0.000000
396 0.000000
397 0.000000
398 0.000000
399 0.000000
400 0.000000
401 0.000000
402 0.000000
403 0.000000
404 0.000000
405 0.000000
406 0.000000
407 0.000000
408 0.000000
409 0.000000
410 0.000000
411 0.000000
412 0.000000
413 0.000000
414 0.000000
415 0.000000
416 0.000000
417 0.000000
418 0.000000
419 0.000000
420 0.000000
421 0.000000
422 0.000000
423 0.000000
424 0.000000
425 0.000000
426 0.000000
427 0.000000
428 0.000000
429 0.000000
430 0.000000
431 0.000000
432 0.000000
433 0.000000
434 0.000000
435 0.000000
436 0.000000
437 0.000000
438 0.000000
439 0.000000
440 0.000000
441 0.000000
442 0.000000
443 0.000000
444 0.000000
445 0.000000
446 0.000000
447 0.000000
448 0.000000
449 0.000000
450 0.000000
451 0.000000
452 0.000000
453 0.000000
454 0.000000
455 0.000000
456 0.000000
457 0.000000
458 0.000000
459 0.000000
460 0.000000
461 0.000000
462 0.000000
463 0.000000
464 0.000000
465 0.000000
466 0.000000
467 0.000000
468 0.000000
469 0.000000
470 0.000000
471 0.000000
472 0.000000
473 0.000000
474 0.000000
475 0.000000
476 0.000000
477 0.000000
478 0.000000
479 0.000000
480 0.000000
481 0.000000
482 0.000000
483 0.000000
484 0.000000
485 0.000000
486 0.000000
487 0.000000
488 0.000000
489 0.000000
490 0.000000
491 0.000000
492 0.000000
493 0.000000
494 0.000000
495 0.000000
496 0.000000
497 0.000000
498 0.000000
499 0.000000
500 0.000000
