1 inf
2 inf
3 inf
4 inf
5 inf
6 inf
7 inf
8 inf
9 inf
10 inf
11 inf
12 inf
13 368827657822431003043560514043706523954470437058762002838992286860085170572931753137989220067829284250548031974475592858549837202198235292275106096369823590540695200642542713914097314177732313088.000000
14 6213782955745279192838919019220110430410830986569555870252757243426731196416.000000
15 14110.174697
16 11597.377973
17 9953.456225
18 8877.292365
19 8175.888011
20 7632.742039
21 7625.479347
22 7600.947079
23 8955.546195
24 8657.346061
25 8138.448782
26 6959.120764
27 6279.937491
28 5608.845630
29 5043.874803
30 4624.981011
31 4870.276192
32 4487.351640
33 3476.973544
34 2629.554584
35 2379.129080
36 2121.039078
37 1844.922782
38 1968.897603
39 2112.504053
40 1866.863419
41 1785.456646
42 1548.100115
43 1292.873112
44 1039.054184
45 1001.596582
46 803.108445
47 857.473398
48 715.094975
49 716.213194
50 575.175919
51 508.667322
52 507.661703
53 496.604422
54 410.978282
55 375.198613
56 339.177388
57 308.906546
58 308.364684
59 254.991970
60 233.647467
61 201.824622
62 196.795003
63 172.762470
64 164.161845
65 139.643545
66 126.594544
67 111.335483
68 97.848505
69 85.877117
70 76.212236
71 68.421202
72 64.751644
73 61.857483
74 56.414292
75 51.424938
76 49.063227
77 42.570320
78 38.912135
79 37.052621
80 32.713984
81 29.315660
82 24.792074
83 23.347202
84 21.356501
85 21.097367
86 18.723953
87 18.114945
88 16.255192
89 14.587841
90 14.479952
91 12.193152
92 11.176800
93 9.790606
94 9.623526
95 8.584785
96 6.940497
97 6.454301
98 5.868682
99 5.307434
100 4.748621
101 4.301432
102 3.982999
103 3.696169
104 2.781836
105 2.736988
106 2.274512
107 1.906090
108 1.661428
109 1.516985
110 1.453230
111 1.243609
112 1.117366
113 0.982391
114 0.807781
115 0.724630
116 0.600036
117 0.534361
118 0.491377
119 0.434406
120 0.345095
121 0.289110
122 0.251414
123 0.225639
124 0.209241
125 0.185656
126 0.153120
127 0.134530
128 0.123421
129 0.113123
130 0.103298
131 0.089200
132 0.081064
133 0.067334
134 0.061020
135 0.051655
136 0.046186
137 0.040693
138 0.035729
139 0.032194
140 0.028759
141 0.025589
142 0.021737
143 0.018890
144 0.017015
145 0.015894
146 0.014779
147 0.013170
148 0.012004
149 0.010600
150 0.010167
151 0.009232
152 0.008094
153 0.007190
154 0.006628
155 0.005737
156 0.004844
157 0.004128
158 0.003745
159 0.003415
160 0.003049
161 0.002698
162 0.002398
163 0.002007
164 0.001872
165 0.001614
166 0.001399
167 0.001237
168 0.001073
169 0.000963
170 0.000879
171 0.000734
172 0.000622
173 0.000537
174 0.000466
175 0.000416
176 0.000369
177 0.000322
178 0.000286
179 0.000248
180 0.000220
181 0.000191
182 0.000170
183 0.000147
184 0.000128
185 0.000114
186 0.000099
187 0.000087
188 0.000078
189 0.000070
190 0.000063
191 0.000054
192 0.000048
193 0.000043
194 0.000036
195 0.000032
196 0.000028
197 0.000025
198 0.000022
199 0.000019
200 0.000017
201 0.000014
202 0.000013
203 0.000011
204 0.000010
205 0.000009
206 0.000008
207 0.000007
208 0.000006
209 0.000005
210 0.000005
211 0.000004
212 0.000004
213 0.000003
214 0.000003
215 0.000002
216 0.000002
217 0.000002
218 0.000002
219 0.000001
220 0.000001
221 0.000001
222 0.000001
223 0.000001
224 0.000001
225 0.000001
226 0.000000
227 0.000000
228 0.000000
229 0.000000
230 0.000000
231 0.000000
232 0.000000
233 0.000000
234 0.000000
235 0.000000
236 0.000000
237 0.000000
238 0.000000
239 0.000000
240 0.000000
241 0.000000
242 0.000000
243 0.000000
244 0.000000
245 0.000000
246 0.000000
247 0.000000
248 0.000000
249 0.000000
250 0.000000
251 0.000000
252 0.000000
253 0.000000
254 0.000000
255 0.000000
256 0.000000
257 0.000000
258 0.000000
259 0.000000
260 0.000000
261 0.000000
262 0.000000
263 0.000000
264 0.000000
265 0.000000
266 0.000000
267 0.000000
268 0.000000
269 0.000000
270 0.000000
271 0.000000
272 0.000000
273 0.000000
274 0.000000
275 0.000000
276 0.000000
277 0.000000
278 0.000000
279 0.000000
280 0.000000
281 0.000000
282 0.000000
283 0.000000
284 0.000000
285 0.000000
286 0.000000
287 0.000000
288 0.000000
289 0.000000
290 0.000000
291 0.000000
292 0.000000
293 0.000000
294 0.000000
295 0.000000
296 0.000000
297 0.000000
298 0.000000
299 0.000000
300 0.000000
301 0.000000
302 0.000000
303 0.000000
304 0.000000
305 0.000000
306 0.000000
307 0.000000
308 0.000000
309 0.000000
310 0.000000
311 0.000000
312 0.000000
313 0.000000
314 0.000000
315 0.000000
316 0.000000
317 0.000000
318 0.000000
319 0.000000
320 0.000000
321 0.000000
322 0.000000
323 0.000000
324 0.000000
325 0.000000
326 0.000000
327 0.000000
328 0.000000
329 0.000000
330 0.000000
331 0.000000
332 0.000000
333 0.000000
334 0.000000
335 0.000000
336 0.000000
337 0.000000
338 0.000000
339 0.000000
340 0.000000
341 0.000000
342 0.000000
343 0.000000
344 0.000000
345 0.000000
346 0.000000
347 0.000000
348 0.000000
349 0.000000
350 0.000000
351 0.000000
352 0.000000
353 0.000000
354 0.000000
355 0.000000
356 0.000000
357 0.000000
358 0.000000
359 0.000000
360 0.000000
361 0.000000
362 0.000000
363 0.000000
364 0.000000
365 0.000000
366 0.000000
367 0.000000
368 0.000000
369 0.000000
370 0.000000
371 0.000000
372 0.000000
373 0.000000
374 0.000000
375 0.000000
376 0.000000
377 0.000000
378 0.000000
379 0.000000
380 0.000000
381 0.000000
382 0.000000
383 0.000000
384 0.000000
385 0.000000
386 0.000000
387 0.000000
388 0.000000
389 0.000000
390 0.000000
391 0.000000
392 0.000000
393 0.000000
394 0.000000
395 0.000000
396 0.000000
397 0.000000
398 0.000000
399 0.000000
400 0.000000
401 0.000000
402 0.000000
403 0.000000
404 0.000000
405 0.000000
406 0.000000
407 0.000000
408 0.000000
409 0.000000
410 0.000000
411 0.000000
412 0.000000
413 0.000000
414 0.000000
415 0.000000
416 0.000000
417 0.000000
418 0.000000
419 0.000000
420 0.000000
421 0.000000
422 0.000000
423 0.000000
424 0.000000
425 0.000000
426 0.000000
427 0.000000
428 0.000000
429 0.000000
430 0.000000
431 0.000000
432 0.000000
433 0.000000
434 0.000000
435 0.000000
436 0.000000
437 0.000000
438 0.000000
439 0.000000
440 0.000000
441 0.000000
442 0.000000
443 0.000000
444 0.000000
445 0.000000
446 0.000000
447 0.000000
448 0.000000
449 0.000000
450 0.000000
451 0.000000
452 0.000000
453 0.000000
454 0.000000
455 0.000000
456 0.000000
457 0.000000
458 0.000000
459 0.000000
460 0.000000
461 0.000000
462 0.000000
463 0.000000
464 0.000000
465 0.000000
466 0.000000
467 0.000000
468 0.000000
469 0.000000
470 0.000000
471 0.000000
472 0.000000
473 0.000000
474 0.000000
475 0.000000
476 0.000000
477 0.000000
478 0.000000
479 0.000000
480 0.000000
481 0.000000
482 0.000000
483 0.000000
484 0.000000
485 0.000000
486 0.000000
487 0.000000
488 0.000000
489 0.000000
490 0.000000
491 0.000000
492 0.000000
493 0.000000
494 0.000000
495 0.000000
496 0.000000
497 0.000000
498 0.000000
499 0.000000
500 0.000000
