1 1000000000000000019884624838656.000000
2 1000000000000000019884624838656.000000
3 1000000000000000019884624838656.000000
4 1000000000000000019884624838656.000000
5 129932111.668643
6 129932111.668643
7 129932111.668643
8 129932111.668643
9 129932111.668643
10 119038841.582639
11 119038841.582639
12 119038841.582639
13 119038841.582639
14 119038841.582639
15 92032325.114359
16 92032325.114359
17 92032325.114359
18 92032325.114359
19 92032325.114359
20 139921483.706912
21 139921483.706912
22 139921483.706912
23 139921483.706912
24 139921483.706912
25 150437326.384619
26 150437326.384619
27 150437326.384619
28 150437326.384619
29 150437326.384619
30 117118689.523908
31 117118689.523908
32 117118689.523908
33 117118689.523908
34 117118689.523908
35 184719922.051652
36 184719922.051652
37 184719922.051652
38 184719922.051652
39 184719922.051652
40 205256892.019065
41 205256892.019065
42 205256892.019065
43 205256892.019065
44 205256892.019065
45 234185057.543634
46 234185057.543634
47 234185057.543634
48 234185057.543634
49 234185057.543634
50 254517818.887793
51 254517818.887793
52 254517818.887793
53 254517818.887793
54 254517818.887793
55 187877294.731896
56 187877294.731896
57 187877294.731896
58 187877294.731896
59 187877294.731896
60 147587893.357980
61 147587893.357980
62 147587893.357980
63 147587893.357980
64 147587893.357980
65 167755124.225513
66 167755124.225513
67 167755124.225513
68 167755124.225513
69 167755124.225513
70 184840315.606547
71 184840315.606547
72 184840315.606547
73 184840315.606547
74 184840315.606547
75 187732763.788980
76 187732763.788980
77 187732763.788980
78 187732763.788980
79 187732763.788980
80 163980989.090360
81 163980989.090360
82 163980989.090360
83 163980989.090360
84 163980989.090360
85 178958128.556123
86 178958128.556123
87 178958128.556123
88 178958128.556123
89 178958128.556123
90 167671291.508309
91 167671291.508309
92 167671291.508309
93 167671291.508309
94 167671291.508309
95 197825090.798105
96 197825090.798105
97 197825090.798105
98 197825090.798105
99 197825090.798105
100 136922894.876529
101 136922894.876529
102 136922894.876529
103 136922894.876529
104 136922894.876529
105 138043058.546284
106 138043058.546284
107 138043058.546284
108 138043058.546284
109 138043058.546284
110 185566214.061163
111 185566214.061163
112 185566214.061163
113 185566214.061163
114 185566214.061163
115 147291313.275205
116 147291313.275205
117 147291313.275205
118 147291313.275205
119 147291313.275205
120 158402416.073615
121 158402416.073615
122 158402416.073615
123 158402416.073615
124 158402416.073615
125 106287043.562480
126 106287043.562480
127 106287043.562480
128 106287043.562480
129 106287043.562480
130 151607925.708608
131 151607925.708608
132 151607925.708608
133 151607925.708608
134 151607925.708608
135 107150478.268862
136 107150478.268862
137 107150478.268862
138 107150478.268862
139 107150478.268862
140 96089666.255406
141 96089666.255406
142 96089666.255406
143 96089666.255406
144 96089666.255406
145 162503675.844766
146 162503675.844766
147 162503675.844766
148 162503675.844766
149 162503675.844766
150 91868856.623557
151 91868856.623557
152 91868856.623557
153 91868856.623557
154 91868856.623557
155 159863546.689375
156 159863546.689375
157 159863546.689375
158 159863546.689375
159 159863546.689375
160 159176971.710723
161 159176971.710723
162 159176971.710723
163 159176971.710723
164 159176971.710723
165 140268356.238680
166 140268356.238680
167 140268356.238680
168 140268356.238680
169 140268356.238680
170 126091480.663390
171 126091480.663390
172 126091480.663390
173 126091480.663390
174 126091480.663390
175 128973375.415812
176 128973375.415812
177 128973375.415812
178 128973375.415812
179 128973375.415812
180 115215330.401382
181 115215330.401382
182 115215330.401382
183 115215330.401382
184 115215330.401382
185 102466007.674238
186 102466007.674238
187 102466007.674238
188 102466007.674238
189 102466007.674238
190 99147979.629695
191 99147979.629695
192 99147979.629695
193 99147979.629695
194 99147979.629695
195 113049448.515279
196 113049448.515279
197 113049448.515279
198 113049448.515279
199 113049448.515279
200 134854225.519314
201 134854225.519314
202 134854225.519314
203 134854225.519314
204 134854225.519314
205 108687243.620603
206 108687243.620603
207 108687243.620603
208 108687243.620603
209 108687243.620603
210 114380340.334934
211 114380340.334934
212 114380340.334934
213 114380340.334934
214 114380340.334934
215 139640371.316029
216 139640371.316029
217 139640371.316029
218 139640371.316029
219 139640371.316029
220 106702540.128197
221 106702540.128197
222 106702540.128197
223 106702540.128197
224 106702540.128197
225 117909379.635734
226 117909379.635734
227 117909379.635734
228 117909379.635734
229 117909379.635734
230 125229573.461551
231 125229573.461551
232 125229573.461551
233 125229573.461551
234 125229573.461551
235 121907232.090543
236 121907232.090543
237 121907232.090543
238 121907232.090543
239 121907232.090543
240 93440306.844107
241 93440306.844107
242 93440306.844107
243 93440306.844107
244 93440306.844107
245 99386943.256492
246 99386943.256492
247 99386943.256492
248 99386943.256492
249 99386943.256492
250 91718934.066679
251 91718934.066679
252 91718934.066679
253 91718934.066679
254 91718934.066679
255 95473225.716343
256 95473225.716343
257 95473225.716343
258 95473225.716343
259 95473225.716343
260 90920866.080495
261 90920866.080495
262 90920866.080495
263 90920866.080495
264 90920866.080495
265 75275608.379242
266 75275608.379242
267 75275608.379242
268 75275608.379242
269 75275608.379242
270 111608658.927423
271 111608658.927423
272 111608658.927423
273 111608658.927423
274 111608658.927423
275 79968428.260749
276 79968428.260749
277 79968428.260749
278 79968428.260749
279 79968428.260749
280 86565326.791919
281 86565326.791919
282 86565326.791919
283 86565326.791919
284 86565326.791919
285 66205755.365643
286 66205755.365643
287 66205755.365643
288 66205755.365643
289 66205755.365643
290 75108774.166495
291 75108774.166495
292 75108774.166495
293 75108774.166495
294 75108774.166495
295 75904590.310309
296 75904590.310309
297 75904590.310309
298 75904590.310309
299 75904590.310309
300 58103671.711111
301 58103671.711111
302 58103671.711111
303 58103671.711111
304 58103671.711111
305 74585584.996478
306 74585584.996478
307 74585584.996478
308 74585584.996478
309 74585584.996478
310 69906730.491878
311 69906730.491878
312 69906730.491878
313 69906730.491878
314 69906730.491878
315 63042302.370430
316 63042302.370430
317 63042302.370430
318 63042302.370430
319 63042302.370430
320 74244683.750143
321 74244683.750143
322 74244683.750143
323 74244683.750143
324 74244683.750143
325 73318628.303891
326 73318628.303891
327 73318628.303891
328 73318628.303891
329 73318628.303891
330 66678387.547459
331 66678387.547459
332 66678387.547459
333 66678387.547459
334 66678387.547459
335 67622915.087639
336 67622915.087639
337 67622915.087639
338 67622915.087639
339 67622915.087639
340 63796805.527063
341 63796805.527063
342 63796805.527063
343 63796805.527063
344 63796805.527063
345 65737681.686733
346 65737681.686733
347 65737681.686733
348 65737681.686733
349 65737681.686733
350 67040521.645863
351 67040521.645863
352 67040521.645863
353 67040521.645863
354 67040521.645863
355 61283940.853230
356 61283940.853230
357 61283940.853230
358 61283940.853230
359 61283940.853230
360 56553544.366394
361 56553544.366394
362 56553544.366394
363 56553544.366394
364 56553544.366394
365 57634980.028818
366 57634980.028818
367 57634980.028818
368 57634980.028818
369 57634980.028818
370 56006536.375739
371 56006536.375739
372 56006536.375739
373 56006536.375739
374 56006536.375739
375 55740213.856136
376 55740213.856136
377 55740213.856136
378 55740213.856136
379 55740213.856136
380 56239800.122012
381 56239800.122012
382 56239800.122012
383 56239800.122012
384 56239800.122012
385 53633581.824726
386 53633581.824726
387 53633581.824726
388 53633581.824726
389 53633581.824726
390 54274598.252656
391 54274598.252656
392 54274598.252656
393 54274598.252656
394 54274598.252656
395 52699087.172017
396 52699087.172017
397 52699087.172017
398 52699087.172017
399 52699087.172017
400 50294663.161036
401 50294663.161036
402 50294663.161036
403 50294663.161036
404 50294663.161036
405 50926956.248595
406 50926956.248595
407 50926956.248595
408 50926956.248595
409 50926956.248595
410 49550179.108302
411 49550179.108302
412 49550179.108302
413 49550179.108302
414 49550179.108302
415 48088280.968697
416 48088280.968697
417 48088280.968697
418 48088280.968697
419 48088280.968697
420 45538746.081424
421 45538746.081424
422 45538746.081424
423 45538746.081424
424 45538746.081424
425 45493826.483399
426 45493826.483399
427 45493826.483399
428 45493826.483399
429 45493826.483399
430 45386552.958742
431 45386552.958742
432 45386552.958742
433 45386552.958742
434 45386552.958742
435 43132641.785899
436 43132641.785899
437 43132641.785899
438 43132641.785899
439 43132641.785899
440 42525754.757798
441 42525754.757798
442 42525754.757798
443 42525754.757798
444 42525754.757798
445 41972936.780836
446 41972936.780836
447 41972936.780836
448 41972936.780836
449 41972936.780836
450 42205465.969976
451 42205465.969976
452 42205465.969976
453 42205465.969976
454 42205465.969976
455 41581738.405315
456 41581738.405315
457 41581738.405315
458 41581738.405315
459 41581738.405315
460 40987206.426646
461 40987206.426646
462 40987206.426646
463 40987206.426646
464 40987206.426646
465 40431905.992545
466 40431905.992545
467 40431905.992545
468 40431905.992545
469 40431905.992545
470 39898937.186433
471 39898937.186433
472 39898937.186433
473 39898937.186433
474 39898937.186433
475 39838193.235542
476 39838193.235542
477 39838193.235542
478 39838193.235542
479 39838193.235542
480 39622841.366108
481 39622841.366108
482 39622841.366108
483 39622841.366108
484 39622841.366108
485 39073481.332516
486 39073481.332516
487 39073481.332516
488 39073481.332516
489 39073481.332516
490 38965748.703141
491 38965748.703141
492 38965748.703141
493 38965748.703141
494 38965748.703141
495 38745629.307188
496 38745629.307188
497 38745629.307188
498 38745629.307188
499 38745629.307188
500 38780777.002662
