1 19285760.269963
2 20521169.020669
3 32787591.500396
4 31132062.923634
5 34010978.869957
6 52743834.508621
7 55445408.135819
8 57120882.637341
9 65946510.533571
10 67415515.754455
11 90692003.156744
12 68702517.925563
13 99336829.245164
14 73215689.221545
15 93348776.612602
16 108349935.854506
17 125743701.622952
18 161009366.982832
19 173219390.930980
20 195204877.870284
21 201240065.544309
22 189448344.911702
23 231722368.401263
24 200762854.312837
25 257630668.845024
26 235958785.474893
27 252494484.008487
28 268191748.400773
29 252743804.540020
30 235808725.452815
31 179971956.183356
32 196799534.468300
33 236480913.955688
34 277411335.038258
35 339623590.899985
36 336482141.268476
37 292546576.571805
38 365003332.331877
39 239794081.413755
40 401239804.510929
41 318291650.596849
42 310401192.172830
43 328477764.398518
44 367642298.377977
45 316685390.477986
46 292431509.675052
47 387664847.822277
48 430721346.843814
49 365217966.199528
50 237376370.686690
51 399355693.319443
52 411734702.292885
53 334453081.426719
54 326343965.856360
55 304906706.013139
56 391564344.404098
57 372588531.584915
58 346039771.828151
59 494799410.532362
60 408918250.421794
61 446893729.576286
62 409554192.674698
63 333532558.246759
64 357123271.400862
65 350725817.047376
66 377707727.293936
67 383570992.747323
68 268463669.743593
69 256300959.542883
70 359039533.837300
71 327224570.945594
72 286889531.999464
73 270206630.880219
74 194157815.410443
75 195153292.802838
76 241375722.492735
77 208851119.990040
78 225877007.585402
79 243675693.810041
80 199231241.765801
81 224774482.899333
82 248661862.937746
83 196431482.970733
84 196127886.427629
85 223027666.587385
86 245813721.451268
87 192772449.109791
88 171826460.075025
89 184228744.838698
90 159584601.922696
91 161028426.005696
92 160341398.567592
93 128725332.060661
94 145303481.135576
95 141680455.187851
96 123966968.556797
97 121073805.281454
98 100694351.449629
99 113763515.635051
100 78502916.769251
101 110791820.144922
102 92748082.973599
103 91566933.339545
104 79770584.872150
105 78160249.748166
106 82287773.200064
107 76854639.591519
108 87099373.921604
109 68409623.915876
110 55322010.713453
111 69472256.171920
112 61602157.545531
113 79086826.611262
114 59009173.227143
115 54882969.928371
116 63691402.813285
117 54691710.087327
118 50564519.272274
119 51534363.811163
120 43116812.434619
121 46679046.312660
122 38357205.127751
123 37952733.548986
124 35193813.471141
125 31050654.724298
126 27149709.342116
127 32702999.530294
128 28370915.465621
129 21174573.036987
130 26961809.664862
131 16809306.992962
132 24563830.785679
133 20965229.077105
134 20264280.116342
135 17833901.492009
136 21577852.491119
137 15676635.065012
138 14749063.677326
139 17669821.672541
140 14671283.221168
141 16899225.259197
142 14324340.379597
143 13488602.874789
144 14673847.841708
145 14812913.688659
146 16102741.297850
147 14374718.233948
148 10454288.854356
149 11613731.058316
150 10110950.978803
151 9248357.291161
152 8188436.492959
153 7941660.339208
154 8824027.722528
155 8077498.769526
156 6800677.289972
157 7303188.736694
158 6431116.949983
159 5895763.167029
160 5726572.880193
161 4441620.704240
162 4872151.946389
163 4476553.605561
164 3987124.526736
165 3969637.634285
166 3951113.207994
167 4085359.236937
168 3132526.962890
169 3181789.733385
170 2473375.401556
171 2126754.191808
172 2270111.770486
173 2448266.129449
174 2014212.513704
175 2107955.771819
176 1810428.949417
177 2144804.289211
178 2255207.051910
179 1872062.555442
180 1666282.639276
181 1419765.120672
182 1710336.164287
183 1880550.275767
184 1609994.684995
185 1451829.795764
186 1316908.156400
187 1522671.649705
188 1445216.840914
189 1073683.512936
190 1125528.331258
191 1113981.746833
192 957246.447942
193 1024104.345419
194 850885.928548
195 755450.665842
196 723392.258182
197 804814.378281
198 671494.289705
199 573554.077681
200 673284.897829
201 589732.589372
202 577298.803018
203 649637.580298
204 640037.142922
205 491336.579052
206 469834.412557
207 530694.727556
208 431293.514990
209 425306.803321
210 484962.176723
211 463377.998530
212 461354.782961
213 421059.881106
214 440908.763552
215 428016.146103
216 421289.468645
217 406110.190832
218 398213.962145
219 396021.066011
220 355870.056386
221 308979.662262
222 339891.860079
223 346754.812075
224 301022.995408
225 335481.014508
226 342684.073996
227 345498.593350
228 347416.536614
229 297368.116551
230 271311.656316
231 250203.238126
232 270446.512457
233 261448.370293
234 281229.900033
235 249232.216507
236 224963.306347
237 237129.876868
238 244032.534325
239 237230.420255
240 233087.025486
241 190923.174771
242 179407.769783
243 178358.949166
244 176820.464634
245 189469.880445
246 189824.098664
247 179830.689806
248 163884.956000
249 160024.645220
250 154685.002200
251 157388.372482
252 142965.671022
253 131390.385264
254 132196.382042
255 123319.573285
256 112585.773893
257 115822.429480
258 130963.422994
259 114279.093650
260 124161.253558
261 100956.418517
262 105685.407036
263 97644.761409
264 98441.078464
265 88476.498746
266 93067.945577
267 91393.949505
268 84186.288027
269 89577.163576
270 83372.577965
271 70106.877850
272 65418.675833
273 65561.640715
274 65374.658505
275 69030.325772
276 62125.807567
277 62537.735262
278 54712.264054
279 54871.059462
280 61907.980816
281 56526.453224
282 51343.225335
283 58159.878800
284 55690.892006
285 51545.707393
286 50659.222952
287 52012.280964
288 50605.540403
289 46976.840661
290 44094.897412
291 44973.302555
292 46662.216636
293 44200.337750
294 43905.272841
295 42990.942336
296 42799.301652
297 40772.682569
298 36625.065741
299 42717.416451
300 45385.244283
301 36778.417324
302 37193.299639
303 37079.591058
304 33489.091366
305 32668.322635
306 34015.307952
307 33855.544477
308 31363.997711
309 31428.382904
310 31436.765191
311 27584.989577
312 31307.528174
313 27395.379077
314 28857.073478
315 29539.375977
316 27788.498212
317 27853.955109
318 29717.648979
319 28742.558259
320 24799.436476
321 27552.324828
322 26557.954948
323 26303.626708
324 27885.847203
325 24836.300099
326 24641.017136
327 22938.993942
328 23948.269617
329 26074.662719
330 25007.765368
331 23858.103072
332 23773.683002
333 23982.751700
334 22599.718398
335 20840.975550
336 19185.130803
337 20533.163959
338 19644.256530
339 18046.983256
340 19134.700979
341 20048.410381
342 18209.960625
343 18189.174269
344 17881.668354
345 18153.420140
346 18283.241305
347 17009.072374
348 15930.005814
349 16394.051413
350 15862.468496
351 17019.784419
352 15642.276685
353 16135.052874
354 15308.102787
355 14654.723228
356 16052.689175
357 14707.760853
358 14733.901544
359 15587.644727
360 15156.804007
361 13518.185895
362 13359.046606
363 13589.171835
364 12859.574215
365 12411.647961
366 12151.010542
367 12448.983194
368 12478.691373
369 12851.135091
370 11856.351953
371 12112.247185
372 11517.265166
373 11556.897674
374 11169.875314
375 11531.909022
376 10926.778985
377 11166.569264
378 10517.043665
379 10579.899142
380 10240.516691
381 9496.157039
382 9634.984503
383 9103.973082
384 8888.631305
385 8616.229756
386 8602.291705
387 8530.114928
388 8580.373200
389 8362.891942
390 8212.893433
391 7865.444257
392 7613.745652
393 7479.133650
394 7385.489803
395 7291.801530
396 7016.353874
397 6822.726923
398 6814.612560
399 6553.225249
400 6368.134313
401 6282.127096
402 6362.056491
403 6226.377340
404 6104.851012
405 5863.024045
406 5725.530141
407 5748.094285
408 5677.441251
409 5574.525943
410 5543.958856
411 5337.415048
412 5280.518504
413 5214.616223
414 5175.018430
415 4896.737147
416 4962.234659
417 4797.587540
418 4800.442780
419 4704.631436
420 4664.548280
421 4561.135561
422 4554.992947
423 4450.348175
424 4386.331876
425 4302.905492
426 4278.023225
427 4233.001721
428 4130.526718
429 3997.561864
430 3914.201305
431 3871.361162
432 3803.332586
433 3751.787390
434 3719.663631
435 3611.816710
436 3524.583672
437 3545.252325
438 3444.721553
439 3367.805737
440 3388.469456
441 3319.045140
442 3244.477450
443 3214.819229
444 3210.889765
445 3148.623717
446 3118.204661
447 3072.805672
448 3072.056296
449 3074.741658
450 3037.290090
451 2996.417015
452 2942.293181
453 2915.749391
454 2913.843541
455 2866.667969
456 2809.983282
457 2787.187871
458 2773.917106
459 2738.584504
460 2711.746656
461 2696.740949
462 2685.663223
463 2656.366636
464 2634.874547
465 2634.283866
466 2610.496139
467 2593.647885
468 2555.184535
469 2545.755834
470 2519.376727
471 2509.929258
472 2491.625561
473 2474.198032
474 2447.470585
475 2425.894333
476 2407.721000
477 2397.556511
478 2380.319654
479 2361.024447
480 2347.787135
481 2342.673230
482 2332.638774
483 2317.484358
484 2307.652250
485 2288.341973
486 2278.066425
487 2270.560315
488 2259.171954
489 2251.087784
490 2241.396288
491 2233.225636
492 2225.376983
493 2220.398754
494 2213.056019
495 2208.982454
496 2201.702965
497 2199.490111
498 2195.821862
499 2192.934185
500 2192.460740
1 17845203.494668
2 21203092.868322
3 19588677.075787
4 30920072.375153
5 23261247.782408
6 42454140.163635
7 31944986.160667
8 49483456.293984
9 65553021.993566
10 66969308.691225
11 58115608.747911
12 65410022.564551
13 74093982.303970
14 78408531.361622
15 118231149.327994
16 112021972.439795
17 115185736.550142
18 134085238.277136
19 144335531.753018
20 140876739.673377
21 201203240.901779
22 175093732.890723
23 118413696.470271
24 233329478.581186
25 323538452.473371
26 324573021.334418
27 389226376.673819
28 305661955.968366
29 301499075.185036
30 344371736.237750
31 383573501.235290
32 421339997.701148
33 475324834.057213
34 462013425.311507
35 506034159.932451
36 574815010.570630
37 470153194.308800
38 516632455.339996
39 677958819.198281
40 736055046.976203
41 770712028.126372
42 564219872.213615
43 573022280.548115
44 518054896.243767
45 589384762.888402
46 563705039.817338
47 561320916.594677
48 552458457.062509
49 712232753.945425
50 735633116.863543
51 936601092.589300
52 700217077.011632
53 685532362.224546
54 681683707.586913
55 595696017.572368
56 723246510.573678
57 598918045.111075
58 747377078.901897
59 681982316.536098
60 424978826.620391
61 444232447.309772
62 503318510.092164
63 590965457.739739
64 653304260.655882
65 619079224.718903
66 603892556.509432
67 606734052.322800
68 640273453.434291
69 557220746.796480
70 797628609.624762
71 556248814.502512
72 590287235.911046
73 478090283.816277
74 484646280.502780
75 496643527.486576
76 533630268.794116
77 479506233.445312
78 580880616.138348
79 623631964.786170
80 548907389.073466
81 624341978.660833
82 510673192.494640
83 664000273.442506
84 693242698.129157
85 532865453.901776
86 543226560.593178
87 553917729.095692
88 437977239.363919
89 474610123.677798
90 435447580.406397
91 492434734.694167
92 461623752.441851
93 353807365.782561
94 394615245.339408
95 410235997.440866
96 434581636.499817
97 422275154.665225
98 378126658.678181
99 398894357.456604
100 357778072.597547
101 317395914.628585
102 225206728.312999
103 215092702.635261
104 237603727.033582
105 191051547.307269
106 172907097.500076
107 190733944.557815
108 199784090.389015
109 200849532.422979
110 184186362.347256
111 174933165.580267
112 219337400.584278
113 209371003.985766
114 188416116.791047
115 192595992.306848
116 133252791.367651
117 144581397.135935
118 125348142.350882
119 105156671.401216
120 150672835.543143
121 103878423.099686
122 118393311.164539
123 107518651.203940
124 99848917.472943
125 99674200.773385
126 80858223.954309
127 69271987.828167
128 67298858.930455
129 61890348.002889
130 49881125.160708
131 45250591.946928
132 36722480.538218
133 41409689.691276
134 31905413.050104
135 28652859.043607
136 28016598.295418
137 27551534.163118
138 25085058.001989
139 24548780.866753
140 23865876.808255
141 26141219.342203
142 22270035.710734
143 26067791.341762
144 20192268.265905
145 27673395.265828
146 20565887.096936
147 17050815.210959
148 15940523.632098
149 18412648.319444
150 17948178.026924
151 16329137.086751
152 16970414.201225
153 15692432.085295
154 12952281.862111
155 12548157.165310
156 12681693.238403
157 11818360.432756
158 12564769.814594
159 10016278.102000
160 12533343.601610
161 13243087.491910
162 10918228.008655
163 10088512.829849
164 12246696.396328
165 12349750.235188
166 12421601.805655
167 12426035.916920
168 15832050.236702
169 12373283.545816
170 9319038.686397
171 11405787.016280
172 12566211.074883
173 11697685.347147
174 9897138.081872
175 8459518.906303
176 7320237.196072
177 7538951.190335
178 7184888.843766
179 5686674.972908
180 6174278.618673
181 5404851.618615
182 5921663.744173
183 5430945.067837
184 6108012.551588
185 5464958.792882
186 5281756.532936
187 5189349.735343
188 4990990.590664
189 5875247.712337
190 5001069.286105
191 5034552.963194
192 4798824.916619
193 5082130.091782
194 4383983.901061
195 4008311.202273
196 3589635.707205
197 3861918.777619
198 3897405.006957
199 4560637.372671
200 3545337.335688
201 4541398.507385
202 4636795.706653
203 3979910.389433
204 3395540.535444
205 3335334.460296
206 2782536.097132
207 2808051.339804
208 2334110.412132
209 2250688.694828
210 2107799.492373
211 1845163.820514
212 1903825.942653
213 1836753.382533
214 1825206.977278
215 1717631.453487
216 1624191.164204
217 1447548.231849
218 1473875.072994
219 1393487.250131
220 1288299.416279
221 1135661.252875
222 1186127.629029
223 952873.040483
224 1069690.649364
225 991142.982541
226 972082.035054
227 874187.780496
228 857698.735618
229 793323.313445
230 814392.530063
231 729801.184545
232 704489.685769
233 689324.875242
234 770883.849913
235 753656.730184
236 713230.838593
237 733553.297451
238 646176.639182
239 631806.814276
240 649629.455658
241 524636.155857
242 560665.209049
243 574730.487424
244 555827.153080
245 642606.871087
246 478388.322400
247 470348.339268
248 419207.781147
249 427520.646188
250 388119.344325
251 394247.851505
252 394793.921958
253 354505.759674
254 356992.959373
255 328490.763880
256 350241.494710
257 353534.434401
258 352306.993612
259 302502.903002
260 305544.982666
261 279407.642459
262 296091.400216
263 258979.292275
264 238756.883463
265 259243.177524
266 250957.732504
267 256084.895375
268 236205.747975
269 218590.113020
270 267023.505499
271 258800.022222
272 244230.374608
273 261375.340680
274 250618.365767
275 223829.657822
276 224255.132678
277 252174.647805
278 208838.085356
279 236832.920805
280 214276.735791
281 206584.039915
282 211956.046033
283 195061.058954
284 195503.029662
285 204288.021148
286 196809.316696
287 165308.711469
288 189308.603040
289 164434.955938
290 168642.853338
291 144865.888231
292 149427.414933
293 155776.237837
294 138957.198979
295 145211.965310
296 147830.964539
297 142443.910406
298 128828.452945
299 134923.191776
300 124331.654162
301 117830.492120
302 112689.346506
303 106253.071691
304 112192.376048
305 103119.556056
306 102266.144199
307 97902.075466
308 99672.255697
309 78924.917514
310 73961.478765
311 76813.897013
312 75551.722065
313 76996.855539
314 68199.375899
315 69260.054010
316 72665.161958
317 64178.171857
318 65029.385923
319 62473.146237
320 56381.954663
321 54704.751266
322 57242.156868
323 53348.924242
324 54442.750722
325 51519.242368
326 52228.920416
327 50956.669413
328 48437.996659
329 48789.095811
330 44846.703501
331 43534.293054
332 40156.020159
333 38883.070851
334 38195.193534
335 40190.393060
336 37319.690677
337 36380.509075
338 34325.444865
339 37168.612599
340 34503.252088
341 32052.168628
342 31620.825738
343 32410.853496
344 29984.801233
345 30742.663674
346 29918.595979
347 29253.109211
348 29483.468518
349 27878.099540
350 26284.743394
351 25216.680494
352 24896.117499
353 26745.559949
354 25365.601287
355 25038.516554
356 24830.677729
357 23398.451632
358 22885.103722
359 22934.601246
360 23296.117897
361 21949.761481
362 21539.319885
363 21569.098702
364 21991.482045
365 21231.501238
366 20619.884444
367 20721.964855
368 21162.956922
369 19935.859768
370 21731.109990
371 21446.931448
372 21411.638357
373 20343.065907
374 19953.079390
375 18289.315219
376 19755.444378
377 19630.817066
378 18714.292260
379 18305.877155
380 18560.207303
381 17364.468422
382 17772.204316
383 17555.384411
384 17184.456770
385 16758.550342
386 16598.611304
387 16273.540928
388 16411.342618
389 16029.641293
390 16218.788964
391 15303.185199
392 15014.425265
393 15153.971869
394 15055.323062
395 14749.247807
396 15134.880853
397 14878.171764
398 14614.055305
399 13931.355032
400 13914.322039
401 13555.078329
402 13277.152781
403 13268.558284
404 12955.491790
405 12893.146465
406 12270.965583
407 12458.953012
408 12344.153155
409 12696.804491
410 12414.569082
411 11841.384497
412 11651.994100
413 11945.390158
414 11393.777115
415 11001.911398
416 10887.715067
417 10952.384470
418 10773.724957
419 10807.431183
420 10409.649885
421 10155.997096
422 10103.581708
423 9712.746062
424 9694.921440
425 9548.483691
426 9507.891767
427 9247.477849
428 9447.135667
429 9339.758582
430 9087.244589
431 9043.066802
432 8941.022186
433 8878.023125
434 8875.774638
435 8842.343171
436 8661.472670
437 8598.678844
438 8621.880255
439 8542.661611
440 8236.149905
441 8258.925536
442 8176.223154
443 8069.027417
444 8011.332364
445 7949.488233
446 7949.868207
447 7808.598289
448 7532.361219
449 7558.265103
450 7373.825442
451 7313.967091
452 7266.176872
453 7148.985081
454 7033.753885
455 6918.935002
456 6865.986321
457 6800.918590
458 6726.616592
459 6646.976670
460 6634.283864
461 6560.142641
462 6529.234968
463 6447.782265
464 6397.439828
465 6333.554237
466 6281.344815
467 6214.736148
468 6205.211540
469 6147.564955
470 6144.714372
471 6074.662941
472 6036.733061
473 6016.816086
474 5964.232323
475 5927.606585
476 5907.778698
477 5869.389033
478 5824.523445
479 5790.770871
480 5757.632297
481 5716.899518
482 5701.323226
483 5685.369132
484 5665.882604
485 5629.220141
486 5603.449795
487 5574.374375
488 5558.408219
489 5536.251682
490 5523.206291
491 5503.639161
492 5480.775522
493 5465.739962
494 5449.900650
495 5437.400455
496 5427.724804
497 5417.708231
498 5408.946938
499 5404.390839
500 5401.607823
