1 inf
2 inf
3 inf
4 inf
5 408333107383211107029254435805504399976650982657660019932932114689652727553753395724065584440899001667247608627056027585650789085738642023248347390505754758206699318694852756063380979108542818287931486741006868117294109572819502738492930282689606350313940411125885276397980310264880515921215488.000000
6 1814265711942296501233231282395662632525008449463015208193754733214213620976682303185283410500662978727515855875623204792264154435708194452938990207832383263479810054094841482081156914893149911622938329946295192960308324623913892317490487027397311098739406544044032.000000
7 16270819175479513969657933509009936348653823472230015154819198178887195353031144690146705248046698407497864520823909244738109401858325009809537473367042464845579140311435800083293252921530475268046933148596957284702466688265551938538438656.000000
8 2417560061057232704915528170005571523294737086978287332570682640891562800610373270071558010673297540961380719274709384254630509234279909541382335310236132176353112285192663787879502927280491217870903787632197632.000000
9 244783085358113910774578372859486778774182475672130650093045742078575055384948679326359712228095851820760504658554621854967373622711422888030698991556723383668702246908985344.000000
10 16769770678560568987443869350556513761139355278616138580151023814426284017819214727082020010841956162920803563832082450846836364512103088425337968656384.000000
11 536955793954652026783652125013454952245769986126066540999037632748984629108766758041347465715816792283397896401868283707392.000000
12 3839263481341452075464555427494138487301917324346702972593969359784327371870572436500903020457537669431296.000000
13 3023423203741713187471239067570857978177246283589230445880367126088253440.000000
14 69482144471122926045572721190841293734676529152.000000
15 101347720526531461120.000000
16 3025.487800
17 2112.945747
18 1948.283170
19 1971.545982
20 1959.799347
21 1616.804405
22 1344.507587
23 1154.005359
24 1041.866531
25 894.507286
26 645.674664
27 551.629295
28 477.571226
29 533.534226
30 359.351560
31 318.541349
32 354.835676
33 336.066108
34 212.451666
35 196.672063
36 197.567168
37 154.681689
38 147.890912
39 121.468749
40 117.501514
41 105.847612
42 102.678008
43 67.641146
44 57.840175
45 57.847639
46 54.251307
47 35.291381
48 26.049820
49 19.889426
50 13.414902
51 9.979495
52 8.323808
53 5.198097
54 3.667354
55 2.621894
56 2.458096
57 2.549286
58 1.970649
59 2.231614
60 1.626742
61 1.245732
62 0.932523
63 0.763268
64 0.682357
65 0.537445
66 0.487821
67 0.305812
68 0.258709
69 0.215713
70 0.168325
71 0.151625
72 0.137889
73 0.121374
74 0.105772
75 0.075279
76 0.059831
77 0.060464
78 0.051884
79 0.043024
80 0.038842
81 0.032625
82 0.025137
83 0.015943
84 0.013141
85 0.011058
86 0.010940
87 0.007505
88 0.005362
89 0.004439
90 0.003600
91 0.003144
92 0.002137
93 0.001573
94 0.001361
95 0.001083
96 0.000859
97 0.000776
98 0.000578
99 0.000437
100 0.000354
101 0.000233
102 0.000206
103 0.000147
104 0.000128
105 0.000111
106 0.000095
107 0.000085
108 0.000065
109 0.000052
110 0.000041
111 0.000038
112 0.000033
113 0.000024
114 0.000021
115 0.000018
116 0.000015
117 0.000012
118 0.000011
119 0.000008
120 0.000006
121 0.000005
122 0.000004
123 0.000003
124 0.000003
125 0.000002
126 0.000001
127 0.000001
128 0.000001
129 0.000001
130 0.000001
131 0.000000
132 0.000000
133 0.000000
134 0.000000
135 0.000000
136 0.000000
137 0.000000
138 0.000000
139 0.000000
140 0.000000
141 0.000000
142 0.000000
143 0.000000
144 0.000000
145 0.000000
146 0.000000
147 0.000000
148 0.000000
149 0.000000
150 0.000000
151 0.000000
152 0.000000
153 0.000000
154 0.000000
155 0.000000
156 0.000000
157 0.000000
158 0.000000
159 0.000000
160 0.000000
161 0.000000
162 0.000000
163 0.000000
164 0.000000
165 0.000000
166 0.000000
167 0.000000
168 0.000000
169 0.000000
170 0.000000
171 0.000000
172 0.000000
173 0.000000
174 0.000000
175 0.000000
176 0.000000
177 0.000000
178 0.000000
179 0.000000
180 0.000000
181 0.000000
182 0.000000
183 0.000000
184 0.000000
185 0.000000
186 0.000000
187 0.000000
188 0.000000
189 0.000000
190 0.000000
191 0.000000
192 0.000000
193 0.000000
194 0.000000
195 0.000000
196 0.000000
197 0.000000
198 0.000000
199 0.000000
200 0.000000
201 0.000000
202 0.000000
203 0.000000
204 0.000000
205 0.000000
206 0.000000
207 0.000000
208 0.000000
209 0.000000
210 0.000000
211 0.000000
212 0.000000
213 0.000000
214 0.000000
215 0.000000
216 0.000000
217 0.000000
218 0.000000
219 0.000000
220 0.000000
221 0.000000
222 0.000000
223 0.000000
224 0.000000
225 0.000000
226 0.000000
227 0.000000
228 0.000000
229 0.000000
230 0.000000
231 0.000000
232 0.000000
233 0.000000
234 0.000000
235 0.000000
236 0.000000
237 0.000000
238 0.000000
239 0.000000
240 0.000000
241 0.000000
242 0.000000
243 0.000000
244 0.000000
245 0.000000
246 0.000000
247 0.000000
248 0.000000
249 0.000000
250 0.000000
251 0.000000
252 0.000000
253 0.000000
254 0.000000
255 0.000000
256 0.000000
257 0.000000
258 0.000000
259 0.000000
260 0.000000
261 0.000000
262 0.000000
263 0.000000
264 0.000000
265 0.000000
266 0.000000
267 0.000000
268 0.000000
269 0.000000
270 0.000000
271 0.000000
272 0.000000
273 0.000000
274 0.000000
275 0.000000
276 0.000000
277 0.000000
278 0.000000
279 0.000000
280 0.000000
281 0.000000
282 0.000000
283 0.000000
284 0.000000
285 0.000000
286 0.000000
287 0.000000
288 0.000000
289 0.000000
290 0.000000
291 0.000000
292 0.000000
293 0.000000
294 0.000000
295 0.000000
296 0.000000
297 0.000000
298 0.000000
299 0.000000
300 0.000000
301 0.000000
302 0.000000
303 0.000000
304 0.000000
305 0.000000
306 0.000000
307 0.000000
308 0.000000
309 0.000000
310 0.000000
311 0.000000
312 0.000000
313 0.000000
314 0.000000
315 0.000000
316 0.000000
317 0.000000
318 0.000000
319 0.000000
320 0.000000
321 0.000000
322 0.000000
323 0.000000
324 0.000000
325 0.000000
326 0.000000
327 0.000000
328 0.000000
329 0.000000
330 0.000000
331 0.000000
332 0.000000
333 0.000000
334 0.000000
335 0.000000
336 0.000000
337 0.000000
338 0.000000
339 0.000000
340 0.000000
341 0.000000
342 0.000000
343 0.000000
344 0.000000
345 0.000000
346 0.000000
347 0.000000
348 0.000000
349 0.000000
350 0.000000
351 0.000000
352 0.000000
353 0.000000
354 0.000000
355 0.000000
356 0.000000
357 0.000000
358 0.000000
359 0.000000
360 0.000000
361 0.000000
362 0.000000
363 0.000000
364 0.000000
365 0.000000
366 0.000000
367 0.000000
368 0.000000
369 0.000000
370 0.000000
371 0.000000
372 0.000000
373 0.000000
374 0.000000
375 0.000000
376 0.000000
377 0.000000
378 0.000000
379 0.000000
380 0.000000
381 0.000000
382 0.000000
383 0.000000
384 0.000000
385 0.000000
386 0.000000
387 0.000000
388 0.000000
389 0.000000
390 0.000000
391 0.000000
392 0.000000
393 0.000000
394 0.000000
395 0.000000
396 0.000000
397 0.000000
398 0.000000
399 0.000000
400 0.000000
401 0.000000
402 0.000000
403 0.000000
404 0.000000
405 0.000000
406 0.000000
407 0.000000
408 0.000000
409 0.000000
410 0.000000
411 0.000000
412 0.000000
413 0.000000
414 0.000000
415 0.000000
416 0.000000
417 0.000000
418 0.000000
419 0.000000
420 0.000000
421 0.000000
422 0.000000
423 0.000000
424 0.000000
425 0.000000
426 0.000000
427 0.000000
428 0.000000
429 0.000000
430 0.000000
431 0.000000
432 0.000000
433 0.000000
434 0.000000
435 0.000000
436 0.000000
437 0.000000
438 0.000000
439 0.000000
440 0.000000
441 0.000000
442 0.000000
443 0.000000
444 0.000000
445 0.000000
446 0.000000
447 0.000000
448 0.000000
449 0.000000
450 0.000000
451 0.000000
452 0.000000
453 0.000000
454 0.000000
455 0.000000
456 0.000000
457 0.000000
458 0.000000
459 0.000000
460 0.000000
461 0.000000
462 0.000000
463 0.000000
464 0.000000
465 0.000000
466 0.000000
467 0.000000
468 0.000000
469 0.000000
470 0.000000
471 0.000000
472 0.000000
473 0.000000
474 0.000000
475 0.000000
476 0.000000
477 0.000000
478 0.000000
479 0.000000
480 0.000000
481 0.000000
482 0.000000
483 0.000000
484 0.000000
485 0.000000
486 0.000000
487 0.000000
488 0.000000
489 0.000000
490 0.000000
491 0.000000
492 0.000000
493 0.000000
494 0.000000
495 0.000000
496 0.000000
497 0.000000
498 0.000000
499 0.000000
500 0.000000
