1 inf
2 inf
3 inf
4 inf
5 27861839336092064591356993264201715286712658518328845577232660989775629386179065397230760931795949185593147570814683868678177810960573045973648172124196616741060351166898934047775480957583137600157811265100200882176665287707309036520644154990227433699562076945564437985665063167706780557730759856934663225344.000000
6 5875599713143046672803117329434164919920806270545532170249525220141764766582595810692639706406082665155785044376298891794239847024368289336702273642292222806366485759157111067519784346057577661883871818886985087734704086520114474196858324335634606591227777912237846226960121856.000000
7 31610155190150119548921046042033878666167666603602982502388588318683635018198926589875597817083889139033061325706810523650407416270506266238398473265849845503061137883941806584903191145141746460327178245506711837542503778202675646806159811284041728.000000
8 75952886629022094163138152842028755627038998346597235365665432931093748559294516111224335935641429319476095254640065466506903705330414656822140834071951814180421153281377660550749739060719297789252876917679325184.000000
9 670152545847110463595768775221314411724975403711343051756679793831625421711150535056320208107468868891947909835371520980138613778872660603150471544600779987766984459314855326796687406148442128384.000000
10 299455170470726428931557889249853618710490823993323303506872770466171752066353044041370755669801052209272045126027353026208708112686988200845523818711015058692395499520.000000
11 111640430603007157521940937157907405791550567007708648117664754422291973724737873848309325202299863825691408378470106272954672513592328192.000000
12 41513794472649911449610952449785420213580824252158891839252111769686525711958041255035225266716672.000000
13 25735128016683152749094952687333537126938469286811636655572863966949408768.000000
14 19977164002647152761229419278169345622016.000000
15 11000302734720276.000000
16 6743.114377
17 5316.308244
18 5017.043417
19 3366.564825
20 3261.401739
21 2186.805253
22 1960.191846
23 2076.412628
24 2099.919255
25 2310.824166
26 2227.242034
27 2472.024749
28 1754.116970
29 1560.678697
30 1388.828076
31 1324.482243
32 1078.291136
33 943.042161
34 843.618056
35 837.930742
36 643.355488
37 589.379779
38 548.130386
39 503.759500
40 467.934134
41 417.616795
42 381.846942
43 345.193494
44 308.747407
45 237.707600
46 188.118310
47 163.575307
48 162.080905
49 134.050636
50 129.320640
51 124.296936
52 95.103856
53 98.105701
54 96.911635
55 88.184174
56 78.171818
57 66.470269
58 57.999453
59 53.303547
60 41.983427
61 37.506439
62 37.125017
63 34.446839
64 29.693460
65 27.836240
66 27.960680
67 22.771864
68 20.183117
69 20.055842
70 18.067770
71 16.501958
72 14.910092
73 13.956508
74 12.958945
75 11.595850
76 11.578594
77 10.137522
78 9.542807
79 8.944753
80 8.272150
81 7.784237
82 7.566663
83 7.463428
84 6.767680
85 5.572351
86 5.232929
87 4.194809
88 4.116148
89 3.928754
90 3.037609
91 2.703123
92 2.490961
93 2.239855
94 1.865646
95 1.900373
96 1.565121
97 1.413318
98 1.288153
99 1.107794
100 0.971851
101 0.854117
102 0.821946
103 0.734830
104 0.627156
105 0.532563
106 0.446709
107 0.384788
108 0.317688
109 0.265667
110 0.248341
111 0.216638
112 0.198195
113 0.194002
114 0.167009
115 0.139237
116 0.127825
117 0.115387
118 0.106350
119 0.085230
120 0.077492
121 0.071557
122 0.064054
123 0.055656
124 0.047366
125 0.041679
126 0.035727
127 0.030291
128 0.028717
129 0.023705
130 0.021021
131 0.017615
132 0.015535
133 0.012953
134 0.010979
135 0.009852
136 0.008623
137 0.007825
138 0.006726
139 0.005846
140 0.005295
141 0.004580
142 0.004157
143 0.003353
144 0.003038
145 0.002676
146 0.002442
147 0.002060
148 0.001768
149 0.001517
150 0.001295
151 0.001138
152 0.001006
153 0.000941
154 0.000835
155 0.000731
156 0.000610
157 0.000563
158 0.000495
159 0.000410
160 0.000362
161 0.000306
162 0.000270
163 0.000241
164 0.000206
165 0.000164
166 0.000143
167 0.000121
168 0.000103
169 0.000093
170 0.000077
171 0.000066
172 0.000054
173 0.000046
174 0.000039
175 0.000033
176 0.000028
177 0.000025
178 0.000021
179 0.000018
180 0.000016
181 0.000014
182 0.000012
183 0.000011
184 0.000010
185 0.000009
186 0.000007
187 0.000006
188 0.000005
189 0.000004
190 0.000004
191 0.000003
192 0.000003
193 0.000002
194 0.000002
195 0.000002
196 0.000001
197 0.000001
198 0.000001
199 0.000001
200 0.000001
201 0.000001
202 0.000000
203 0.000000
204 0.000000
205 0.000000
206 0.000000
207 0.000000
208 0.000000
209 0.000000
210 0.000000
211 0.000000
212 0.000000
213 0.000000
214 0.000000
215 0.000000
216 0.000000
217 0.000000
218 0.000000
219 0.000000
220 0.000000
221 0.000000
222 0.000000
223 0.000000
224 0.000000
225 0.000000
226 0.000000
227 0.000000
228 0.000000
229 0.000000
230 0.000000
231 0.000000
232 0.000000
233 0.000000
234 0.000000
235 0.000000
236 0.000000
237 0.000000
238 0.000000
239 0.000000
240 0.000000
241 0.000000
242 0.000000
243 0.000000
244 0.000000
245 0.000000
246 0.000000
247 0.000000
248 0.000000
249 0.000000
250 0.000000
251 0.000000
252 0.000000
253 0.000000
254 0.000000
255 0.000000
256 0.000000
257 0.000000
258 0.000000
259 0.000000
260 0.000000
261 0.000000
262 0.000000
263 0.000000
264 0.000000
265 0.000000
266 0.000000
267 0.000000
268 0.000000
269 0.000000
270 0.000000
271 0.000000
272 0.000000
273 0.000000
274 0.000000
275 0.000000
276 0.000000
277 0.000000
278 0.000000
279 0.000000
280 0.000000
281 0.000000
282 0.000000
283 0.000000
284 0.000000
285 0.000000
286 0.000000
287 0.000000
288 0.000000
289 0.000000
290 0.000000
291 0.000000
292 0.000000
293 0.000000
294 0.000000
295 0.000000
296 0.000000
297 0.000000
298 0.000000
299 0.000000
300 0.000000
301 0.000000
302 0.000000
303 0.000000
304 0.000000
305 0.000000
306 0.000000
307 0.000000
308 0.000000
309 0.000000
310 0.000000
311 0.000000
312 0.000000
313 0.000000
314 0.000000
315 0.000000
316 0.000000
317 0.000000
318 0.000000
319 0.000000
320 0.000000
321 0.000000
322 0.000000
323 0.000000
324 0.000000
325 0.000000
326 0.000000
327 0.000000
328 0.000000
329 0.000000
330 0.000000
331 0.000000
332 0.000000
333 0.000000
334 0.000000
335 0.000000
336 0.000000
337 0.000000
338 0.000000
339 0.000000
340 0.000000
341 0.000000
342 0.000000
343 0.000000
344 0.000000
345 0.000000
346 0.000000
347 0.000000
348 0.000000
349 0.000000
350 0.000000
351 0.000000
352 0.000000
353 0.000000
354 0.000000
355 0.000000
356 0.000000
357 0.000000
358 0.000000
359 0.000000
360 0.000000
361 0.000000
362 0.000000
363 0.000000
364 0.000000
365 0.000000
366 0.000000
367 0.000000
368 0.000000
369 0.000000
370 0.000000
371 0.000000
372 0.000000
373 0.000000
374 0.000000
375 0.000000
376 0.000000
377 0.000000
378 0.000000
379 0.000000
380 0.000000
381 0.000000
382 0.000000
383 0.000000
384 0.000000
385 0.000000
386 0.000000
387 0.000000
388 0.000000
389 0.000000
390 0.000000
391 0.000000
392 0.000000
393 0.000000
394 0.000000
395 0.000000
396 0.000000
397 0.000000
398 0.000000
399 0.000000
400 0.000000
401 0.000000
402 0.000000
403 0.000000
404 0.000000
405 0.000000
406 0.000000
407 0.000000
408 0.000000
409 0.000000
410 0.000000
411 0.000000
412 0.000000
413 0.000000
414 0.000000
415 0.000000
416 0.000000
417 0.000000
418 0.000000
419 0.000000
420 0.000000
421 0.000000
422 0.000000
423 0.000000
424 0.000000
425 0.000000
426 0.000000
427 0.000000
428 0.000000
429 0.000000
430 0.000000
431 0.000000
432 0.000000
433 0.000000
434 0.000000
435 0.000000
436 0.000000
437 0.000000
438 0.000000
439 0.000000
440 0.000000
441 0.000000
442 0.000000
443 0.000000
444 0.000000
445 0.000000
446 0.000000
447 0.000000
448 0.000000
449 0.000000
450 0.000000
451 0.000000
452 0.000000
453 0.000000
454 0.000000
455 0.000000
456 0.000000
457 0.000000
458 0.000000
459 0.000000
460 0.000000
461 0.000000
462 0.000000
463 0.000000
464 0.000000
465 0.000000
466 0.000000
467 0.000000
468 0.000000
469 0.000000
470 0.000000
471 0.000000
472 0.000000
473 0.000000
474 0.000000
475 0.000000
476 0.000000
477 0.000000
478 0.000000
479 0.000000
480 0.000000
481 0.000000
482 0.000000
483 0.000000
484 0.000000
485 0.000000
486 0.000000
487 0.000000
488 0.000000
489 0.000000
490 0.000000
491 0.000000
492 0.000000
493 0.000000
494 0.000000
495 0.000000
496 0.000000
497 0.000000
498 0.000000
499 0.000000
500 0.000000
