1 3139502.057057
2 2987341.351801
3 3302396.932882
4 3349390.800981
5 3823359.479934
6 4130391.254320
7 4321870.998975
8 4382920.976252
9 4467464.019170
10 4576467.554722
11 4548835.973311
12 4866547.747581
13 5044336.497990
14 5167524.126760
15 5195296.890646
16 5373304.396558
17 5485175.941811
18 5516560.393554
19 5091205.634686
20 5245835.579835
21 4954698.215342
22 5074016.208661
23 5031508.811446
24 5141341.309342
25 5001664.342669
26 4857098.012841
27 4668372.501182
28 4604469.857698
29 4086667.703842
30 4262342.722157
31 4157560.986787
32 4079803.969640
33 4029589.400844
34 3867078.533909
35 3691459.833999
36 3511301.756201
37 3361685.428034
38 3123101.436073
39 3102918.120312
40 2869327.838816
41 2676264.607774
42 2502067.375097
43 2382569.016133
44 2212481.439523
45 2156366.344203
46 2032980.017799
47 1960626.675067
48 1815253.324487
49 1761361.480744
50 1629405.272081
51 1514557.208628
52 1438706.447495
53 1331178.236881
54 1327649.007839
55 1239487.536911
56 1174186.041266
57 1091102.267183
58 1045958.949119
59 997308.882809
60 869458.885909
61 812901.349988
62 756776.028517
63 699899.205220
64 641757.216204
65 572194.253219
66 544349.098983
67 484018.314205
68 435318.750201
69 395994.250666
70 391158.129105
71 359429.881937
72 346574.359963
73 320975.247917
74 301657.618797
75 266271.509757
76 234431.149100
77 205112.267647
78 189396.266894
79 172398.735831
80 143718.118120
81 136551.204942
82 125989.668230
83 114117.494801
84 105542.946951
85 96298.495293
86 83754.746827
87 76330.047287
88 67397.945306
89 58742.920881
90 55846.492090
91 51259.065388
92 45064.812914
93 41157.433893
94 37908.637324
95 33161.755997
96 30786.590843
97 28318.533589
98 24787.640693
99 22348.553760
100 19973.615193
101 18693.283717
102 16755.703643
103 15356.164601
104 13707.649809
105 12546.870111
106 11176.986826
107 10066.810101
108 9206.262081
109 8413.391245
110 7739.873658
111 6726.487496
112 6062.483553
113 5465.818060
114 5000.118641
115 4472.687205
116 3820.657421
117 3674.075446
118 3254.313928
119 2933.359744
120 2583.321363
121 2364.260285
122 2046.965387
123 1879.044317
124 1716.590570
125 1577.731977
126 1391.339948
127 1203.655748
128 1107.002426
129 1017.538634
130 915.208656
131 842.106347
132 753.990258
133 657.281524
134 607.429424
135 555.068137
136 486.655676
137 450.399318
138 405.427084
139 368.404594
140 337.209702
141 312.348808
142 286.701783
143 252.089379
144 232.303543
145 207.267036
146 187.102707
147 170.461857
148 153.028203
149 139.180598
150 127.235610
151 117.683593
152 106.654006
153 98.210475
154 83.069405
155 77.519538
156 67.741562
157 62.589108
158 57.530468
159 51.715268
160 47.959739
161 43.009928
162 39.054674
163 36.151570
164 33.002529
165 29.889462
166 27.158446
167 24.962074
168 22.545119
169 20.282938
170 18.684716
171 16.678498
172 15.400391
173 13.359532
174 12.546428
175 11.620234
176 10.586790
177 9.181934
178 8.524093
179 7.849709
180 7.118075
181 6.465267
182 5.963238
183 5.452655
184 5.007039
185 4.684094
186 4.261760
187 3.935404
188 3.625113
189 3.369930
190 3.036121
191 2.865182
192 2.603687
193 2.420855
194 2.210067
195 2.054734
196 1.888229
197 1.750668
198 1.645201
199 1.535336
200 1.421148
201 1.318077
202 1.210271
203 1.108522
204 1.022810
205 0.957447
206 0.886507
207 0.819826
208 0.758975
209 0.698850
210 0.656532
211 0.601286
212 0.571731
213 0.538180
214 0.513025
215 0.471499
216 0.441657
217 0.416886
218 0.388957
219 0.368755
220 0.342181
221 0.323453
222 0.303559
223 0.280181
224 0.265394
225 0.249758
226 0.236910
227 0.222365
228 0.210090
229 0.197389
230 0.186718
231 0.175227
232 0.162927
233 0.153523
234 0.143807
235 0.135342
236 0.128487
237 0.121292
238 0.113419
239 0.108423
240 0.102906
241 0.095702
242 0.091228
243 0.084751
244 0.081562
245 0.075425
246 0.071666
247 0.066580
248 0.063867
249 0.060345
250 0.057065
251 0.053242
252 0.051029
253 0.048187
254 0.045816
255 0.042518
256 0.040131
257 0.038371
258 0.036015
259 0.034215
260 0.032389
261 0.030938
262 0.029384
263 0.027899
264 0.026581
265 0.025471
266 0.023837
267 0.022932
268 0.021446
269 0.020559
270 0.019651
271 0.018755
272 0.017736
273 0.017032
274 0.016158
275 0.015363
276 0.014581
277 0.014148
278 0.013342
279 0.012774
280 0.012016
281 0.011574
282 0.010999
283 0.010531
284 0.010055
285 0.009565
286 0.009310
287 0.008942
288 0.008553
289 0.008180
290 0.007782
291 0.007558
292 0.007301
293 0.007042
294 0.006758
295 0.006455
296 0.006266
297 0.006030
298 0.005785
299 0.005573
300 0.005348
301 0.005086
302 0.004897
303 0.004726
304 0.004545
305 0.004392
306 0.004241
307 0.004064
308 0.003910
309 0.003811
310 0.003671
311 0.003542
312 0.003373
313 0.003286
314 0.003159
315 0.003038
316 0.002928
317 0.002849
318 0.002749
319 0.002673
320 0.002559
321 0.002485
322 0.002392
323 0.002322
324 0.002251
325 0.002192
326 0.002127
327 0.002070
328 0.001994
329 0.001931
330 0.001872
331 0.001827
332 0.001762
333 0.001703
334 0.001663
335 0.001612
336 0.001564
337 0.001517
338 0.001475
339 0.001441
340 0.001401
341 0.001361
342 0.001310
343 0.001269
344 0.001242
345 0.001201
346 0.001165
347 0.001128
348 0.001101
349 0.001068
350 0.001035
351 0.001001
352 0.000978
353 0.000954
354 0.000926
355 0.000903
356 0.000883
357 0.000860
358 0.000839
359 0.000810
360 0.000798
361 0.000775
362 0.000751
363 0.000734
364 0.000717
365 0.000700
366 0.000685
367 0.000673
368 0.000656
369 0.000641
370 0.000627
371 0.000609
372 0.000596
373 0.000582
374 0.000567
375 0.000557
376 0.000545
377 0.000531
378 0.000518
379 0.000506
380 0.000497
381 0.000486
382 0.000477
383 0.000467
384 0.000457
385 0.000448
386 0.000440
387 0.000432
388 0.000422
389 0.000416
390 0.000408
391 0.000398
392 0.000392
393 0.000385
394 0.000377
395 0.000371
396 0.000365
397 0.000359
398 0.000351
399 0.000346
400 0.000339
401 0.000333
402 0.000327
403 0.000321
404 0.000316
405 0.000311
406 0.000306
407 0.000302
408 0.000295
409 0.000291
410 0.000287
411 0.000281
412 0.000277
413 0.000273
414 0.000270
415 0.000266
416 0.000261
417 0.000257
418 0.000254
419 0.000250
420 0.000247
421 0.000243
422 0.000240
423 0.000237
424 0.000234
425 0.000230
426 0.000228
427 0.000225
428 0.000222
429 0.000219
430 0.000217
431 0.000214
432 0.000212
433 0.000209
434 0.000207
435 0.000205
436 0.000202
437 0.000201
438 0.000198
439 0.000196
440 0.000193
441 0.000192
442 0.000190
443 0.000188
444 0.000186
445 0.000185
446 0.000183
447 0.000181
448 0.000179
449 0.000178
450 0.000176
451 0.000175
452 0.000173
453 0.000172
454 0.000170
455 0.000169
456 0.000168
457 0.000166
458 0.000165
459 0.000164
460 0.000162
461 0.000161
462 0.000160
463 0.000159
464 0.000158
465 0.000157
466 0.000156
467 0.000156
468 0.000155
469 0.000154
470 0.000153
471 0.000152
472 0.000151
473 0.000151
474 0.000150
475 0.000149
476 0.000149
477 0.000148
478 0.000147
479 0.000147
480 0.000146
481 0.000146
482 0.000145
483 0.000145
484 0.000144
485 0.000144
486 0.000144
487 0.000143
488 0.000143
489 0.000143
490 0.000143
491 0.000142
492 0.000142
493 0.000142
494 0.000142
495 0.000142
496 0.000141
497 0.000141
498 0.000141
499 0.000141
500 0.000141
