1 inf
2 inf
3 inf
4 inf
5 100999663352372066907122271491033616255859948448219935293707112493882688179117028448457626707113442417711922715841162271089973506293443833343128586396215928376435313462775905301961118385502104343620084798957961991293979213180539010854451376924203884271840765736232743055261896461528666191408882420287537152.000000
6 5216298650405856151490558026105914290931243011239071967077627511658751165036043471262003438112111493402577127242993454688708119161217333884305229345054616255743618575239233876164491120756373130173293725031291333603353364814990134190622594053262068168869934732524126208.000000
7 17980844940671356261817370935899731320297819777125480609845684008928618278291638187378272632098293781436048050193458219830449843414280611563177852634916660782902774291971539782262029299872063724232203812323879358708671759659256853041300635648.000000
8 21698581722659006668561954512348907711413180262543678281565179072748161667897429628994810049612633729846671550747585816552655893003684197867962601310441002742636473699581637258561915161808870568298049922138112.000000
9 13488834165202172819941799268367466718764697693572171783324039783247628635172612637158344136206016782910878187956434507040703307637685224391562741365349178190144997200630628570414186496.000000
10 700791323943623037486004889637801429058289365805811655374121993561865066116792221338833654353976782763815158364578954727936542777696230242774304161792.000000
11 18174582893665750189497249200606816241324255289144523504711502366385223700179200599159454032408245016052318389100718587904.000000
12 17176886656885024180539128913070895099804258328530754995906258530216303224331001117215601872338944.000000
13 422013201418712890907299282665102745429530625168362804984728448569247268864.000000
14 10346152217873090341267841932014775216307296320618496.000000
15 787021198517629076205015519985664.000000
16 4995.306887
17 3972.983951
18 3859.999041
19 3908.015464
20 2772.760646
21 2885.923943
22 3076.627976
23 2767.574633
24 2288.607958
25 2245.106646
26 1692.259897
27 1243.728366
28 994.556733
29 671.981158
30 491.963940
31 416.730826
32 350.665793
33 319.070641
34 283.476886
35 225.288360
36 143.633564
37 134.039384
38 101.686057
39 55.042010
40 28.647736
41 18.874673
42 14.697617
43 10.854709
44 8.430486
45 7.704547
46 6.336024
47 5.023726
48 4.755682
49 5.405647
50 3.448832
51 3.156456
52 3.288133
53 3.006607
54 2.703788
55 2.148158
56 2.027820
57 1.654303
58 1.598249
59 1.396078
60 1.229150
61 1.076952
62 0.963575
63 0.818125
64 0.755692
65 0.649933
66 0.561237
67 0.472389
68 0.392789
69 0.379024
70 0.372109
71 0.277500
72 0.242194
73 0.217535
74 0.174963
75 0.143467
76 0.115829
77 0.079228
78 0.075222
79 0.063683
80 0.045962
81 0.040380
82 0.038836
83 0.035114
84 0.028953
85 0.021917
86 0.017703
87 0.015604
88 0.011796
89 0.009573
90 0.008042
91 0.006692
92 0.005495
93 0.003635
94 0.002789
95 0.002478
96 0.001861
97 0.001537
98 0.001194
99 0.000891
100 0.000740
101 0.000595
102 0.000543
103 0.000433
104 0.000333
105 0.000263
106 0.000216
107 0.000185
108 0.000170
109 0.000162
110 0.000133
111 0.000118
112 0.000110
113 0.000094
114 0.000069
115 0.000057
116 0.000042
117 0.000040
118 0.000034
119 0.000026
120 0.000020
121 0.000018
122 0.000014
123 0.000012
124 0.000010
125 0.000009
126 0.000006
127 0.000004
128 0.000003
129 0.000003
130 0.000002
131 0.000002
132 0.000001
133 0.000001
134 0.000001
135 0.000000
136 0.000000
137 0.000000
138 0.000000
139 0.000000
140 0.000000
141 0.000000
142 0.000000
143 0.000000
144 0.000000
145 0.000000
146 0.000000
147 0.000000
148 0.000000
149 0.000000
150 0.000000
151 0.000000
152 0.000000
153 0.000000
154 0.000000
155 0.000000
156 0.000000
157 0.000000
158 0.000000
159 0.000000
160 0.000000
161 0.000000
162 0.000000
163 0.000000
164 0.000000
165 0.000000
166 0.000000
167 0.000000
168 0.000000
169 0.000000
170 0.000000
171 0.000000
172 0.000000
173 0.000000
174 0.000000
175 0.000000
176 0.000000
177 0.000000
178 0.000000
179 0.000000
180 0.000000
181 0.000000
182 0.000000
183 0.000000
184 0.000000
185 0.000000
186 0.000000
187 0.000000
188 0.000000
189 0.000000
190 0.000000
191 0.000000
192 0.000000
193 0.000000
194 0.000000
195 0.000000
196 0.000000
197 0.000000
198 0.000000
199 0.000000
200 0.000000
201 0.000000
202 0.000000
203 0.000000
204 0.000000
205 0.000000
206 0.000000
207 0.000000
208 0.000000
209 0.000000
210 0.000000
211 0.000000
212 0.000000
213 0.000000
214 0.000000
215 0.000000
216 0.000000
217 0.000000
218 0.000000
219 0.000000
220 0.000000
221 0.000000
222 0.000000
223 0.000000
224 0.000000
225 0.000000
226 0.000000
227 0.000000
228 0.000000
229 0.000000
230 0.000000
231 0.000000
232 0.000000
233 0.000000
234 0.000000
235 0.000000
236 0.000000
237 0.000000
238 0.000000
239 0.000000
240 0.000000
241 0.000000
242 0.000000
243 0.000000
244 0.000000
245 0.000000
246 0.000000
247 0.000000
248 0.000000
249 0.000000
250 0.000000
251 0.000000
252 0.000000
253 0.000000
254 0.000000
255 0.000000
256 0.000000
257 0.000000
258 0.000000
259 0.000000
260 0.000000
261 0.000000
262 0.000000
263 0.000000
264 0.000000
265 0.000000
266 0.000000
267 0.000000
268 0.000000
269 0.000000
270 0.000000
271 0.000000
272 0.000000
273 0.000000
274 0.000000
275 0.000000
276 0.000000
277 0.000000
278 0.000000
279 0.000000
280 0.000000
281 0.000000
282 0.000000
283 0.000000
284 0.000000
285 0.000000
286 0.000000
287 0.000000
288 0.000000
289 0.000000
290 0.000000
291 0.000000
292 0.000000
293 0.000000
294 0.000000
295 0.000000
296 0.000000
297 0.000000
298 0.000000
299 0.000000
300 0.000000
301 0.000000
302 0.000000
303 0.000000
304 0.000000
305 0.000000
306 0.000000
307 0.000000
308 0.000000
309 0.000000
310 0.000000
311 0.000000
312 0.000000
313 0.000000
314 0.000000
315 0.000000
316 0.000000
317 0.000000
318 0.000000
319 0.000000
320 0.000000
321 0.000000
322 0.000000
323 0.000000
324 0.000000
325 0.000000
326 0.000000
327 0.000000
328 0.000000
329 0.000000
330 0.000000
331 0.000000
332 0.000000
333 0.000000
334 0.000000
335 0.000000
336 0.000000
337 0.000000
338 0.000000
339 0.000000
340 0.000000
341 0.000000
342 0.000000
343 0.000000
344 0.000000
345 0.000000
346 0.000000
347 0.000000
348 0.000000
349 0.000000
350 0.000000
351 0.000000
352 0.000000
353 0.000000
354 0.000000
355 0.000000
356 0.000000
357 0.000000
358 0.000000
359 0.000000
360 0.000000
361 0.000000
362 0.000000
363 0.000000
364 0.000000
365 0.000000
366 0.000000
367 0.000000
368 0.000000
369 0.000000
370 0.000000
371 0.000000
372 0.000000
373 0.000000
374 0.000000
375 0.000000
376 0.000000
377 0.000000
378 0.000000
379 0.000000
380 0.000000
381 0.000000
382 0.000000
383 0.000000
384 0.000000
385 0.000000
386 0.000000
387 0.000000
388 0.000000
389 0.000000
390 0.000000
391 0.000000
392 0.000000
393 0.000000
394 0.000000
395 0.000000
396 0.000000
397 0.000000
398 0.000000
399 0.000000
400 0.000000
401 0.000000
402 0.000000
403 0.000000
404 0.000000
405 0.000000
406 0.000000
407 0.000000
408 0.000000
409 0.000000
410 0.000000
411 0.000000
412 0.000000
413 0.000000
414 0.000000
415 0.000000
416 0.000000
417 0.000000
418 0.000000
419 0.000000
420 0.000000
421 0.000000
422 0.000000
423 0.000000
424 0.000000
425 0.000000
426 0.000000
427 0.000000
428 0.000000
429 0.000000
430 0.000000
431 0.000000
432 0.000000
433 0.000000
434 0.000000
435 0.000000
436 0.000000
437 0.000000
438 0.000000
439 0.000000
440 0.000000
441 0.000000
442 0.000000
443 0.000000
444 0.000000
445 0.000000
446 0.000000
447 0.000000
448 0.000000
449 0.000000
450 0.000000
451 0.000000
452 0.000000
453 0.000000
454 0.000000
455 0.000000
456 0.000000
457 0.000000
458 0.000000
459 0.000000
460 0.000000
461 0.000000
462 0.000000
463 0.000000
464 0.000000
465 0.000000
466 0.000000
467 0.000000
468 0.000000
469 0.000000
470 0.000000
471 0.000000
472 0.000000
473 0.000000
474 0.000000
475 0.000000
476 0.000000
477 0.000000
478 0.000000
479 0.000000
480 0.000000
481 0.000000
482 0.000000
483 0.000000
484 0.000000
485 0.000000
486 0.000000
487 0.000000
488 0.000000
489 0.000000
490 0.000000
491 0.000000
492 0.000000
493 0.000000
494 0.000000
495 0.000000
496 0.000000
497 0.000000
498 0.000000
499 0.000000
500 0.000000
