1 17499232.441926
2 50311750.839972
3 49346748.219662
4 75630358.598109
5 155686867.338197
6 170668575.316977
7 276439893.837706
8 402910180.779126
9 502927055.254908
10 951264700.742298
11 775788477.113050
12 1772736943.901371
13 1553134749.300884
14 2300089415.513762
15 2642824029.540757
16 2425703760.899214
17 5008902296.210191
18 5478352881.900698
19 9613323405.945251
20 8776313402.395697
21 18460868192.036938
22 15327727308.097748
23 20312825101.273037
24 50979769115.474350
25 48762155494.851540
26 40203609242.568756
27 50211192867.928886
28 57893944515.187973
29 100516331757.681259
30 176978491933.247162
31 115503603020.271622
32 142975927958.417328
33 278452006264.609009
34 409495930582.268066
35 913850487333.477661
36 915466815485.379028
37 704398163580.503418
38 900941329850.032959
39 799452096003.452881
40 1020250697125.098877
41 1169703750476.212402
42 1030125874568.460938
43 1106397685846.639893
44 1661764986300.714600
45 2028465264780.683594
46 2253495907532.419434
47 2830635773598.475098
48 2438901228979.526367
49 5103416760605.319336
50 8385259459413.898438
51 7283367794364.682617
52 10486342809784.011719
53 10717924744204.255859
54 14163094951105.548828
55 18313586578601.281250
56 23306768214576.632812
57 17488545681434.677734
58 28274200672222.144531
59 35065783541611.804688
60 52431863546320.351562
61 41157945230663.226562
62 48454808120907.984375
63 36844086897821.789062
64 42317412931593.070312
65 36123616133147.398438
66 45420595227023.054688
67 50989916313007.640625
68 89882215593635.093750
69 102659607408178.375000
70 114418699141688.859375
71 79710490928311.234375
72 98798279136923.078125
73 153981855529494.031250
74 90472272373137.968750
75 84772628866641.828125
76 106675408676632.718750
77 60940882898994.046875
78 78204645567425.734375
79 56272166947412.757812
80 61833078172202.421875
81 76594524210491.968750
82 90502333270335.734375
83 80238245529696.093750
84 74147347970564.593750
85 107607882053395.609375
86 138730042616225.953125
87 85442365686188.593750
88 119395536998686.593750
89 144530757552755.250000
90 109650457994509.968750
91 143886876701188.781250
92 143518383219340.593750
93 142285898681410.062500
94 157475236162962.250000
95 99489905500885.953125
96 92549676332355.718750
97 61198211067647.734375
98 72234610551980.921875
99 72184031324907.859375
100 55072872757997.578125
101 40967386288973.765625
102 41393676462614.609375
103 22727152222404.585938
104 27973712603603.835938
105 22460803711186.875000
106 38447731830871.851562
107 43142728112817.414062
108 34033063789061.515625
109 23615509121594.582031
110 22954859974304.445312
111 34566600067098.894531
112 29877759312544.449219
113 39957014346238.335938
114 38296069860286.429688
115 24974382565794.171875
116 21178727547076.027344
117 18644079390618.152344
118 15839320375547.332031
119 13890729699642.480469
120 10099645996109.937500
121 8781230631119.209961
122 6295091655093.995117
123 6417083269802.746094
124 5048677532391.982422
125 5774717730529.885742
126 3186864731784.340332
127 4394524899623.245117
128 4712345856954.113281
129 3802730962560.969238
130 2683317498931.006836
131 3614148605823.378418
132 2534293766373.812500
133 2746741520764.223633
134 1249414866823.010010
135 530012756997.874146
136 594362324668.254395
137 1169992727616.686279
138 809477990941.639038
139 849249347036.268799
140 594941224972.358032
141 305302007075.141907
142 328691931150.743286
143 303579393266.803650
144 162560512873.939117
145 146653139089.205444
146 101691697994.283783
147 78968738667.884216
148 83562920786.562271
149 95497007622.414200
150 94281045050.122345
151 52395909781.251854
152 61532293170.177361
153 39680153108.625130
154 27106890843.648827
155 21350055872.079216
156 17055084166.556849
157 15276395164.068233
158 11445739654.613461
159 10434686806.066637
160 8408303535.435479
161 5319249850.003014
162 4844913830.345637
163 3330092083.472668
164 2091474403.414883
165 1942425016.949101
166 1309253227.896574
167 802906128.703497
168 952460778.542143
169 735165372.750248
170 658239950.430185
171 671831517.125395
172 485421119.475751
173 365637750.847497
174 318973312.337464
175 241331847.828291
176 218376656.670957
177 134798924.316702
178 98120951.726648
179 67908292.691482
180 60965648.286350
181 38552887.445984
182 17397696.355515
183 12521431.116671
184 10350944.561630
185 7471166.244786
186 4528646.145482
187 3034957.773106
188 1832390.888299
189 1592408.472487
190 1142502.322058
191 933053.510787
192 885291.524163
193 778548.890379
194 525524.726379
195 422112.582256
196 302595.777022
197 256733.632428
198 138322.089494
199 108853.186222
200 90733.918411
201 58455.075217
202 42933.040120
203 28523.186440
204 24144.372349
205 19788.925507
206 12391.397016
207 7693.174833
208 5621.304640
209 3729.738904
210 2627.202653
211 1299.682142
212 1073.535555
213 949.356704
214 649.642006
215 320.742529
216 227.789881
217 259.103277
218 153.227812
219 84.666452
220 64.116318
221 47.094949
222 30.335196
223 22.371605
224 11.864698
225 5.880293
226 4.011187
227 2.647453
228 2.123071
229 1.062612
230 0.791125
231 0.468214
232 0.379401
233 0.211019
234 0.145599
235 0.098655
236 0.079980
237 0.056081
238 0.034605
239 0.022969
240 0.014951
241 0.010592
242 0.006837
243 0.004428
244 0.002508
245 0.002101
246 0.001278
247 0.000692
248 0.000389
249 0.000205
250 0.000153
251 0.000087
252 0.000060
253 0.000037
254 0.000023
255 0.000008
256 0.000005
257 0.000003
258 0.000002
259 0.000002
260 0.000001
261 0.000001
262 0.000000
263 0.000000
264 0.000000
265 0.000000
266 0.000000
267 0.000000
268 0.000000
269 0.000000
270 0.000000
271 0.000000
272 0.000000
273 0.000000
274 0.000000
275 0.000000
276 0.000000
277 0.000000
278 0.000000
279 0.000000
280 0.000000
281 0.000000
282 0.000000
283 0.000000
284 0.000000
285 0.000000
286 0.000000
287 0.000000
288 0.000000
289 0.000000
290 0.000000
291 0.000000
292 0.000000
293 0.000000
294 0.000000
295 0.000000
296 0.000000
297 0.000000
298 0.000000
299 0.000000
300 0.000000
301 0.000000
302 0.000000
303 0.000000
304 0.000000
305 0.000000
306 0.000000
307 0.000000
308 0.000000
309 0.000000
310 0.000000
311 0.000000
312 0.000000
313 0.000000
314 0.000000
315 0.000000
316 0.000000
317 0.000000
318 0.000000
319 0.000000
320 0.000000
321 0.000000
322 0.000000
323 0.000000
324 0.000000
325 0.000000
326 0.000000
327 0.000000
328 0.000000
329 0.000000
330 0.000000
331 0.000000
332 0.000000
333 0.000000
334 0.000000
335 0.000000
336 0.000000
337 0.000000
338 0.000000
339 0.000000
340 0.000000
341 0.000000
342 0.000000
343 0.000000
344 0.000000
345 0.000000
346 0.000000
347 0.000000
348 0.000000
349 0.000000
350 0.000000
351 0.000000
352 0.000000
353 0.000000
354 0.000000
355 0.000000
356 0.000000
357 0.000000
358 0.000000
359 0.000000
360 0.000000
361 0.000000
362 0.000000
363 0.000000
364 0.000000
365 0.000000
366 0.000000
367 0.000000
368 0.000000
369 0.000000
370 0.000000
371 0.000000
372 0.000000
373 0.000000
374 0.000000
375 0.000000
376 0.000000
377 0.000000
378 0.000000
379 0.000000
380 0.000000
381 0.000000
382 0.000000
383 0.000000
384 0.000000
385 0.000000
386 0.000000
387 0.000000
388 0.000000
389 0.000000
390 0.000000
391 0.000000
392 0.000000
393 0.000000
394 0.000000
395 0.000000
396 0.000000
397 0.000000
398 0.000000
399 0.000000
400 0.000000
401 0.000000
402 0.000000
403 0.000000
404 0.000000
405 0.000000
406 0.000000
407 0.000000
408 0.000000
409 0.000000
410 0.000000
411 0.000000
412 0.000000
413 0.000000
414 0.000000
415 0.000000
416 0.000000
417 0.000000
418 0.000000
419 0.000000
420 0.000000
421 0.000000
422 0.000000
423 0.000000
424 0.000000
425 0.000000
426 0.000000
427 0.000000
428 0.000000
429 0.000000
430 0.000000
431 0.000000
432 0.000000
433 0.000000
434 0.000000
435 0.000000
436 0.000000
437 0.000000
438 0.000000
439 0.000000
440 0.000000
441 0.000000
442 0.000000
443 0.000000
444 0.000000
445 0.000000
446 0.000000
447 0.000000
448 0.000000
449 0.000000
450 0.000000
451 0.000000
452 0.000000
453 0.000000
454 0.000000
455 0.000000
456 0.000000
457 0.000000
458 0.000000
459 0.000000
460 0.000000
461 0.000000
462 0.000000
463 0.000000
464 0.000000
465 0.000000
466 0.000000
467 0.000000
468 0.000000
469 0.000000
470 0.000000
471 0.000000
472 0.000000
473 0.000000
474 0.000000
475 0.000000
476 0.000000
477 0.000000
478 0.000000
479 0.000000
480 0.000000
481 0.000000
482 0.000000
483 0.000000
484 0.000000
485 0.000000
486 0.000000
487 0.000000
488 0.000000
489 0.000000
490 0.000000
491 0.000000
492 0.000000
493 0.000000
494 0.000000
495 0.000000
496 0.000000
497 0.000000
498 0.000000
499 0.000000
500 0.000000
