1 inf
2 inf
3 inf
4 inf
5 inf
6 inf
7 inf
8 inf
9 inf
10 inf
11 inf
12 inf
13 13054553038794915516101888508817112617858023147649471883168885254915829775657436834347403077623515519144507800610137312133043686611325431872704031968699258645105301907805910560450151300550803960909783596936658789536129583761747468567327214818541229965968272547999737919699342637939881319531562010077560832.000000
14 647901371215479398885797741010107260014121392033582834309287475993315985514069515954884277539409630751850477891137301558164072713580728788660710193456025781276455742960603509128290845201370822471077577981767832260062747269633038418263694582911452217484014691618119590113410386029858048087949312.000000
15 6945099268455964018502044376199707648028817272393423748114798428251361908057404576418577749042531783978120092373364450999103869690096844141993934563596053544617188418169882555546484515111301604063813891184723326111163418886076696738429070650994009774150710441181525270995876049101363609600.000000
16 181710093551716605569977179405930527150519342859352974032546820677106347042322677016188675165333547443369418858379948297632151767583997208569585660064100363704534763893362064781710311804022171122230675424134690393421770800462698146604921364468110508401104708340649912980765174398976.000000
17 2021401919417038499622581987057154552739944247278287217631921645857448430298052413415703937386577528621225455190494312974482570293693354458663195429249659154291446398487600256118039292135332478218323765213364235997447536365163858375472718780493973789782375885844716460179456.000000
18 246272939577212527403697595399940830335827338656886112770854175057016411027621285501704888993957159248799890509152274032287750302369898825364593318788710163827944435945261583962508017482334502439227558476655662434167962287851319881684395579091203311158904609084276736.000000
19 2525100111140111351113934775433756934014779014995824362779754286032821107784477061847041660615134950353653313627440943503337750827326030696414465840343776489540707897881671238377966217540816449616116510481752175616801728204240891006649136264217920274432.000000
20 501516209572371793117415866220275140452262479056207221096352233031501237142025987812868008757576911374635176613279049932172831118384027090944956316062464528438329778621507245366034430396686946444495594410620604353436856521132962580419109166514176.000000
21 167508031346766145112798703754616159516857230158569561108873684260329470686702103603564342905214848876279500481276714501356701175068968105217037928032791353359300785079412321120323160878416154510554489104457271751882624338447710454554820608.000000
22 48879100252015214776898157072400101373774891632069776042868699444570090081385935869645051667242222852119074724184634656341135257498009846456134624387712646580956560145183341728287765222589754856258899109408654502379256044261998592.000000
23 302547847538665881578138354134008665854795380033725217831655660178215136722905438950427995687272474272682104827960363060557280893891542509303759820291269801403978715328899121100111746678972237894703351739097428425382559744.000000
24 1046051588390342586078360679412537224795215779096806758522789266695360529671536618449618839224630469879624595579865687324780185382773526868843238297145214379379464332635121125455010094631122258415662435565993721856.000000
25 3018391530537454873306912596826496034816565392509165874011471124191916468451074063987937264293990978939048092231806715109585628841750651273279236878452841239293691130578527857034448111785980443519206148800512.000000
26 303693916031475509277758482304779562920857610544886339321593209055506505541082318146341206307136968945776858131534331171695026189317524163682605427033452047962877353156161242934764033085014016.000000
27 1651971515523063458001148044613840322282030365584682330622166643050881045456159468388109118583987898981585983612483623252658577937488962495334297527775969503905725263426546409260312560593306386432.000000
28 10893928583018948467153024180240776719150619539371840573571008884839544251584654188316077116187547053884156866681904409637230109995049379099807773906116731402648802893336600903680.000000
29 156112222920141424611624557608260845693451050743143271035496720420115292803429726074378827268034034945669714779447702045131046483346402941635421372437237284038183311493824512.000000
30 165885697649024032638773681275708438276741884249540186924974065362787130717297661707822215361894228635180183600760126179815863787526275284806509912322973189723851325440.000000
31 634517170404065338748531816938287579095250013566205462464034246092384988416639677743259827963427515227091356241569020887131727741036398994497065361342464.000000
32 29257509049676474549533874748530989780007161734402390085493268039682562283392161185149223336810069313821157150712497973514084165531197392373678080.000000
33 1922600323770133074620011224720916449660051717364251902333640363857162873755949379885139270186562664449445408213724099754043874738176.000000
34 320198721734968269870666756806664059730170893120401458521704786439856657533177239553745126339817983971564322970512516752225599488.000000
35 576047561645003133160166719068270044066452229821775225985931779566642532062869660175904757396924365790627278066157457231577088.000000
36 35086281139665508987276573414819627547426518067770683090570323236784691813604791998098673692786618198392832.000000
37 256008755578801468824587852861370012489412858913477969590409175551117169295038198205898922902765151715328.000000
38 107131182034031448700644174822547123609864490738248652352365222771959159863210206259590525295263744.000000
39 81781692058507381630448015637694727404340879915774740133361888895706753460967019301044224.000000
40 653125470237140029695080505450113072050707254485959375416835204385279028756480.000000
41 317639701074037256919481056697371058066011131816028217932087558144.000000
42 13243183463363699257540355011592811016123615121214799872.000000
43 12968730260372390094876588400999064685414790987776.000000
44 1163690369871911136159773694623744.000000
45 142514083919806868932805001216.000000
46 673297361882891.625000
47 10060.549002
48 4412.079767
49 3741.299771
50 2597.115182
51 2197.083064
52 1856.950875
53 1494.980809
54 1253.863111
55 1098.158027
56 959.215421
57 824.993726
58 713.400105
59 640.543069
60 552.947705
61 485.304414
62 414.821036
63 372.251175
64 300.548564
65 278.706830
66 236.192517
67 214.631635
68 190.301546
69 168.952636
70 150.025019
71 123.370151
72 113.493575
73 99.437885
74 88.449844
75 77.767842
76 70.836665
77 61.570562
78 54.786351
79 47.299552
80 41.842723
81 37.886220
82 34.151725
83 29.804208
84 26.552227
85 24.552136
86 21.825081
87 17.513229
88 15.941155
89 14.739820
90 12.917476
91 11.585869
92 10.150817
93 9.275075
94 7.814783
95 7.273532
96 6.543913
97 5.882318
98 5.222344
99 4.758456
100 4.197897
101 3.797834
102 3.489695
103 3.171954
104 2.821324
105 2.466199
106 2.178946
107 1.935913
108 1.782341
109 1.616396
110 1.443034
111 1.307807
112 1.179752
113 1.035990
114 0.947561
115 0.832957
116 0.742943
117 0.633939
118 0.570354
119 0.515025
120 0.453447
121 0.403598
122 0.358907
123 0.315938
124 0.279929
125 0.254583
126 0.225616
127 0.196682
128 0.173464
129 0.154686
130 0.133725
131 0.121821
132 0.108812
133 0.095851
134 0.085353
135 0.076468
136 0.069708
137 0.062091
138 0.055885
139 0.049978
140 0.045415
141 0.039950
142 0.035983
143 0.031726
144 0.028414
145 0.025290
146 0.022090
147 0.020043
148 0.017656
149 0.016208
150 0.014240
151 0.013004
152 0.011793
153 0.010545
154 0.009611
155 0.008856
156 0.008011
157 0.007130
158 0.006573
159 0.005864
160 0.005248
161 0.004871
162 0.004459
163 0.003985
164 0.003687
165 0.003383
166 0.003060
167 0.002768
168 0.002500
169 0.002303
170 0.002118
171 0.001929
172 0.001752
173 0.001592
174 0.001494
175 0.001351
176 0.001223
177 0.001133
178 0.001030
179 0.000946
180 0.000864
181 0.000786
182 0.000718
183 0.000663
184 0.000585
185 0.000552
186 0.000505
187 0.000467
188 0.000427
189 0.000390
190 0.000359
191 0.000330
192 0.000297
193 0.000271
194 0.000250
195 0.000233
196 0.000215
197 0.000196
198 0.000184
199 0.000172
200 0.000157
201 0.000147
202 0.000135
203 0.000126
204 0.000116
205 0.000107
206 0.000098
207 0.000091
208 0.000086
209 0.000081
210 0.000075
211 0.000069
212 0.000065
213 0.000061
214 0.000056
215 0.000053
216 0.000050
217 0.000046
218 0.000043
219 0.000041
220 0.000038
221 0.000036
222 0.000034
223 0.000031
224 0.000029
225 0.000028
226 0.000026
227 0.000025
228 0.000023
229 0.000022
230 0.000021
231 0.000019
232 0.000018
233 0.000017
234 0.000016
235 0.000016
236 0.000015
237 0.000014
238 0.000013
239 0.000012
240 0.000012
241 0.000011
242 0.000011
243 0.000010
244 0.000009
245 0.000009
246 0.000009
247 0.000008
248 0.000008
249 0.000007
250 0.000007
251 0.000007
252 0.000006
253 0.000006
254 0.000006
255 0.000005
256 0.000005
257 0.000005
258 0.000005
259 0.000004
260 0.000004
261 0.000004
262 0.000004
263 0.000004
264 0.000003
265 0.000003
266 0.000003
267 0.000003
268 0.000003
269 0.000003
270 0.000003
271 0.000003
272 0.000002
273 0.000002
274 0.000002
275 0.000002
276 0.000002
277 0.000002
278 0.000002
279 0.000002
280 0.000002
281 0.000002
282 0.000002
283 0.000002
284 0.000001
285 0.000001
286 0.000001
287 0.000001
288 0.000001
289 0.000001
290 0.000001
291 0.000001
292 0.000001
293 0.000001
294 0.000001
295 0.000001
296 0.000001
297 0.000001
298 0.000001
299 0.000001
300 0.000001
301 0.000001
302 0.000001
303 0.000001
304 0.000001
305 0.000001
306 0.000001
307 0.000001
308 0.000001
309 0.000001
310 0.000001
311 0.000001
312 0.000001
313 0.000000
314 0.000000
315 0.000000
316 0.000000
317 0.000000
318 0.000000
319 0.000000
320 0.000000
321 0.000000
322 0.000000
323 0.000000
324 0.000000
325 0.000000
326 0.000000
327 0.000000
328 0.000000
329 0.000000
330 0.000000
331 0.000000
332 0.000000
333 0.000000
334 0.000000
335 0.000000
336 0.000000
337 0.000000
338 0.000000
339 0.000000
340 0.000000
341 0.000000
342 0.000000
343 0.000000
344 0.000000
345 0.000000
346 0.000000
347 0.000000
348 0.000000
349 0.000000
350 0.000000
351 0.000000
352 0.000000
353 0.000000
354 0.000000
355 0.000000
356 0.000000
357 0.000000
358 0.000000
359 0.000000
360 0.000000
361 0.000000
362 0.000000
363 0.000000
364 0.000000
365 0.000000
366 0.000000
367 0.000000
368 0.000000
369 0.000000
370 0.000000
371 0.000000
372 0.000000
373 0.000000
374 0.000000
375 0.000000
376 0.000000
377 0.000000
378 0.000000
379 0.000000
380 0.000000
381 0.000000
382 0.000000
383 0.000000
384 0.000000
385 0.000000
386 0.000000
387 0.000000
388 0.000000
389 0.000000
390 0.000000
391 0.000000
392 0.000000
393 0.000000
394 0.000000
395 0.000000
396 0.000000
397 0.000000
398 0.000000
399 0.000000
400 0.000000
401 0.000000
402 0.000000
403 0.000000
404 0.000000
405 0.000000
406 0.000000
407 0.000000
408 0.000000
409 0.000000
410 0.000000
411 0.000000
412 0.000000
413 0.000000
414 0.000000
415 0.000000
416 0.000000
417 0.000000
418 0.000000
419 0.000000
420 0.000000
421 0.000000
422 0.000000
423 0.000000
424 0.000000
425 0.000000
426 0.000000
427 0.000000
428 0.000000
429 0.000000
430 0.000000
431 0.000000
432 0.000000
433 0.000000
434 0.000000
435 0.000000
436 0.000000
437 0.000000
438 0.000000
439 0.000000
440 0.000000
441 0.000000
442 0.000000
443 0.000000
444 0.000000
445 0.000000
446 0.000000
447 0.000000
448 0.000000
449 0.000000
450 0.000000
451 0.000000
452 0.000000
453 0.000000
454 0.000000
455 0.000000
456 0.000000
457 0.000000
458 0.000000
459 0.000000
460 0.000000
461 0.000000
462 0.000000
463 0.000000
464 0.000000
465 0.000000
466 0.000000
467 0.000000
468 0.000000
469 0.000000
470 0.000000
471 0.000000
472 0.000000
473 0.000000
474 0.000000
475 0.000000
476 0.000000
477 0.000000
478 0.000000
479 0.000000
480 0.000000
481 0.000000
482 0.000000
483 0.000000
484 0.000000
485 0.000000
486 0.000000
487 0.000000
488 0.000000
489 0.000000
490 0.000000
491 0.000000
492 0.000000
493 0.000000
494 0.000000
495 0.000000
496 0.000000
497 0.000000
498 0.000000
499 0.000000
500 0.000000
