1 1452005.308456
2 1534561.986026
3 1502289.897076
4 1714910.819514
5 1535287.943509
6 1738003.912266
7 1656182.074028
8 1567000.766565
9 1680101.534909
10 1678554.215368
11 1637693.764774
12 1578157.711114
13 1586524.297962
14 1588084.636467
15 1565030.869993
16 1506264.260739
17 1468909.966634
18 1380567.977912
19 1307279.453197
20 1297464.207944
21 1275695.793945
22 1182023.241399
23 1143175.170809
24 1093766.295807
25 1009679.508673
26 930033.724371
27 929403.378385
28 870074.581933
29 826895.585168
30 738369.261069
31 690311.586329
32 613345.351507
33 570253.408302
34 530297.617834
35 473462.840253
36 447699.690945
37 397172.067088
38 388248.320036
39 324776.566848
40 304813.886368
41 279161.692201
42 249099.659156
43 222426.193549
44 204406.256917
45 176767.288169
46 169184.479819
47 149692.825611
48 134652.145157
49 121895.207359
50 112092.976536
51 103646.229869
52 96400.956238
53 85702.723385
54 76684.630748
55 69233.850355
56 64543.684561
57 57831.432601
58 51681.431509
59 48437.244230
60 41630.277438
61 38081.395726
62 34019.609468
63 31916.575871
64 27682.801191
65 24901.456568
66 22885.349592
67 18257.803792
68 17185.967915
69 15868.351114
70 13990.094101
71 12412.495347
72 10976.061353
73 10148.007064
74 8920.581950
75 7660.844005
76 6752.644917
77 6046.911562
78 5350.056365
79 4371.731896
80 3956.445696
81 3628.379084
82 3366.979500
83 2920.046762
84 2543.382887
85 2206.663640
86 1910.435761
87 1560.700392
88 1413.268463
89 1204.870346
90 1042.132555
91 902.705632
92 789.955811
93 663.326905
94 593.093776
95 522.183710
96 474.698714
97 402.768550
98 359.709309
99 315.587850
100 273.546305
101 242.600195
102 194.593312
103 176.322137
104 154.952359
105 135.796220
106 115.461580
107 101.058655
108 85.079753
109 73.455604
110 63.443844
111 54.999893
112 47.729191
113 41.223382
114 36.879667
115 31.647298
116 28.992768
117 23.970795
118 20.374249
119 17.620582
120 15.587859
121 13.602535
122 11.843852
123 10.552164
124 8.693860
125 7.502794
126 6.543480
127 5.597464
128 4.700927
129 4.121826
130 3.502359
131 3.059877
132 2.504601
133 2.308880
134 1.927689
135 1.637243
136 1.457684
137 1.238042
138 1.075883
139 0.917016
140 0.768189
141 0.682244
142 0.593271
143 0.516831
144 0.456889
145 0.392150
146 0.346877
147 0.289181
148 0.256694
149 0.226854
150 0.201858
151 0.176102
152 0.155287
153 0.140691
154 0.122381
155 0.107368
156 0.093243
157 0.083282
158 0.074825
159 0.067170
160 0.059516
161 0.053951
162 0.049524
163 0.043172
164 0.039292
165 0.035479
166 0.031711
167 0.028146
168 0.024848
169 0.022278
170 0.020157
171 0.017754
172 0.016290
173 0.014944
174 0.013709
175 0.011981
176 0.010371
177 0.009557
178 0.008522
179 0.007776
180 0.006949
181 0.006025
182 0.005412
183 0.004908
184 0.004316
185 0.003862
186 0.003391
187 0.003077
188 0.002771
189 0.002451
190 0.002178
191 0.001992
192 0.001812
193 0.001618
194 0.001429
195 0.001312
196 0.001192
197 0.001084
198 0.000983
199 0.000913
200 0.000831
201 0.000753
202 0.000695
203 0.000623
204 0.000582
205 0.000531
206 0.000483
207 0.000433
208 0.000399
209 0.000360
210 0.000323
211 0.000301
212 0.000279
213 0.000259
214 0.000236
215 0.000216
216 0.000201
217 0.000188
218 0.000170
219 0.000157
220 0.000147
221 0.000136
222 0.000126
223 0.000115
224 0.000105
225 0.000099
226 0.000091
227 0.000084
228 0.000078
229 0.000073
230 0.000067
231 0.000062
232 0.000057
233 0.000051
234 0.000048
235 0.000045
236 0.000042
237 0.000039
238 0.000036
239 0.000033
240 0.000031
241 0.000029
242 0.000027
243 0.000025
244 0.000023
245 0.000021
246 0.000020
247 0.000019
248 0.000017
249 0.000016
250 0.000015
251 0.000014
252 0.000013
253 0.000012
254 0.000012
255 0.000011
256 0.000010
257 0.000010
258 0.000009
259 0.000008
260 0.000008
261 0.000007
262 0.000007
263 0.000006
264 0.000006
265 0.000006
266 0.000005
267 0.000005
268 0.000005
269 0.000004
270 0.000004
271 0.000004
272 0.000004
273 0.000003
274 0.000003
275 0.000003
276 0.000003
277 0.000003
278 0.000003
279 0.000002
280 0.000002
281 0.000002
282 0.000002
283 0.000002
284 0.000002
285 0.000002
286 0.000002
287 0.000002
288 0.000001
289 0.000001
290 0.000001
291 0.000001
292 0.000001
293 0.000001
294 0.000001
295 0.000001
296 0.000001
297 0.000001
298 0.000001
299 0.000001
300 0.000001
301 0.000001
302 0.000001
303 0.000001
304 0.000001
305 0.000001
306 0.000001
307 0.000001
308 0.000001
309 0.000001
310 0.000000
311 0.000000
312 0.000000
313 0.000000
314 0.000000
315 0.000000
316 0.000000
317 0.000000
318 0.000000
319 0.000000
320 0.000000
321 0.000000
322 0.000000
323 0.000000
324 0.000000
325 0.000000
326 0.000000
327 0.000000
328 0.000000
329 0.000000
330 0.000000
331 0.000000
332 0.000000
333 0.000000
334 0.000000
335 0.000000
336 0.000000
337 0.000000
338 0.000000
339 0.000000
340 0.000000
341 0.000000
342 0.000000
343 0.000000
344 0.000000
345 0.000000
346 0.000000
347 0.000000
348 0.000000
349 0.000000
350 0.000000
351 0.000000
352 0.000000
353 0.000000
354 0.000000
355 0.000000
356 0.000000
357 0.000000
358 0.000000
359 0.000000
360 0.000000
361 0.000000
362 0.000000
363 0.000000
364 0.000000
365 0.000000
366 0.000000
367 0.000000
368 0.000000
369 0.000000
370 0.000000
371 0.000000
372 0.000000
373 0.000000
374 0.000000
375 0.000000
376 0.000000
377 0.000000
378 0.000000
379 0.000000
380 0.000000
381 0.000000
382 0.000000
383 0.000000
384 0.000000
385 0.000000
386 0.000000
387 0.000000
388 0.000000
389 0.000000
390 0.000000
391 0.000000
392 0.000000
393 0.000000
394 0.000000
395 0.000000
396 0.000000
397 0.000000
398 0.000000
399 0.000000
400 0.000000
401 0.000000
402 0.000000
403 0.000000
404 0.000000
405 0.000000
406 0.000000
407 0.000000
408 0.000000
409 0.000000
410 0.000000
411 0.000000
412 0.000000
413 0.000000
414 0.000000
415 0.000000
416 0.000000
417 0.000000
418 0.000000
419 0.000000
420 0.000000
421 0.000000
422 0.000000
423 0.000000
424 0.000000
425 0.000000
426 0.000000
427 0.000000
428 0.000000
429 0.000000
430 0.000000
431 0.000000
432 0.000000
433 0.000000
434 0.000000
435 0.000000
436 0.000000
437 0.000000
438 0.000000
439 0.000000
440 0.000000
441 0.000000
442 0.000000
443 0.000000
444 0.000000
445 0.000000
446 0.000000
447 0.000000
448 0.000000
449 0.000000
450 0.000000
451 0.000000
452 0.000000
453 0.000000
454 0.000000
455 0.000000
456 0.000000
457 0.000000
458 0.000000
459 0.000000
460 0.000000
461 0.000000
462 0.000000
463 0.000000
464 0.000000
465 0.000000
466 0.000000
467 0.000000
468 0.000000
469 0.000000
470 0.000000
471 0.000000
472 0.000000
473 0.000000
474 0.000000
475 0.000000
476 0.000000
477 0.000000
478 0.000000
479 0.000000
480 0.000000
481 0.000000
482 0.000000
483 0.000000
484 0.000000
485 0.000000
486 0.000000
487 0.000000
488 0.000000
489 0.000000
490 0.000000
491 0.000000
492 0.000000
493 0.000000
494 0.000000
495 0.000000
496 0.000000
497 0.000000
498 0.000000
499 0.000000
500 0.000000
