1 63637205.421699
2 179054614.552378
3 284829289.284347
4 391872888.883910
5 947233043.812672
6 1392006091.248258
7 2082733878.803363
8 4181222493.087483
9 6341825236.267763
10 9393868574.216555
11 9871252792.085403
12 21367560559.265179
13 28024411053.623924
14 67416036285.433418
15 139723321248.117126
16 213659778995.623199
17 374312744550.869629
18 336429923308.795715
19 137627008310.994415
20 146923352098.907684
21 177727136240.536591
22 224334240154.541748
23 212409542581.941315
24 311046052484.821899
25 343347645357.292664
26 594878071278.627197
27 891296337373.200684
28 1306484745567.965576
29 2336966620659.858887
30 2635156863800.657227
31 2224973747077.076172
32 1973737672197.136719
33 1991215799806.165527
34 2334084117143.177734
35 2636588608708.287598
36 5849909238255.116211
37 5881839626241.265625
38 9695116431737.609375
39 13157015954403.156250
40 9045594623692.134766
41 22825027918346.402344
42 12152770752291.054688
43 11196020671923.273438
44 14808354509128.978516
45 15815267861748.867188
46 30971654570580.171875
47 47828921451277.523438
48 59420128468128.820312
49 56820079619226.664062
50 87340782357184.640625
51 85735911535116.171875
52 93040974539190.031250
53 143325291783919.562500
54 212947188718381.187500
55 187911529278979.156250
56 181488545713272.781250
57 195514662954927.187500
58 81593700399660.781250
59 186678359118020.062500
60 241379375126612.781250
61 264525919539797.906250
62 228095155805585.156250
63 325303746578965.187500
64 308211074003464.687500
65 300105597752687.125000
66 373425275529515.875000
67 288314576456574.187500
68 361341948414844.875000
69 301950315893159.875000
70 516800819438028.937500
71 556306492926504.125000
72 594023408170404.750000
73 698144763111240.125000
74 502438744130474.437500
75 599721383660055.125000
76 666870389378207.625000
77 475201647429604.875000
78 401767160809458.625000
79 419946721367983.187500
80 638130732096031.500000
81 629239697815486.375000
82 759650198169937.125000
83 845637904531858.000000
84 828302509009748.625000
85 835684416374312.375000
86 1070415544014076.875000
87 1056841916478501.500000
88 1047889379316326.250000
89 1391285123275577.000000
90 2249851396160190.500000
91 2575367136504373.000000
92 3044890495282689.000000
93 2593937106353497.000000
94 4349199469612229.500000
95 3790742049122477.500000
96 3387184418377586.000000
97 4951026717900179.000000
98 5016926687872193.000000
99 3945804552754550.500000
100 2674986264634813.500000
101 2766017274823906.500000
102 3214675850719987.500000
103 2410208415519522.500000
104 1905725511692273.500000
105 2399273373944240.000000
106 2660276545757320.000000
107 2168645329371477.500000
108 2286139751819650.000000
109 1409994288969523.000000
110 2589047859256981.500000
111 2821900953190768.500000
112 1996387371358431.750000
113 2414789170928632.000000
114 1534172251207691.250000
115 1050069180062738.500000
116 1105092959798876.750000
117 1433139547055691.750000
118 1746896972579517.750000
119 1026808942968075.375000
120 1210272766609398.250000
121 782123749466438.875000
122 793080773203460.875000
123 592465753406677.625000
124 359833551941010.437500
125 464253021585608.937500
126 329325584430042.312500
127 239981975448264.593750
128 404708400900946.062500
129 300421218558873.687500
130 223553172381271.562500
131 224813566011281.812500
132 285194220481663.750000
133 274247639823707.718750
134 268388645577523.000000
135 149718532460295.468750
136 184463490174933.875000
137 110828894424477.859375
138 114776259925053.031250
139 87968179917638.281250
140 75318079947971.515625
141 65538034723071.125000
142 33048032079897.750000
143 27153701327876.742188
144 22586859439835.714844
145 19567449601619.449219
146 22642091352465.554688
147 21403215648960.058594
148 19171339927908.406250
149 14326163843496.662109
150 14342268476188.623047
151 4798720261350.504883
152 4350649487009.485352
153 2887372423969.439453
154 2199817983486.414062
155 2448916113568.439941
156 2055970753592.338135
157 1740157337997.272217
158 1650867788819.625977
159 1021625256312.453003
160 687309496338.832031
161 546532421649.302490
162 463214016982.150269
163 350940958733.391418
164 269687547282.664124
165 230085610994.947723
166 155151938951.282715
167 59103640465.374397
168 49232082858.385323
169 49780168922.812782
170 41392900721.731262
171 61558159115.471542
172 24704276114.892078
173 18393375711.850555
174 16415566565.836868
175 8934959063.265135
176 10948592371.871750
177 8951569871.856922
178 7628496836.428075
179 3724993833.172032
180 2734940542.969076
181 3480440865.406368
182 2585475596.303260
183 1685287824.499599
184 808905966.902094
185 921443860.045115
186 810326896.720804
187 341046058.833159
188 328205551.678546
189 181898528.256721
190 221210131.690781
191 181478771.973441
192 132892540.662802
193 125247561.124933
194 71744806.901305
195 72959160.316195
196 37097914.002640
197 30295977.441376
198 24165058.874416
199 13127638.132350
200 12438170.524058
201 8535971.734231
202 5134649.077221
203 3873330.276377
204 2688339.113985
205 1633890.108582
206 1487344.496070
207 1027645.030801
208 1133682.259775
209 862667.227167
210 612968.850432
211 435759.512535
212 294177.546626
213 169176.947276
214 107111.986731
215 94712.192186
216 39785.446740
217 34028.936715
218 21787.209573
219 15199.310000
220 7088.624352
221 6602.058169
222 4016.498401
223 3251.511091
224 3100.994432
225 2411.173771
226 1132.486194
227 823.728407
228 410.127319
229 237.335795
230 114.047027
231 88.922810
232 60.785831
233 35.599758
234 22.423361
235 15.723257
236 11.529156
237 7.135031
238 4.019475
239 2.230698
240 1.497454
241 1.219425
242 0.745547
243 0.467441
244 0.241382
245 0.160696
246 0.119832
247 0.049533
248 0.031637
249 0.020456
250 0.012627
251 0.009649
252 0.004218
253 0.003003
254 0.002414
255 0.001628
256 0.000955
257 0.000563
258 0.000385
259 0.000244
260 0.000145
261 0.000087
262 0.000066
263 0.000046
264 0.000024
265 0.000019
266 0.000010
267 0.000007
268 0.000004
269 0.000003
270 0.000002
271 0.000001
272 0.000001
273 0.000000
274 0.000000
275 0.000000
276 0.000000
277 0.000000
278 0.000000
279 0.000000
280 0.000000
281 0.000000
282 0.000000
283 0.000000
284 0.000000
285 0.000000
286 0.000000
287 0.000000
288 0.000000
289 0.000000
290 0.000000
291 0.000000
292 0.000000
293 0.000000
294 0.000000
295 0.000000
296 0.000000
297 0.000000
298 0.000000
299 0.000000
300 0.000000
301 0.000000
302 0.000000
303 0.000000
304 0.000000
305 0.000000
306 0.000000
307 0.000000
308 0.000000
309 0.000000
310 0.000000
311 0.000000
312 0.000000
313 0.000000
314 0.000000
315 0.000000
316 0.000000
317 0.000000
318 0.000000
319 0.000000
320 0.000000
321 0.000000
322 0.000000
323 0.000000
324 0.000000
325 0.000000
326 0.000000
327 0.000000
328 0.000000
329 0.000000
330 0.000000
331 0.000000
332 0.000000
333 0.000000
334 0.000000
335 0.000000
336 0.000000
337 0.000000
338 0.000000
339 0.000000
340 0.000000
341 0.000000
342 0.000000
343 0.000000
344 0.000000
345 0.000000
346 0.000000
347 0.000000
348 0.000000
349 0.000000
350 0.000000
351 0.000000
352 0.000000
353 0.000000
354 0.000000
355 0.000000
356 0.000000
357 0.000000
358 0.000000
359 0.000000
360 0.000000
361 0.000000
362 0.000000
363 0.000000
364 0.000000
365 0.000000
366 0.000000
367 0.000000
368 0.000000
369 0.000000
370 0.000000
371 0.000000
372 0.000000
373 0.000000
374 0.000000
375 0.000000
376 0.000000
377 0.000000
378 0.000000
379 0.000000
380 0.000000
381 0.000000
382 0.000000
383 0.000000
384 0.000000
385 0.000000
386 0.000000
387 0.000000
388 0.000000
389 0.000000
390 0.000000
391 0.000000
392 0.000000
393 0.000000
394 0.000000
395 0.000000
396 0.000000
397 0.000000
398 0.000000
399 0.000000
400 0.000000
401 0.000000
402 0.000000
403 0.000000
404 0.000000
405 0.000000
406 0.000000
407 0.000000
408 0.000000
409 0.000000
410 0.000000
411 0.000000
412 0.000000
413 0.000000
414 0.000000
415 0.000000
416 0.000000
417 0.000000
418 0.000000
419 0.000000
420 0.000000
421 0.000000
422 0.000000
423 0.000000
424 0.000000
425 0.000000
426 0.000000
427 0.000000
428 0.000000
429 0.000000
430 0.000000
431 0.000000
432 0.000000
433 0.000000
434 0.000000
435 0.000000
436 0.000000
437 0.000000
438 0.000000
439 0.000000
440 0.000000
441 0.000000
442 0.000000
443 0.000000
444 0.000000
445 0.000000
446 0.000000
447 0.000000
448 0.000000
449 0.000000
450 0.000000
451 0.000000
452 0.000000
453 0.000000
454 0.000000
455 0.000000
456 0.000000
457 0.000000
458 0.000000
459 0.000000
460 0.000000
461 0.000000
462 0.000000
463 0.000000
464 0.000000
465 0.000000
466 0.000000
467 0.000000
468 0.000000
469 0.000000
470 0.000000
471 0.000000
472 0.000000
473 0.000000
474 0.000000
475 0.000000
476 0.000000
477 0.000000
478 0.000000
479 0.000000
480 0.000000
481 0.000000
482 0.000000
483 0.000000
484 0.000000
485 0.000000
486 0.000000
487 0.000000
488 0.000000
489 0.000000
490 0.000000
491 0.000000
492 0.000000
493 0.000000
494 0.000000
495 0.000000
496 0.000000
497 0.000000
498 0.000000
499 0.000000
500 0.000000
