1 81345174.189568
2 50982522.055288
3 37941399.519527
4 26664489.103293
5 26765184.090727
6 24150886.695848
7 17849287.602417
8 15196361.577440
9 13954046.455167
10 10386427.927741
11 8843204.096637
12 8416452.243840
13 5833542.976107
14 5930351.624721
15 4659276.615341
16 3964979.186946
17 3223779.989059
18 3551918.925655
19 2330231.610065
20 2351680.819391
21 2097449.059871
22 1694599.240682
23 1345279.101191
24 1214387.684522
25 719636.676511
26 762263.243536
27 732131.081935
28 408467.853488
29 369544.706889
30 319733.339748
31 348809.864361
32 279832.938560
33 261145.735020
34 225353.954913
35 169755.664416
36 116804.761658
37 121724.553090
38 68341.578331
39 90092.519291
40 72396.948567
41 51461.342924
42 43820.327873
43 33784.791154
44 31366.168527
45 26967.634904
46 19608.947242
47 20316.358808
48 12683.058423
49 10232.750206
50 7260.082368
51 6355.603339
52 5321.417112
53 3864.228595
54 3411.836281
55 3429.587684
56 3038.867802
57 2201.918202
58 1953.521240
59 1262.436117
60 1204.548466
61 853.302162
62 763.357470
63 486.608773
64 367.958488
65 382.622026
66 360.441361
67 374.591285
68 260.966511
69 210.843491
70 205.545179
71 153.395630
72 125.021374
73 78.961110
74 87.806424
75 69.875808
76 44.051656
77 38.373936
78 24.083735
79 21.816143
80 20.121471
81 13.661288
82 11.171621
83 9.402125
84 7.926362
85 5.440637
86 5.234504
87 4.676678
88 3.933196
89 3.078716
90 2.002113
91 1.705063
92 1.501838
93 1.127597
94 0.829536
95 0.860835
96 0.582752
97 0.575052
98 0.439005
99 0.327907
100 0.245007
101 0.247195
102 0.144106
103 0.165904
104 0.125483
105 0.091000
106 0.071148
107 0.058650
108 0.042213
109 0.039118
110 0.029403
111 0.024571
112 0.021594
113 0.017713
114 0.013703
115 0.009139
116 0.008463
117 0.007333
118 0.005315
119 0.004290
120 0.003083
121 0.002462
122 0.002127
123 0.001657
124 0.001299
125 0.001093
126 0.000769
127 0.000689
128 0.000609
129 0.000546
130 0.000425
131 0.000272
132 0.000218
133 0.000229
134 0.000160
135 0.000112
136 0.000090
137 0.000079
138 0.000065
139 0.000056
140 0.000038
141 0.000033
142 0.000026
143 0.000022
144 0.000019
145 0.000015
146 0.000011
147 0.000008
148 0.000007
149 0.000005
150 0.000005
151 0.000004
152 0.000003
153 0.000002
154 0.000002
155 0.000001
156 0.000001
157 0.000001
158 0.000001
159 0.000001
160 0.000000
161 0.000000
162 0.000000
163 0.000000
164 0.000000
165 0.000000
166 0.000000
167 0.000000
168 0.000000
169 0.000000
170 0.000000
171 0.000000
172 0.000000
173 0.000000
174 0.000000
175 0.000000
176 0.000000
177 0.000000
178 0.000000
179 0.000000
180 0.000000
181 0.000000
182 0.000000
183 0.000000
184 0.000000
185 0.000000
186 0.000000
187 0.000000
188 0.000000
189 0.000000
190 0.000000
191 0.000000
192 0.000000
193 0.000000
194 0.000000
195 0.000000
196 0.000000
197 0.000000
198 0.000000
199 0.000000
200 0.000000
201 0.000000
202 0.000000
203 0.000000
204 0.000000
205 0.000000
206 0.000000
207 0.000000
208 0.000000
209 0.000000
210 0.000000
211 0.000000
212 0.000000
213 0.000000
214 0.000000
215 0.000000
216 0.000000
217 0.000000
218 0.000000
219 0.000000
220 0.000000
221 0.000000
222 0.000000
223 0.000000
224 0.000000
225 0.000000
226 0.000000
227 0.000000
228 0.000000
229 0.000000
230 0.000000
231 0.000000
232 0.000000
233 0.000000
234 0.000000
235 0.000000
236 0.000000
237 0.000000
238 0.000000
239 0.000000
240 0.000000
241 0.000000
242 0.000000
243 0.000000
244 0.000000
245 0.000000
246 0.000000
247 0.000000
248 0.000000
249 0.000000
250 0.000000
251 0.000000
252 0.000000
253 0.000000
254 0.000000
255 0.000000
256 0.000000
257 0.000000
258 0.000000
259 0.000000
260 0.000000
261 0.000000
262 0.000000
263 0.000000
264 0.000000
265 0.000000
266 0.000000
267 0.000000
268 0.000000
269 0.000000
270 0.000000
271 0.000000
272 0.000000
273 0.000000
274 0.000000
275 0.000000
276 0.000000
277 0.000000
278 0.000000
279 0.000000
280 0.000000
281 0.000000
282 0.000000
283 0.000000
284 0.000000
285 0.000000
286 0.000000
287 0.000000
288 0.000000
289 0.000000
290 0.000000
291 0.000000
292 0.000000
293 0.000000
294 0.000000
295 0.000000
296 0.000000
297 0.000000
298 0.000000
299 0.000000
300 0.000000
301 0.000000
302 0.000000
303 0.000000
304 0.000000
305 0.000000
306 0.000000
307 0.000000
308 0.000000
309 0.000000
310 0.000000
311 0.000000
312 0.000000
313 0.000000
314 0.000000
315 0.000000
316 0.000000
317 0.000000
318 0.000000
319 0.000000
320 0.000000
321 0.000000
322 0.000000
323 0.000000
324 0.000000
325 0.000000
326 0.000000
327 0.000000
328 0.000000
329 0.000000
330 0.000000
331 0.000000
332 0.000000
333 0.000000
334 0.000000
335 0.000000
336 0.000000
337 0.000000
338 0.000000
339 0.000000
340 0.000000
341 0.000000
342 0.000000
343 0.000000
344 0.000000
345 0.000000
346 0.000000
347 0.000000
348 0.000000
349 0.000000
350 0.000000
351 0.000000
352 0.000000
353 0.000000
354 0.000000
355 0.000000
356 0.000000
357 0.000000
358 0.000000
359 0.000000
360 0.000000
361 0.000000
362 0.000000
363 0.000000
364 0.000000
365 0.000000
366 0.000000
367 0.000000
368 0.000000
369 0.000000
370 0.000000
371 0.000000
372 0.000000
373 0.000000
374 0.000000
375 0.000000
376 0.000000
377 0.000000
378 0.000000
379 0.000000
380 0.000000
381 0.000000
382 0.000000
383 0.000000
384 0.000000
385 0.000000
386 0.000000
387 0.000000
388 0.000000
389 0.000000
390 0.000000
391 0.000000
392 0.000000
393 0.000000
394 0.000000
395 0.000000
396 0.000000
397 0.000000
398 0.000000
399 0.000000
400 0.000000
401 0.000000
402 0.000000
403 0.000000
404 0.000000
405 0.000000
406 0.000000
407 0.000000
408 0.000000
409 0.000000
410 0.000000
411 0.000000
412 0.000000
413 0.000000
414 0.000000
415 0.000000
416 0.000000
417 0.000000
418 0.000000
419 0.000000
420 0.000000
421 0.000000
422 0.000000
423 0.000000
424 0.000000
425 0.000000
426 0.000000
427 0.000000
428 0.000000
429 0.000000
430 0.000000
431 0.000000
432 0.000000
433 0.000000
434 0.000000
435 0.000000
436 0.000000
437 0.000000
438 0.000000
439 0.000000
440 0.000000
441 0.000000
442 0.000000
443 0.000000
444 0.000000
445 0.000000
446 0.000000
447 0.000000
448 0.000000
449 0.000000
450 0.000000
451 0.000000
452 0.000000
453 0.000000
454 0.000000
455 0.000000
456 0.000000
457 0.000000
458 0.000000
459 0.000000
460 0.000000
461 0.000000
462 0.000000
463 0.000000
464 0.000000
465 0.000000
466 0.000000
467 0.000000
468 0.000000
469 0.000000
470 0.000000
471 0.000000
472 0.000000
473 0.000000
474 0.000000
475 0.000000
476 0.000000
477 0.000000
478 0.000000
479 0.000000
480 0.000000
481 0.000000
482 0.000000
483 0.000000
484 0.000000
485 0.000000
486 0.000000
487 0.000000
488 0.000000
489 0.000000
490 0.000000
491 0.000000
492 0.000000
493 0.000000
494 0.000000
495 0.000000
496 0.000000
497 0.000000
498 0.000000
499 0.000000
500 0.000000
