1 71268931.123693
2 90673490.977283
3 97245338.486572
4 101497237.121143
5 141134710.684523
6 152446381.931549
7 214097115.373487
8 251278620.215646
9 312190867.369408
10 169376402.103177
11 423987787.380097
12 350997001.628345
13 470654791.745696
14 484053779.901802
15 409934707.072679
16 637110275.524707
17 675058807.305862
18 513017530.310448
19 590911912.495590
20 896137753.955912
21 788799311.041357
22 807759998.706413
23 1161627669.226313
24 1226490432.036246
25 1153512240.919526
26 1550211718.865604
27 1604624986.651282
28 1280794559.328842
29 1451506945.048568
30 1233705618.016874
31 1609045508.835091
32 1178379806.218683
33 1621193791.013835
34 2511718346.114768
35 3206271236.896624
36 2645975108.031386
37 2904450812.859175
38 3188604248.407076
39 3171507936.251522
40 3868469033.148817
41 4718422589.188556
42 4252726847.808162
43 4864870316.923783
44 3982562638.141855
45 4647169195.225857
46 4921523551.081618
47 4891686283.839089
48 6015044910.889703
49 5844804496.111885
50 5343395372.643525
51 6862886584.793769
52 5858180051.652693
53 6067936927.103745
54 4436288398.823108
55 5692053507.195127
56 5313367814.003720
57 6352086871.440591
58 6851109876.914871
59 6783638248.230775
60 5757390583.960973
61 4615415226.271985
62 6605135646.083675
63 4753248048.271130
64 5547597935.395802
65 5614498459.680335
66 5973286044.664284
67 5106769573.136165
68 4280731575.887355
69 6224349463.645619
70 7464230477.969826
71 7118724065.890167
72 6412633133.243286
73 8100086994.381737
74 6979731088.624182
75 6771699182.306726
76 9687451500.944632
77 7187499663.571361
78 5602908025.070396
79 7076279005.652524
80 6634987089.880446
81 8550691038.937028
82 6291044041.852086
83 6407210587.326909
84 7514234823.831271
85 6951700523.797474
86 4838825138.894046
87 6028604706.760596
88 7289371599.015306
89 6046003933.784011
90 6996347877.393695
91 6672709562.457811
92 6705038928.835354
93 6474623174.594716
94 6020610724.433032
95 5844186179.235483
96 5753237127.616764
97 3473692480.512806
98 4597690412.211217
99 4285815920.563893
100 4995227591.160650
101 4044273487.334559
102 4277507204.394610
103 3343787317.594021
104 3469640134.706394
105 2423447098.417387
106 2823737418.723061
107 3603784588.746163
108 4507663447.779975
109 3500797351.675049
110 3345364178.261082
111 3833095760.026046
112 3782228282.669572
113 3569526680.875874
114 3897924364.662213
115 2958933453.030263
116 3551917631.718713
117 3285929851.052665
118 3599931816.323512
119 2844537137.702526
120 3013365849.172768
121 3682771124.252384
122 3121002575.334049
123 2997613193.581547
124 2691388135.820690
125 2379914065.171087
126 2761128509.001806
127 2694758160.838412
128 2507135473.240845
129 2055538610.009414
130 2010479542.344443
131 2137620876.851610
132 1863666113.318129
133 1961096641.409052
134 1877255428.440764
135 1866128112.219680
136 1340162180.216568
137 1295530519.566475
138 1303364888.519277
139 1240027934.583500
140 1044620037.709601
141 1109182998.257990
142 822883079.018677
143 998641547.469069
144 840587615.209676
145 1002360008.471307
146 832231052.172529
147 802823752.760065
148 844971576.136003
149 793208665.795921
150 827502318.203626
151 686817814.732032
152 803012103.783016
153 650187672.388488
154 645456990.537621
155 631510059.526897
156 599145993.707459
157 558264413.592921
158 564417268.803911
159 614187408.086315
160 432282692.417635
161 421038723.231409
162 365669729.446798
163 326484637.222126
164 341167591.106287
165 377533377.506004
166 365254428.225185
167 360198979.067731
168 407358459.972057
169 418138139.305351
170 388949989.825868
171 363737169.280109
172 389210860.074741
173 423913268.750218
174 371749470.605361
175 377043033.873213
176 402525385.040153
177 332350338.811765
178 320747239.914787
179 346874152.965715
180 351184407.202071
181 274944959.336933
182 282189584.423265
183 298211142.934938
184 309979996.797129
185 271910331.975716
186 298231729.171679
187 276793473.210365
188 263525271.272127
189 247491358.224250
190 254335829.125612
191 224900511.674076
192 189853021.639145
193 191676785.010650
194 185886339.578160
195 175390077.579134
196 166243752.094090
197 187622423.563840
198 196602851.709767
199 178500912.130453
200 169706213.997055
201 162190595.185720
202 147242058.299394
203 162029376.424774
204 144286982.471055
205 124280331.830894
206 140692756.788776
207 127907426.470616
208 113792781.428651
209 106237605.429399
210 105178903.864574
211 93648065.674183
212 101270190.417867
213 98496655.900779
214 80308665.406822
215 84402193.003890
216 80362669.876369
217 70432809.085674
218 78049608.439788
219 81165364.522231
220 77127221.668085
221 75774097.719443
222 71350219.313299
223 74538840.431437
224 71639813.304801
225 83027125.843169
226 69919044.600175
227 78171595.344319
228 70442620.569575
229 68882100.012276
230 68919770.199830
231 72695495.306812
232 69442334.381659
233 55133299.633995
234 62589930.942844
235 57088372.207738
236 55671981.080091
237 56629835.100147
238 49415685.968836
239 54796570.646508
240 56031173.687122
241 62376136.340397
242 56076490.308830
243 59556430.852716
244 49350516.696362
245 42950751.402314
246 46670504.104976
247 42336064.029973
248 39657626.382391
249 46635207.728657
250 47370735.202316
251 47678462.276622
252 47502996.006992
253 47656239.355101
254 43298964.786046
255 37029696.122029
256 43180385.838165
257 38479746.938399
258 36204813.166674
259 40830295.572991
260 31393627.946029
261 34634009.935639
262 34436791.629510
263 31920245.309521
264 31327210.129710
265 29853531.194436
266 28687606.466274
267 27213275.484260
268 27298810.049881
269 27519127.111500
270 21713608.290260
271 25381087.521391
272 24709469.028720
273 24339396.940193
274 23073613.140939
275 21548148.809032
276 23244404.045226
277 20342643.163814
278 20823750.712305
279 20744288.912598
280 20518490.696706
281 21134181.246706
282 19665842.971799
283 19768186.596411
284 17485157.768690
285 18208679.022840
286 17341727.781161
287 16427795.406729
288 16125603.872400
289 16434096.151906
290 15264299.233505
291 15504559.398868
292 14583398.824661
293 14705872.859160
294 13998828.202784
295 12527419.049786
296 12557627.682094
297 11242031.233155
298 11638757.607202
299 10415475.265872
300 10147357.377309
301 10478907.325179
302 10011449.047907
303 10420349.294598
304 9663427.908731
305 10538046.066627
306 10505293.687926
307 9086181.304234
308 9400696.890328
309 9116456.628263
310 8673971.778796
311 7976571.356433
312 8174968.535682
313 8284243.528982
314 7492479.547514
315 8178069.132729
316 7090336.645076
317 7522218.980376
318 6269626.006876
319 7119525.410085
320 6256263.295140
321 6460760.169493
322 6124853.287734
323 5960492.557515
324 5616409.313043
325 5470255.123077
326 5471497.526448
327 5646952.334960
328 5193482.062523
329 4911374.486222
330 5163668.421989
331 4906241.933982
332 5195994.948943
333 4854034.881436
334 4789410.646898
335 4941882.453471
336 4784538.846508
337 4537541.849803
338 4624175.491709
339 4485705.584277
340 4539187.071774
341 4491135.516087
342 4180211.885548
343 4100770.754878
344 3884971.196806
345 3760004.192751
346 3685675.765891
347 3450924.996651
348 3686243.707103
349 3445366.233496
350 3481810.987467
351 3254082.674448
352 3374471.339364
353 3156164.715553
354 3236386.980905
355 3281429.008179
356 3253430.635482
357 3088328.769474
358 3108369.584051
359 2916696.827841
360 3003361.078365
361 2862373.900414
362 2724946.948809
363 2816971.765318
364 2581301.124641
365 2538413.712521
366 2562159.248928
367 2378504.342009
368 2484458.053511
369 2535108.105786
370 2504546.132923
371 2453665.400008
372 2497348.475591
373 2295734.338447
374 2302334.517817
375 2356646.438353
376 2329992.445794
377 2192414.318335
378 2086660.357958
379 2121838.549051
380 2065629.333897
381 2061121.965202
382 2065577.722115
383 2016432.845390
384 2034276.350162
385 2006755.260166
386 1993450.538265
387 1890401.179844
388 1861697.568996
389 1906393.374496
390 1877071.382149
391 1845998.481973
392 1873670.771821
393 1832208.128964
394 1835495.541568
395 1817121.113264
396 1791696.460798
397 1772462.991194
398 1752736.485808
399 1705655.477556
400 1678881.747490
401 1696118.813991
402 1596705.910699
403 1597888.984724
404 1596305.427688
405 1610599.170749
406 1590003.270344
407 1509947.399219
408 1462374.255560
409 1452737.945602
410 1407195.265308
411 1428163.324150
412 1402382.854981
413 1353887.248968
414 1354107.040944
415 1371046.138787
416 1333997.519429
417 1332000.498934
418 1337851.914077
419 1298027.562080
420 1282829.546137
421 1267601.833769
422 1261798.668911
423 1227414.577522
424 1211794.746467
425 1200005.802942
426 1195074.122728
427 1177987.532764
428 1132680.081208
429 1113070.740594
430 1122295.613727
431 1105105.298657
432 1111108.409188
433 1081059.478395
434 1069054.019329
435 1036680.424555
436 1029808.315638
437 1038163.392344
438 1009454.597277
439 1006659.062860
440 993695.217714
441 982676.557046
442 967305.178805
443 970794.969332
444 949871.689933
445 941391.691890
446 934638.304385
447 910754.209606
448 904094.461751
449 900035.014841
450 883909.043884
451 870576.414699
452 872678.102777
453 863052.682117
454 851203.117301
455 862034.174666
456 855575.821321
457 842364.959181
458 833786.565010
459 834070.027595
460 823213.925027
461 817636.970439
462 812256.812083
463 807195.941604
464 797492.187316
465 783671.423823
466 778770.088107
467 770576.343493
468 770354.431325
469 761171.323523
470 755268.158601
471 748477.738872
472 741462.577031
473 738374.488341
474 730735.412247
475 724220.279646
476 720584.800863
477 716338.312844
478 712828.392520
479 705919.449898
480 703169.535087
481 699717.769189
482 696053.748757
483 693646.579523
484 688792.719980
485 685308.426531
486 680244.813003
487 679338.425510
488 676025.192407
489 674140.136908
490 672460.592772
491 669542.701084
492 667705.965635
493 666132.368103
494 664554.275442
495 663318.817641
496 661665.746115
497 660727.150241
498 659758.060026
499 659358.413260
500 659054.033374
