1 inf
2 inf
3 inf
4 inf
5 inf
6 inf
7 inf
8 inf
9 inf
10 inf
11 inf
12 inf
13 inf
14 inf
15 inf
16 inf
17 inf
18 inf
19 inf
20 inf
21 inf
22 inf
23 inf
24 inf
25 inf
26 inf
27 inf
28 inf
29 inf
30 inf
31 inf
32 inf
33 inf
34 inf
35 inf
36 inf
37 inf
38 inf
39 inf
40 inf
41 inf
42 inf
43 inf
44 inf
45 inf
46 inf
47 inf
48 550082948349211426779910011642219122730328804046025215527887718982440546970808020547363073666310152806651613143591074044724553412699663656860201902187785603585981382035691335236379718127299220745299137912587063372687045335744457859795321148138087118503140045592947516331892399479545101973058363865432064.000000
49 120296030719616847270308541509930584248675876403714886132842461514337239421673675166031622769178528056311220463880111107299327961365052064240486008949503776581671726490469088805387515013661569518689114961241745293044812227060974430612547253187618573651082900814264790696941807915572920320.000000
50 142347983372565330330832475374688281876960320187731897539880728346263858494118807241070725359964252424800077182547567821444219987346510426869874771285018547089337724563447292601994496434758101275990421537336155777043285878044614607275416069972091460019794341428985856.000000
51 21938912079668753816197612436051408605107986215427810350160616728715317604188601916896289262678151668258222400000517052111343267221892457351472025011866622807612972412237858801767319566753608047575700567084924417061844504625312708993565795641492242432.000000
52 15178526739813048462336912643932198530039251777878574824771585833256100680067852438473735204510622275813585797454560134435564507404935737014873896584657359012325592703116707874134168519042272857584263881413532921351697593185781940224.000000
53 3071165169715266913037484547702677248174433507717691853526350376984840089002224026292754438513536103124693786775022827937739068106965234239178612497026210606057972689580573824385786851602852855717198885918343569445224448.000000
54 51639715679741158952464444244210043547746519206890988878155232683171337750159624655502240701582102112814712105300067926572654500555034874020544051629811124636002195714596631844440852050011482590938136576.000000
55 54558307853262296016776896448890717708200798870091121864429192546900573886173002109510745021661543183261065061328906534817407524342568335909773264214761143138569743892766220825378422784.000000
56 66011631472544912113583939458247600320059998101933108684599775251897522726086169107187752748922582681420742058224910608810129328890790138345854038674058619484023220600832.000000
57 492027474749834275343127527253976498294950593447465942789730334880171205427491921767240219613711716364314667417231522386995887604541872929431636711604121239552.000000
58 20609285104359689028579338892430301896899533685541903766167920530630739797156297941077169670589959418545567639236059846112727433943230707662848.000000
59 42671815080482128527361917037911957296633768691311482365069959676611990529355697410973936455890352241537703200077134235709734912.000000
60 374913754401835686025560660437926973886795118668176241872035494971231614437280942496264686975468961792.000000
61 1397240901222169135107467096197742842258375509846708282748118746050655953189101956497408.000000
62 57411104357353621953784332251185532111982115083891905331148385559085318144.000000
63 105910053970300767546800195912081451469479882734453129216.000000
64 677992027596971691832514553447827204210688.000000
65 77018413296798199705501696.000000
66 32460.059118
67 11070.854828
68 9640.643899
69 7940.416766
70 6678.283157
71 5779.407468
72 5248.834921
73 4375.606083
74 3815.816197
75 3244.572172
76 2919.403422
77 2634.674993
78 2388.930521
79 2183.225682
80 1913.281279
81 1749.271728
82 1582.715499
83 1432.268643
84 1297.921262
85 1126.074231
86 1005.886361
87 881.818893
88 799.886076
89 701.715862
90 648.425753
91 585.078663
92 537.359260
93 482.932005
94 431.768891
95 393.800444
96 361.827740
97 325.925208
98 291.443004
99 250.165884
100 229.968171
101 204.988687
102 190.867633
103 171.513003
104 151.783246
105 144.132045
106 126.914996
107 117.170036
108 102.871339
109 93.530442
110 86.559135
111 76.672947
112 70.850354
113 63.876698
114 57.760403
115 52.926492
116 48.479669
117 44.790287
118 41.713387
119 37.286665
120 35.105210
121 31.312532
122 29.527033
123 27.082683
124 25.353733
125 23.555578
126 21.536642
127 19.908872
128 18.168700
129 16.736817
130 15.553616
131 14.306990
132 13.034187
133 12.176913
134 11.229525
135 10.334249
136 9.692026
137 8.956127
138 8.233101
139 7.526447
140 6.790294
141 6.415441
142 5.835611
143 5.292813
144 4.880531
145 4.373645
146 4.069572
147 3.730733
148 3.434576
149 3.147752
150 2.920613
151 2.682084
152 2.482699
153 2.285103
154 2.099330
155 1.957465
156 1.805183
157 1.665579
158 1.547483
159 1.416853
160 1.318946
161 1.212742
162 1.100015
163 1.034593
164 0.977472
165 0.893933
166 0.838749
167 0.769990
168 0.714886
169 0.672761
170 0.627091
171 0.586805
172 0.548605
173 0.512223
174 0.480245
175 0.455011
176 0.426280
177 0.395444
178 0.373947
179 0.348699
180 0.325079
181 0.302289
182 0.280290
183 0.261611
184 0.247614
185 0.229667
186 0.214148
187 0.201632
188 0.190771
189 0.177272
190 0.166910
191 0.156579
192 0.147466
193 0.135464
194 0.129818
195 0.122905
196 0.116351
197 0.109448
198 0.102511
199 0.097503
200 0.092308
201 0.088056
202 0.083510
203 0.079185
204 0.074713
205 0.070796
206 0.066017
207 0.064061
208 0.060047
209 0.057301
210 0.054774
211 0.051415
212 0.049300
213 0.047058
214 0.045130
215 0.041986
216 0.040566
217 0.038508
218 0.036297
219 0.034863
220 0.033117
221 0.031543
222 0.030125
223 0.028901
224 0.027397
225 0.026445
226 0.025083
227 0.024096
228 0.023025
229 0.021955
230 0.020881
231 0.020064
232 0.019212
233 0.018414
234 0.017671
235 0.016987
236 0.016320
237 0.015622
238 0.015056
239 0.014539
240 0.013927
241 0.013331
242 0.012883
243 0.012374
244 0.011833
245 0.011380
246 0.010859
247 0.010455
248 0.010092
249 0.009737
250 0.009360
251 0.008997
252 0.008661
253 0.008328
254 0.008048
255 0.007757
256 0.007479
257 0.007166
258 0.006954
259 0.006715
260 0.006433
261 0.006232
262 0.005981
263 0.005805
264 0.005575
265 0.005399
266 0.005185
267 0.005044
268 0.004864
269 0.004714
270 0.004572
271 0.004418
272 0.004259
273 0.004162
274 0.004003
275 0.003872
276 0.003752
277 0.003620
278 0.003512
279 0.003409
280 0.003296
281 0.003217
282 0.003113
283 0.003033
284 0.002926
285 0.002842
286 0.002776
287 0.002692
288 0.002620
289 0.002543
290 0.002473
291 0.002403
292 0.002343
293 0.002267
294 0.002195
295 0.002124
296 0.002059
297 0.002004
298 0.001956
299 0.001901
300 0.001839
301 0.001800
302 0.001756
303 0.001705
304 0.001663
305 0.001622
306 0.001580
307 0.001543
308 0.001509
309 0.001467
310 0.001429
311 0.001401
312 0.001361
313 0.001326
314 0.001298
315 0.001268
316 0.001242
317 0.001208
318 0.001183
319 0.001160
320 0.001137
321 0.001110
322 0.001088
323 0.001068
324 0.001048
325 0.001024
326 0.001002
327 0.000976
328 0.000956
329 0.000935
330 0.000916
331 0.000894
332 0.000876
333 0.000858
334 0.000842
335 0.000827
336 0.000811
337 0.000794
338 0.000778
339 0.000764
340 0.000750
341 0.000730
342 0.000715
343 0.000701
344 0.000687
345 0.000673
346 0.000659
347 0.000646
348 0.000633
349 0.000622
350 0.000611
351 0.000599
352 0.000588
353 0.000579
354 0.000568
355 0.000557
356 0.000546
357 0.000539
358 0.000530
359 0.000520
360 0.000511
361 0.000503
362 0.000495
363 0.000487
364 0.000479
365 0.000472
366 0.000464
367 0.000457
368 0.000450
369 0.000444
370 0.000437
371 0.000430
372 0.000423
373 0.000416
374 0.000410
375 0.000405
376 0.000400
377 0.000393
378 0.000387
379 0.000382
380 0.000376
381 0.000370
382 0.000365
383 0.000361
384 0.000356
385 0.000352
386 0.000347
387 0.000342
388 0.000337
389 0.000332
390 0.000329
391 0.000324
392 0.000320
393 0.000316
394 0.000312
395 0.000309
396 0.000305
397 0.000299
398 0.000297
399 0.000294
400 0.000289
401 0.000286
402 0.000283
403 0.000280
404 0.000277
405 0.000274
406 0.000271
407 0.000268
408 0.000265
409 0.000263
410 0.000260
411 0.000258
412 0.000255
413 0.000253
414 0.000250
415 0.000248
416 0.000246
417 0.000243
418 0.000241
419 0.000239
420 0.000237
421 0.000235
422 0.000233
423 0.000231
424 0.000229
425 0.000227
426 0.000225
427 0.000223
428 0.000221
429 0.000219
430 0.000218
431 0.000216
432 0.000214
433 0.000213
434 0.000211
435 0.000209
436 0.000208
437 0.000206
438 0.000204
439 0.000203
440 0.000202
441 0.000201
442 0.000199
443 0.000198
444 0.000197
445 0.000195
446 0.000194
447 0.000193
448 0.000192
449 0.000190
450 0.000190
451 0.000189
452 0.000187
453 0.000186
454 0.000185
455 0.000185
456 0.000184
457 0.000182
458 0.000182
459 0.000181
460 0.000180
461 0.000179
462 0.000179
463 0.000178
464 0.000177
465 0.000177
466 0.000176
467 0.000175
468 0.000175
469 0.000174
470 0.000174
471 0.000173
472 0.000172
473 0.000172
474 0.000171
475 0.000171
476 0.000171
477 0.000170
478 0.000170
479 0.000169
480 0.000169
481 0.000169
482 0.000168
483 0.000168
484 0.000168
485 0.000167
486 0.000167
487 0.000167
488 0.000167
489 0.000166
490 0.000166
491 0.000166
492 0.000166
493 0.000166
494 0.000165
495 0.000165
496 0.000165
497 0.000165
498 0.000165
499 0.000165
500 0.000165
