1 717262.833972
2 714919.296617
3 699702.654470
4 724222.511885
5 668289.612571
6 600393.244003
7 599657.325964
8 538854.231172
9 482604.864099
10 450199.742003
11 422779.929216
12 357757.356321
13 332781.848436
14 304992.856821
15 273382.519783
16 247219.243677
17 220645.840901
18 192718.585887
19 173426.942646
20 156153.948141
21 136455.859943
22 126909.282525
23 107487.979365
24 99724.838623
25 79593.114962
26 78383.664705
27 70456.534589
28 60207.627752
29 53555.926086
30 44295.755130
31 39834.727779
32 34078.984292
33 29871.666984
34 25580.326223
35 19196.227311
36 17756.444002
37 15390.818664
38 12900.993720
39 11853.751490
40 10411.525288
41 9074.069410
42 7617.538464
43 6483.907104
44 5240.292883
45 4728.757784
46 4191.106967
47 3716.776495
48 2968.567454
49 2609.721670
50 2216.829904
51 1897.597547
52 1526.355253
53 1403.206371
54 1199.688383
55 1019.292547
56 886.503630
57 772.004815
58 681.664242
59 575.933218
60 414.274195
61 402.311918
62 345.500255
63 294.691417
64 243.233740
65 204.855818
66 183.005331
67 151.404987
68 120.901765
69 100.670461
70 85.716927
71 63.889613
72 57.152700
73 48.828318
74 41.230958
75 33.793104
76 27.973304
77 21.362283
78 19.005371
79 16.880510
80 13.584477
81 11.724919
82 10.069457
83 7.640637
84 6.566267
85 5.533376
86 4.759608
87 3.871270
88 3.322454
89 2.594219
90 2.088482
91 1.875994
92 1.627256
93 1.355379
94 1.150002
95 0.922858
96 0.730526
97 0.601150
98 0.501372
99 0.433049
100 0.365143
101 0.311395
102 0.260113
103 0.214776
104 0.185118
105 0.162350
106 0.128645
107 0.109269
108 0.092673
109 0.079517
110 0.067816
111 0.053287
112 0.046249
113 0.035103
114 0.030308
115 0.025971
116 0.020029
117 0.017404
118 0.014301
119 0.011675
120 0.009202
121 0.008112
122 0.006707
123 0.005288
124 0.004273
125 0.003705
126 0.003172
127 0.002612
128 0.002203
129 0.001785
130 0.001503
131 0.001281
132 0.001049
133 0.000860
134 0.000708
135 0.000585
136 0.000509
137 0.000413
138 0.000342
139 0.000277
140 0.000232
141 0.000202
142 0.000168
143 0.000143
144 0.000114
145 0.000098
146 0.000082
147 0.000072
148 0.000057
149 0.000051
150 0.000045
151 0.000037
152 0.000032
153 0.000028
154 0.000024
155 0.000021
156 0.000017
157 0.000014
158 0.000012
159 0.000010
160 0.000009
161 0.000007
162 0.000006
163 0.000005
164 0.000005
165 0.000004
166 0.000003
167 0.000003
168 0.000003
169 0.000002
170 0.000002
171 0.000002
172 0.000001
173 0.000001
174 0.000001
175 0.000001
176 0.000001
177 0.000001
178 0.000001
179 0.000001
180 0.000000
181 0.000000
182 0.000000
183 0.000000
184 0.000000
185 0.000000
186 0.000000
187 0.000000
188 0.000000
189 0.000000
190 0.000000
191 0.000000
192 0.000000
193 0.000000
194 0.000000
195 0.000000
196 0.000000
197 0.000000
198 0.000000
199 0.000000
200 0.000000
201 0.000000
202 0.000000
203 0.000000
204 0.000000
205 0.000000
206 0.000000
207 0.000000
208 0.000000
209 0.000000
210 0.000000
211 0.000000
212 0.000000
213 0.000000
214 0.000000
215 0.000000
216 0.000000
217 0.000000
218 0.000000
219 0.000000
220 0.000000
221 0.000000
222 0.000000
223 0.000000
224 0.000000
225 0.000000
226 0.000000
227 0.000000
228 0.000000
229 0.000000
230 0.000000
231 0.000000
232 0.000000
233 0.000000
234 0.000000
235 0.000000
236 0.000000
237 0.000000
238 0.000000
239 0.000000
240 0.000000
241 0.000000
242 0.000000
243 0.000000
244 0.000000
245 0.000000
246 0.000000
247 0.000000
248 0.000000
249 0.000000
250 0.000000
251 0.000000
252 0.000000
253 0.000000
254 0.000000
255 0.000000
256 0.000000
257 0.000000
258 0.000000
259 0.000000
260 0.000000
261 0.000000
262 0.000000
263 0.000000
264 0.000000
265 0.000000
266 0.000000
267 0.000000
268 0.000000
269 0.000000
270 0.000000
271 0.000000
272 0.000000
273 0.000000
274 0.000000
275 0.000000
276 0.000000
277 0.000000
278 0.000000
279 0.000000
280 0.000000
281 0.000000
282 0.000000
283 0.000000
284 0.000000
285 0.000000
286 0.000000
287 0.000000
288 0.000000
289 0.000000
290 0.000000
291 0.000000
292 0.000000
293 0.000000
294 0.000000
295 0.000000
296 0.000000
297 0.000000
298 0.000000
299 0.000000
300 0.000000
301 0.000000
302 0.000000
303 0.000000
304 0.000000
305 0.000000
306 0.000000
307 0.000000
308 0.000000
309 0.000000
310 0.000000
311 0.000000
312 0.000000
313 0.000000
314 0.000000
315 0.000000
316 0.000000
317 0.000000
318 0.000000
319 0.000000
320 0.000000
321 0.000000
322 0.000000
323 0.000000
324 0.000000
325 0.000000
326 0.000000
327 0.000000
328 0.000000
329 0.000000
330 0.000000
331 0.000000
332 0.000000
333 0.000000
334 0.000000
335 0.000000
336 0.000000
337 0.000000
338 0.000000
339 0.000000
340 0.000000
341 0.000000
342 0.000000
343 0.000000
344 0.000000
345 0.000000
346 0.000000
347 0.000000
348 0.000000
349 0.000000
350 0.000000
351 0.000000
352 0.000000
353 0.000000
354 0.000000
355 0.000000
356 0.000000
357 0.000000
358 0.000000
359 0.000000
360 0.000000
361 0.000000
362 0.000000
363 0.000000
364 0.000000
365 0.000000
366 0.000000
367 0.000000
368 0.000000
369 0.000000
370 0.000000
371 0.000000
372 0.000000
373 0.000000
374 0.000000
375 0.000000
376 0.000000
377 0.000000
378 0.000000
379 0.000000
380 0.000000
381 0.000000
382 0.000000
383 0.000000
384 0.000000
385 0.000000
386 0.000000
387 0.000000
388 0.000000
389 0.000000
390 0.000000
391 0.000000
392 0.000000
393 0.000000
394 0.000000
395 0.000000
396 0.000000
397 0.000000
398 0.000000
399 0.000000
400 0.000000
401 0.000000
402 0.000000
403 0.000000
404 0.000000
405 0.000000
406 0.000000
407 0.000000
408 0.000000
409 0.000000
410 0.000000
411 0.000000
412 0.000000
413 0.000000
414 0.000000
415 0.000000
416 0.000000
417 0.000000
418 0.000000
419 0.000000
420 0.000000
421 0.000000
422 0.000000
423 0.000000
424 0.000000
425 0.000000
426 0.000000
427 0.000000
428 0.000000
429 0.000000
430 0.000000
431 0.000000
432 0.000000
433 0.000000
434 0.000000
435 0.000000
436 0.000000
437 0.000000
438 0.000000
439 0.000000
440 0.000000
441 0.000000
442 0.000000
443 0.000000
444 0.000000
445 0.000000
446 0.000000
447 0.000000
448 0.000000
449 0.000000
450 0.000000
451 0.000000
452 0.000000
453 0.000000
454 0.000000
455 0.000000
456 0.000000
457 0.000000
458 0.000000
459 0.000000
460 0.000000
461 0.000000
462 0.000000
463 0.000000
464 0.000000
465 0.000000
466 0.000000
467 0.000000
468 0.000000
469 0.000000
470 0.000000
471 0.000000
472 0.000000
473 0.000000
474 0.000000
475 0.000000
476 0.000000
477 0.000000
478 0.000000
479 0.000000
480 0.000000
481 0.000000
482 0.000000
483 0.000000
484 0.000000
485 0.000000
486 0.000000
487 0.000000
488 0.000000
489 0.000000
490 0.000000
491 0.000000
492 0.000000
493 0.000000
494 0.000000
495 0.000000
496 0.000000
497 0.000000
498 0.000000
499 0.000000
500 0.000000
