1 714556.233887
2 697958.520453
3 684874.450031
4 712860.664282
5 691841.881012
6 626235.350705
7 583779.936656
8 589024.074128
9 535350.676066
10 483203.126650
11 443407.986845
12 414840.635249
13 388484.627240
14 349102.663609
15 307282.310729
16 235448.492232
17 228573.110781
18 220552.304573
19 196788.131809
20 182509.244059
21 176365.414581
22 163717.161397
23 148059.203723
24 113505.010486
25 101857.371198
26 87239.626746
27 76699.534458
28 72665.702253
29 55142.851363
30 50364.804908
31 47642.203108
32 39028.252836
33 35116.648435
34 30054.192865
35 28069.755810
36 23720.943643
37 17766.829062
38 16558.644830
39 12972.949973
40 12449.824753
41 11146.644885
42 10152.155727
43 8655.676057
44 7789.984622
45 6418.927488
46 5979.082591
47 5094.725870
48 4278.029252
49 3827.287236
50 3125.156460
51 2807.103664
52 2138.361433
53 1750.276734
54 1427.388225
55 1243.321759
56 1113.591333
57 923.279927
58 801.294339
59 660.804650
60 562.377351
61 485.607807
62 399.750633
63 323.264965
64 291.690063
65 253.929083
66 215.344920
67 173.513841
68 146.187539
69 121.737296
70 113.941044
71 89.527014
72 71.800370
73 61.180008
74 51.863464
75 44.011228
76 35.925296
77 30.249827
78 24.342027
79 20.836588
80 17.564640
81 14.261027
82 11.851523
83 10.006978
84 7.695362
85 6.813683
86 5.705265
87 4.647815
88 3.539925
89 3.062605
90 2.516596
91 2.226924
92 1.870568
93 1.449481
94 1.237726
95 0.986241
96 0.777106
97 0.694616
98 0.613304
99 0.478968
100 0.360801
101 0.311547
102 0.259045
103 0.197910
104 0.168653
105 0.142177
106 0.119471
107 0.092906
108 0.086831
109 0.070315
110 0.061150
111 0.047268
112 0.038959
113 0.032066
114 0.026672
115 0.021812
116 0.017018
117 0.014715
118 0.012172
119 0.009905
120 0.008697
121 0.006854
122 0.005775
123 0.004561
124 0.003889
125 0.002913
126 0.002573
127 0.002147
128 0.001707
129 0.001411
130 0.001256
131 0.001012
132 0.000869
133 0.000679
134 0.000585
135 0.000463
136 0.000410
137 0.000336
138 0.000276
139 0.000227
140 0.000188
141 0.000156
142 0.000132
143 0.000111
144 0.000092
145 0.000078
146 0.000066
147 0.000056
148 0.000048
149 0.000040
150 0.000035
151 0.000029
152 0.000025
153 0.000021
154 0.000018
155 0.000015
156 0.000012
157 0.000010
158 0.000008
159 0.000007
160 0.000006
161 0.000005
162 0.000004
163 0.000003
164 0.000003
165 0.000002
166 0.000002
167 0.000002
168 0.000001
169 0.000001
170 0.000001
171 0.000001
172 0.000001
173 0.000001
174 0.000001
175 0.000001
176 0.000000
177 0.000000
178 0.000000
179 0.000000
180 0.000000
181 0.000000
182 0.000000
183 0.000000
184 0.000000
185 0.000000
186 0.000000
187 0.000000
188 0.000000
189 0.000000
190 0.000000
191 0.000000
192 0.000000
193 0.000000
194 0.000000
195 0.000000
196 0.000000
197 0.000000
198 0.000000
199 0.000000
200 0.000000
201 0.000000
202 0.000000
203 0.000000
204 0.000000
205 0.000000
206 0.000000
207 0.000000
208 0.000000
209 0.000000
210 0.000000
211 0.000000
212 0.000000
213 0.000000
214 0.000000
215 0.000000
216 0.000000
217 0.000000
218 0.000000
219 0.000000
220 0.000000
221 0.000000
222 0.000000
223 0.000000
224 0.000000
225 0.000000
226 0.000000
227 0.000000
228 0.000000
229 0.000000
230 0.000000
231 0.000000
232 0.000000
233 0.000000
234 0.000000
235 0.000000
236 0.000000
237 0.000000
238 0.000000
239 0.000000
240 0.000000
241 0.000000
242 0.000000
243 0.000000
244 0.000000
245 0.000000
246 0.000000
247 0.000000
248 0.000000
249 0.000000
250 0.000000
251 0.000000
252 0.000000
253 0.000000
254 0.000000
255 0.000000
256 0.000000
257 0.000000
258 0.000000
259 0.000000
260 0.000000
261 0.000000
262 0.000000
263 0.000000
264 0.000000
265 0.000000
266 0.000000
267 0.000000
268 0.000000
269 0.000000
270 0.000000
271 0.000000
272 0.000000
273 0.000000
274 0.000000
275 0.000000
276 0.000000
277 0.000000
278 0.000000
279 0.000000
280 0.000000
281 0.000000
282 0.000000
283 0.000000
284 0.000000
285 0.000000
286 0.000000
287 0.000000
288 0.000000
289 0.000000
290 0.000000
291 0.000000
292 0.000000
293 0.000000
294 0.000000
295 0.000000
296 0.000000
297 0.000000
298 0.000000
299 0.000000
300 0.000000
301 0.000000
302 0.000000
303 0.000000
304 0.000000
305 0.000000
306 0.000000
307 0.000000
308 0.000000
309 0.000000
310 0.000000
311 0.000000
312 0.000000
313 0.000000
314 0.000000
315 0.000000
316 0.000000
317 0.000000
318 0.000000
319 0.000000
320 0.000000
321 0.000000
322 0.000000
323 0.000000
324 0.000000
325 0.000000
326 0.000000
327 0.000000
328 0.000000
329 0.000000
330 0.000000
331 0.000000
332 0.000000
333 0.000000
334 0.000000
335 0.000000
336 0.000000
337 0.000000
338 0.000000
339 0.000000
340 0.000000
341 0.000000
342 0.000000
343 0.000000
344 0.000000
345 0.000000
346 0.000000
347 0.000000
348 0.000000
349 0.000000
350 0.000000
351 0.000000
352 0.000000
353 0.000000
354 0.000000
355 0.000000
356 0.000000
357 0.000000
358 0.000000
359 0.000000
360 0.000000
361 0.000000
362 0.000000
363 0.000000
364 0.000000
365 0.000000
366 0.000000
367 0.000000
368 0.000000
369 0.000000
370 0.000000
371 0.000000
372 0.000000
373 0.000000
374 0.000000
375 0.000000
376 0.000000
377 0.000000
378 0.000000
379 0.000000
380 0.000000
381 0.000000
382 0.000000
383 0.000000
384 0.000000
385 0.000000
386 0.000000
387 0.000000
388 0.000000
389 0.000000
390 0.000000
391 0.000000
392 0.000000
393 0.000000
394 0.000000
395 0.000000
396 0.000000
397 0.000000
398 0.000000
399 0.000000
400 0.000000
401 0.000000
402 0.000000
403 0.000000
404 0.000000
405 0.000000
406 0.000000
407 0.000000
408 0.000000
409 0.000000
410 0.000000
411 0.000000
412 0.000000
413 0.000000
414 0.000000
415 0.000000
416 0.000000
417 0.000000
418 0.000000
419 0.000000
420 0.000000
421 0.000000
422 0.000000
423 0.000000
424 0.000000
425 0.000000
426 0.000000
427 0.000000
428 0.000000
429 0.000000
430 0.000000
431 0.000000
432 0.000000
433 0.000000
434 0.000000
435 0.000000
436 0.000000
437 0.000000
438 0.000000
439 0.000000
440 0.000000
441 0.000000
442 0.000000
443 0.000000
444 0.000000
445 0.000000
446 0.000000
447 0.000000
448 0.000000
449 0.000000
450 0.000000
451 0.000000
452 0.000000
453 0.000000
454 0.000000
455 0.000000
456 0.000000
457 0.000000
458 0.000000
459 0.000000
460 0.000000
461 0.000000
462 0.000000
463 0.000000
464 0.000000
465 0.000000
466 0.000000
467 0.000000
468 0.000000
469 0.000000
470 0.000000
471 0.000000
472 0.000000
473 0.000000
474 0.000000
475 0.000000
476 0.000000
477 0.000000
478 0.000000
479 0.000000
480 0.000000
481 0.000000
482 0.000000
483 0.000000
484 0.000000
485 0.000000
486 0.000000
487 0.000000
488 0.000000
489 0.000000
490 0.000000
491 0.000000
492 0.000000
493 0.000000
494 0.000000
495 0.000000
496 0.000000
497 0.000000
498 0.000000
499 0.000000
500 0.000000
1 720441.374359
2 733579.844819
3 704513.013616
4 694275.698574
5 636121.805000
6 590260.699424
7 561354.906451
8 508889.521969
9 496264.580338
10 485831.407736
11 454673.915703
12 425316.838292
13 380564.580902
14 347397.547896
15 302839.498016
16 277283.071633
17 262588.706017
18 246484.834754
19 213131.630344
20 195961.863556
21 189598.218598
22 172773.767226
23 156464.155688
24 143056.056755
25 126120.099231
26 113701.378262
27 106444.508111
28 94276.366243
29 89219.824770
30 81696.318009
31 73917.011910
32 63726.542145
33 57034.526797
34 44680.131619
35 43140.328948
36 37004.411166
37 33595.570414
38 27780.410665
39 22622.264661
40 17718.748907
41 16236.528511
42 15081.768336
43 13860.896432
44 12319.523643
45 11015.442074
46 8830.422616
47 7455.599137
48 6573.097149
49 5766.876003
50 4748.222553
51 4477.755703
52 3512.223208
53 3052.585534
54 2573.100056
55 2276.575277
56 1987.079798
57 1636.328964
58 1281.692580
59 1149.527189
60 1028.826775
61 846.745203
62 724.560856
63 583.565355
64 519.627219
65 440.156519
66 389.925599
67 304.219628
68 217.559991
69 204.018395
70 166.785162
71 135.317681
72 116.483074
73 100.653000
74 83.621005
75 69.052930
76 60.814264
77 50.257143
78 40.422872
79 31.365822
80 25.968248
81 22.715484
82 18.751541
83 15.145560
84 12.247410
85 10.285900
86 8.132734
87 6.701666
88 5.746040
89 4.295634
90 3.858781
91 3.030260
92 2.668962
93 2.189058
94 1.739424
95 1.452600
96 1.184248
97 0.967637
98 0.799040
99 0.664234
100 0.542354
101 0.448619
102 0.333743
103 0.274988
104 0.226814
105 0.185224
106 0.163038
107 0.130539
108 0.112404
109 0.090902
110 0.074206
111 0.058236
112 0.051288
113 0.042439
114 0.033048
115 0.028151
116 0.023898
117 0.018547
118 0.016804
119 0.013966
120 0.011507
121 0.009683
122 0.008197
123 0.006702
124 0.005517
125 0.004598
126 0.003752
127 0.003147
128 0.002604
129 0.002286
130 0.001865
131 0.001533
132 0.001259
133 0.001050
134 0.000855
135 0.000712
136 0.000581
137 0.000494
138 0.000417
139 0.000347
140 0.000287
141 0.000240
142 0.000203
143 0.000170
144 0.000141
145 0.000118
146 0.000090
147 0.000080
148 0.000068
149 0.000056
150 0.000046
151 0.000039
152 0.000033
153 0.000026
154 0.000021
155 0.000018
156 0.000015
157 0.000012
158 0.000011
159 0.000009
160 0.000007
161 0.000006
162 0.000005
163 0.000004
164 0.000004
165 0.000003
166 0.000003
167 0.000002
168 0.000002
169 0.000002
170 0.000001
171 0.000001
172 0.000001
173 0.000001
174 0.000001
175 0.000001
176 0.000001
177 0.000000
178 0.000000
179 0.000000
180 0.000000
181 0.000000
182 0.000000
183 0.000000
184 0.000000
185 0.000000
186 0.000000
187 0.000000
188 0.000000
189 0.000000
190 0.000000
191 0.000000
192 0.000000
193 0.000000
194 0.000000
195 0.000000
196 0.000000
197 0.000000
198 0.000000
199 0.000000
200 0.000000
201 0.000000
202 0.000000
203 0.000000
204 0.000000
205 0.000000
206 0.000000
207 0.000000
208 0.000000
209 0.000000
210 0.000000
211 0.000000
212 0.000000
213 0.000000
214 0.000000
215 0.000000
216 0.000000
217 0.000000
218 0.000000
219 0.000000
220 0.000000
221 0.000000
222 0.000000
223 0.000000
224 0.000000
225 0.000000
226 0.000000
227 0.000000
228 0.000000
229 0.000000
230 0.000000
231 0.000000
232 0.000000
233 0.000000
234 0.000000
235 0.000000
236 0.000000
237 0.000000
238 0.000000
239 0.000000
240 0.000000
241 0.000000
242 0.000000
243 0.000000
244 0.000000
245 0.000000
246 0.000000
247 0.000000
248 0.000000
249 0.000000
250 0.000000
251 0.000000
252 0.000000
253 0.000000
254 0.000000
255 0.000000
256 0.000000
257 0.000000
258 0.000000
259 0.000000
260 0.000000
261 0.000000
262 0.000000
263 0.000000
264 0.000000
265 0.000000
266 0.000000
267 0.000000
268 0.000000
269 0.000000
270 0.000000
271 0.000000
272 0.000000
273 0.000000
274 0.000000
275 0.000000
276 0.000000
277 0.000000
278 0.000000
279 0.000000
280 0.000000
281 0.000000
282 0.000000
283 0.000000
284 0.000000
285 0.000000
286 0.000000
287 0.000000
288 0.000000
289 0.000000
290 0.000000
291 0.000000
292 0.000000
293 0.000000
294 0.000000
295 0.000000
296 0.000000
297 0.000000
298 0.000000
299 0.000000
300 0.000000
301 0.000000
302 0.000000
303 0.000000
304 0.000000
305 0.000000
306 0.000000
307 0.000000
308 0.000000
309 0.000000
310 0.000000
311 0.000000
312 0.000000
313 0.000000
314 0.000000
315 0.000000
316 0.000000
317 0.000000
318 0.000000
319 0.000000
320 0.000000
321 0.000000
322 0.000000
323 0.000000
324 0.000000
325 0.000000
326 0.000000
327 0.000000
328 0.000000
329 0.000000
330 0.000000
331 0.000000
332 0.000000
333 0.000000
334 0.000000
335 0.000000
336 0.000000
337 0.000000
338 0.000000
339 0.000000
340 0.000000
341 0.000000
342 0.000000
343 0.000000
344 0.000000
345 0.000000
346 0.000000
347 0.000000
348 0.000000
349 0.000000
350 0.000000
351 0.000000
352 0.000000
353 0.000000
354 0.000000
355 0.000000
356 0.000000
357 0.000000
358 0.000000
359 0.000000
360 0.000000
361 0.000000
362 0.000000
363 0.000000
364 0.000000
365 0.000000
366 0.000000
367 0.000000
368 0.000000
369 0.000000
370 0.000000
371 0.000000
372 0.000000
373 0.000000
374 0.000000
375 0.000000
376 0.000000
377 0.000000
378 0.000000
379 0.000000
380 0.000000
381 0.000000
382 0.000000
383 0.000000
384 0.000000
385 0.000000
386 0.000000
387 0.000000
388 0.000000
389 0.000000
390 0.000000
391 0.000000
392 0.000000
393 0.000000
394 0.000000
395 0.000000
396 0.000000
397 0.000000
398 0.000000
399 0.000000
400 0.000000
401 0.000000
402 0.000000
403 0.000000
404 0.000000
405 0.000000
406 0.000000
407 0.000000
408 0.000000
409 0.000000
410 0.000000
411 0.000000
412 0.000000
413 0.000000
414 0.000000
415 0.000000
416 0.000000
417 0.000000
418 0.000000
419 0.000000
420 0.000000
421 0.000000
422 0.000000
423 0.000000
424 0.000000
425 0.000000
426 0.000000
427 0.000000
428 0.000000
429 0.000000
430 0.000000
431 0.000000
432 0.000000
433 0.000000
434 0.000000
435 0.000000
436 0.000000
437 0.000000
438 0.000000
439 0.000000
440 0.000000
441 0.000000
442 0.000000
443 0.000000
444 0.000000
445 0.000000
446 0.000000
447 0.000000
448 0.000000
449 0.000000
450 0.000000
451 0.000000
452 0.000000
453 0.000000
454 0.000000
455 0.000000
456 0.000000
457 0.000000
458 0.000000
459 0.000000
460 0.000000
461 0.000000
462 0.000000
463 0.000000
464 0.000000
465 0.000000
466 0.000000
467 0.000000
468 0.000000
469 0.000000
470 0.000000
471 0.000000
472 0.000000
473 0.000000
474 0.000000
475 0.000000
476 0.000000
477 0.000000
478 0.000000
479 0.000000
480 0.000000
481 0.000000
482 0.000000
483 0.000000
484 0.000000
485 0.000000
486 0.000000
487 0.000000
488 0.000000
489 0.000000
490 0.000000
491 0.000000
492 0.000000
493 0.000000
494 0.000000
495 0.000000
496 0.000000
497 0.000000
498 0.000000
499 0.000000
500 0.000000
