1 4124811.878037
2 4724953.375861
3 6624397.297291
4 6011687.721720
5 7187446.006599
6 8772530.053606
7 8024835.290544
8 9477985.158956
9 9918909.911056
10 13256906.753576
11 13096303.304713
12 10608010.222073
13 14278841.615837
14 15549023.208063
15 16957281.093582
16 13180675.730406
17 14384241.670614
18 11865142.579909
19 22644319.568424
20 17231477.080156
21 25756235.250342
22 28978832.286734
23 39136594.564958
24 33481329.919059
25 23240126.672164
26 30812079.437610
27 21437195.818110
28 27325823.503906
29 20213358.527936
30 37270885.747570
31 34549829.142173
32 33812908.879742
33 33824878.628546
34 42039721.702047
35 28620155.808285
36 23965341.535116
37 31414017.827118
38 44453240.991766
39 36137421.300687
40 37346737.900024
41 31877281.678387
42 37043090.752071
43 32077915.549934
44 26155499.892372
45 29455509.466820
46 33038020.823879
47 46153584.613779
48 28785872.894311
49 37680308.261773
50 27810512.645266
51 34683669.736332
52 32091094.828250
53 40051553.470624
54 47958717.378275
55 36889060.618893
56 41389313.409725
57 31964157.371969
58 43229710.908461
59 39313887.355389
60 36442477.717958
61 31530330.421315
62 38464439.445583
63 36976405.250715
64 34296820.526387
65 29573758.536672
66 33646293.465108
67 25855247.413448
68 30637659.674971
69 31337072.286109
70 38107036.326668
71 25294384.649202
72 31009458.820554
73 30015088.791991
74 20112329.330397
75 25956922.791130
76 24923308.000128
77 26064747.324855
78 23873982.231940
79 24116655.300583
80 23233252.736186
81 17953356.203824
82 15566062.615651
83 16102527.891819
84 15425921.639653
85 13707214.786769
86 14862379.319695
87 13014257.380073
88 12659510.193637
89 9048340.654873
90 8265257.789961
91 7474146.984559
92 6062283.130412
93 5558745.995094
94 4201103.661333
95 3972040.600140
96 3743684.002059
97 3568932.050070
98 3006608.471080
99 2897264.616435
100 2250014.328621
101 2168718.464486
102 1779584.915405
103 2070690.429911
104 1521426.166062
105 1869670.508126
106 1958400.177061
107 2116089.777339
108 2017852.180422
109 1919331.588342
110 1611743.968479
111 1613537.795198
112 1767500.484020
113 1487232.622070
114 1017812.746175
115 1393325.332854
116 1122130.387425
117 777900.751322
118 839823.821470
119 863346.819514
120 827775.482689
121 826977.860497
122 723830.380815
123 706133.131712
124 669480.775229
125 587203.015079
126 534183.291165
127 471642.491932
128 408145.936820
129 347719.506229
130 342587.114707
131 315156.583242
132 281997.850203
133 240827.854516
134 247215.294308
135 220500.616280
136 204944.341116
137 203594.207061
138 179706.682551
139 163504.026273
140 173863.898263
141 152132.843726
142 138294.083602
143 121149.042971
144 140325.654579
145 100557.601947
146 107094.042695
147 97749.446644
148 97276.821676
149 74784.502664
150 81878.567079
151 64010.036754
152 64561.866304
153 57603.949518
154 52034.716750
155 54950.328080
156 55769.972285
157 56241.402312
158 50119.007807
159 54725.045989
160 47374.621489
161 57197.561444
162 55103.154945
163 53392.875574
164 60029.534304
165 49342.687888
166 48435.377324
167 48957.525210
168 49316.864689
169 41452.088418
170 42617.702535
171 33163.110662
172 41851.370251
173 32515.133945
174 35681.425927
175 27217.665174
176 26047.798598
177 25418.744735
178 25687.504234
179 25774.736559
180 22156.143532
181 21432.393682
182 20312.454458
183 18460.150036
184 15731.124508
185 16262.396477
186 13673.052338
187 12962.081731
188 12488.551499
189 12208.654987
190 10256.627802
191 9606.064582
192 9435.942396
193 9034.638688
194 8362.908302
195 8887.557598
196 9256.895431
197 9191.097176
198 7933.903616
199 7840.758817
200 7499.927645
201 5918.211690
202 5726.381807
203 5543.359954
204 5080.832003
205 4410.707881
206 4813.407101
207 5155.271660
208 4726.072259
209 4555.848651
210 4936.503450
211 4574.596335
212 3847.714519
213 3869.067838
214 3582.018733
215 3096.980566
216 2783.008405
217 2658.885354
218 2439.615608
219 2318.005942
220 2166.749814
221 1818.780084
222 2001.055465
223 2021.843864
224 1529.675310
225 1543.256522
226 1484.150912
227 1273.842039
228 1205.754839
229 1235.445543
230 1262.862355
231 1110.928221
232 1084.170569
233 1017.323925
234 882.608316
235 879.544541
236 907.705083
237 793.870560
238 715.520510
239 773.717301
240 664.217656
241 650.189562
242 656.401342
243 539.310996
244 605.266889
245 600.795454
246 521.611268
247 550.504470
248 487.478007
249 578.547472
250 502.476879
251 450.535201
252 449.289544
253 417.502065
254 443.282549
255 398.686930
256 350.833610
257 373.968630
258 341.867389
259 299.062817
260 300.439382
261 272.976099
262 270.695767
263 264.228759
264 253.318833
265 250.660304
266 239.884979
267 248.728250
268 235.554483
269 217.650793
270 173.690383
271 188.245454
272 188.225948
273 196.559198
274 193.418449
275 196.327139
276 186.621101
277 177.190701
278 158.342226
279 168.125410
280 153.216733
281 142.392736
282 137.122396
283 124.341665
284 134.106087
285 130.901996
286 125.246482
287 128.801117
288 116.260388
289 114.808447
290 114.444211
291 99.818843
292 94.552192
293 99.842843
294 103.819546
295 93.983059
296 94.910579
297 97.071677
298 91.158313
299 95.915985
300 85.651484
301 84.290067
302 83.278733
303 79.145522
304 68.585360
305 63.790012
306 67.600817
307 64.674960
308 63.621806
309 59.502409
310 62.883591
311 54.250010
312 57.495096
313 53.694958
314 52.250556
315 52.323095
316 49.696768
317 50.245237
318 44.238260
319 46.315953
320 45.445504
321 46.048777
322 43.181179
323 41.089638
324 39.859276
325 36.423860
326 38.383390
327 34.709321
328 34.891010
329 34.397762
330 32.262266
331 34.751080
332 32.654622
333 34.527039
334 32.258904
335 31.263205
336 29.869843
337 31.022758
338 31.045447
339 29.372079
340 29.093682
341 27.591837
342 26.564732
343 26.296438
344 24.052548
345 26.110435
346 25.748528
347 23.356231
348 21.636187
349 19.366253
350 20.883677
351 18.934139
352 18.927877
353 18.430082
354 18.819554
355 18.512129
356 18.201634
357 17.235927
358 16.827448
359 16.256493
360 15.460665
361 15.357085
362 14.233257
363 13.696549
364 13.183515
365 13.615296
366 13.000773
367 13.061977
368 12.677525
369 11.466627
370 11.837393
371 11.562200
372 11.286763
373 10.873605
374 10.309751
375 10.372105
376 10.070503
377 9.433217
378 9.851776
379 8.937608
380 8.902745
381 8.226130
382 8.414697
383 8.235665
384 8.116359
385 7.755737
386 7.798432
387 7.703345
388 7.708090
389 7.591414
390 7.378337
391 7.417390
392 7.206560
393 7.071850
394 6.961100
395 6.748623
396 6.673163
397 6.655787
398 6.588158
399 6.513511
400 6.327691
401 6.215079
402 6.131775
403 6.046950
404 5.989211
405 5.814737
406 5.405032
407 5.452661
408 5.372756
409 5.251751
410 5.187409
411 5.003513
412 4.859209
413 4.758337
414 4.632565
415 4.603081
416 4.402614
417 4.370759
418 4.238835
419 4.211640
420 4.032409
421 4.047117
422 3.979119
423 4.008169
424 3.938671
425 3.760388
426 3.796130
427 3.726150
428 3.564867
429 3.556899
430 3.531060
431 3.510570
432 3.469253
433 3.370276
434 3.331912
435 3.296355
436 3.214503
437 3.166129
438 3.162929
439 3.123436
440 3.084561
441 3.020690
442 3.000963
443 3.005462
444 2.985772
445 2.918956
446 2.881505
447 2.868651
448 2.825694
449 2.785315
450 2.781282
451 2.721043
452 2.693989
453 2.637259
454 2.609062
455 2.572300
456 2.548474
457 2.484897
458 2.478297
459 2.424620
460 2.422608
461 2.381568
462 2.369856
463 2.347942
464 2.334045
465 2.321340
466 2.292170
467 2.272367
468 2.239862
469 2.228884
470 2.214598
471 2.204995
472 2.185581
473 2.168057
474 2.138722
475 2.121569
476 2.114230
477 2.100271
478 2.079251
479 2.061099
480 2.046505
481 2.026854
482 2.018327
483 2.006146
484 1.987651
485 1.982139
486 1.976207
487 1.970635
488 1.956309
489 1.949181
490 1.944148
491 1.935647
492 1.928677
493 1.924817
494 1.920140
495 1.916252
496 1.913211
497 1.909772
498 1.907817
499 1.906300
500 1.905513
1 4238729.230189
2 5434076.626422
3 6209338.193629
4 7162585.991123
5 8639509.551339
6 5954342.443511
7 8863247.955437
8 9414518.295409
9 14347914.192658
10 13936367.183040
11 16678933.047978
12 15108078.927808
13 15643857.904336
14 18517969.969556
15 18453091.145005
16 18744381.536813
17 23475028.057093
18 28776315.689405
19 24608310.792338
20 29593204.608663
21 37730053.650609
22 23591671.892837
23 27189153.694439
24 32924736.954340
25 36698937.537949
26 36444126.563448
27 32742883.377163
28 35822686.840467
29 37042115.486254
30 30273213.922621
31 34385140.297458
32 35498840.770061
33 47651264.881624
34 49993431.730717
35 54530621.746032
36 56344281.509072
37 58085031.095071
38 50048073.373187
39 37242863.095447
40 46987049.719172
41 50765905.778092
42 45021946.359585
43 36206892.895060
44 47477002.700656
45 53529651.316298
46 34964897.630247
47 44495176.632269
48 28294598.971047
49 51450975.479964
50 46262973.951052
51 61097479.534904
52 45452293.204785
53 64890479.007104
54 47545364.518948
55 42375289.150597
56 48455857.955374
57 49274104.248546
58 46305512.629400
59 37600702.623306
60 34245231.391638
61 35484575.034348
62 39518663.728396
63 37737131.388969
64 42511611.395613
65 33353031.751849
66 37799063.211620
67 33374216.563886
68 33833148.922767
69 30406261.012556
70 29232726.887632
71 29870233.502843
72 24817960.261605
73 30459286.600162
74 23841761.717580
75 21976254.642530
76 19800451.654852
77 22760213.204793
78 23378284.752029
79 20040779.337107
80 21325348.080987
81 15538355.684598
82 16834656.443310
83 18371451.665000
84 12391888.683311
85 13058029.306560
86 13814365.277503
87 14037890.684421
88 12177848.810236
89 10995632.084070
90 11412575.939449
91 7779384.859972
92 7579852.075682
93 10153677.295156
94 8568042.917524
95 11436621.071579
96 9492947.678029
97 7856684.196816
98 9723210.797051
99 8740547.125394
100 9307723.391117
101 9130519.868371
102 9042287.891717
103 7282476.823000
104 8869208.337410
105 6827277.832521
106 5622089.246124
107 6358341.972122
108 6652363.923725
109 7142482.814025
110 5083039.839176
111 4271642.969520
112 4719183.215428
113 4264693.667831
114 4405880.641870
115 2963762.524228
116 1908618.158989
117 2903954.405604
118 2502625.724417
119 1825443.933567
120 2480162.959512
121 2324879.281884
122 1922997.765420
123 2119661.726686
124 2250033.184859
125 2390551.792235
126 1947553.915792
127 2049002.709186
128 1715295.248799
129 1416355.461250
130 1489221.052559
131 1426049.538340
132 1452677.887269
133 1164428.876870
134 1282544.433825
135 1139695.915514
136 1156750.935069
137 872634.952709
138 948191.127019
139 782662.670241
140 715169.242250
141 756957.164529
142 649128.489268
143 591313.347300
144 535942.867860
145 535772.409593
146 583691.997926
147 447730.710722
148 395632.902715
149 373234.599427
150 298851.187673
151 275835.007732
152 278331.686293
153 252594.441374
154 242939.924381
155 205957.418471
156 246862.103315
157 231625.375355
158 178171.533311
159 188190.945304
160 183264.931112
161 181380.260880
162 187363.486569
163 158997.366967
164 167046.257374
165 135371.011698
166 141477.051746
167 124265.125868
168 95711.409876
169 97078.926225
170 107295.093298
171 84123.465057
172 74652.716698
173 71874.224057
174 80777.111789
175 68638.591025
176 61723.938041
177 61090.632222
178 55804.622323
179 53768.026574
180 44276.181107
181 41779.192298
182 38381.906373
183 40324.348506
184 35669.333121
185 34855.494116
186 31655.549699
187 26210.718548
188 26436.376371
189 27848.468197
190 24607.073009
191 24175.139546
192 25089.427000
193 19886.920845
194 20399.709557
195 19101.299128
196 16079.739082
197 16215.530468
198 15647.518301
199 16947.361537
200 13886.195610
201 13873.230004
202 13096.599158
203 11570.369964
204 12483.803549
205 11945.694583
206 10868.796621
207 9626.213414
208 10394.864292
209 8566.734238
210 8965.934576
211 6610.221575
212 7158.448891
213 5874.443317
214 5764.107271
215 5986.312897
216 5200.081427
217 4698.040969
218 4184.038365
219 4214.796712
220 4242.768199
221 3719.615449
222 3891.231593
223 3616.936486
224 3650.016655
225 3686.508927
226 3467.958244
227 3312.306393
228 3372.974216
229 2726.541776
230 2801.617445
231 2887.711908
232 2274.835274
233 2185.785381
234 2336.591433
235 2244.785389
236 1911.711507
237 1993.949367
238 1792.638934
239 1689.183943
240 1560.763011
241 1387.740065
242 1198.869096
243 1189.629456
244 1128.157601
245 1216.226976
246 1232.938565
247 1229.841251
248 1187.261762
249 1116.719991
250 907.056567
251 968.699219
252 954.314071
253 909.073407
254 836.281742
255 839.328706
256 861.520367
257 736.613647
258 831.495871
259 772.524334
260 845.192346
261 781.637376
262 686.479832
263 665.195600
264 674.667308
265 605.997353
266 656.086913
267 649.466210
268 617.876617
269 623.031176
270 666.256983
271 593.114368
272 566.637724
273 595.500549
274 553.762291
275 584.280801
276 536.972343
277 497.195495
278 434.124935
279 417.712493
280 387.155193
281 403.331251
282 424.593311
283 396.347564
284 383.539579
285 388.831133
286 395.327457
287 386.508412
288 350.809837
289 363.201268
290 380.402205
291 371.890189
292 357.580313
293 360.588016
294 324.659320
295 337.139554
296 293.409537
297 294.985090
298 293.217485
299 293.960954
300 293.500680
301 269.682872
302 267.039454
303 275.987436
304 236.863411
305 233.581566
306 240.321045
307 222.625618
308 219.087395
309 212.310021
310 197.659425
311 190.410507
312 184.700298
313 195.198426
314 187.915981
315 165.158761
316 159.240023
317 157.765263
318 157.068211
319 148.122908
320 149.249635
321 144.477637
322 139.792045
323 139.906462
324 138.019755
325 133.453793
326 136.792355
327 133.323405
328 121.329084
329 115.904700
330 112.817119
331 115.933164
332 110.289240
333 111.765038
334 113.947339
335 108.372125
336 107.005226
337 99.733037
338 92.596143
339 92.943680
340 88.673738
341 89.133488
342 91.400120
343 86.763768
344 82.817448
345 85.020384
346 84.109905
347 78.861425
348 79.257381
349 71.488728
350 75.036779
351 69.397876
352 71.127083
353 65.287818
354 63.218744
355 62.149420
356 63.079183
357 60.406906
358 57.211045
359 55.122966
360 57.053223
361 55.486864
362 54.668590
363 53.781106
364 53.182884
365 50.722501
366 50.252468
367 48.599937
368 50.654750
369 48.689102
370 46.323304
371 45.114535
372 45.203592
373 42.680862
374 42.980787
375 40.468765
376 41.104407
377 40.013615
378 39.626784
379 40.235217
380 38.863555
381 38.398584
382 36.076289
383 35.700058
384 37.099589
385 34.647732
386 34.855046
387 34.247715
388 34.184263
389 33.362886
390 32.403510
391 32.373739
392 30.943510
393 30.406306
394 29.672757
395 30.058894
396 29.168439
397 28.664516
398 28.594832
399 28.078777
400 27.518868
401 27.418183
402 26.692650
403 26.341209
404 26.211060
405 26.064010
406 24.847966
407 25.560687
408 25.479755
409 24.616905
410 24.330476
411 23.575695
412 23.511229
413 22.672185
414 22.405227
415 22.271970
416 21.499517
417 21.201424
418 21.230406
419 20.389800
420 20.590217
421 20.360501
422 19.693391
423 19.527468
424 19.649856
425 18.873917
426 18.582400
427 17.932981
428 18.170690
429 17.864331
430 17.594527
431 17.363955
432 17.387185
433 17.231313
434 16.683067
435 16.502964
436 16.307015
437 16.278386
438 16.019690
439 15.987900
440 15.832256
441 15.965655
442 15.547399
443 15.592249
444 15.209839
445 15.000966
446 14.584461
447 14.536553
448 14.388999
449 14.209745
450 14.102996
451 13.749637
452 13.560304
453 13.374560
454 13.287708
455 13.232653
456 13.202158
457 12.933205
458 12.901840
459 12.710705
460 12.544513
461 12.553358
462 12.376090
463 12.290081
464 12.151521
465 12.086535
466 11.959826
467 11.863042
468 11.841437
469 11.677428
470 11.641756
471 11.515282
472 11.398487
473 11.372481
474 11.254854
475 11.168688
476 11.097388
477 11.003374
478 10.921834
479 10.904214
480 10.834858
481 10.746060
482 10.671971
483 10.636992
484 10.594079
485 10.549664
486 10.488160
487 10.426063
488 10.384129
489 10.348775
490 10.305668
491 10.277214
492 10.224052
493 10.199946
494 10.176905
495 10.161241
496 10.133401
497 10.122863
498 10.100307
499 10.091061
500 10.086741
