1 inf
2 inf
3 inf
4 inf
5 inf
6 inf
7 inf
8 inf
9 inf
10 inf
11 inf
12 24630839394960143441367984811505576122052686161547638363401787576525462785631468271388038653808215355446747227904955395354671149123012849693159835573557124843720172170369491018627537150202786487188322276966981794221179116075062043505258101179482436657536732742681183699450813830255717123667093423047944699904.000000
13 6840132412078312363345744434666543384582658612941870711008031970538874362037245001062020719752628398498447203015822081467927955762348096639267478503890492075100293618640001820743148343080298232324718283281225998703827422973003622828096075340184445759390776140945100206564909265618193522907676672.000000
14 2933149199372419283856263482267233318283430322619688662124666566851845429870260511304341469694543591432072336630500444530091185483401662175999085053101619113119230334205208502231942253402805214434138989814279935026158964087486006115977709213204231519174712372955221103628231998413084173533184.000000
15 107492285520890668441206815975319410617578819775585081721907833157857168775696663946921550042345908730370787248197074075692194024092883283081783727136472175483035679914219969081181879331253203193119350377971913280792547871210041000655583986892104213538002031591674939761210546978816.000000
16 5911289398661541435487314510546610319030204303713425776807957080850380232635374788364616243601737408890302993996239355088237304285673387850214977481893155051861108134502364523022912448597224151204244101024017381507804984640408229244614088385755545333197851792128159179079680.000000
17 12352925544518712610292133263393726175127547570014601926683079246670933670542756918589236847646815066041900819838291907346851241970493018111114102360873461999167239452661476556479191722074953521585646000216253315320723791402674574082587684856265257046186880138861346816.000000
18 2192833054884185242753053087635886884973694058395140716040490819686598321049083307559215284502590404894591429857197187527719541076385005990364836748349657975127740685666964874492687916264309513908032273007242592741747632462139863063481990410581567715160711233536.000000
19 1892170879631584899037553968296945952690122978568220227976375214831024228592939828793686409011924573877241111320067379721539442934027579771015467955748707152326921953742112318414005018402665013292613099699845065598665475661867452642345664666735659188224.000000
20 28689392501172540598531989146234778118553781356329789049176512596974250552563352991806104926719643343906114621150387972982954955536647814726085592326004860516587686656468805931131935762032030740953008569391216198586348750573048712972275286016.000000
21 36842901785461699918571927754357846508603396280227001904252479622699735672212509373954407487735190813534438565574800031205206806478120623885859541955091495997071384440398088242814688133241715584618804431154657445924101672614756352.000000
22 200539349870486342678561908242498324575020463681507969998988410119007210919891528578047451094649758034027506627734304282210978894511210011577298143189812435297994357966649168443864075089435076405671909829969701540720306814976.000000
23 9013286539270598324781535239234304144267113299908897365344556036647128733111230772818323973279220017405198254737313779177976865596264672585115651937456754016794758871707232790967193850732432354704485051300719863250550784.000000
24 15548254033031236061503097273455073131322087542580998346131879884890204188492011501731622901472602365575922749125994619922027322242567746305320204823863921356157839891198973612038662164133635767604912262834536574877696.000000
25 69531589178711773050436677874537861164554525062099338347797766303224491539536003315000712517597784053711458442687329885993358136987000945293477931301470721261219653286668888967084313581460124712446726242304.000000
26 2561558044460087829747817324847867052401969001449031291498308912370952651492154166164946782598893620942379524749951487489798346347317160027137700184468620240571163353858409397420144108106091069440.000000
27 12017197764620957770590654732027648834545269494651269699008313403531849658552380332077948716024479815068992999421279768860588342609250924034450499527370745530555779725938316293790400249856.000000
28 427936061241792741376110668429431391436994566754859644182618116897449277087287404043341969202403030539424966837062141928666629235553271822515925743333522108618482673470212979818496.000000
29 2176947572337172753957840265365908903145100082946421790210916285063220143679353148478521166440826386669998160300956487113784922240130893090308048597471262252294320936714240.000000
30 42359037872347936391533880065977070208252217825577638811139952683199089807575745891303242039594167924354494638684662237853875970842974789037542813835477333273739264.000000
31 235845937811462611201074353666734266405680799695891456573029429731624621228075753383268849434375058258047467798046043746294569450937273142847728139632640.000000
32 2444651341233175653493748739999283706784813815241277051908134899816492170231429955640229650749913564378282815443567761865885598306110908923904.000000
33 1926607088656760200802057969774648180215435067251173475270683696227467775262126695661298484350341275204278541013595843614050663289038307328.000000
34 1553677433794962159156147944634066226717362408464638024841998515620166975361359529414114303622069061924087377696981927319054581760.000000
35 24781871778315599200255863556989695395575898352489850547143144440580615745700157386742791629746850653937815506011553792.000000
36 1612490198927754163501656637967827697609211580017084706830427315424662631170182066787718110988882068123942912.000000
37 16575933000346189997371240124340203481155531335992856758627012160099224977037361744398829404291072.000000
38 33643098956597006134534416868759431591439120972333444308897478696669916014600610097437084854779904.000000
39 362028441485086449530453150925911533668209774028070860917536970112057937124159723143168.000000
40 283682375101096757718719450211450722376896052669839718812776846584899344638410752.000000
41 37011119217711673667428303355707933638276385517054655818708253832904704.000000
42 11589758664861514140478475597046677383769306561895733378678784.000000
43 2573300195536210741636623409015894750118845349888.000000
44 90411020357126663269939701016988393255469056.000000
45 9474894441483039825774109523968.000000
46 4425714536536807936.000000
47 7734860856.260907
48 3057.243884
49 2449.401162
50 2132.210925
51 1627.351364
52 1368.117248
53 1088.736862
54 962.626417
55 895.001927
56 752.906840
57 677.666564
58 630.224112
59 542.553870
60 473.239290
61 418.099254
62 361.865917
63 319.971193
64 290.401855
65 246.602711
66 221.057288
67 194.985449
68 168.623932
69 153.448050
70 135.792702
71 117.848616
72 104.837959
73 94.092173
74 83.623888
75 73.960535
76 64.227088
77 57.283736
78 52.212359
79 46.393299
80 40.966487
81 36.669486
82 33.296503
83 29.104867
84 26.493824
85 23.056114
86 20.273300
87 18.108287
88 16.503661
89 14.873502
90 13.491257
91 12.022042
92 10.540308
93 9.575573
94 8.447189
95 7.581568
96 6.890219
97 6.090098
98 5.251025
99 4.678036
100 4.105481
101 3.694297
102 3.223938
103 2.928794
104 2.564022
105 2.301626
106 1.988859
107 1.788022
108 1.587733
109 1.410089
110 1.267900
111 1.137006
112 0.996698
113 0.887512
114 0.786952
115 0.691629
116 0.628145
117 0.554820
118 0.494234
119 0.444469
120 0.394953
121 0.363111
122 0.324614
123 0.287434
124 0.258981
125 0.231558
126 0.207602
127 0.185230
128 0.164069
129 0.146965
130 0.129798
131 0.110742
132 0.102057
133 0.090303
134 0.079981
135 0.071161
136 0.062446
137 0.055351
138 0.048710
139 0.044432
140 0.039613
141 0.034620
142 0.031758
143 0.028636
144 0.025826
145 0.023151
146 0.021044
147 0.019022
148 0.017034
149 0.015035
150 0.013724
151 0.012167
152 0.010950
153 0.010025
154 0.009189
155 0.008354
156 0.007540
157 0.006701
158 0.006058
159 0.005509
160 0.004850
161 0.004432
162 0.004049
163 0.003645
164 0.003220
165 0.002989
166 0.002735
167 0.002549
168 0.002319
169 0.002130
170 0.001962
171 0.001812
172 0.001640
173 0.001505
174 0.001378
175 0.001254
176 0.001136
177 0.001058
178 0.000966
179 0.000900
180 0.000816
181 0.000760
182 0.000695
183 0.000648
184 0.000598
185 0.000556
186 0.000516
187 0.000475
188 0.000442
189 0.000405
190 0.000370
191 0.000346
192 0.000315
193 0.000289
194 0.000269
195 0.000242
196 0.000228
197 0.000209
198 0.000193
199 0.000180
200 0.000166
201 0.000153
202 0.000143
203 0.000131
204 0.000121
205 0.000113
206 0.000105
207 0.000098
208 0.000088
209 0.000083
210 0.000077
211 0.000073
212 0.000069
213 0.000064
214 0.000059
215 0.000056
216 0.000052
217 0.000049
218 0.000046
219 0.000043
220 0.000041
221 0.000038
222 0.000036
223 0.000034
224 0.000032
225 0.000030
226 0.000028
227 0.000027
228 0.000025
229 0.000023
230 0.000022
231 0.000021
232 0.000020
233 0.000019
234 0.000017
235 0.000016
236 0.000015
237 0.000015
238 0.000014
239 0.000013
240 0.000012
241 0.000012
242 0.000011
243 0.000011
244 0.000010
245 0.000009
246 0.000009
247 0.000008
248 0.000008
249 0.000008
250 0.000007
251 0.000007
252 0.000006
253 0.000006
254 0.000006
255 0.000006
256 0.000005
257 0.000005
258 0.000005
259 0.000005
260 0.000004
261 0.000004
262 0.000004
263 0.000004
264 0.000004
265 0.000003
266 0.000003
267 0.000003
268 0.000003
269 0.000003
270 0.000003
271 0.000003
272 0.000002
273 0.000002
274 0.000002
275 0.000002
276 0.000002
277 0.000002
278 0.000002
279 0.000002
280 0.000002
281 0.000002
282 0.000002
283 0.000002
284 0.000002
285 0.000001
286 0.000001
287 0.000001
288 0.000001
289 0.000001
290 0.000001
291 0.000001
292 0.000001
293 0.000001
294 0.000001
295 0.000001
296 0.000001
297 0.000001
298 0.000001
299 0.000001
300 0.000001
301 0.000001
302 0.000001
303 0.000001
304 0.000001
305 0.000001
306 0.000001
307 0.000001
308 0.000001
309 0.000001
310 0.000001
311 0.000001
312 0.000001
313 0.000001
314 0.000000
315 0.000000
316 0.000000
317 0.000000
318 0.000000
319 0.000000
320 0.000000
321 0.000000
322 0.000000
323 0.000000
324 0.000000
325 0.000000
326 0.000000
327 0.000000
328 0.000000
329 0.000000
330 0.000000
331 0.000000
332 0.000000
333 0.000000
334 0.000000
335 0.000000
336 0.000000
337 0.000000
338 0.000000
339 0.000000
340 0.000000
341 0.000000
342 0.000000
343 0.000000
344 0.000000
345 0.000000
346 0.000000
347 0.000000
348 0.000000
349 0.000000
350 0.000000
351 0.000000
352 0.000000
353 0.000000
354 0.000000
355 0.000000
356 0.000000
357 0.000000
358 0.000000
359 0.000000
360 0.000000
361 0.000000
362 0.000000
363 0.000000
364 0.000000
365 0.000000
366 0.000000
367 0.000000
368 0.000000
369 0.000000
370 0.000000
371 0.000000
372 0.000000
373 0.000000
374 0.000000
375 0.000000
376 0.000000
377 0.000000
378 0.000000
379 0.000000
380 0.000000
381 0.000000
382 0.000000
383 0.000000
384 0.000000
385 0.000000
386 0.000000
387 0.000000
388 0.000000
389 0.000000
390 0.000000
391 0.000000
392 0.000000
393 0.000000
394 0.000000
395 0.000000
396 0.000000
397 0.000000
398 0.000000
399 0.000000
400 0.000000
401 0.000000
402 0.000000
403 0.000000
404 0.000000
405 0.000000
406 0.000000
407 0.000000
408 0.000000
409 0.000000
410 0.000000
411 0.000000
412 0.000000
413 0.000000
414 0.000000
415 0.000000
416 0.000000
417 0.000000
418 0.000000
419 0.000000
420 0.000000
421 0.000000
422 0.000000
423 0.000000
424 0.000000
425 0.000000
426 0.000000
427 0.000000
428 0.000000
429 0.000000
430 0.000000
431 0.000000
432 0.000000
433 0.000000
434 0.000000
435 0.000000
436 0.000000
437 0.000000
438 0.000000
439 0.000000
440 0.000000
441 0.000000
442 0.000000
443 0.000000
444 0.000000
445 0.000000
446 0.000000
447 0.000000
448 0.000000
449 0.000000
450 0.000000
451 0.000000
452 0.000000
453 0.000000
454 0.000000
455 0.000000
456 0.000000
457 0.000000
458 0.000000
459 0.000000
460 0.000000
461 0.000000
462 0.000000
463 0.000000
464 0.000000
465 0.000000
466 0.000000
467 0.000000
468 0.000000
469 0.000000
470 0.000000
471 0.000000
472 0.000000
473 0.000000
474 0.000000
475 0.000000
476 0.000000
477 0.000000
478 0.000000
479 0.000000
480 0.000000
481 0.000000
482 0.000000
483 0.000000
484 0.000000
485 0.000000
486 0.000000
487 0.000000
488 0.000000
489 0.000000
490 0.000000
491 0.000000
492 0.000000
493 0.000000
494 0.000000
495 0.000000
496 0.000000
497 0.000000
498 0.000000
499 0.000000
500 0.000000
