1 1000000000000000019884624838656.000000
2 1000000000000000019884624838656.000000
3 1000000000000000019884624838656.000000
4 1000000000000000019884624838656.000000
5 179578.023941
6 179578.023941
7 179578.023941
8 179578.023941
9 179578.023941
10 187205.610379
11 187205.610379
12 187205.610379
13 187205.610379
14 187205.610379
15 151040.064780
16 151040.064780
17 151040.064780
18 151040.064780
19 151040.064780
20 142152.745671
21 142152.745671
22 142152.745671
23 142152.745671
24 142152.745671
25 120752.085586
26 120752.085586
27 120752.085586
28 120752.085586
29 120752.085586
30 88507.436654
31 88507.436654
32 88507.436654
33 88507.436654
34 88507.436654
35 66886.628995
36 66886.628995
37 66886.628995
38 66886.628995
39 66886.628995
40 43578.698703
41 43578.698703
42 43578.698703
43 43578.698703
44 43578.698703
45 27024.341582
46 27024.341582
47 27024.341582
48 27024.341582
49 27024.341582
50 16724.219632
51 16724.219632
52 16724.219632
53 16724.219632
54 16724.219632
55 10397.184224
56 10397.184224
57 10397.184224
58 10397.184224
59 10397.184224
60 7200.204362
61 7200.204362
62 7200.204362
63 7200.204362
64 7200.204362
65 4693.108046
66 4693.108046
67 4693.108046
68 4693.108046
69 4693.108046
70 3185.129944
71 3185.129944
72 3185.129944
73 3185.129944
74 3185.129944
75 1750.651936
76 1750.651936
77 1750.651936
78 1750.651936
79 1750.651936
80 1114.424650
81 1114.424650
82 1114.424650
83 1114.424650
84 1114.424650
85 696.763156
86 696.763156
87 696.763156
88 696.763156
89 696.763156
90 405.964131
91 405.964131
92 405.964131
93 405.964131
94 405.964131
95 253.864666
96 253.864666
97 253.864666
98 253.864666
99 253.864666
100 134.135774
101 134.135774
102 134.135774
103 134.135774
104 134.135774
105 65.214619
106 65.214619
107 65.214619
108 65.214619
109 65.214619
110 30.350414
111 30.350414
112 30.350414
113 30.350414
114 30.350414
115 15.497911
116 15.497911
117 15.497911
118 15.497911
119 15.497911
120 7.513329
121 7.513329
122 7.513329
123 7.513329
124 7.513329
125 4.018892
126 4.018892
127 4.018892
128 4.018892
129 4.018892
130 2.028911
131 2.028911
132 2.028911
133 2.028911
134 2.028911
135 0.950119
136 0.950119
137 0.950119
138 0.950119
139 0.950119
140 0.313922
141 0.313922
142 0.313922
143 0.313922
144 0.313922
145 0.136378
146 0.136378
147 0.136378
148 0.136378
149 0.136378
150 0.070425
151 0.070425
152 0.070425
153 0.070425
154 0.070425
155 0.036429
156 0.036429
157 0.036429
158 0.036429
159 0.036429
160 0.018025
161 0.018025
162 0.018025
163 0.018025
164 0.018025
165 0.008006
166 0.008006
167 0.008006
168 0.008006
169 0.008006
170 0.003490
171 0.003490
172 0.003490
173 0.003490
174 0.003490
175 0.001532
176 0.001532
177 0.001532
178 0.001532
179 0.001532
180 0.000747
181 0.000747
182 0.000747
183 0.000747
184 0.000747
185 0.000364
186 0.000364
187 0.000364
188 0.000364
189 0.000364
190 0.000165
191 0.000165
192 0.000165
193 0.000165
194 0.000165
195 0.000086
196 0.000086
197 0.000086
198 0.000086
199 0.000086
200 0.000046
201 0.000046
202 0.000046
203 0.000046
204 0.000046
205 0.000023
206 0.000023
207 0.000023
208 0.000023
209 0.000023
210 0.000011
211 0.000011
212 0.000011
213 0.000011
214 0.000011
215 0.000006
216 0.000006
217 0.000006
218 0.000006
219 0.000006
220 0.000003
221 0.000003
222 0.000003
223 0.000003
224 0.000003
225 0.000001
226 0.000001
227 0.000001
228 0.000001
229 0.000001
230 0.000001
231 0.000001
232 0.000001
233 0.000001
234 0.000001
235 0.000000
236 0.000000
237 0.000000
238 0.000000
239 0.000000
240 0.000000
241 0.000000
242 0.000000
243 0.000000
244 0.000000
245 0.000000
246 0.000000
247 0.000000
248 0.000000
249 0.000000
250 0.000000
251 0.000000
252 0.000000
253 0.000000
254 0.000000
255 0.000000
256 0.000000
257 0.000000
258 0.000000
259 0.000000
260 0.000000
261 0.000000
262 0.000000
263 0.000000
264 0.000000
265 0.000000
266 0.000000
267 0.000000
268 0.000000
269 0.000000
270 0.000000
271 0.000000
272 0.000000
273 0.000000
274 0.000000
275 0.000000
276 0.000000
277 0.000000
278 0.000000
279 0.000000
280 0.000000
281 0.000000
282 0.000000
283 0.000000
284 0.000000
285 0.000000
286 0.000000
287 0.000000
288 0.000000
289 0.000000
290 0.000000
291 0.000000
292 0.000000
293 0.000000
294 0.000000
295 0.000000
296 0.000000
297 0.000000
298 0.000000
299 0.000000
300 0.000000
301 0.000000
302 0.000000
303 0.000000
304 0.000000
305 0.000000
306 0.000000
307 0.000000
308 0.000000
309 0.000000
310 0.000000
311 0.000000
312 0.000000
313 0.000000
314 0.000000
315 0.000000
316 0.000000
317 0.000000
318 0.000000
319 0.000000
320 0.000000
321 0.000000
322 0.000000
323 0.000000
324 0.000000
325 0.000000
326 0.000000
327 0.000000
328 0.000000
329 0.000000
330 0.000000
331 0.000000
332 0.000000
333 0.000000
334 0.000000
335 0.000000
336 0.000000
337 0.000000
338 0.000000
339 0.000000
340 0.000000
341 0.000000
342 0.000000
343 0.000000
344 0.000000
345 0.000000
346 0.000000
347 0.000000
348 0.000000
349 0.000000
350 0.000000
351 0.000000
352 0.000000
353 0.000000
354 0.000000
355 0.000000
356 0.000000
357 0.000000
358 0.000000
359 0.000000
360 0.000000
361 0.000000
362 0.000000
363 0.000000
364 0.000000
365 0.000000
366 0.000000
367 0.000000
368 0.000000
369 0.000000
370 0.000000
371 0.000000
372 0.000000
373 0.000000
374 0.000000
375 0.000000
376 0.000000
377 0.000000
378 0.000000
379 0.000000
380 0.000000
381 0.000000
382 0.000000
383 0.000000
384 0.000000
385 0.000000
386 0.000000
387 0.000000
388 0.000000
389 0.000000
390 0.000000
391 0.000000
392 0.000000
393 0.000000
394 0.000000
395 0.000000
396 0.000000
397 0.000000
398 0.000000
399 0.000000
400 0.000000
401 0.000000
402 0.000000
403 0.000000
404 0.000000
405 0.000000
406 0.000000
407 0.000000
408 0.000000
409 0.000000
410 0.000000
411 0.000000
412 0.000000
413 0.000000
414 0.000000
415 0.000000
416 0.000000
417 0.000000
418 0.000000
419 0.000000
420 0.000000
421 0.000000
422 0.000000
423 0.000000
424 0.000000
425 0.000000
426 0.000000
427 0.000000
428 0.000000
429 0.000000
430 0.000000
431 0.000000
432 0.000000
433 0.000000
434 0.000000
435 0.000000
436 0.000000
437 0.000000
438 0.000000
439 0.000000
440 0.000000
441 0.000000
442 0.000000
443 0.000000
444 0.000000
445 0.000000
446 0.000000
447 0.000000
448 0.000000
449 0.000000
450 0.000000
451 0.000000
452 0.000000
453 0.000000
454 0.000000
455 0.000000
456 0.000000
457 0.000000
458 0.000000
459 0.000000
460 0.000000
461 0.000000
462 0.000000
463 0.000000
464 0.000000
465 0.000000
466 0.000000
467 0.000000
468 0.000000
469 0.000000
470 0.000000
471 0.000000
472 0.000000
473 0.000000
474 0.000000
475 0.000000
476 0.000000
477 0.000000
478 0.000000
479 0.000000
480 0.000000
481 0.000000
482 0.000000
483 0.000000
484 0.000000
485 0.000000
486 0.000000
487 0.000000
488 0.000000
489 0.000000
490 0.000000
491 0.000000
492 0.000000
493 0.000000
494 0.000000
495 0.000000
496 0.000000
497 0.000000
498 0.000000
499 0.000000
500 0.000000
