1 71504122.885859
2 207420167.564061
3 428500073.796346
4 899456982.225354
5 1427315926.950606
6 2344846714.879663
7 3743358540.772037
8 4545220386.341132
9 6806146641.742619
10 8818021512.864763
11 13475995447.893860
12 24118986814.602417
13 28503437068.956577
14 55913926340.438751
15 130255514803.358810
16 94394422404.848587
17 98914381489.621246
18 173977865855.446564
19 174889398469.397888
20 174308802443.035461
21 298613010459.245789
22 474305553474.214539
23 696386387645.902344
24 1167962270280.785400
25 1751201951284.495850
26 1530956372651.546631
27 2174612709541.915527
28 3801813972567.071289
29 5189999799014.152344
30 6088933420280.327148
31 6144702735563.813477
32 8687337832445.801758
33 15067805854362.251953
34 27425921065291.269531
35 36933964354648.492188
36 27283342978333.597656
37 55871541830263.406250
38 78077646090936.484375
39 89099153800529.671875
40 99148124958593.921875
41 158184986770896.000000
42 125743491522253.703125
43 153758776029690.718750
44 316348168145218.937500
45 328004918967495.125000
46 424976937877778.000000
47 510332218248159.062500
48 563066770804312.625000
49 891220192489417.500000
50 655116738321779.375000
51 1252413713000772.000000
52 1413325723132756.500000
53 1042436681928585.375000
54 1272708750636381.750000
55 1511117959890292.750000
56 1258289695186028.500000
57 1013850216015442.875000
58 562592502458555.000000
59 934661995885648.375000
60 1908277650271124.250000
61 2697886221711439.500000
62 2620901705369980.000000
63 3983384686232403.000000
64 4105965567990824.500000
65 3728762274161979.000000
66 4209005962318128.000000
67 9312990364054980.000000
68 8350917020995093.000000
69 8840734461907004.000000
70 10821555605183192.000000
71 13394331833302144.000000
72 10735249652041218.000000
73 13507179009067800.000000
74 13932120607836400.000000
75 15376566976106906.000000
76 17797031278071994.000000
77 19912775739809468.000000
78 9461728185867228.000000
79 10406813580361528.000000
80 9811525764918462.000000
81 19902950955433316.000000
82 31887160503060308.000000
83 39648786480778136.000000
84 38881617879652688.000000
85 46898627687553808.000000
86 50667088348715008.000000
87 61290799522662672.000000
88 49191269266995056.000000
89 48260852837429640.000000
90 36649562099752360.000000
91 27906346035491256.000000
92 34225105220159376.000000
93 50394715919247256.000000
94 44606726889329712.000000
95 57661823394355264.000000
96 44468171617779696.000000
97 28435403457638316.000000
98 47435106308583160.000000
99 46874146678804616.000000
100 56424115087010472.000000
101 49583037287555304.000000
102 37017079319443104.000000
103 40492030536022408.000000
104 45931159900051680.000000
105 36456458317840336.000000
106 45699843496886888.000000
107 37636378377990352.000000
108 37257544689143152.000000
109 36388620016217920.000000
110 29121041372785316.000000
111 23618788541445456.000000
112 21175025810872100.000000
113 28746110587464048.000000
114 16651432311639538.000000
115 13519299424254112.000000
116 9469585284114752.000000
117 7751953947707821.000000
118 5759284578078575.000000
119 9653631013762080.000000
120 7817590473413721.000000
121 7526960042757696.000000
122 9188287650228198.000000
123 6219842404256463.000000
124 7052741430103144.000000
125 5425478153229366.000000
126 6181124357804103.000000
127 3365219084146523.000000
128 3800199966145321.000000
129 4858505478578276.000000
130 3541397862569792.000000
131 2051553625906846.750000
132 1461593701346352.000000
133 1151284089250938.250000
134 1056083231851038.250000
135 755883299139295.250000
136 1108100793510308.125000
137 1127576564104689.000000
138 1369017509320641.250000
139 669018625490864.750000
140 514255943656675.750000
141 477483167293542.687500
142 280237218363588.562500
143 242702226651328.687500
144 267629074123091.625000
145 212701606761203.500000
146 240845767423705.343750
147 174088644666878.375000
148 194693098924805.187500
149 165937564173754.906250
150 100678620699789.125000
151 109267850136887.625000
152 109309318480850.640625
153 55736556955331.812500
154 73354415023826.781250
155 37532545435957.687500
156 25354266756360.777344
157 24582072440316.023438
158 25382498477086.503906
159 24531897089715.898438
160 17177962765352.218750
161 10091795997946.048828
162 11723603158201.621094
163 6657979747136.164062
164 7141102599001.231445
165 4510451854874.198242
166 3372246729803.682129
167 3940607090300.395996
168 3018855311467.830078
169 1868240363411.470703
170 1850168894076.469971
171 1831730451277.968994
172 1311019964648.061035
173 641434380630.245972
174 501032178183.756287
175 494708812973.570862
176 381980515971.584106
177 299816737943.345154
178 261811242364.961365
179 166697570924.511536
180 114133725678.784668
181 77260857187.797333
182 72104064382.174545
183 55236102531.940063
184 49837356163.147575
185 30883922049.213497
186 31489502016.757751
187 25338567526.503624
188 18943573226.365005
189 17881294978.108135
190 11667196546.549480
191 9293919817.620607
192 6706780893.134367
193 4090261052.590490
194 4385151539.802490
195 2856979534.860117
196 2072244960.038248
197 1423928664.416779
198 1046810862.754327
199 786929103.096622
200 513972539.250005
201 328274413.419294
202 299333307.593588
203 211144486.343097
204 125439974.543422
205 76481775.339529
206 69814435.738954
207 35173625.934924
208 23157974.097901
209 13904853.562288
210 10831459.183447
211 12015551.215060
212 8964814.804807
213 5543585.234190
214 3886174.396401
215 3468430.410765
216 2854671.436065
217 1872318.392872
218 1237565.386678
219 816781.944584
220 423281.741902
221 297089.856968
222 161814.203346
223 125417.168428
224 91611.843267
225 68355.054841
226 43297.422143
227 32086.339227
228 19403.377853
229 9355.053011
230 8037.575854
231 5825.822132
232 4098.525565
233 2553.488887
234 2225.021987
235 1807.121414
236 1336.409624
237 882.252599
238 702.574059
239 620.110631
240 346.159366
241 255.046251
242 138.802501
243 65.967621
244 56.660069
245 35.216339
246 20.592092
247 14.128273
248 8.800371
249 5.079691
250 2.557828
251 1.416855
252 1.206332
253 0.669672
254 0.433361
255 0.307748
256 0.200244
257 0.109109
258 0.057952
259 0.034270
260 0.024096
261 0.012793
262 0.010031
263 0.008342
264 0.006049
265 0.002324
266 0.001220
267 0.000880
268 0.000531
269 0.000332
270 0.000211
271 0.000126
272 0.000085
273 0.000046
274 0.000034
275 0.000022
276 0.000015
277 0.000009
278 0.000005
279 0.000003
280 0.000002
281 0.000001
282 0.000001
283 0.000000
284 0.000000
285 0.000000
286 0.000000
287 0.000000
288 0.000000
289 0.000000
290 0.000000
291 0.000000
292 0.000000
293 0.000000
294 0.000000
295 0.000000
296 0.000000
297 0.000000
298 0.000000
299 0.000000
300 0.000000
301 0.000000
302 0.000000
303 0.000000
304 0.000000
305 0.000000
306 0.000000
307 0.000000
308 0.000000
309 0.000000
310 0.000000
311 0.000000
312 0.000000
313 0.000000
314 0.000000
315 0.000000
316 0.000000
317 0.000000
318 0.000000
319 0.000000
320 0.000000
321 0.000000
322 0.000000
323 0.000000
324 0.000000
325 0.000000
326 0.000000
327 0.000000
328 0.000000
329 0.000000
330 0.000000
331 0.000000
332 0.000000
333 0.000000
334 0.000000
335 0.000000
336 0.000000
337 0.000000
338 0.000000
339 0.000000
340 0.000000
341 0.000000
342 0.000000
343 0.000000
344 0.000000
345 0.000000
346 0.000000
347 0.000000
348 0.000000
349 0.000000
350 0.000000
351 0.000000
352 0.000000
353 0.000000
354 0.000000
355 0.000000
356 0.000000
357 0.000000
358 0.000000
359 0.000000
360 0.000000
361 0.000000
362 0.000000
363 0.000000
364 0.000000
365 0.000000
366 0.000000
367 0.000000
368 0.000000
369 0.000000
370 0.000000
371 0.000000
372 0.000000
373 0.000000
374 0.000000
375 0.000000
376 0.000000
377 0.000000
378 0.000000
379 0.000000
380 0.000000
381 0.000000
382 0.000000
383 0.000000
384 0.000000
385 0.000000
386 0.000000
387 0.000000
388 0.000000
389 0.000000
390 0.000000
391 0.000000
392 0.000000
393 0.000000
394 0.000000
395 0.000000
396 0.000000
397 0.000000
398 0.000000
399 0.000000
400 0.000000
401 0.000000
402 0.000000
403 0.000000
404 0.000000
405 0.000000
406 0.000000
407 0.000000
408 0.000000
409 0.000000
410 0.000000
411 0.000000
412 0.000000
413 0.000000
414 0.000000
415 0.000000
416 0.000000
417 0.000000
418 0.000000
419 0.000000
420 0.000000
421 0.000000
422 0.000000
423 0.000000
424 0.000000
425 0.000000
426 0.000000
427 0.000000
428 0.000000
429 0.000000
430 0.000000
431 0.000000
432 0.000000
433 0.000000
434 0.000000
435 0.000000
436 0.000000
437 0.000000
438 0.000000
439 0.000000
440 0.000000
441 0.000000
442 0.000000
443 0.000000
444 0.000000
445 0.000000
446 0.000000
447 0.000000
448 0.000000
449 0.000000
450 0.000000
451 0.000000
452 0.000000
453 0.000000
454 0.000000
455 0.000000
456 0.000000
457 0.000000
458 0.000000
459 0.000000
460 0.000000
461 0.000000
462 0.000000
463 0.000000
464 0.000000
465 0.000000
466 0.000000
467 0.000000
468 0.000000
469 0.000000
470 0.000000
471 0.000000
472 0.000000
473 0.000000
474 0.000000
475 0.000000
476 0.000000
477 0.000000
478 0.000000
479 0.000000
480 0.000000
481 0.000000
482 0.000000
483 0.000000
484 0.000000
485 0.000000
486 0.000000
487 0.000000
488 0.000000
489 0.000000
490 0.000000
491 0.000000
492 0.000000
493 0.000000
494 0.000000
495 0.000000
496 0.000000
497 0.000000
498 0.000000
499 0.000000
500 0.000000
