1 1524088.457862
2 1539131.066797
3 1719529.373143
4 1729645.953235
5 1767171.882016
6 1773600.500097
7 1740755.410395
8 1805719.966205
9 1696378.625741
10 1515064.431896
11 1601513.697410
12 1538163.433378
13 1440213.819955
14 1493012.085995
15 1493036.227762
16 1435098.195252
17 1401998.826895
18 1308287.933074
19 1232513.738277
20 1122607.927148
21 1052440.464887
22 967444.918551
23 943748.508020
24 916377.248512
25 866122.525432
26 728617.439716
27 729884.214502
28 716568.422485
29 644164.182433
30 602696.777302
31 549626.946513
32 511719.106325
33 491616.843893
34 446868.818061
35 392469.103921
36 370103.896254
37 322934.548605
38 301375.944457
39 292089.742415
40 259120.116115
41 231294.078101
42 207453.868314
43 192898.592287
44 173779.853399
45 165431.075484
46 146067.400549
47 137296.208125
48 125570.183699
49 115593.260081
50 98303.653834
51 89053.545324
52 81586.308735
53 76017.513034
54 68649.206842
55 64192.878084
56 54814.364607
57 51643.023447
58 46110.176476
59 41956.995871
60 38096.307970
61 33228.116401
62 29007.404430
63 26841.390250
64 25370.201998
65 22348.669310
66 20229.774741
67 18076.527928
68 16128.574101
69 14307.462923
70 12544.326147
71 11585.331127
72 10862.223098
73 9819.148757
74 8325.578458
75 7008.435549
76 6626.358094
77 5981.874127
78 5487.405907
79 4938.673362
80 4212.159567
81 3717.360704
82 3328.967765
83 2769.336914
84 2533.394286
85 2244.952054
86 1889.324153
87 1660.399776
88 1446.167856
89 1247.465892
90 1088.833909
91 980.394304
92 802.973778
93 708.219496
94 617.746229
95 532.809611
96 471.914635
97 395.882626
98 360.464161
99 317.384372
100 261.525818
101 221.760330
102 193.873914
103 160.832708
104 135.912599
105 113.085364
106 100.402527
107 83.422965
108 74.222674
109 64.575854
110 53.481281
111 45.924693
112 40.841287
113 35.575458
114 31.115983
115 26.579924
116 23.196741
117 19.986566
118 17.381014
119 16.089521
120 13.139890
121 11.629417
122 9.842945
123 8.331592
124 7.566511
125 6.533243
126 5.530953
127 5.005233
128 4.368792
129 3.819376
130 3.340417
131 2.959197
132 2.531680
133 2.203726
134 1.953710
135 1.726407
136 1.547318
137 1.326566
138 1.201617
139 1.053691
140 0.935116
141 0.786400
142 0.714304
143 0.603829
144 0.531195
145 0.467755
146 0.404619
147 0.353459
148 0.307434
149 0.274649
150 0.236148
151 0.211230
152 0.180967
153 0.162681
154 0.143452
155 0.136674
156 0.122400
157 0.108408
158 0.097202
159 0.083131
160 0.078251
161 0.067626
162 0.058139
163 0.052053
164 0.044150
165 0.037730
166 0.033003
167 0.029375
168 0.024987
169 0.022284
170 0.019810
171 0.017322
172 0.014979
173 0.013695
174 0.012325
175 0.011245
176 0.009958
177 0.008846
178 0.008121
179 0.007434
180 0.006653
181 0.005939
182 0.005202
183 0.004767
184 0.004242
185 0.003597
186 0.003404
187 0.003080
188 0.002780
189 0.002488
190 0.002290
191 0.002045
192 0.001839
193 0.001637
194 0.001483
195 0.001332
196 0.001228
197 0.001101
198 0.001005
199 0.000892
200 0.000813
201 0.000735
202 0.000682
203 0.000599
204 0.000557
205 0.000504
206 0.000454
207 0.000417
208 0.000384
209 0.000345
210 0.000309
211 0.000278
212 0.000257
213 0.000236
214 0.000214
215 0.000198
216 0.000182
217 0.000162
218 0.000149
219 0.000134
220 0.000125
221 0.000113
222 0.000105
223 0.000094
224 0.000088
225 0.000082
226 0.000075
227 0.000069
228 0.000064
229 0.000059
230 0.000053
231 0.000050
232 0.000044
233 0.000042
234 0.000040
235 0.000036
236 0.000033
237 0.000031
238 0.000029
239 0.000027
240 0.000024
241 0.000022
242 0.000021
243 0.000019
244 0.000018
245 0.000017
246 0.000016
247 0.000015
248 0.000013
249 0.000013
250 0.000012
251 0.000011
252 0.000010
253 0.000009
254 0.000009
255 0.000008
256 0.000008
257 0.000007
258 0.000007
259 0.000006
260 0.000006
261 0.000005
262 0.000005
263 0.000005
264 0.000005
265 0.000004
266 0.000004
267 0.000004
268 0.000003
269 0.000003
270 0.000003
271 0.000003
272 0.000003
273 0.000003
274 0.000002
275 0.000002
276 0.000002
277 0.000002
278 0.000002
279 0.000002
280 0.000002
281 0.000002
282 0.000001
283 0.000001
284 0.000001
285 0.000001
286 0.000001
287 0.000001
288 0.000001
289 0.000001
290 0.000001
291 0.000001
292 0.000001
293 0.000001
294 0.000001
295 0.000001
296 0.000001
297 0.000001
298 0.000001
299 0.000001
300 0.000001
301 0.000001
302 0.000001
303 0.000000
304 0.000000
305 0.000000
306 0.000000
307 0.000000
308 0.000000
309 0.000000
310 0.000000
311 0.000000
312 0.000000
313 0.000000
314 0.000000
315 0.000000
316 0.000000
317 0.000000
318 0.000000
319 0.000000
320 0.000000
321 0.000000
322 0.000000
323 0.000000
324 0.000000
325 0.000000
326 0.000000
327 0.000000
328 0.000000
329 0.000000
330 0.000000
331 0.000000
332 0.000000
333 0.000000
334 0.000000
335 0.000000
336 0.000000
337 0.000000
338 0.000000
339 0.000000
340 0.000000
341 0.000000
342 0.000000
343 0.000000
344 0.000000
345 0.000000
346 0.000000
347 0.000000
348 0.000000
349 0.000000
350 0.000000
351 0.000000
352 0.000000
353 0.000000
354 0.000000
355 0.000000
356 0.000000
357 0.000000
358 0.000000
359 0.000000
360 0.000000
361 0.000000
362 0.000000
363 0.000000
364 0.000000
365 0.000000
366 0.000000
367 0.000000
368 0.000000
369 0.000000
370 0.000000
371 0.000000
372 0.000000
373 0.000000
374 0.000000
375 0.000000
376 0.000000
377 0.000000
378 0.000000
379 0.000000
380 0.000000
381 0.000000
382 0.000000
383 0.000000
384 0.000000
385 0.000000
386 0.000000
387 0.000000
388 0.000000
389 0.000000
390 0.000000
391 0.000000
392 0.000000
393 0.000000
394 0.000000
395 0.000000
396 0.000000
397 0.000000
398 0.000000
399 0.000000
400 0.000000
401 0.000000
402 0.000000
403 0.000000
404 0.000000
405 0.000000
406 0.000000
407 0.000000
408 0.000000
409 0.000000
410 0.000000
411 0.000000
412 0.000000
413 0.000000
414 0.000000
415 0.000000
416 0.000000
417 0.000000
418 0.000000
419 0.000000
420 0.000000
421 0.000000
422 0.000000
423 0.000000
424 0.000000
425 0.000000
426 0.000000
427 0.000000
428 0.000000
429 0.000000
430 0.000000
431 0.000000
432 0.000000
433 0.000000
434 0.000000
435 0.000000
436 0.000000
437 0.000000
438 0.000000
439 0.000000
440 0.000000
441 0.000000
442 0.000000
443 0.000000
444 0.000000
445 0.000000
446 0.000000
447 0.000000
448 0.000000
449 0.000000
450 0.000000
451 0.000000
452 0.000000
453 0.000000
454 0.000000
455 0.000000
456 0.000000
457 0.000000
458 0.000000
459 0.000000
460 0.000000
461 0.000000
462 0.000000
463 0.000000
464 0.000000
465 0.000000
466 0.000000
467 0.000000
468 0.000000
469 0.000000
470 0.000000
471 0.000000
472 0.000000
473 0.000000
474 0.000000
475 0.000000
476 0.000000
477 0.000000
478 0.000000
479 0.000000
480 0.000000
481 0.000000
482 0.000000
483 0.000000
484 0.000000
485 0.000000
486 0.000000
487 0.000000
488 0.000000
489 0.000000
490 0.000000
491 0.000000
492 0.000000
493 0.000000
494 0.000000
495 0.000000
496 0.000000
497 0.000000
498 0.000000
499 0.000000
500 0.000000
1 1525403.960497
2 1587360.680232
3 1734467.020576
4 1754673.249421
5 1892668.291173
6 1797728.204727
7 1929230.592879
8 1858410.553070
9 1846881.168424
10 1905427.470644
11 1803328.361737
12 1848499.520100
13 1841586.609627
14 1835737.442955
15 1583355.741300
16 1652341.216166
17 1579121.227725
18 1531996.234277
19 1483845.100364
20 1367354.759696
21 1343596.895059
22 1352971.041495
23 1251643.214487
24 1148328.990480
25 1136193.338045
26 1028286.623704
27 1004960.458375
28 924935.156674
29 868182.577664
30 826126.570681
31 803965.767452
32 732320.884874
33 682034.351347
34 654939.363848
35 603822.349426
36 550389.276595
37 521864.203424
38 460128.694741
39 431700.723912
40 394879.197812
41 360722.403703
42 338813.569951
43 305474.661044
44 275802.897841
45 237345.591824
46 225598.007787
47 209231.626572
48 183226.082512
49 156360.571194
50 142558.872224
51 122384.019750
52 112535.755324
53 101265.716185
54 93315.629773
55 85034.053972
56 74514.232395
57 69956.759533
58 59180.104959
59 53904.236638
60 47685.599430
61 41087.777125
62 36293.208724
63 31746.951667
64 26674.599585
65 23759.072843
66 21703.821982
67 19850.229784
68 17506.201218
69 15401.295657
70 14017.576292
71 12417.953017
72 11159.320031
73 10196.909629
74 9370.149487
75 8154.644448
76 7242.150984
77 6526.357246
78 5819.805311
79 5238.470386
80 4298.145723
81 3740.915391
82 3527.409153
83 3241.115896
84 2837.173230
85 2475.040757
86 2134.100211
87 1860.922662
88 1556.302384
89 1349.045833
90 1234.904997
91 1116.535668
92 1016.631677
93 864.108043
94 776.407055
95 656.991161
96 577.899588
97 517.265599
98 450.881939
99 404.467181
100 356.511700
101 304.976168
102 271.722806
103 230.468680
104 199.437187
105 168.602388
106 152.851716
107 130.699669
108 107.349400
109 98.801766
110 89.030478
111 73.576479
112 63.655670
113 55.191642
114 49.555266
115 42.667395
116 38.501763
117 33.050504
118 29.267048
119 24.955561
120 21.814235
121 18.243846
122 16.029839
123 13.716342
124 12.166006
125 10.123196
126 8.984582
127 7.397478
128 6.721887
129 5.943329
130 5.379789
131 4.697598
132 4.326200
133 3.703817
134 3.338952
135 2.910599
136 2.538682
137 2.294277
138 1.949371
139 1.759955
140 1.527719
141 1.353554
142 1.203933
143 1.017514
144 0.911448
145 0.798231
146 0.678873
147 0.609111
148 0.542771
149 0.466557
150 0.408474
151 0.370700
152 0.322307
153 0.294872
154 0.258275
155 0.225542
156 0.198559
157 0.172721
158 0.156026
159 0.137801
160 0.115958
161 0.100972
162 0.094325
163 0.079501
164 0.074565
165 0.065825
166 0.058866
167 0.053891
168 0.047169
169 0.042425
170 0.036697
171 0.033018
172 0.030545
173 0.027867
174 0.025233
175 0.022799
176 0.020578
177 0.017945
178 0.015991
179 0.014196
180 0.013025
181 0.011560
182 0.010447
183 0.009235
184 0.008342
185 0.007467
186 0.006579
187 0.005825
188 0.005111
189 0.004686
190 0.003946
191 0.003804
192 0.003498
193 0.003086
194 0.002790
195 0.002620
196 0.002389
197 0.002180
198 0.001953
199 0.001764
200 0.001586
201 0.001475
202 0.001305
203 0.001192
204 0.001121
205 0.001001
206 0.000910
207 0.000832
208 0.000770
209 0.000719
210 0.000639
211 0.000588
212 0.000540
213 0.000490
214 0.000449
215 0.000413
216 0.000386
217 0.000353
218 0.000328
219 0.000293
220 0.000272
221 0.000248
222 0.000225
223 0.000200
224 0.000187
225 0.000170
226 0.000156
227 0.000138
228 0.000129
229 0.000120
230 0.000108
231 0.000101
232 0.000092
233 0.000086
234 0.000079
235 0.000073
236 0.000066
237 0.000060
238 0.000057
239 0.000053
240 0.000049
241 0.000045
242 0.000041
243 0.000038
244 0.000036
245 0.000033
246 0.000030
247 0.000028
248 0.000026
249 0.000024
250 0.000023
251 0.000021
252 0.000020
253 0.000018
254 0.000017
255 0.000016
256 0.000015
257 0.000014
258 0.000013
259 0.000012
260 0.000011
261 0.000010
262 0.000010
263 0.000009
264 0.000009
265 0.000008
266 0.000008
267 0.000007
268 0.000007
269 0.000006
270 0.000006
271 0.000006
272 0.000005
273 0.000005
274 0.000004
275 0.000004
276 0.000004
277 0.000004
278 0.000004
279 0.000003
280 0.000003
281 0.000003
282 0.000003
283 0.000003
284 0.000003
285 0.000002
286 0.000002
287 0.000002
288 0.000002
289 0.000002
290 0.000002
291 0.000002
292 0.000002
293 0.000002
294 0.000001
295 0.000001
296 0.000001
297 0.000001
298 0.000001
299 0.000001
300 0.000001
301 0.000001
302 0.000001
303 0.000001
304 0.000001
305 0.000001
306 0.000001
307 0.000001
308 0.000001
309 0.000001
310 0.000001
311 0.000001
312 0.000001
313 0.000001
314 0.000001
315 0.000001
316 0.000001
317 0.000001
318 0.000000
319 0.000000
320 0.000000
321 0.000000
322 0.000000
323 0.000000
324 0.000000
325 0.000000
326 0.000000
327 0.000000
328 0.000000
329 0.000000
330 0.000000
331 0.000000
332 0.000000
333 0.000000
334 0.000000
335 0.000000
336 0.000000
337 0.000000
338 0.000000
339 0.000000
340 0.000000
341 0.000000
342 0.000000
343 0.000000
344 0.000000
345 0.000000
346 0.000000
347 0.000000
348 0.000000
349 0.000000
350 0.000000
351 0.000000
352 0.000000
353 0.000000
354 0.000000
355 0.000000
356 0.000000
357 0.000000
358 0.000000
359 0.000000
360 0.000000
361 0.000000
362 0.000000
363 0.000000
364 0.000000
365 0.000000
366 0.000000
367 0.000000
368 0.000000
369 0.000000
370 0.000000
371 0.000000
372 0.000000
373 0.000000
374 0.000000
375 0.000000
376 0.000000
377 0.000000
378 0.000000
379 0.000000
380 0.000000
381 0.000000
382 0.000000
383 0.000000
384 0.000000
385 0.000000
386 0.000000
387 0.000000
388 0.000000
389 0.000000
390 0.000000
391 0.000000
392 0.000000
393 0.000000
394 0.000000
395 0.000000
396 0.000000
397 0.000000
398 0.000000
399 0.000000
400 0.000000
401 0.000000
402 0.000000
403 0.000000
404 0.000000
405 0.000000
406 0.000000
407 0.000000
408 0.000000
409 0.000000
410 0.000000
411 0.000000
412 0.000000
413 0.000000
414 0.000000
415 0.000000
416 0.000000
417 0.000000
418 0.000000
419 0.000000
420 0.000000
421 0.000000
422 0.000000
423 0.000000
424 0.000000
425 0.000000
426 0.000000
427 0.000000
428 0.000000
429 0.000000
430 0.000000
431 0.000000
432 0.000000
433 0.000000
434 0.000000
435 0.000000
436 0.000000
437 0.000000
438 0.000000
439 0.000000
440 0.000000
441 0.000000
442 0.000000
443 0.000000
444 0.000000
445 0.000000
446 0.000000
447 0.000000
448 0.000000
449 0.000000
450 0.000000
451 0.000000
452 0.000000
453 0.000000
454 0.000000
455 0.000000
456 0.000000
457 0.000000
458 0.000000
459 0.000000
460 0.000000
461 0.000000
462 0.000000
463 0.000000
464 0.000000
465 0.000000
466 0.000000
467 0.000000
468 0.000000
469 0.000000
470 0.000000
471 0.000000
472 0.000000
473 0.000000
474 0.000000
475 0.000000
476 0.000000
477 0.000000
478 0.000000
479 0.000000
480 0.000000
481 0.000000
482 0.000000
483 0.000000
484 0.000000
485 0.000000
486 0.000000
487 0.000000
488 0.000000
489 0.000000
490 0.000000
491 0.000000
492 0.000000
493 0.000000
494 0.000000
495 0.000000
496 0.000000
497 0.000000
498 0.000000
499 0.000000
500 0.000000
