1 699926.504240
2 798189.638967
3 970845.975433
4 1197506.483097
5 1573149.849569
6 1594376.112712
7 1679956.527189
8 2024979.948373
9 2727195.882134
10 3047602.901370
11 3743784.973693
12 3873880.245571
13 4302011.282627
14 5525027.399150
15 5348732.922149
16 5961439.605449
17 5360044.513840
18 5125199.136379
19 4576627.109096
20 4552204.193705
21 5191020.408462
22 4395956.136344
23 3752080.598910
24 3093060.090528
25 3168155.194304
26 3271419.625854
27 4193980.155750
28 4551625.340995
29 5891158.120293
30 5272273.130029
31 6200225.795507
32 5881714.871254
33 5623710.338634
34 5168437.244458
35 5529254.135418
36 5770307.828777
37 5462898.344415
38 4107598.072994
39 4406446.508217
40 2632023.086773
41 2013673.722044
42 1092417.137082
43 900829.653029
44 839434.101379
45 703004.541921
46 397801.055517
47 353826.610242
48 444955.857638
49 468028.247224
50 514793.410935
51 496744.310161
52 472904.781784
53 219375.178181
54 202363.447142
55 228630.729174
56 177578.222514
57 152606.326798
58 123648.677810
59 114872.334150
60 100251.003019
61 88924.413411
62 70852.191137
63 73939.448023
64 67675.555472
65 60301.277319
66 38873.889429
67 39549.147178
68 33133.072583
69 31920.969813
70 33689.434321
71 26137.551513
72 25105.786346
73 21446.488633
74 18180.247327
75 9951.144535
76 9190.687014
77 7196.475013
78 6335.607651
79 6194.057304
80 6221.075166
81 5986.356271
82 5104.796536
83 4755.288814
84 4213.881525
85 3972.052086
86 3115.848549
87 2156.707953
88 2247.572000
89 2172.719183
90 2108.202538
91 2024.270556
92 1707.057310
93 1536.194925
94 1273.365876
95 1066.231429
96 903.869893
97 673.476252
98 755.768161
99 633.641635
100 580.539369
101 565.132116
102 468.921340
103 411.944751
104 388.378262
105 338.037173
106 277.856834
107 269.495118
108 246.785914
109 216.227567
110 193.271487
111 144.150655
112 123.059435
113 106.401278
114 94.436910
115 76.759204
116 65.588671
117 63.946002
118 57.244852
119 59.393487
120 49.274972
121 40.735235
122 33.006602
123 27.680172
124 21.772408
125 15.333939
126 15.045502
127 11.451267
128 10.658447
129 9.594211
130 7.247953
131 5.566325
132 4.893300
133 3.596911
134 3.200279
135 2.743049
136 2.490191
137 2.181485
138 1.891750
139 1.684082
140 1.365156
141 1.280500
142 1.069797
143 0.891718
144 0.674195
145 0.547706
146 0.509700
147 0.445176
148 0.400121
149 0.309016
150 0.272569
151 0.219869
152 0.166082
153 0.143293
154 0.118711
155 0.095438
156 0.073596
157 0.069776
158 0.058903
159 0.049361
160 0.040587
161 0.029372
162 0.025315
163 0.018417
164 0.013420
165 0.009920
166 0.007823
167 0.006775
168 0.005458
169 0.004073
170 0.003543
171 0.002852
172 0.002423
173 0.002045
174 0.001725
175 0.001465
176 0.001085
177 0.000823
178 0.000727
179 0.000511
180 0.000404
181 0.000266
182 0.000219
183 0.000168
184 0.000140
185 0.000103
186 0.000084
187 0.000067
188 0.000055
189 0.000041
190 0.000030
191 0.000023
192 0.000017
193 0.000012
194 0.000009
195 0.000006
196 0.000005
197 0.000004
198 0.000003
199 0.000002
200 0.000002
201 0.000001
202 0.000001
203 0.000001
204 0.000001
205 0.000000
206 0.000000
207 0.000000
208 0.000000
209 0.000000
210 0.000000
211 0.000000
212 0.000000
213 0.000000
214 0.000000
215 0.000000
216 0.000000
217 0.000000
218 0.000000
219 0.000000
220 0.000000
221 0.000000
222 0.000000
223 0.000000
224 0.000000
225 0.000000
226 0.000000
227 0.000000
228 0.000000
229 0.000000
230 0.000000
231 0.000000
232 0.000000
233 0.000000
234 0.000000
235 0.000000
236 0.000000
237 0.000000
238 0.000000
239 0.000000
240 0.000000
241 0.000000
242 0.000000
243 0.000000
244 0.000000
245 0.000000
246 0.000000
247 0.000000
248 0.000000
249 0.000000
250 0.000000
251 0.000000
252 0.000000
253 0.000000
254 0.000000
255 0.000000
256 0.000000
257 0.000000
258 0.000000
259 0.000000
260 0.000000
261 0.000000
262 0.000000
263 0.000000
264 0.000000
265 0.000000
266 0.000000
267 0.000000
268 0.000000
269 0.000000
270 0.000000
271 0.000000
272 0.000000
273 0.000000
274 0.000000
275 0.000000
276 0.000000
277 0.000000
278 0.000000
279 0.000000
280 0.000000
281 0.000000
282 0.000000
283 0.000000
284 0.000000
285 0.000000
286 0.000000
287 0.000000
288 0.000000
289 0.000000
290 0.000000
291 0.000000
292 0.000000
293 0.000000
294 0.000000
295 0.000000
296 0.000000
297 0.000000
298 0.000000
299 0.000000
300 0.000000
301 0.000000
302 0.000000
303 0.000000
304 0.000000
305 0.000000
306 0.000000
307 0.000000
308 0.000000
309 0.000000
310 0.000000
311 0.000000
312 0.000000
313 0.000000
314 0.000000
315 0.000000
316 0.000000
317 0.000000
318 0.000000
319 0.000000
320 0.000000
321 0.000000
322 0.000000
323 0.000000
324 0.000000
325 0.000000
326 0.000000
327 0.000000
328 0.000000
329 0.000000
330 0.000000
331 0.000000
332 0.000000
333 0.000000
334 0.000000
335 0.000000
336 0.000000
337 0.000000
338 0.000000
339 0.000000
340 0.000000
341 0.000000
342 0.000000
343 0.000000
344 0.000000
345 0.000000
346 0.000000
347 0.000000
348 0.000000
349 0.000000
350 0.000000
351 0.000000
352 0.000000
353 0.000000
354 0.000000
355 0.000000
356 0.000000
357 0.000000
358 0.000000
359 0.000000
360 0.000000
361 0.000000
362 0.000000
363 0.000000
364 0.000000
365 0.000000
366 0.000000
367 0.000000
368 0.000000
369 0.000000
370 0.000000
371 0.000000
372 0.000000
373 0.000000
374 0.000000
375 0.000000
376 0.000000
377 0.000000
378 0.000000
379 0.000000
380 0.000000
381 0.000000
382 0.000000
383 0.000000
384 0.000000
385 0.000000
386 0.000000
387 0.000000
388 0.000000
389 0.000000
390 0.000000
391 0.000000
392 0.000000
393 0.000000
394 0.000000
395 0.000000
396 0.000000
397 0.000000
398 0.000000
399 0.000000
400 0.000000
401 0.000000
402 0.000000
403 0.000000
404 0.000000
405 0.000000
406 0.000000
407 0.000000
408 0.000000
409 0.000000
410 0.000000
411 0.000000
412 0.000000
413 0.000000
414 0.000000
415 0.000000
416 0.000000
417 0.000000
418 0.000000
419 0.000000
420 0.000000
421 0.000000
422 0.000000
423 0.000000
424 0.000000
425 0.000000
426 0.000000
427 0.000000
428 0.000000
429 0.000000
430 0.000000
431 0.000000
432 0.000000
433 0.000000
434 0.000000
435 0.000000
436 0.000000
437 0.000000
438 0.000000
439 0.000000
440 0.000000
441 0.000000
442 0.000000
443 0.000000
444 0.000000
445 0.000000
446 0.000000
447 0.000000
448 0.000000
449 0.000000
450 0.000000
451 0.000000
452 0.000000
453 0.000000
454 0.000000
455 0.000000
456 0.000000
457 0.000000
458 0.000000
459 0.000000
460 0.000000
461 0.000000
462 0.000000
463 0.000000
464 0.000000
465 0.000000
466 0.000000
467 0.000000
468 0.000000
469 0.000000
470 0.000000
471 0.000000
472 0.000000
473 0.000000
474 0.000000
475 0.000000
476 0.000000
477 0.000000
478 0.000000
479 0.000000
480 0.000000
481 0.000000
482 0.000000
483 0.000000
484 0.000000
485 0.000000
486 0.000000
487 0.000000
488 0.000000
489 0.000000
490 0.000000
491 0.000000
492 0.000000
493 0.000000
494 0.000000
495 0.000000
496 0.000000
497 0.000000
498 0.000000
499 0.000000
500 0.000000
