1 4748233.300283
2 14768523.038972
3 25426520.794523
4 23637317.740151
5 29335790.509561
6 49299107.916836
7 94369157.690018
8 36997641.058978
9 79361329.851146
10 130956984.813696
11 233058385.380177
12 241739807.390668
13 430088822.192412
14 578616846.917027
15 702316520.218421
16 828502217.002402
17 720079168.043826
18 1190591279.261388
19 845719575.919956
20 1162475847.019791
21 1277800127.367747
22 2227641061.967302
23 2422810956.177861
24 3990557090.169534
25 6020903577.992545
26 8729427114.868130
27 10901647643.274019
28 15649555989.212698
29 29832237600.819122
30 27469171474.312893
31 26212131216.466106
32 55116838832.752396
33 82767871938.825104
34 91198153671.665131
35 131208275703.815002
36 264207652079.669128
37 337511677043.529053
38 324521361607.516235
39 245372504955.917450
40 406132903700.735046
41 587963457051.508057
42 478691912268.261719
43 791449023732.605591
44 696980808474.496460
45 906619226642.214233
46 1038678313129.638916
47 572606824240.308716
48 1083342164967.505005
49 1084768184834.765503
50 1572901448137.580322
51 1975628462430.259521
52 2770042118571.795898
53 4532830360761.856445
54 5686985484415.161133
55 6070606667050.751953
56 8473984046803.573242
57 8539630754044.266602
58 11340606281132.445312
59 15134909378745.839844
60 19458163577422.136719
61 24009872752887.300781
62 19492514830358.035156
63 34109087210589.503906
64 26549551744199.593750
65 34078074248606.933594
66 43756463810937.992188
67 51509025815405.570312
68 46328937867750.390625
69 45642958808117.437500
70 62072139668958.140625
71 53427613479892.523438
72 50624633560801.523438
73 60160028427473.257812
74 49162231836115.906250
75 52924431931821.531250
76 41128414348230.304688
77 50917787645047.476562
78 68535005042230.273438
79 38534009158509.796875
80 32080763776302.980469
81 46529168645306.671875
82 36588084980269.437500
83 41703532772530.000000
84 49837501175905.992188
85 33117300994489.617188
86 39482402640579.929688
87 38195956915536.710938
88 47030487058830.929688
89 60933335239727.179688
90 34952311258249.347656
91 42348134066033.585938
92 48054027475720.828125
93 70887121400180.765625
94 62880971492888.070312
95 24124481910094.253906
96 35557668575130.304688
97 20050591429069.406250
98 36322297797227.132812
99 29956833645687.074219
100 27329440346921.109375
101 21660964982255.562500
102 22354266255655.863281
103 21951657416015.175781
104 21175828471040.140625
105 18926117812747.683594
106 18984893827791.386719
107 13522288967771.880859
108 11348775928393.287109
109 11962502797397.542969
110 10904803101233.390625
111 11294213556351.878906
112 10689482958632.798828
113 8471217348930.302734
114 10554970701469.595703
115 6908526330125.607422
116 9253437860262.283203
117 9006866652131.322266
118 10428552656722.056641
119 9348496606107.666016
120 7615710461653.227539
121 9606004040060.349609
122 6916955279002.392578
123 6690792277471.460938
124 6644881689305.073242
125 7473933888321.219727
126 8294548253311.784180
127 5801524776569.499023
128 4596940776543.066406
129 6914028599415.041992
130 3638178208216.574707
131 2978999980075.835449
132 4163235070946.333984
133 2954707543910.429199
134 3574786693824.560059
135 2483816378473.891113
136 2793430197773.611328
137 1859647088140.174561
138 2136396866183.743408
139 1727452923877.586670
140 1733198365243.638428
141 760749419386.646484
142 633432772640.117554
143 707535158472.118530
144 615042811449.213623
145 570116968230.386108
146 482115109805.204529
147 267475672844.877563
148 186686424405.654633
149 218445031073.627228
150 196510849325.241913
151 114896718389.747894
152 90654094520.092377
153 66553439292.594833
154 43227272525.531631
155 60920030653.220215
156 40208451747.677460
157 29694128672.964626
158 18242877873.956924
159 15713721201.264788
160 13291357785.783710
161 11289760957.196072
162 10348537354.298529
163 5404574618.149452
164 4595549268.191242
165 4404600369.702425
166 2726359371.758710
167 2062172350.886822
168 2137924583.955071
169 1742401155.733548
170 1733625866.382508
171 1119567749.757279
172 1018264193.845295
173 856397487.562167
174 568359606.810286
175 409700796.208608
176 278663248.260240
177 204536912.856371
178 168704000.292782
179 143872264.025403
180 97889137.307858
181 90499694.382862
182 71498201.905890
183 50102668.049969
184 25698336.961974
185 25971238.167474
186 13560466.800416
187 9819565.753413
188 5863044.685249
189 4934003.366623
190 3268359.154562
191 3389964.144604
192 3041716.240263
193 2016738.568187
194 1337259.824305
195 980874.198847
196 670543.765366
197 458895.735180
198 207212.942636
199 168144.347061
200 150176.959216
201 115379.400984
202 91133.661554
203 43387.622005
204 29154.565978
205 23223.699175
206 15317.789781
207 12618.900309
208 8433.119161
209 5784.923506
210 3085.705987
211 2395.803869
212 1882.953999
213 913.793118
214 653.840464
215 415.911745
216 348.501071
217 214.617445
218 127.730604
219 131.467249
220 66.656035
221 49.319615
222 28.493227
223 19.959970
224 11.478510
225 8.516005
226 4.494621
227 3.002884
228 2.386767
229 1.916464
230 1.310082
231 1.021962
232 0.711202
233 0.491896
234 0.350920
235 0.231588
236 0.166365
237 0.143478
238 0.085816
239 0.058824
240 0.035628
241 0.025563
242 0.012585
243 0.009852
244 0.005629
245 0.004188
246 0.001990
247 0.001389
248 0.000828
249 0.000424
250 0.000202
251 0.000151
252 0.000088
253 0.000047
254 0.000033
255 0.000021
256 0.000010
257 0.000007
258 0.000005
259 0.000003
260 0.000001
261 0.000001
262 0.000000
263 0.000000
264 0.000000
265 0.000000
266 0.000000
267 0.000000
268 0.000000
269 0.000000
270 0.000000
271 0.000000
272 0.000000
273 0.000000
274 0.000000
275 0.000000
276 0.000000
277 0.000000
278 0.000000
279 0.000000
280 0.000000
281 0.000000
282 0.000000
283 0.000000
284 0.000000
285 0.000000
286 0.000000
287 0.000000
288 0.000000
289 0.000000
290 0.000000
291 0.000000
292 0.000000
293 0.000000
294 0.000000
295 0.000000
296 0.000000
297 0.000000
298 0.000000
299 0.000000
300 0.000000
301 0.000000
302 0.000000
303 0.000000
304 0.000000
305 0.000000
306 0.000000
307 0.000000
308 0.000000
309 0.000000
310 0.000000
311 0.000000
312 0.000000
313 0.000000
314 0.000000
315 0.000000
316 0.000000
317 0.000000
318 0.000000
319 0.000000
320 0.000000
321 0.000000
322 0.000000
323 0.000000
324 0.000000
325 0.000000
326 0.000000
327 0.000000
328 0.000000
329 0.000000
330 0.000000
331 0.000000
332 0.000000
333 0.000000
334 0.000000
335 0.000000
336 0.000000
337 0.000000
338 0.000000
339 0.000000
340 0.000000
341 0.000000
342 0.000000
343 0.000000
344 0.000000
345 0.000000
346 0.000000
347 0.000000
348 0.000000
349 0.000000
350 0.000000
351 0.000000
352 0.000000
353 0.000000
354 0.000000
355 0.000000
356 0.000000
357 0.000000
358 0.000000
359 0.000000
360 0.000000
361 0.000000
362 0.000000
363 0.000000
364 0.000000
365 0.000000
366 0.000000
367 0.000000
368 0.000000
369 0.000000
370 0.000000
371 0.000000
372 0.000000
373 0.000000
374 0.000000
375 0.000000
376 0.000000
377 0.000000
378 0.000000
379 0.000000
380 0.000000
381 0.000000
382 0.000000
383 0.000000
384 0.000000
385 0.000000
386 0.000000
387 0.000000
388 0.000000
389 0.000000
390 0.000000
391 0.000000
392 0.000000
393 0.000000
394 0.000000
395 0.000000
396 0.000000
397 0.000000
398 0.000000
399 0.000000
400 0.000000
401 0.000000
402 0.000000
403 0.000000
404 0.000000
405 0.000000
406 0.000000
407 0.000000
408 0.000000
409 0.000000
410 0.000000
411 0.000000
412 0.000000
413 0.000000
414 0.000000
415 0.000000
416 0.000000
417 0.000000
418 0.000000
419 0.000000
420 0.000000
421 0.000000
422 0.000000
423 0.000000
424 0.000000
425 0.000000
426 0.000000
427 0.000000
428 0.000000
429 0.000000
430 0.000000
431 0.000000
432 0.000000
433 0.000000
434 0.000000
435 0.000000
436 0.000000
437 0.000000
438 0.000000
439 0.000000
440 0.000000
441 0.000000
442 0.000000
443 0.000000
444 0.000000
445 0.000000
446 0.000000
447 0.000000
448 0.000000
449 0.000000
450 0.000000
451 0.000000
452 0.000000
453 0.000000
454 0.000000
455 0.000000
456 0.000000
457 0.000000
458 0.000000
459 0.000000
460 0.000000
461 0.000000
462 0.000000
463 0.000000
464 0.000000
465 0.000000
466 0.000000
467 0.000000
468 0.000000
469 0.000000
470 0.000000
471 0.000000
472 0.000000
473 0.000000
474 0.000000
475 0.000000
476 0.000000
477 0.000000
478 0.000000
479 0.000000
480 0.000000
481 0.000000
482 0.000000
483 0.000000
484 0.000000
485 0.000000
486 0.000000
487 0.000000
488 0.000000
489 0.000000
490 0.000000
491 0.000000
492 0.000000
493 0.000000
494 0.000000
495 0.000000
496 0.000000
497 0.000000
498 0.000000
499 0.000000
500 0.000000
