1 5320059.231898
2 10436749.763959
3 13332346.921399
4 30414221.172992
5 41437075.729862
6 41237619.948817
7 83935357.278840
8 95410135.597488
9 89580376.983923
10 208192282.150113
11 239159104.010969
12 371340735.114632
13 309885088.445610
14 518707563.861571
15 559161195.679283
16 735531333.608501
17 976858109.636344
18 1104558804.696295
19 2320198885.245197
20 2985695274.527554
21 4733336184.061192
22 3667424950.321056
23 5586631105.001047
24 6743420263.601406
25 7784428247.932894
26 12618291830.058393
27 13429512519.283216
28 19525155930.013920
29 12410743996.569817
30 14549897775.896126
31 16981050717.533516
32 34205194067.326935
33 59254767218.373787
34 72525271022.788773
35 108382291146.913773
36 89673425514.123291
37 93457117175.844910
38 145456072326.096741
39 303042628190.396240
40 323421804870.516968
41 352633455248.392639
42 464385697415.607361
43 266673581362.199219
44 340178377782.071960
45 390287022670.604004
46 534422897652.871704
47 663766622324.750244
48 877240935274.041626
49 709289400624.140625
50 1129224271621.678223
51 880584651823.577881
52 1809829786255.120605
53 1894980332611.202148
54 2797312578868.108398
55 1806561856299.815674
56 2362269843889.098633
57 4562982103963.541992
58 4570865234121.583984
59 5436905547947.250977
60 5156952122110.808594
61 5478297611721.799805
62 5064811253052.928711
63 4253819308255.766113
64 7429787854275.451172
65 10075364690576.130859
66 8946847955398.658203
67 9719175339611.119141
68 18766662704802.664062
69 18110184609461.472656
70 32254882501158.531250
71 47002833144171.132812
72 31743807471404.523438
73 37128113493896.867188
74 66284000120217.125000
75 78013141571876.343750
76 83776250511069.203125
77 104229414244330.796875
78 64292904302315.187500
79 84803249541484.421875
80 73057979397007.062500
81 120750075212057.343750
82 88488613790661.375000
83 103962060088007.406250
84 91396561601562.296875
85 82979724928246.578125
86 101835515737906.687500
87 84003831451586.046875
88 100856211041618.718750
89 89953104181287.078125
90 67028467333540.468750
91 129478369685157.500000
92 130803620169462.750000
93 186699039693843.468750
94 141017337968649.125000
95 203959725185084.875000
96 156363490257385.281250
97 195567618662475.875000
98 175535694102124.968750
99 120285221401991.734375
100 161401331872323.468750
101 209163933910442.593750
102 193467725229580.781250
103 263122471652815.656250
104 263146079746825.718750
105 320372125405553.437500
106 261966211372055.156250
107 264044067184648.687500
108 259967569709614.593750
109 254084173518527.812500
110 237764054940521.406250
111 170520276072542.718750
112 108007617265078.765625
113 168374528099809.375000
114 157660798278354.468750
115 189024416547296.500000
116 110701034250341.781250
117 90262646321454.234375
118 75250538745911.843750
119 86535634731436.828125
120 58258191061869.335938
121 55557372231522.132812
122 63311324939048.468750
123 49820577433008.671875
124 42111903040097.125000
125 38608441139272.179688
126 35920319029296.218750
127 28347739188319.871094
128 20819928834083.894531
129 20495810371074.570312
130 10736602464570.666016
131 11693231244537.519531
132 11562139558974.187500
133 11006805554935.406250
134 8584683673644.295898
135 10056216906980.949219
136 7890913348089.416992
137 9391022504826.029297
138 6959273469354.201172
139 7499566391319.514648
140 6119075697840.015625
141 4574190197047.913086
142 4624765972002.999023
143 4177640512105.683105
144 2925115632878.284180
145 2015965026731.020264
146 1174256103264.518311
147 1216455684762.087402
148 790081980739.590210
149 957706122423.737671
150 766199369586.422607
151 719959432592.849365
152 477966768951.924500
153 522520692291.137451
154 573032840419.746216
155 366208019018.448853
156 372114932955.606262
157 248574080741.191040
158 211017012309.900116
159 190883351138.114960
160 136779534719.068939
161 108103810605.565735
162 110360123948.892197
163 84878705889.289261
164 74568621810.922119
165 48416917026.329414
166 40015830783.828827
167 28490039018.835804
168 23894732152.061535
169 11628257637.126245
170 10940073505.443909
171 8625034968.745026
172 8152731185.634529
173 4630845128.826646
174 3889971876.279430
175 2582481359.697203
176 1282997297.907229
177 1593875858.875796
178 1019757654.454642
179 1003834378.903402
180 564457875.408828
181 432120181.557233
182 378055995.219120
183 255183711.927294
184 189294790.333377
185 114632175.445750
186 50642075.645048
187 44042805.923458
188 27156046.602360
189 20972060.261425
190 18670646.528160
191 14809527.784970
192 9672509.136145
193 6395932.807250
194 6763287.408665
195 3899379.710310
196 2918368.751391
197 2315582.657251
198 1663719.893553
199 1108048.271490
200 955351.807430
201 562444.223430
202 395171.970794
203 323896.760922
204 263276.653891
205 184734.842807
206 156890.269139
207 98448.561787
208 83786.843539
209 57091.276726
210 37738.398878
211 18376.397955
212 10833.164880
213 7999.772696
214 6684.306651
215 5143.456789
216 3884.908014
217 2795.019436
218 1582.769585
219 775.740708
220 499.664681
221 377.815284
222 237.888540
223 166.364230
224 113.517504
225 91.613138
226 65.208225
227 29.132163
228 19.087437
229 13.405417
230 6.449355
231 4.701883
232 2.586551
233 1.484558
234 0.890315
235 0.760129
236 0.394430
237 0.196494
238 0.196127
239 0.103140
240 0.059478
241 0.043809
242 0.029392
243 0.017613
244 0.010737
245 0.005936
246 0.004133
247 0.002112
248 0.001272
249 0.000820
250 0.000517
251 0.000290
252 0.000186
253 0.000178
254 0.000096
255 0.000071
256 0.000040
257 0.000023
258 0.000019
259 0.000013
260 0.000009
261 0.000005
262 0.000003
263 0.000002
264 0.000001
265 0.000000
266 0.000000
267 0.000000
268 0.000000
269 0.000000
270 0.000000
271 0.000000
272 0.000000
273 0.000000
274 0.000000
275 0.000000
276 0.000000
277 0.000000
278 0.000000
279 0.000000
280 0.000000
281 0.000000
282 0.000000
283 0.000000
284 0.000000
285 0.000000
286 0.000000
287 0.000000
288 0.000000
289 0.000000
290 0.000000
291 0.000000
292 0.000000
293 0.000000
294 0.000000
295 0.000000
296 0.000000
297 0.000000
298 0.000000
299 0.000000
300 0.000000
301 0.000000
302 0.000000
303 0.000000
304 0.000000
305 0.000000
306 0.000000
307 0.000000
308 0.000000
309 0.000000
310 0.000000
311 0.000000
312 0.000000
313 0.000000
314 0.000000
315 0.000000
316 0.000000
317 0.000000
318 0.000000
319 0.000000
320 0.000000
321 0.000000
322 0.000000
323 0.000000
324 0.000000
325 0.000000
326 0.000000
327 0.000000
328 0.000000
329 0.000000
330 0.000000
331 0.000000
332 0.000000
333 0.000000
334 0.000000
335 0.000000
336 0.000000
337 0.000000
338 0.000000
339 0.000000
340 0.000000
341 0.000000
342 0.000000
343 0.000000
344 0.000000
345 0.000000
346 0.000000
347 0.000000
348 0.000000
349 0.000000
350 0.000000
351 0.000000
352 0.000000
353 0.000000
354 0.000000
355 0.000000
356 0.000000
357 0.000000
358 0.000000
359 0.000000
360 0.000000
361 0.000000
362 0.000000
363 0.000000
364 0.000000
365 0.000000
366 0.000000
367 0.000000
368 0.000000
369 0.000000
370 0.000000
371 0.000000
372 0.000000
373 0.000000
374 0.000000
375 0.000000
376 0.000000
377 0.000000
378 0.000000
379 0.000000
380 0.000000
381 0.000000
382 0.000000
383 0.000000
384 0.000000
385 0.000000
386 0.000000
387 0.000000
388 0.000000
389 0.000000
390 0.000000
391 0.000000
392 0.000000
393 0.000000
394 0.000000
395 0.000000
396 0.000000
397 0.000000
398 0.000000
399 0.000000
400 0.000000
401 0.000000
402 0.000000
403 0.000000
404 0.000000
405 0.000000
406 0.000000
407 0.000000
408 0.000000
409 0.000000
410 0.000000
411 0.000000
412 0.000000
413 0.000000
414 0.000000
415 0.000000
416 0.000000
417 0.000000
418 0.000000
419 0.000000
420 0.000000
421 0.000000
422 0.000000
423 0.000000
424 0.000000
425 0.000000
426 0.000000
427 0.000000
428 0.000000
429 0.000000
430 0.000000
431 0.000000
432 0.000000
433 0.000000
434 0.000000
435 0.000000
436 0.000000
437 0.000000
438 0.000000
439 0.000000
440 0.000000
441 0.000000
442 0.000000
443 0.000000
444 0.000000
445 0.000000
446 0.000000
447 0.000000
448 0.000000
449 0.000000
450 0.000000
451 0.000000
452 0.000000
453 0.000000
454 0.000000
455 0.000000
456 0.000000
457 0.000000
458 0.000000
459 0.000000
460 0.000000
461 0.000000
462 0.000000
463 0.000000
464 0.000000
465 0.000000
466 0.000000
467 0.000000
468 0.000000
469 0.000000
470 0.000000
471 0.000000
472 0.000000
473 0.000000
474 0.000000
475 0.000000
476 0.000000
477 0.000000
478 0.000000
479 0.000000
480 0.000000
481 0.000000
482 0.000000
483 0.000000
484 0.000000
485 0.000000
486 0.000000
487 0.000000
488 0.000000
489 0.000000
490 0.000000
491 0.000000
492 0.000000
493 0.000000
494 0.000000
495 0.000000
496 0.000000
497 0.000000
498 0.000000
499 0.000000
500 0.000000
