1 4081339.897370
2 5158586.322020
3 6979878.965366
4 5712490.360017
5 8395163.991651
6 9752262.007302
7 11645226.309724
8 7678207.936879
9 10665901.707187
10 13299977.427515
11 13786225.814502
12 12826012.185127
13 12822637.292005
14 18286589.429928
15 21730432.849250
16 24950200.069192
17 19252052.698916
18 20177845.504364
19 23978083.955357
20 24994955.811392
21 24795316.404888
22 32010985.932188
23 19643576.591178
24 24988465.818246
25 30612934.499644
26 27765433.360329
27 22450499.320070
28 22522493.477253
29 22878050.432921
30 30773456.746181
31 30764434.883785
32 38461293.255350
33 40960721.315185
34 28881658.840967
35 33062391.311068
36 32892315.649705
37 31508001.176071
38 26705711.107069
39 25079380.145392
40 32520410.532567
41 34465045.086498
42 25576159.839924
43 21435774.941400
44 28889784.048277
45 33448255.760082
46 30876498.275483
47 33415908.759487
48 24749977.918781
49 29813226.410689
50 35441200.666634
51 35198699.358303
52 39733389.401802
53 25343574.618844
54 31950313.594477
55 25351391.156210
56 21675771.781238
57 27619285.196439
58 18937872.456328
59 21036685.235074
60 22542799.738836
61 19074227.995350
62 22442175.543183
63 21247537.914977
64 23653476.499173
65 20178136.712077
66 25338230.773915
67 26895667.661827
68 24220446.995344
69 23185550.597473
70 18814149.235939
71 22348144.989327
72 19988738.352358
73 19611266.994019
74 19212774.438146
75 19823279.472621
76 12642489.917018
77 19103731.426815
78 17153177.848969
79 12346194.536462
80 13122536.354556
81 16823431.352527
82 12795723.125836
83 12270772.429552
84 12039805.840296
85 14081199.113020
86 13612889.249667
87 15067569.434451
88 15935410.724875
89 18302389.362869
90 15334328.452795
91 12322205.456557
92 10641202.786991
93 12499125.175684
94 10094845.787982
95 12061531.836133
96 10035204.645866
97 10388615.164417
98 9660000.574805
99 8351894.144348
100 7538557.033045
101 7530364.046255
102 6608016.228297
103 5512866.646508
104 4838074.232912
105 4336974.727918
106 4190579.160930
107 3550848.173142
108 3341399.198822
109 3381740.437694
110 2438335.851627
111 2708935.729913
112 2708343.425372
113 2817957.233929
114 2145541.163012
115 2133228.742264
116 2113290.005535
117 1783878.148419
118 1765099.844768
119 1729458.722829
120 1717595.616088
121 1506970.147722
122 1358339.992629
123 1504741.763113
124 1343527.512819
125 1297436.216726
126 1342710.925928
127 1400321.833160
128 1096387.483367
129 1340402.626099
130 1009543.139753
131 971252.731087
132 870985.781364
133 797940.984682
134 1028826.606017
135 853101.005609
136 961525.399483
137 908915.333087
138 826838.388733
139 798573.402049
140 722389.508412
141 750416.448676
142 587283.559803
143 595216.351661
144 508264.817154
145 479355.917829
146 424028.032022
147 416261.311606
148 398736.620777
149 366600.267892
150 346864.251512
151 276463.367819
152 377001.023142
153 293692.218195
154 321544.437771
155 294012.319554
156 304675.521342
157 279425.545578
158 239655.841862
159 269093.974566
160 252486.732495
161 231834.094136
162 204168.248589
163 214217.498804
164 188173.296778
165 133096.068490
166 159983.118421
167 138861.513704
168 136378.258974
169 133180.320959
170 124090.191635
171 110373.318426
172 122490.939509
173 121198.238971
174 118710.870995
175 95327.340535
176 87051.055787
177 86652.543346
178 81107.911964
179 79789.809931
180 88352.099759
181 92168.854440
182 87967.702456
183 75932.601701
184 67915.881761
185 68468.505449
186 71301.326421
187 57708.789191
188 58329.411322
189 55097.941682
190 50624.585078
191 48599.715404
192 52249.864314
193 45920.073462
194 47788.102667
195 45619.798390
196 43162.447297
197 38457.582516
198 26502.230443
199 36403.504741
200 32206.594583
201 32727.114877
202 30458.553328
203 31280.967588
204 25201.853661
205 24644.256815
206 25342.565249
207 24558.146496
208 20987.195204
209 17525.525690
210 17014.963437
211 15821.066436
212 15491.062736
213 15295.790126
214 11758.354112
215 11504.386525
216 10601.614221
217 9359.217566
218 8166.858259
219 7951.743651
220 6079.060806
221 8165.467408
222 7510.193982
223 6916.411348
224 7497.372570
225 6630.284904
226 7721.210464
227 6897.837714
228 6015.861366
229 6233.088440
230 6622.864588
231 6300.752854
232 5688.802257
233 4948.828214
234 4851.987808
235 5144.708110
236 4793.771745
237 4836.928435
238 3364.645066
239 3790.993154
240 3429.833830
241 3003.506308
242 3065.617181
243 2520.494243
244 2490.421156
245 1870.330094
246 2155.504680
247 2032.882983
248 1823.106573
249 1596.858584
250 1590.223714
251 1648.837367
252 1663.115391
253 1580.758738
254 1618.518239
255 1569.434024
256 1809.190677
257 1472.776430
258 1533.826765
259 1561.761141
260 1341.809022
261 1227.638023
262 1297.752234
263 1213.092330
264 1219.236787
265 1143.982157
266 918.659439
267 961.663862
268 926.122217
269 921.991232
270 895.817417
271 860.830864
272 893.663274
273 845.050584
274 792.956487
275 691.782529
276 605.889956
277 682.361956
278 600.638004
279 610.045240
280 565.541276
281 547.610466
282 485.047514
283 467.750197
284 458.813849
285 432.742318
286 380.078720
287 424.809006
288 420.973006
289 420.712613
290 425.879024
291 430.104858
292 424.407408
293 414.696497
294 395.394493
295 393.696045
296 382.555809
297 367.484271
298 364.687603
299 344.010122
300 324.513871
301 302.158716
302 255.681835
303 276.940822
304 267.780068
305 231.740875
306 229.453318
307 230.723621
308 201.726412
309 209.431265
310 180.839669
311 191.451207
312 180.259076
313 162.653376
314 156.424428
315 160.937447
316 143.706163
317 126.346401
318 143.434320
319 144.194337
320 134.468088
321 127.391672
322 131.880750
323 129.292801
324 112.260044
325 110.268528
326 117.250546
327 118.859257
328 113.954839
329 103.621686
330 105.290369
331 106.538704
332 95.613893
333 98.340097
334 92.429442
335 95.188647
336 92.719281
337 87.226342
338 81.385442
339 79.589024
340 82.797643
341 77.418475
342 75.763161
343 72.000440
344 75.657227
345 68.540405
346 68.156715
347 64.907425
348 64.677229
349 61.108164
350 64.932968
351 58.844475
352 58.331590
353 54.793726
354 54.517505
355 46.805825
356 49.223561
357 50.497825
358 44.583712
359 43.449658
360 43.913228
361 44.576448
362 43.082227
363 42.613797
364 41.942608
365 40.816842
366 36.456288
367 33.455061
368 33.319509
369 32.494084
370 32.322885
371 31.064341
372 30.316502
373 29.342199
374 29.297484
375 26.779809
376 26.384819
377 25.679571
378 25.108568
379 26.333174
380 24.869333
381 24.574949
382 23.752181
383 23.602622
384 21.592746
385 21.046787
386 21.033035
387 20.691231
388 19.894130
389 19.570502
390 18.747766
391 18.496709
392 17.874327
393 18.489776
394 16.987221
395 18.186411
396 17.529713
397 17.159215
398 16.662096
399 16.159567
400 16.069468
401 15.745825
402 16.178910
403 16.216637
404 15.779144
405 15.192261
406 14.909168
407 14.754145
408 14.012770
409 13.988495
410 14.129507
411 14.194796
412 13.942613
413 13.963546
414 13.594355
415 13.251798
416 13.018876
417 12.714019
418 13.133931
419 12.932540
420 12.706778
421 12.748463
422 12.143801
423 12.215312
424 12.300155
425 12.251859
426 12.031234
427 11.839745
428 11.821442
429 11.706985
430 11.514639
431 11.538669
432 10.995419
433 10.789181
434 10.895630
435 10.609978
436 10.620709
437 10.622502
438 10.577496
439 10.409212
440 10.249082
441 10.185157
442 9.939019
443 9.871966
444 9.585498
445 9.333819
446 9.363976
447 9.309947
448 9.142621
449 9.209588
450 9.011471
451 8.796708
452 8.605383
453 8.639652
454 8.595064
455 8.290906
456 8.228265
457 8.139682
458 8.111758
459 8.042480
460 7.900916
461 7.812585
462 7.689985
463 7.582408
464 7.514140
465 7.472697
466 7.395399
467 7.281033
468 7.236617
469 7.151517
470 7.032983
471 6.952728
472 6.917405
473 6.880991
474 6.809174
475 6.731286
476 6.691069
477 6.658517
478 6.617246
479 6.549539
480 6.538292
481 6.489028
482 6.458749
483 6.441819
484 6.400002
485 6.359149
486 6.323714
487 6.302905
488 6.275064
489 6.255467
490 6.226535
491 6.194266
492 6.172716
493 6.145946
494 6.127819
495 6.119695
496 6.109118
497 6.100139
498 6.091972
499 6.086231
500 6.082510
