1 4826906.602779
2 4919429.817868
3 4466710.006304
4 6904547.570691
5 8350300.864200
6 8151394.171244
7 10026647.702455
8 11874474.396026
9 13955222.039816
10 14688868.582730
11 12463075.580331
12 12665091.210891
13 12722857.789938
14 16603259.473886
15 17972426.828677
16 22463744.821171
17 22842555.025668
18 22525791.878622
19 20683291.057159
20 21692451.493106
21 23802084.620691
22 37214262.841016
23 29724971.045427
24 33863450.527020
25 37587220.060319
26 41086036.711783
27 39950425.798624
28 38491226.538752
29 53838492.508947
30 42373913.092013
31 41175152.088121
32 41856443.131327
33 44054373.977658
34 49176672.404614
35 45398527.386343
36 38562516.084284
37 49881715.280250
38 42304821.935543
39 32648632.583278
40 48064107.498962
41 48963977.166677
42 45702402.951764
43 44301506.239672
44 41473772.792664
45 55139238.480665
46 47151353.672053
47 34736169.667733
48 42146178.846913
49 43728583.651209
50 46042144.338804
51 43310466.535226
52 53461689.556890
53 56433884.307073
54 47649819.911466
55 48467796.140345
56 62597687.209840
57 57724871.842947
58 56446035.448678
59 60250821.662865
60 59028948.892538
61 70339367.516572
62 77082303.320947
63 79580017.985772
64 64680247.302954
65 60642849.280911
66 67409818.498749
67 35029370.172318
68 31481945.910374
69 45442460.610148
70 36400169.917711
71 39240849.653421
72 44076639.060097
73 38531470.672866
74 31857961.790738
75 29674016.536018
76 25210352.897698
77 28648646.966459
78 29517152.327775
79 29668889.017381
80 18398400.935597
81 18499700.709620
82 17038177.738958
83 17215314.926809
84 14654069.251265
85 11722347.632242
86 16522194.392736
87 12496561.385922
88 15498093.995550
89 11416739.446003
90 11556379.381104
91 8149482.166009
92 8563231.082604
93 8282459.074808
94 8189157.425416
95 8141750.966244
96 6129765.771794
97 6741743.538605
98 7328937.279863
99 6926487.891829
100 5822079.952050
101 5249372.839842
102 4973910.527805
103 4511728.257112
104 3208403.443876
105 4421795.281153
106 4072780.930876
107 4328718.039108
108 3702194.390605
109 3096253.392052
110 3788000.142203
111 3090918.274583
112 3127954.786405
113 2839323.150252
114 2629453.852032
115 2272714.773406
116 2665125.840146
117 2659816.446449
118 2107840.954901
119 2078646.918215
120 1960360.582199
121 1710259.950897
122 1695084.092857
123 1534838.534770
124 1001407.021344
125 1395352.529069
126 1257538.969288
127 1060894.797628
128 1058186.396129
129 983261.994858
130 882005.472143
131 815748.248380
132 759990.533861
133 836781.807329
134 873419.441228
135 667131.868027
136 701198.838975
137 686950.813315
138 699437.774859
139 545947.269997
140 565150.996915
141 449215.232534
142 504356.853143
143 405846.478737
144 374763.879996
145 380308.793666
146 271556.439111
147 304235.806364
148 234485.759385
149 234102.652604
150 240503.322643
151 175530.118865
152 168948.037491
153 165618.358976
154 212093.006654
155 162748.365734
156 172335.590631
157 116312.545128
158 105044.874132
159 116165.250765
160 136476.601468
161 123901.595705
162 95743.012106
163 93264.495827
164 100241.022214
165 84625.871402
166 83279.776309
167 78919.756518
168 62462.827460
169 73463.293345
170 55032.913592
171 50531.626901
172 53698.891898
173 49452.608005
174 59607.040089
175 48713.586768
176 42374.634788
177 31477.165059
178 31537.922169
179 34401.512021
180 33245.349048
181 35526.718609
182 28178.032319
183 32758.037966
184 28525.762865
185 27582.113148
186 30276.861801
187 25312.946595
188 25261.978568
189 27105.943154
190 22084.879403
191 25925.346388
192 21346.045540
193 24422.070684
194 21906.971889
195 21034.271619
196 22167.516776
197 19704.421631
198 19000.304890
199 16209.798167
200 15902.021645
201 14454.946551
202 15294.286077
203 13109.980319
204 10170.049279
205 10162.244822
206 10571.106411
207 9846.635474
208 8578.928932
209 9209.440824
210 8328.364417
211 7941.038320
212 6419.541457
213 7105.586016
214 5283.680289
215 4950.903095
216 4684.334891
217 4855.170658
218 4584.787302
219 4313.170240
220 4211.181789
221 4270.675974
222 4099.313408
223 3810.814647
224 3694.566820
225 3865.057900
226 3930.585408
227 3456.874094
228 3625.282021
229 3484.581475
230 2633.405454
231 3118.493655
232 2849.177400
233 2464.541476
234 2851.591546
235 2753.564846
236 2397.340389
237 2666.272223
238 2219.262516
239 2012.937060
240 1642.071682
241 1687.449426
242 1511.110832
243 1478.709373
244 1429.935476
245 1413.972787
246 1520.652473
247 1177.068906
248 1194.752803
249 1108.883444
250 1187.140122
251 1135.230584
252 1019.349686
253 960.541942
254 828.908583
255 935.549646
256 924.906125
257 800.276016
258 750.034113
259 803.279949
260 821.710782
261 807.002508
262 773.203923
263 678.923058
264 684.118841
265 688.954053
266 611.234643
267 657.798509
268 553.839238
269 543.543131
270 556.529968
271 508.580703
272 460.374688
273 498.047129
274 447.731594
275 424.654472
276 406.439237
277 391.494740
278 389.950868
279 379.778337
280 335.259869
281 327.872064
282 280.381777
283 266.533320
284 256.709158
285 262.350213
286 261.460244
287 237.352851
288 219.511676
289 211.098745
290 204.525937
291 205.439023
292 179.685623
293 176.678105
294 168.600537
295 163.043771
296 169.682125
297 158.240740
298 155.686626
299 149.512564
300 130.692628
301 133.455773
302 127.137170
303 121.642270
304 123.781036
305 124.943853
306 109.672043
307 112.326843
308 112.711503
309 112.661649
310 106.127127
311 103.165229
312 101.693869
313 98.033002
314 89.237279
315 90.858344
316 88.571591
317 82.223596
318 82.350792
319 82.045666
320 81.035832
321 77.077188
322 81.413941
323 80.231349
324 72.128752
325 71.832620
326 71.284132
327 69.376091
328 70.600573
329 72.172349
330 66.067772
331 62.387691
332 61.075364
333 59.418644
334 56.961618
335 56.959386
336 53.311502
337 52.992926
338 52.904003
339 51.833478
340 48.535733
341 47.740135
342 46.456526
343 43.060460
344 44.836271
345 43.331529
346 42.390352
347 42.112666
348 41.328181
349 41.070461
350 37.838034
351 37.074629
352 36.795941
353 36.011906
354 35.577940
355 34.897795
356 31.763660
357 31.459281
358 29.677942
359 30.953146
360 29.666754
361 29.327495
362 27.495453
363 26.638876
364 25.292693
365 25.623936
366 24.591531
367 24.596974
368 23.009684
369 22.025428
370 21.450961
371 20.568179
372 20.835198
373 20.487042
374 20.111570
375 19.722290
376 19.466275
377 18.825596
378 17.105340
379 17.596345
380 17.688838
381 17.008805
382 16.555761
383 16.243722
384 15.443593
385 15.538776
386 14.815034
387 14.618737
388 14.388809
389 14.083420
390 13.919621
391 13.961232
392 13.575065
393 13.520534
394 13.142035
395 12.982310
396 12.749229
397 12.263893
398 12.056605
399 12.066067
400 11.834158
401 11.391553
402 11.254347
403 11.060799
404 10.925627
405 10.830483
406 10.523308
407 10.234513
408 10.333089
409 10.148807
410 9.699547
411 9.852474
412 9.531904
413 9.548762
414 9.429556
415 9.254073
416 9.176055
417 9.037398
418 8.844811
419 8.584821
420 8.497570
421 8.521561
422 8.431438
423 8.203888
424 8.223251
425 7.917258
426 7.938909
427 7.710670
428 7.665486
429 7.585894
430 7.559577
431 7.324064
432 7.252576
433 7.166982
434 7.044961
435 6.925033
436 6.780317
437 6.722437
438 6.580957
439 6.528734
440 6.439165
441 6.336773
442 6.328736
443 6.210314
444 6.036624
445 5.984763
446 5.951320
447 5.862743
448 5.827345
449 5.755362
450 5.670881
451 5.576603
452 5.562851
453 5.468898
454 5.375560
455 5.359283
456 5.305314
457 5.248472
458 5.191432
459 5.128422
460 5.066321
461 4.986128
462 4.970509
463 4.917996
464 4.879328
465 4.820381
466 4.756996
467 4.726672
468 4.697961
469 4.646761
470 4.607465
471 4.542500
472 4.538987
473 4.505053
474 4.447186
475 4.435459
476 4.396327
477 4.376686
478 4.355085
479 4.333288
480 4.286068
481 4.265955
482 4.235845
483 4.205440
484 4.186735
485 4.163032
486 4.145247
487 4.121599
488 4.100966
489 4.083381
490 4.069474
491 4.054362
492 4.036993
493 4.027415
494 4.016465
495 4.005950
496 3.999121
497 3.993089
498 3.986663
499 3.983879
500 3.981623
