1 22521151.504221
2 41261501.886945
3 99789627.676582
4 120265095.631175
5 355439725.747098
6 543114727.005172
7 954451883.072162
8 1403562164.092644
9 2122864457.021235
10 4765655540.257016
11 6042525261.836436
12 9507754299.579626
13 9582103734.520905
14 21251110973.762333
15 27502030464.876118
16 55348393516.629669
17 72878344540.361588
18 66984269198.220711
19 95206319294.423157
20 222503370791.670502
21 261310125007.763580
22 405413407636.573608
23 416075243012.621521
24 856325910379.218018
25 1122092571349.710693
26 1358489386475.878418
27 1085310387893.712280
28 1712088748416.886963
29 1579010706007.975586
30 1394433378759.827881
31 3862543209765.375977
32 2985373503177.735840
33 3996126552125.151367
34 5367543144520.837891
35 7162599693715.995117
36 8969264639764.234375
37 11396829590877.003906
38 17609201651409.351562
39 28950224100759.695312
40 32621111446813.250000
41 31838728069476.890625
42 25412762402863.375000
43 49316493956780.367188
44 79285593288660.437500
45 98686087310560.906250
46 102238516879840.218750
47 196353121269544.687500
48 133848215375369.875000
49 225626200873039.468750
50 185064740461339.812500
51 494863086375188.875000
52 440888842826651.875000
53 675816170788343.125000
54 1047374900000533.250000
55 1234123144451481.000000
56 1425202458180797.750000
57 1965256060431844.500000
58 2386973577226967.500000
59 2906317555641148.500000
60 4200429097373965.000000
61 2803285269549710.500000
62 3733997540442198.500000
63 4183011528797206.000000
64 6403897521872107.000000
65 7124642322522549.000000
66 8729201258128464.000000
67 13064395148925592.000000
68 11928919529870692.000000
69 8024722493198648.000000
70 15019649297923196.000000
71 23326545786792684.000000
72 29551664628192176.000000
73 25539098738839248.000000
74 47714755800712384.000000
75 59704524752359224.000000
76 63141772305576968.000000
77 97949613074668624.000000
78 119511128713971088.000000
79 123895488452692032.000000
80 94953820487024512.000000
81 111479237783568784.000000
82 107081394674549120.000000
83 171480349274781568.000000
84 196023209656054528.000000
85 142150235172620464.000000
86 120866790944504256.000000
87 177544738371492640.000000
88 186328016506264256.000000
89 232081265120890208.000000
90 241624574514175104.000000
91 239271857534587680.000000
92 296077239003496320.000000
93 330711418073934784.000000
94 515698011313767360.000000
95 532352952714407296.000000
96 738943172578496640.000000
97 520663591896949952.000000
98 454557685078690240.000000
99 541121051618219648.000000
100 801538489217781888.000000
101 908178032713895424.000000
102 1270372430851134976.000000
103 1016732790320328320.000000
104 930600884891191552.000000
105 1250076691103221248.000000
106 1183962803926427392.000000
107 914674645683158144.000000
108 1381687024257265152.000000
109 764068638195072640.000000
110 1074428042661854208.000000
111 906983517537482368.000000
112 1060948155159210880.000000
113 1125592013839420416.000000
114 990431024767368320.000000
115 1459518365154607360.000000
116 866255355084829952.000000
117 1226961682047867136.000000
118 1019656593054830208.000000
119 1023015194365515392.000000
120 1445899115727485440.000000
121 1703002514211538944.000000
122 1527782025112486912.000000
123 1224380092888044800.000000
124 1039135387695335552.000000
125 854998589256583296.000000
126 856879199492432128.000000
127 997035094790959872.000000
128 909913177564580608.000000
129 882918226307791360.000000
130 909047352214632704.000000
131 1025750043847267072.000000
132 819606477310938240.000000
133 905999880240104576.000000
134 790436011472686080.000000
135 659042097640112640.000000
136 541456096345512320.000000
137 559711319613980288.000000
138 392418247683219072.000000
139 285839257311566624.000000
140 176646337094843776.000000
141 126204554122050992.000000
142 111638774969095152.000000
143 97574482819584784.000000
144 93938142811395648.000000
145 67642383862644880.000000
146 63548567201720520.000000
147 47858443777772648.000000
148 65291179267360400.000000
149 48990845376390552.000000
150 40601039565872808.000000
151 36389301474144536.000000
152 41272975832967592.000000
153 47221666691425720.000000
154 31958484602165000.000000
155 40592444519161712.000000
156 24587227707303696.000000
157 21285949912799268.000000
158 15492827904491238.000000
159 13019246534362986.000000
160 10737590449616990.000000
161 9419790499525498.000000
162 11445040543297892.000000
163 7824954113238153.000000
164 8360032799185453.000000
165 5103636023694623.000000
166 4969787088034321.000000
167 4430403449673562.500000
168 3624209286964506.500000
169 2255161286277331.500000
170 2507271906366971.000000
171 1881947509938255.250000
172 2031394322693159.000000
173 1716108362877014.250000
174 1672563954081979.000000
175 964623955395152.250000
176 927528511996292.875000
177 677497229469363.625000
178 632601061542607.375000
179 456392845232207.062500
180 367220500636669.312500
181 246712231210592.062500
182 183805647217680.593750
183 150192424228234.718750
184 90210758305884.734375
185 102061195328533.500000
186 89202096535487.781250
187 51777691815927.671875
188 32587730772970.906250
189 24803875176175.171875
190 23740668933530.914062
191 12282029024183.986328
192 8383986271447.446289
193 6892136214773.548828
194 5264714638766.467773
195 3391665840892.882324
196 2641689045069.071289
197 1386191880826.077393
198 1228209457186.047119
199 1144046367709.012207
200 615628574224.426270
201 618734446705.283203
202 407074464821.078796
203 270729562120.585114
204 245539403685.481079
205 230245628431.149902
206 147497784178.762329
207 104693287226.904388
208 68400590318.629135
209 57539848398.876350
210 39578101712.560799
211 28440910299.428692
212 17975748149.024410
213 17814696998.007931
214 10608164188.417158
215 6431754442.515353
216 4089404371.242928
217 4121686533.149284
218 2627074422.116214
219 1603415517.053419
220 928701075.285963
221 444203870.457869
222 199705399.110242
223 149710045.931189
224 134081876.706858
225 87818252.697499
226 65645772.001620
227 50092377.649837
228 35339858.076342
229 26064232.635050
230 19823794.170464
231 11279502.174300
232 10327814.254187
233 7629902.536417
234 5413052.044236
235 4317351.118571
236 2533844.152451
237 1522389.632802
238 793924.913837
239 690400.067855
240 429755.786991
241 290968.923085
242 214152.948874
243 132590.097908
244 91868.534065
245 75330.622848
246 39845.457175
247 26675.367003
248 14771.780535
249 11418.289365
250 7224.837878
251 4249.933944
252 4039.311056
253 2893.881413
254 1862.308069
255 906.003060
256 677.579417
257 511.120964
258 377.438917
259 211.762151
260 160.113394
261 125.906667
262 99.135724
263 39.887921
264 27.754451
265 23.191899
266 11.292164
267 7.926815
268 3.909603
269 3.350394
270 2.248321
271 1.620213
272 1.080790
273 0.892792
274 0.602052
275 0.359975
276 0.212794
277 0.140722
278 0.077579
279 0.051747
280 0.027562
281 0.015226
282 0.009928
283 0.005531
284 0.003642
285 0.002483
286 0.001437
287 0.000887
288 0.000542
289 0.000268
290 0.000132
291 0.000067
292 0.000044
293 0.000025
294 0.000015
295 0.000008
296 0.000005
297 0.000003
298 0.000002
299 0.000001
300 0.000001
301 0.000000
302 0.000000
303 0.000000
304 0.000000
305 0.000000
306 0.000000
307 0.000000
308 0.000000
309 0.000000
310 0.000000
311 0.000000
312 0.000000
313 0.000000
314 0.000000
315 0.000000
316 0.000000
317 0.000000
318 0.000000
319 0.000000
320 0.000000
321 0.000000
322 0.000000
323 0.000000
324 0.000000
325 0.000000
326 0.000000
327 0.000000
328 0.000000
329 0.000000
330 0.000000
331 0.000000
332 0.000000
333 0.000000
334 0.000000
335 0.000000
336 0.000000
337 0.000000
338 0.000000
339 0.000000
340 0.000000
341 0.000000
342 0.000000
343 0.000000
344 0.000000
345 0.000000
346 0.000000
347 0.000000
348 0.000000
349 0.000000
350 0.000000
351 0.000000
352 0.000000
353 0.000000
354 0.000000
355 0.000000
356 0.000000
357 0.000000
358 0.000000
359 0.000000
360 0.000000
361 0.000000
362 0.000000
363 0.000000
364 0.000000
365 0.000000
366 0.000000
367 0.000000
368 0.000000
369 0.000000
370 0.000000
371 0.000000
372 0.000000
373 0.000000
374 0.000000
375 0.000000
376 0.000000
377 0.000000
378 0.000000
379 0.000000
380 0.000000
381 0.000000
382 0.000000
383 0.000000
384 0.000000
385 0.000000
386 0.000000
387 0.000000
388 0.000000
389 0.000000
390 0.000000
391 0.000000
392 0.000000
393 0.000000
394 0.000000
395 0.000000
396 0.000000
397 0.000000
398 0.000000
399 0.000000
400 0.000000
401 0.000000
402 0.000000
403 0.000000
404 0.000000
405 0.000000
406 0.000000
407 0.000000
408 0.000000
409 0.000000
410 0.000000
411 0.000000
412 0.000000
413 0.000000
414 0.000000
415 0.000000
416 0.000000
417 0.000000
418 0.000000
419 0.000000
420 0.000000
421 0.000000
422 0.000000
423 0.000000
424 0.000000
425 0.000000
426 0.000000
427 0.000000
428 0.000000
429 0.000000
430 0.000000
431 0.000000
432 0.000000
433 0.000000
434 0.000000
435 0.000000
436 0.000000
437 0.000000
438 0.000000
439 0.000000
440 0.000000
441 0.000000
442 0.000000
443 0.000000
444 0.000000
445 0.000000
446 0.000000
447 0.000000
448 0.000000
449 0.000000
450 0.000000
451 0.000000
452 0.000000
453 0.000000
454 0.000000
455 0.000000
456 0.000000
457 0.000000
458 0.000000
459 0.000000
460 0.000000
461 0.000000
462 0.000000
463 0.000000
464 0.000000
465 0.000000
466 0.000000
467 0.000000
468 0.000000
469 0.000000
470 0.000000
471 0.000000
472 0.000000
473 0.000000
474 0.000000
475 0.000000
476 0.000000
477 0.000000
478 0.000000
479 0.000000
480 0.000000
481 0.000000
482 0.000000
483 0.000000
484 0.000000
485 0.000000
486 0.000000
487 0.000000
488 0.000000
489 0.000000
490 0.000000
491 0.000000
492 0.000000
493 0.000000
494 0.000000
495 0.000000
496 0.000000
497 0.000000
498 0.000000
499 0.000000
500 0.000000
