1 1000000000000000019884624838656.000000
2 1000000000000000019884624838656.000000
3 1000000000000000019884624838656.000000
4 1000000000000000019884624838656.000000
5 177727934.319048
6 177727934.319048
7 177727934.319048
8 177727934.319048
9 177727934.319048
10 452540595.948829
11 452540595.948829
12 452540595.948829
13 452540595.948829
14 452540595.948829
15 777981972.919007
16 777981972.919007
17 777981972.919007
18 777981972.919007
19 777981972.919007
20 1220268701.605603
21 1220268701.605603
22 1220268701.605603
23 1220268701.605603
24 1220268701.605603
25 1411774045.656497
26 1411774045.656497
27 1411774045.656497
28 1411774045.656497
29 1411774045.656497
30 2054083815.930548
31 2054083815.930548
32 2054083815.930548
33 2054083815.930548
34 2054083815.930548
35 2046754598.813607
36 2046754598.813607
37 2046754598.813607
38 2046754598.813607
39 2046754598.813607
40 2349064851.977533
41 2349064851.977533
42 2349064851.977533
43 2349064851.977533
44 2349064851.977533
45 3384660503.160892
46 3384660503.160892
47 3384660503.160892
48 3384660503.160892
49 3384660503.160892
50 2525714654.934889
51 2525714654.934889
52 2525714654.934889
53 2525714654.934889
54 2525714654.934889
55 2642175468.105632
56 2642175468.105632
57 2642175468.105632
58 2642175468.105632
59 2642175468.105632
60 2360539783.546614
61 2360539783.546614
62 2360539783.546614
63 2360539783.546614
64 2360539783.546614
65 2729730342.478267
66 2729730342.478267
67 2729730342.478267
68 2729730342.478267
69 2729730342.478267
70 2878174022.580559
71 2878174022.580559
72 2878174022.580559
73 2878174022.580559
74 2878174022.580559
75 2684010824.626925
76 2684010824.626925
77 2684010824.626925
78 2684010824.626925
79 2684010824.626925
80 2446418536.501453
81 2446418536.501453
82 2446418536.501453
83 2446418536.501453
84 2446418536.501453
85 1931736646.716042
86 1931736646.716042
87 1931736646.716042
88 1931736646.716042
89 1931736646.716042
90 1731016034.121298
91 1731016034.121298
92 1731016034.121298
93 1731016034.121298
94 1731016034.121298
95 1911184311.116530
96 1911184311.116530
97 1911184311.116530
98 1911184311.116530
99 1911184311.116530
100 1633997078.340137
101 1633997078.340137
102 1633997078.340137
103 1633997078.340137
104 1633997078.340137
105 1917007957.693705
106 1917007957.693705
107 1917007957.693705
108 1917007957.693705
109 1917007957.693705
110 1528993601.177382
111 1528993601.177382
112 1528993601.177382
113 1528993601.177382
114 1528993601.177382
115 1256276949.547301
116 1256276949.547301
117 1256276949.547301
118 1256276949.547301
119 1256276949.547301
120 723894614.625140
121 723894614.625140
122 723894614.625140
123 723894614.625140
124 723894614.625140
125 586023551.522981
126 586023551.522981
127 586023551.522981
128 586023551.522981
129 586023551.522981
130 591979948.557462
131 591979948.557462
132 591979948.557462
133 591979948.557462
134 591979948.557462
135 637578889.976953
136 637578889.976953
137 637578889.976953
138 637578889.976953
139 637578889.976953
140 438471652.357628
141 438471652.357628
142 438471652.357628
143 438471652.357628
144 438471652.357628
145 311284424.976486
146 311284424.976486
147 311284424.976486
148 311284424.976486
149 311284424.976486
150 340066522.702143
151 340066522.702143
152 340066522.702143
153 340066522.702143
154 340066522.702143
155 242341896.813329
156 242341896.813329
157 242341896.813329
158 242341896.813329
159 242341896.813329
160 231449411.980123
161 231449411.980123
162 231449411.980123
163 231449411.980123
164 231449411.980123
165 135780873.027678
166 135780873.027678
167 135780873.027678
168 135780873.027678
169 135780873.027678
170 63086983.946621
171 63086983.946621
172 63086983.946621
173 63086983.946621
174 63086983.946621
175 46480452.295397
176 46480452.295397
177 46480452.295397
178 46480452.295397
179 46480452.295397
180 31053325.678117
181 31053325.678117
182 31053325.678117
183 31053325.678117
184 31053325.678117
185 18804505.705092
186 18804505.705092
187 18804505.705092
188 18804505.705092
189 18804505.705092
190 10591554.758919
191 10591554.758919
192 10591554.758919
193 10591554.758919
194 10591554.758919
195 7492792.879945
196 7492792.879945
197 7492792.879945
198 7492792.879945
199 7492792.879945
200 5311894.412784
201 5311894.412784
202 5311894.412784
203 5311894.412784
204 5311894.412784
205 4476801.477576
206 4476801.477576
207 4476801.477576
208 4476801.477576
209 4476801.477576
210 3992032.433229
211 3992032.433229
212 3992032.433229
213 3992032.433229
214 3992032.433229
215 3038096.433818
216 3038096.433818
217 3038096.433818
218 3038096.433818
219 3038096.433818
220 2555766.197847
221 2555766.197847
222 2555766.197847
223 2555766.197847
224 2555766.197847
225 1757692.256262
226 1757692.256262
227 1757692.256262
228 1757692.256262
229 1757692.256262
230 1291633.774137
231 1291633.774137
232 1291633.774137
233 1291633.774137
234 1291633.774137
235 973012.006827
236 973012.006827
237 973012.006827
238 973012.006827
239 973012.006827
240 816743.406562
241 816743.406562
242 816743.406562
243 816743.406562
244 816743.406562
245 783457.182302
246 783457.182302
247 783457.182302
248 783457.182302
249 783457.182302
250 534889.412518
251 534889.412518
252 534889.412518
253 534889.412518
254 534889.412518
255 445694.350940
256 445694.350940
257 445694.350940
258 445694.350940
259 445694.350940
260 321590.209566
261 321590.209566
262 321590.209566
263 321590.209566
264 321590.209566
265 233611.454567
266 233611.454567
267 233611.454567
268 233611.454567
269 233611.454567
270 184746.998112
271 184746.998112
272 184746.998112
273 184746.998112
274 184746.998112
275 113515.636110
276 113515.636110
277 113515.636110
278 113515.636110
279 113515.636110
280 94673.340869
281 94673.340869
282 94673.340869
283 94673.340869
284 94673.340869
285 64026.165853
286 64026.165853
287 64026.165853
288 64026.165853
289 64026.165853
290 49684.265736
291 49684.265736
292 49684.265736
293 49684.265736
294 49684.265736
295 37038.352400
296 37038.352400
297 37038.352400
298 37038.352400
299 37038.352400
300 29298.884024
301 29298.884024
302 29298.884024
303 29298.884024
304 29298.884024
305 22822.251108
306 22822.251108
307 22822.251108
308 22822.251108
309 22822.251108
310 15822.675151
311 15822.675151
312 15822.675151
313 15822.675151
314 15822.675151
315 11215.967344
316 11215.967344
317 11215.967344
318 11215.967344
319 11215.967344
320 7528.337844
321 7528.337844
322 7528.337844
323 7528.337844
324 7528.337844
325 6106.989145
326 6106.989145
327 6106.989145
328 6106.989145
329 6106.989145
330 3952.553734
331 3952.553734
332 3952.553734
333 3952.553734
334 3952.553734
335 2989.393180
336 2989.393180
337 2989.393180
338 2989.393180
339 2989.393180
340 2215.131197
341 2215.131197
342 2215.131197
343 2215.131197
344 2215.131197
345 1866.105414
346 1866.105414
347 1866.105414
348 1866.105414
349 1866.105414
350 1246.358150
351 1246.358150
352 1246.358150
353 1246.358150
354 1246.358150
355 857.450308
356 857.450308
357 857.450308
358 857.450308
359 857.450308
360 682.452902
361 682.452902
362 682.452902
363 682.452902
364 682.452902
365 544.945975
366 544.945975
367 544.945975
368 544.945975
369 544.945975
370 404.879405
371 404.879405
372 404.879405
373 404.879405
374 404.879405
375 321.873442
376 321.873442
377 321.873442
378 321.873442
379 321.873442
380 231.795377
381 231.795377
382 231.795377
383 231.795377
384 231.795377
385 183.980385
386 183.980385
387 183.980385
388 183.980385
389 183.980385
390 142.710412
391 142.710412
392 142.710412
393 142.710412
394 142.710412
395 107.851352
396 107.851352
397 107.851352
398 107.851352
399 107.851352
400 84.341152
401 84.341152
402 84.341152
403 84.341152
404 84.341152
405 65.319591
406 65.319591
407 65.319591
408 65.319591
409 65.319591
410 50.773398
411 50.773398
412 50.773398
413 50.773398
414 50.773398
415 37.981611
416 37.981611
417 37.981611
418 37.981611
419 37.981611
420 29.202062
421 29.202062
422 29.202062
423 29.202062
424 29.202062
425 22.870869
426 22.870869
427 22.870869
428 22.870869
429 22.870869
430 17.618801
431 17.618801
432 17.618801
433 17.618801
434 17.618801
435 13.825734
436 13.825734
437 13.825734
438 13.825734
439 13.825734
440 10.682768
441 10.682768
442 10.682768
443 10.682768
444 10.682768
445 8.194933
446 8.194933
447 8.194933
448 8.194933
449 8.194933
450 6.360227
451 6.360227
452 6.360227
453 6.360227
454 6.360227
455 4.903980
456 4.903980
457 4.903980
458 4.903980
459 4.903980
460 3.738704
461 3.738704
462 3.738704
463 3.738704
464 3.738704
465 2.987605
466 2.987605
467 2.987605
468 2.987605
469 2.987605
470 2.271533
471 2.271533
472 2.271533
473 2.271533
474 2.271533
475 1.776843
476 1.776843
477 1.776843
478 1.776843
479 1.776843
480 1.411761
481 1.411761
482 1.411761
483 1.411761
484 1.411761
485 1.126931
486 1.126931
487 1.126931
488 1.126931
489 1.126931
490 0.903769
491 0.903769
492 0.903769
493 0.903769
494 0.903769
495 0.727516
496 0.727516
497 0.727516
498 0.727516
499 0.727516
500 0.588269
