1 1000000000000000019884624838656.000000
2 1000000000000000019884624838656.000000
3 1000000000000000019884624838656.000000
4 1000000000000000019884624838656.000000
5 3352059.547855
6 3352059.547855
7 3352059.547855
8 3352059.547855
9 3352059.547855
10 3356106.906871
11 3356106.906871
12 3356106.906871
13 3356106.906871
14 3356106.906871
15 3198273.943466
16 3198273.943466
17 3198273.943466
18 3198273.943466
19 3198273.943466
20 3174895.667304
21 3174895.667304
22 3174895.667304
23 3174895.667304
24 3174895.667304
25 3143604.710591
26 3143604.710591
27 3143604.710591
28 3143604.710591
29 3143604.710591
30 3116424.039096
31 3116424.039096
32 3116424.039096
33 3116424.039096
34 3116424.039096
35 2864633.067652
36 2864633.067652
37 2864633.067652
38 2864633.067652
39 2864633.067652
40 2726104.240997
41 2726104.240997
42 2726104.240997
43 2726104.240997
44 2726104.240997
45 2538189.826947
46 2538189.826947
47 2538189.826947
48 2538189.826947
49 2538189.826947
50 2366981.822335
51 2366981.822335
52 2366981.822335
53 2366981.822335
54 2366981.822335
55 2290050.313589
56 2290050.313589
57 2290050.313589
58 2290050.313589
59 2290050.313589
60 2057424.739162
61 2057424.739162
62 2057424.739162
63 2057424.739162
64 2057424.739162
65 1901745.497732
66 1901745.497732
67 1901745.497732
68 1901745.497732
69 1901745.497732
70 1739240.627642
71 1739240.627642
72 1739240.627642
73 1739240.627642
74 1739240.627642
75 1569019.459061
76 1569019.459061
77 1569019.459061
78 1569019.459061
79 1569019.459061
80 1476588.790502
81 1476588.790502
82 1476588.790502
83 1476588.790502
84 1476588.790502
85 1332071.270435
86 1332071.270435
87 1332071.270435
88 1332071.270435
89 1332071.270435
90 1168737.752421
91 1168737.752421
92 1168737.752421
93 1168737.752421
94 1168737.752421
95 1062266.227074
96 1062266.227074
97 1062266.227074
98 1062266.227074
99 1062266.227074
100 982162.549991
101 982162.549991
102 982162.549991
103 982162.549991
104 982162.549991
105 925222.476173
106 925222.476173
107 925222.476173
108 925222.476173
109 925222.476173
110 834410.767216
111 834410.767216
112 834410.767216
113 834410.767216
114 834410.767216
115 765994.258979
116 765994.258979
117 765994.258979
118 765994.258979
119 765994.258979
120 696360.426740
121 696360.426740
122 696360.426740
123 696360.426740
124 696360.426740
125 622724.931241
126 622724.931241
127 622724.931241
128 622724.931241
129 622724.931241
130 567005.908824
131 567005.908824
132 567005.908824
133 567005.908824
134 567005.908824
135 509742.042436
136 509742.042436
137 509742.042436
138 509742.042436
139 509742.042436
140 467649.611602
141 467649.611602
142 467649.611602
143 467649.611602
144 467649.611602
145 439885.440365
146 439885.440365
147 439885.440365
148 439885.440365
149 439885.440365
150 386709.318209
151 386709.318209
152 386709.318209
153 386709.318209
154 386709.318209
155 361689.508209
156 361689.508209
157 361689.508209
158 361689.508209
159 361689.508209
160 340314.507558
161 340314.507558
162 340314.507558
163 340314.507558
164 340314.507558
165 318377.677660
166 318377.677660
167 318377.677660
168 318377.677660
169 318377.677660
170 293338.833542
171 293338.833542
172 293338.833542
173 293338.833542
174 293338.833542
175 272177.306401
176 272177.306401
177 272177.306401
178 272177.306401
179 272177.306401
180 255220.938981
181 255220.938981
182 255220.938981
183 255220.938981
184 255220.938981
185 241069.019984
186 241069.019984
187 241069.019984
188 241069.019984
189 241069.019984
190 224750.226196
191 224750.226196
192 224750.226196
193 224750.226196
194 224750.226196
195 206854.089921
196 206854.089921
197 206854.089921
198 206854.089921
199 206854.089921
200 192734.205200
201 192734.205200
202 192734.205200
203 192734.205200
204 192734.205200
205 182144.790073
206 182144.790073
207 182144.790073
208 182144.790073
209 182144.790073
210 171207.456422
211 171207.456422
212 171207.456422
213 171207.456422
214 171207.456422
215 154320.883049
216 154320.883049
217 154320.883049
218 154320.883049
219 154320.883049
220 151038.364979
221 151038.364979
222 151038.364979
223 151038.364979
224 151038.364979
225 142792.117347
226 142792.117347
227 142792.117347
228 142792.117347
229 142792.117347
230 134105.137164
231 134105.137164
232 134105.137164
233 134105.137164
234 134105.137164
235 127580.744109
236 127580.744109
237 127580.744109
238 127580.744109
239 127580.744109
240 119612.687931
241 119612.687931
242 119612.687931
243 119612.687931
244 119612.687931
245 114866.272703
246 114866.272703
247 114866.272703
248 114866.272703
249 114866.272703
250 108959.458236
251 108959.458236
252 108959.458236
253 108959.458236
254 108959.458236
255 101713.807918
256 101713.807918
257 101713.807918
258 101713.807918
259 101713.807918
260 98171.162738
261 98171.162738
262 98171.162738
263 98171.162738
264 98171.162738
265 93128.854542
266 93128.854542
267 93128.854542
268 93128.854542
269 93128.854542
270 90134.929480
271 90134.929480
272 90134.929480
273 90134.929480
274 90134.929480
275 86624.404221
276 86624.404221
277 86624.404221
278 86624.404221
279 86624.404221
280 81713.710917
281 81713.710917
282 81713.710917
283 81713.710917
284 81713.710917
285 79030.012685
286 79030.012685
287 79030.012685
288 79030.012685
289 79030.012685
290 76133.543992
291 76133.543992
292 76133.543992
293 76133.543992
294 76133.543992
295 73519.155888
296 73519.155888
297 73519.155888
298 73519.155888
299 73519.155888
300 69929.255214
301 69929.255214
302 69929.255214
303 69929.255214
304 69929.255214
305 67563.209647
306 67563.209647
307 67563.209647
308 67563.209647
309 67563.209647
310 65237.925542
311 65237.925542
312 65237.925542
313 65237.925542
314 65237.925542
315 62462.837918
316 62462.837918
317 62462.837918
318 62462.837918
319 62462.837918
320 60456.163938
321 60456.163938
322 60456.163938
323 60456.163938
324 60456.163938
325 57996.270118
326 57996.270118
327 57996.270118
328 57996.270118
329 57996.270118
330 55416.823788
331 55416.823788
332 55416.823788
333 55416.823788
334 55416.823788
335 53563.250360
336 53563.250360
337 53563.250360
338 53563.250360
339 53563.250360
340 51961.679848
341 51961.679848
342 51961.679848
343 51961.679848
344 51961.679848
345 50260.836633
346 50260.836633
347 50260.836633
348 50260.836633
349 50260.836633
350 48951.522517
351 48951.522517
352 48951.522517
353 48951.522517
354 48951.522517
355 47616.497004
356 47616.497004
357 47616.497004
358 47616.497004
359 47616.497004
360 46451.757431
361 46451.757431
362 46451.757431
363 46451.757431
364 46451.757431
365 45519.113624
366 45519.113624
367 45519.113624
368 45519.113624
369 45519.113624
370 44250.859397
371 44250.859397
372 44250.859397
373 44250.859397
374 44250.859397
375 43409.565510
376 43409.565510
377 43409.565510
378 43409.565510
379 43409.565510
380 42472.968685
381 42472.968685
382 42472.968685
383 42472.968685
384 42472.968685
385 41827.757355
386 41827.757355
387 41827.757355
388 41827.757355
389 41827.757355
390 40740.355685
391 40740.355685
392 40740.355685
393 40740.355685
394 40740.355685
395 40165.656926
396 40165.656926
397 40165.656926
398 40165.656926
399 40165.656926
400 39218.662843
401 39218.662843
402 39218.662843
403 39218.662843
404 39218.662843
405 38568.418520
406 38568.418520
407 38568.418520
408 38568.418520
409 38568.418520
410 38050.048828
411 38050.048828
412 38050.048828
413 38050.048828
414 38050.048828
415 37339.453957
416 37339.453957
417 37339.453957
418 37339.453957
419 37339.453957
420 36820.675460
421 36820.675460
422 36820.675460
423 36820.675460
424 36820.675460
425 36375.417964
426 36375.417964
427 36375.417964
428 36375.417964
429 36375.417964
430 35874.487709
431 35874.487709
432 35874.487709
433 35874.487709
434 35874.487709
435 35511.884955
436 35511.884955
437 35511.884955
438 35511.884955
439 35511.884955
440 35084.565963
441 35084.565963
442 35084.565963
443 35084.565963
444 35084.565963
445 34726.591228
446 34726.591228
447 34726.591228
448 34726.591228
449 34726.591228
450 34462.132518
451 34462.132518
452 34462.132518
453 34462.132518
454 34462.132518
455 34092.022381
456 34092.022381
457 34092.022381
458 34092.022381
459 34092.022381
460 33831.715869
461 33831.715869
462 33831.715869
463 33831.715869
464 33831.715869
465 33603.173099
466 33603.173099
467 33603.173099
468 33603.173099
469 33603.173099
470 33277.630501
471 33277.630501
472 33277.630501
473 33277.630501
474 33277.630501
475 33114.340725
476 33114.340725
477 33114.340725
478 33114.340725
479 33114.340725
480 33010.179405
481 33010.179405
482 33010.179405
483 33010.179405
484 33010.179405
485 32880.872938
486 32880.872938
487 32880.872938
488 32880.872938
489 32880.872938
490 32822.339012
491 32822.339012
492 32822.339012
493 32822.339012
494 32822.339012
495 32784.264345
496 32784.264345
497 32784.264345
498 32784.264345
499 32784.264345
500 32779.464261
