1 3697125.137285
2 5188928.634121
3 5899340.783613
4 7670058.304466
5 7960180.735933
6 6592456.416116
7 11067415.125972
8 9654027.372235
9 8264262.984826
10 8745834.613161
11 9498970.427041
12 14403422.734670
13 12561708.381205
14 15495604.149296
15 19624747.597386
16 16203228.806694
17 20291759.146140
18 25972751.153980
19 27200455.370663
20 27732082.250073
21 20929017.294017
22 23145073.280119
23 24976498.090535
24 23702632.159035
25 24497799.087777
26 21557362.388250
27 29868034.447053
28 30762070.497897
29 25483942.965281
30 31633136.215793
31 21448909.888442
32 31180276.809402
33 25533370.085770
34 23867776.309957
35 28864512.376876
36 27807712.698799
37 34298558.239801
38 31714683.937666
39 36294805.873979
40 31634674.017826
41 41076900.421845
42 28253207.905720
43 32453002.825266
44 32560712.468675
45 31037264.669336
46 35658847.045725
47 31146379.211366
48 34096668.960727
49 34160501.785007
50 36381623.605344
51 34701913.577568
52 35323905.129959
53 33598316.755342
54 31179416.145378
55 26699094.679520
56 27690633.864187
57 25836592.907693
58 21429663.363640
59 19898215.831213
60 17365165.131271
61 22764994.386689
62 21056743.180081
63 24142324.254758
64 19898720.637959
65 21039243.441602
66 18509912.359973
67 16966303.509067
68 13917128.583323
69 16535122.449819
70 12766213.505329
71 11283224.123063
72 15677207.030870
73 12276458.118152
74 13311866.853894
75 12771680.356959
76 10751841.819336
77 13619988.470248
78 10275238.074948
79 8213915.808822
80 5568070.499815
81 7755225.830132
82 7027503.794882
83 5280144.631352
84 6117346.753857
85 4961239.486641
86 5185052.222110
87 5579989.289496
88 5347435.740568
89 4202944.670347
90 4234217.078368
91 4062343.068282
92 3381843.245268
93 3484771.964962
94 3295021.085137
95 3903579.820288
96 2982829.310624
97 3350943.385141
98 3725275.050573
99 3586137.715690
100 3274759.664278
101 3196759.828401
102 2563140.518639
103 2448937.806727
104 1848995.268569
105 1523717.998397
106 1381911.487909
107 1553163.258190
108 1654662.995007
109 1024602.142036
110 967524.599074
111 863459.550668
112 851675.969294
113 730002.083224
114 681809.244357
115 645205.146683
116 650400.641155
117 641673.688879
118 581962.763983
119 615335.816774
120 584651.477924
121 581871.274720
122 599960.588362
123 520294.612040
124 380655.501296
125 491609.622079
126 526548.866309
127 456494.965738
128 484483.900994
129 534380.277459
130 523177.189097
131 451698.725326
132 419904.840534
133 352129.811396
134 339004.658926
135 281687.924686
136 284043.433633
137 245929.321859
138 237995.720307
139 257697.154362
140 214560.773410
141 174542.518409
142 193176.480467
143 192399.069823
144 158677.658901
145 151229.626750
146 146627.265165
147 134858.612675
148 125035.499346
149 141590.883861
150 108152.786163
151 120896.417275
152 103041.657817
153 100683.107657
154 101696.801999
155 77802.334637
156 71653.962212
157 59372.086903
158 54675.307843
159 58426.128900
160 54585.852857
161 39071.778661
162 44340.330329
163 40097.495795
164 40027.713321
165 44356.788232
166 36303.189415
167 34089.977853
168 30901.013882
169 27038.474362
170 29612.385327
171 27949.761703
172 24097.158162
173 20909.677258
174 18474.416406
175 15777.485287
176 15822.429664
177 16395.835502
178 17790.388832
179 14932.303665
180 14221.939996
181 13046.685906
182 12042.135962
183 11088.557563
184 11680.444369
185 11229.141707
186 9325.082452
187 9272.250006
188 8340.745185
189 6936.402898
190 6820.214212
191 7423.458013
192 6177.828547
193 6693.314223
194 5866.647356
195 5333.400833
196 5280.828335
197 5405.143805
198 5143.407365
199 4665.241121
200 5211.919886
201 4588.595202
202 5305.860484
203 4474.801101
204 4150.104689
205 4333.170974
206 4093.991820
207 3658.099317
208 4121.561031
209 3750.892372
210 3638.290385
211 3108.717841
212 2684.707094
213 2509.574789
214 2565.904953
215 2628.708747
216 2218.886217
217 2171.050763
218 1715.071592
219 2025.432918
220 1721.250506
221 1613.869918
222 1630.882879
223 1556.590932
224 1659.822041
225 1344.515130
226 1256.431299
227 1232.164995
228 1119.312398
229 1083.163032
230 899.884336
231 972.245431
232 695.496515
233 763.260747
234 773.277036
235 773.340560
236 806.105194
237 759.568843
238 691.738111
239 718.645075
240 667.359709
241 629.252722
242 501.142774
243 576.683696
244 529.850569
245 494.455444
246 476.233067
247 383.664066
248 405.782547
249 356.159540
250 357.008961
251 358.845370
252 295.757726
253 267.555293
254 285.353207
255 306.293847
256 290.214615
257 281.000249
258 273.566585
259 259.973387
260 274.221620
261 278.318321
262 258.575122
263 252.781570
264 229.226272
265 268.489944
266 242.288314
267 218.389837
268 206.942866
269 184.533631
270 207.083447
271 180.648660
272 160.820005
273 164.851364
274 157.080816
275 157.918671
276 151.652060
277 150.401472
278 138.071452
279 145.597337
280 126.520006
281 144.001681
282 135.785914
283 142.387125
284 134.472472
285 134.024417
286 116.391355
287 108.820189
288 104.872768
289 108.457855
290 102.131223
291 89.471440
292 83.956184
293 82.891339
294 83.384108
295 88.704473
296 84.213786
297 72.518654
298 78.591221
299 73.518205
300 72.964487
301 69.190173
302 67.344037
303 63.440776
304 63.208872
305 56.772076
306 57.473602
307 56.697562
308 58.570121
309 52.271351
310 52.608580
311 49.229225
312 49.268746
313 49.077090
314 50.133443
315 48.153904
316 42.531181
317 40.065852
318 39.295474
319 39.943115
320 34.061620
321 35.175047
322 34.498854
323 32.760496
324 29.285923
325 30.693403
326 29.965077
327 28.239105
328 26.647059
329 27.294223
330 26.571778
331 26.680041
332 25.213169
333 26.066268
334 25.799413
335 23.848603
336 23.882239
337 22.808023
338 23.069575
339 21.572182
340 22.100894
341 21.745771
342 20.828209
343 20.081833
344 18.910313
345 18.794665
346 18.572248
347 18.520980
348 18.003729
349 18.176340
350 17.366035
351 17.142279
352 17.200180
353 16.861350
354 16.376100
355 16.109461
356 15.181736
357 15.545533
358 15.387509
359 15.688688
360 14.395255
361 14.270633
362 13.921704
363 12.961860
364 12.746599
365 11.939208
366 11.247235
367 11.605965
368 11.473849
369 11.105160
370 10.774670
371 10.568465
372 10.556052
373 9.972744
374 9.871428
375 9.727568
376 9.208556
377 8.777334
378 9.119810
379 8.524660
380 8.540409
381 8.573507
382 8.275589
383 7.919195
384 7.869766
385 7.957213
386 7.730167
387 7.633405
388 7.463788
389 7.435571
390 7.273383
391 7.183470
392 7.098913
393 6.865649
394 6.590495
395 6.659231
396 6.534809
397 6.456884
398 6.206890
399 6.259019
400 5.943328
401 5.926884
402 5.935454
403 5.797326
404 5.671028
405 5.599360
406 5.525513
407 5.490356
408 5.416908
409 5.322078
410 5.205352
411 5.130012
412 4.997805
413 4.931090
414 4.820487
415 4.736719
416 4.738870
417 4.572437
418 4.467613
419 4.484142
420 4.331469
421 4.335039
422 4.219304
423 4.192821
424 4.137443
425 4.082608
426 4.035272
427 3.966506
428 3.906896
429 3.830266
430 3.765935
431 3.660548
432 3.609181
433 3.533668
434 3.477558
435 3.450396
436 3.394188
437 3.384718
438 3.344916
439 3.341566
440 3.270102
441 3.221726
442 3.166791
443 3.128767
444 3.137354
445 3.110058
446 3.065416
447 3.006748
448 2.950204
449 2.937254
450 2.879906
451 2.848927
452 2.835182
453 2.770739
454 2.758556
455 2.714050
456 2.693919
457 2.639267
458 2.599957
459 2.566245
460 2.544597
461 2.520529
462 2.497105
463 2.473253
464 2.448748
465 2.432044
466 2.418119
467 2.384046
468 2.369790
469 2.348705
470 2.330609
471 2.300434
472 2.269170
473 2.261323
474 2.249584
475 2.234795
476 2.217503
477 2.198592
478 2.182599
479 2.164182
480 2.161059
481 2.131773
482 2.123985
483 2.114332
484 2.103929
485 2.088248
486 2.071245
487 2.064145
488 2.056065
489 2.048132
490 2.039578
491 2.032047
492 2.026999
493 2.017090
494 2.013425
495 2.010290
496 2.006354
497 2.002610
498 1.999673
499 1.998254
500 1.997150
