1 17405744.672298
2 21462685.566653
3 22812708.895186
4 25823760.266033
5 38962289.816842
6 39132331.842841
7 44822878.786193
8 37206508.042654
9 54920784.368978
10 56020633.100695
11 56566825.973585
12 70853779.856976
13 85553170.914941
14 98101254.597064
15 106715185.580702
16 119476479.346874
17 116447446.870366
18 163023459.944138
19 180970987.079714
20 148221731.792342
21 155795726.438545
22 250263763.554721
23 217970268.049597
24 267824977.658880
25 313864561.779038
26 265076842.789381
27 375365221.596073
28 376361642.333664
29 382890409.054204
30 473238944.534555
31 408269227.277949
32 365583651.153458
33 469698752.917656
34 431075522.124282
35 549845684.087598
36 584739000.414972
37 686966892.082213
38 624474324.403418
39 471429492.044703
40 633086765.194994
41 566391251.034722
42 509289449.871782
43 710009520.238520
44 765861973.699501
45 506046653.971185
46 571743326.679661
47 519015322.946718
48 706093920.445386
49 512158877.581314
50 617904886.693553
51 841113235.304971
52 587220161.048220
53 800435553.428306
54 718719380.590649
55 750224711.764063
56 650377996.232322
57 568613677.457635
58 725202762.262726
59 554301549.575499
60 523963478.235774
61 558652334.511730
62 618904982.638087
63 727078755.711363
64 767109731.641503
65 565112835.852088
66 729765731.111927
67 590530525.995705
68 645686472.852203
69 429044734.004467
70 505336277.377946
71 536894642.340151
72 479993546.887751
73 456914613.077528
74 392156525.926842
75 502704967.768149
76 441158747.493585
77 388134262.112892
78 453761908.684939
79 384176884.392850
80 448779498.886699
81 510694200.558831
82 412467919.110078
83 432345864.913449
84 389242458.315851
85 381556601.585487
86 354544652.355353
87 278337181.595476
88 341210261.798353
89 294791678.312710
90 280167191.398737
91 296565832.405580
92 291876675.090896
93 234548661.714279
94 215541722.918256
95 283889761.323187
96 263299682.469321
97 230130403.668803
98 252454910.908902
99 259100575.155211
100 244936198.571686
101 220017722.225436
102 182697618.672852
103 173938622.240537
104 172406429.317240
105 153857615.645327
106 142352058.430259
107 171598661.639146
108 162258512.740209
109 116523679.176624
110 136651991.094183
111 94052711.676574
112 106506826.838275
113 128962284.100510
114 106610756.979161
115 120500271.421387
116 102902297.365072
117 101141173.128614
118 92375065.350455
119 105587893.636495
120 76427576.540774
121 93877817.377489
122 76993170.907154
123 69219369.918460
124 74251523.564267
125 68109107.984596
126 68643704.661211
127 64297258.564793
128 75352653.626024
129 63087768.246350
130 62880574.869377
131 68867113.388204
132 53769054.427530
133 58018328.277521
134 58518116.346837
135 47581888.899145
136 42423939.810371
137 43077171.302594
138 43560695.414278
139 32779449.235671
140 35451228.876028
141 26826971.659149
142 21868569.772480
143 22103622.877162
144 19885003.906344
145 18147268.678458
146 21010317.022589
147 16071753.190245
148 16043010.216309
149 15349445.153478
150 13360064.756365
151 11753996.764331
152 10632680.605409
153 10045288.895567
154 8802093.419370
155 8476844.491776
156 7975038.910478
157 7646240.540340
158 7959988.629326
159 8226750.666576
160 7184319.636559
161 7180038.550091
162 5203507.381250
163 5539273.656233
164 5059399.455025
165 4758770.627078
166 4703057.275090
167 4601878.973084
168 4655630.637447
169 5425437.650100
170 4639310.656251
171 4770833.063453
172 5324751.522909
173 5327146.331619
174 4382683.148624
175 4030667.759917
176 3531951.829409
177 3656094.864135
178 3355589.783077
179 3046778.951306
180 3204182.885465
181 3189918.007137
182 2900024.256883
183 2482409.613628
184 2740617.802204
185 2510130.067574
186 2060280.733145
187 2222302.454340
188 1715834.138947
189 2173783.078095
190 2327809.853584
191 2112243.369754
192 1663559.637297
193 1672738.181083
194 1644710.429037
195 1344044.298462
196 1376481.970112
197 1400585.644873
198 1285811.738571
199 1156006.178640
200 1077424.559650
201 1116280.168670
202 1174982.934817
203 945872.140301
204 1006957.512529
205 908623.864217
206 862760.086305
207 743427.974188
208 868196.277763
209 655428.271424
210 791716.192124
211 745726.146282
212 729865.091887
213 650032.410018
214 694192.309449
215 630803.516282
216 606577.206872
217 558576.680990
218 603372.524082
219 630628.162990
220 674227.057412
221 613723.675813
222 551322.247075
223 536558.479419
224 534080.644694
225 514997.655384
226 490419.131910
227 463218.430727
228 447039.884458
229 424548.996636
230 434906.585371
231 417526.549036
232 454612.926145
233 439889.509044
234 332308.531783
235 419407.538957
236 349469.290588
237 353374.108521
238 349919.431155
239 305537.635291
240 367280.558711
241 352141.010185
242 333747.994264
243 296819.006135
244 339002.166092
245 337796.075388
246 322212.039828
247 295351.145135
248 269458.387271
249 281829.061100
250 251051.381236
251 238151.193365
252 242135.255411
253 228599.154709
254 236099.011007
255 203322.560980
256 177548.166952
257 185575.362486
258 166076.200707
259 166564.890089
260 172084.431194
261 176332.764689
262 155740.368823
263 145009.113193
264 167976.683957
265 170300.147710
266 151477.317686
267 157467.189058
268 155922.168938
269 147896.359993
270 132803.700442
271 120394.884874
272 138096.070311
273 125448.503807
274 116105.758425
275 114884.363845
276 102948.711823
277 95227.472052
278 85175.505905
279 85335.458786
280 77367.057408
281 79307.017454
282 77356.135617
283 76039.809453
284 74698.716249
285 75867.300669
286 78720.962171
287 82111.637600
288 76125.586278
289 72272.256833
290 67099.434965
291 69121.777107
292 65887.820105
293 67956.469638
294 62012.670528
295 65627.625738
296 64133.823038
297 64556.365957
298 65524.049432
299 64682.543672
300 59410.214834
301 58058.331522
302 56602.508850
303 55330.015380
304 55233.212262
305 50976.898499
306 50365.870328
307 50923.430925
308 50408.370012
309 47539.647550
310 46980.032275
311 47601.897370
312 44758.131416
313 43831.701755
314 40891.274516
315 42046.631519
316 40472.461017
317 40520.722705
318 39871.576202
319 41408.082876
320 39532.017811
321 38214.017727
322 38586.211091
323 38004.485735
324 35570.756480
325 35710.900466
326 35569.181412
327 35786.921862
328 32851.428982
329 31613.269246
330 29715.452699
331 28768.623108
332 30660.194726
333 29157.129450
334 30192.929651
335 28015.649283
336 28406.776652
337 28748.855581
338 28058.663993
339 26516.352830
340 26639.262383
341 25843.798267
342 26368.955112
343 25977.429979
344 24138.231090
345 25656.948661
346 24820.734830
347 26250.577466
348 25145.741838
349 23914.069354
350 24218.679823
351 23862.059093
352 23214.710892
353 22245.093722
354 22735.632251
355 21216.719729
356 19818.951028
357 18222.558677
358 19102.438157
359 18306.184734
360 18267.446684
361 18048.410342
362 17421.262867
363 16973.196045
364 16364.356215
365 17078.788123
366 15996.014046
367 16339.628997
368 16119.528083
369 14795.387574
370 14690.870542
371 14492.292029
372 14142.567100
373 13707.261357
374 13626.868039
375 13702.971653
376 13782.971651
377 13017.715276
378 12898.617595
379 12353.387752
380 12140.598443
381 12141.687013
382 12005.959126
383 11921.368037
384 11740.305627
385 11331.128782
386 11598.426577
387 11567.555296
388 10944.422044
389 11284.428604
390 10601.461815
391 10714.127230
392 10345.012932
393 10242.320215
394 10205.286331
395 10580.141703
396 10565.595326
397 10370.658899
398 10355.508392
399 9905.456471
400 9981.227397
401 9690.664714
402 9663.705086
403 9610.990258
404 9564.717665
405 9542.884375
406 9418.120885
407 9437.502284
408 8961.407597
409 8581.141538
410 8748.370145
411 8513.623247
412 8127.847921
413 8336.721053
414 8292.134099
415 8209.165577
416 8116.323534
417 7816.477067
418 7933.786961
419 7888.120773
420 7884.520018
421 7855.138126
422 7916.980427
423 7628.456041
424 7587.623669
425 7496.138460
426 7282.794628
427 7203.445558
428 6929.734634
429 7037.732416
430 6763.513714
431 6861.584980
432 6757.874571
433 6673.665853
434 6493.234146
435 6467.550516
436 6327.940588
437 6266.179975
438 6194.449041
439 6114.331321
440 6033.943810
441 5862.559142
442 5938.467591
443 5870.004334
444 5827.006918
445 5811.186785
446 5738.923441
447 5669.282540
448 5600.190068
449 5547.375389
450 5531.260767
451 5443.239776
452 5410.608469
453 5324.181519
454 5292.021178
455 5244.420009
456 5222.477557
457 5175.589573
458 5102.607769
459 5087.534448
460 5037.717810
461 5005.425677
462 4949.682586
463 4910.667145
464 4834.599400
465 4822.418689
466 4766.919220
467 4728.776562
468 4686.836485
469 4627.289564
470 4589.503714
471 4538.928845
472 4516.893970
473 4467.315589
474 4437.040583
475 4407.662308
476 4379.276716
477 4369.109358
478 4327.268861
479 4284.691489
480 4274.424768
481 4255.010871
482 4231.464067
483 4190.561320
484 4180.708787
485 4158.220468
486 4148.852115
487 4127.233187
488 4108.468509
489 4092.993713
490 4073.205255
491 4055.238129
492 4045.795945
493 4033.133870
494 4021.789792
495 4013.290896
496 4006.262168
497 3998.165061
498 3993.352139
499 3988.770599
500 3987.138196
