1 inf
2 inf
3 inf
4 inf
5 inf
6 inf
7 inf
8 inf
9 inf
10 inf
11 inf
12 inf
13 inf
14 inf
15 inf
16 inf
17 inf
18 inf
19 inf
20 inf
21 inf
22 inf
23 inf
24 inf
25 inf
26 inf
27 inf
28 inf
29 inf
30 inf
31 inf
32 inf
33 inf
34 inf
35 inf
36 inf
37 inf
38 inf
39 inf
40 inf
41 inf
42 inf
43 inf
44 inf
45 inf
46 inf
47 inf
48 inf
49 115823194271191016115415321430127076074249189783331304864864279554836126633616724325820056911810275973106360255384115390072142528495680368000953216448649884420617789727216312805803683504579176603507121830165545662531947007368089657715197315168826539325727629882220006122485386352519484675062407102464.000000
50 45063210784882462965787827708317872561834718331611475976192542265974881685015579938395659112656075547907711168536147691489161003419235064808408837317034653771835332992837151817169693538439507793734313936035572090398543294155171601648689168235400098980344003947080806018110717952.000000
51 9773367271383926458998814755044624826494833886265791009059512059952758237648046212693717866734128056442665012908484776733974644396951530838321616897777320032680130681792522556297463036650776997421849099115978664626069217450459376491290647079053373993954630959104.000000
52 150909603629955773504327006228279496557256714716497679192849889666820156043956437359023021721721589669064193443825648125502646046974662431901836849471873368185668456487054513215371079259379529657252930178147933508762032808742248397588794441728.000000
53 860049037410628312993001550067336493168749361612676102590746605828639538944607507143493283543604978763914039580364473919950570805616369138927465168709175725748253730514448761809091681101775396710672109203546730127163392.000000
54 132808664808864836934368334359752636419847167553692283798113370030941879238542754376381936783837827217070395608019850219377193160272800283780952804308172211090176105565611238632551017721059465305727933504674594816.000000
55 509080882047778081244755990014993813064036690952978729054407655380310288566361062409459185727355892290947056783104315677391507284390182090065759972416945334243682621629659020428048754278400.000000
56 18240482501739919557219115084573665414295427150450905842768554404840676233236437363680573365407016660645167710262599733050302896775252588871136781098840799947173220822548480.000000
57 18164312584188677905103187116193257501304588705876173352887080576818975421391299930567876117861479600730159341503488798869403968902475910448728950450029441581056.000000
58 35573402735281711594972444108466085155187577754960251269154672943609624112666496484904663003124890359500384843352814834148726915803336897724416.000000
59 509767781891409043380622110062127795610178763042449607792493235761135619943178091280208171362216621372516285284352.000000
60 85013233925802917391744171249921911777419672275565476750021563564223549947928708865272044497930943463424.000000
61 950384297501471226999301968453676201427667348978533407989785003363495147036938862592.000000
62 375470654097583145820068634319283631898755807709612188028862231216128.000000
63 483922468784338310276223576492895488856203802443776.000000
64 498517999506411990708870184960.000000
65 3665722.191382
66 17078.787393
67 12606.077234
68 8585.520966
69 6943.939233
70 5923.595926
71 5175.549944
72 4220.554487
73 3706.986958
74 3324.842398
75 3016.213896
76 2661.062084
77 2325.024903
78 2149.503302
79 1860.436731
80 1675.995710
81 1454.120262
82 1344.430352
83 1174.030017
84 1030.891165
85 944.734149
86 830.196823
87 760.256804
88 683.374624
89 621.622303
90 559.721787
91 481.465099
92 444.967711
93 408.733351
94 368.699305
95 322.992069
96 308.507811
97 279.675679
98 252.771593
99 231.296982
100 207.563047
101 193.051144
102 176.969583
103 156.139186
104 146.881007
105 135.637589
106 124.966518
107 114.042512
108 103.492729
109 93.568125
110 85.754524
111 78.914782
112 71.957540
113 64.056934
114 60.370927
115 54.545051
116 49.606760
117 45.274086
118 41.591029
119 37.539561
120 34.135585
121 31.789917
122 28.693863
123 26.160106
124 23.658106
125 22.058048
126 20.070761
127 18.619120
128 17.149758
129 15.715853
130 14.631249
131 13.055857
132 12.110105
133 10.899282
134 10.182344
135 9.295947
136 8.433722
137 7.587398
138 7.156099
139 6.584760
140 6.030175
141 5.572182
142 5.144231
143 4.716986
144 4.377659
145 4.012690
146 3.613388
147 3.431395
148 3.147918
149 2.936536
150 2.671676
151 2.525303
152 2.288619
153 2.147335
154 1.967845
155 1.833916
156 1.685269
157 1.571829
158 1.446054
159 1.340039
160 1.251653
161 1.161375
162 1.067270
163 0.990711
164 0.922870
165 0.851339
166 0.797831
167 0.747516
168 0.675439
169 0.623821
170 0.595800
171 0.562741
172 0.522694
173 0.489525
174 0.457738
175 0.431344
176 0.408082
177 0.375166
178 0.358637
179 0.335321
180 0.315757
181 0.293266
182 0.273822
183 0.260938
184 0.245474
185 0.229774
186 0.216717
187 0.205341
188 0.191471
189 0.179801
190 0.170783
191 0.158468
192 0.147757
193 0.136697
194 0.131658
195 0.122790
196 0.117089
197 0.110009
198 0.103671
199 0.096648
200 0.092007
201 0.086975
202 0.081662
203 0.077494
204 0.072926
205 0.069011
206 0.065641
207 0.061862
208 0.057987
209 0.055552
210 0.052567
211 0.049585
212 0.046957
213 0.045177
214 0.043144
215 0.040850
216 0.038664
217 0.036827
218 0.035117
219 0.033325
220 0.031782
221 0.030447
222 0.028880
223 0.027612
224 0.026218
225 0.025155
226 0.024090
227 0.022816
228 0.021946
229 0.020828
230 0.019945
231 0.019188
232 0.018218
233 0.017538
234 0.016792
235 0.016100
236 0.015333
237 0.014821
238 0.014315
239 0.013678
240 0.013116
241 0.012476
242 0.011983
243 0.011368
244 0.011044
245 0.010581
246 0.010151
247 0.009739
248 0.009394
249 0.008965
250 0.008626
251 0.008352
252 0.008053
253 0.007719
254 0.007458
255 0.007143
256 0.006869
257 0.006642
258 0.006368
259 0.006165
260 0.005964
261 0.005771
262 0.005587
263 0.005418
264 0.005260
265 0.005057
266 0.004875
267 0.004688
268 0.004532
269 0.004385
270 0.004260
271 0.004121
272 0.004005
273 0.003866
274 0.003706
275 0.003634
276 0.003524
277 0.003423
278 0.003319
279 0.003198
280 0.003108
281 0.003031
282 0.002938
283 0.002856
284 0.002761
285 0.002696
286 0.002621
287 0.002534
288 0.002455
289 0.002397
290 0.002323
291 0.002259
292 0.002206
293 0.002141
294 0.002091
295 0.002008
296 0.001972
297 0.001920
298 0.001868
299 0.001811
300 0.001768
301 0.001710
302 0.001665
303 0.001612
304 0.001581
305 0.001541
306 0.001502
307 0.001464
308 0.001428
309 0.001389
310 0.001359
311 0.001328
312 0.001296
313 0.001264
314 0.001225
315 0.001203
316 0.001161
317 0.001144
318 0.001120
319 0.001087
320 0.001056
321 0.001034
322 0.001012
323 0.000991
324 0.000966
325 0.000945
326 0.000926
327 0.000905
328 0.000889
329 0.000871
330 0.000853
331 0.000833
332 0.000813
333 0.000798
334 0.000784
335 0.000768
336 0.000752
337 0.000738
338 0.000724
339 0.000710
340 0.000694
341 0.000680
342 0.000668
343 0.000656
344 0.000645
345 0.000633
346 0.000623
347 0.000612
348 0.000601
349 0.000589
350 0.000577
351 0.000567
352 0.000557
353 0.000547
354 0.000538
355 0.000527
356 0.000519
357 0.000510
358 0.000502
359 0.000495
360 0.000486
361 0.000479
362 0.000472
363 0.000465
364 0.000456
365 0.000449
366 0.000441
367 0.000435
368 0.000427
369 0.000420
370 0.000414
371 0.000408
372 0.000401
373 0.000396
374 0.000389
375 0.000384
376 0.000379
377 0.000372
378 0.000367
379 0.000363
380 0.000357
381 0.000353
382 0.000346
383 0.000343
384 0.000338
385 0.000333
386 0.000329
387 0.000324
388 0.000320
389 0.000315
390 0.000310
391 0.000306
392 0.000303
393 0.000299
394 0.000296
395 0.000293
396 0.000289
397 0.000286
398 0.000283
399 0.000279
400 0.000276
401 0.000273
402 0.000270
403 0.000267
404 0.000264
405 0.000260
406 0.000258
407 0.000256
408 0.000253
409 0.000250
410 0.000248
411 0.000245
412 0.000243
413 0.000240
414 0.000238
415 0.000236
416 0.000234
417 0.000231
418 0.000229
419 0.000227
420 0.000225
421 0.000223
422 0.000221
423 0.000219
424 0.000217
425 0.000216
426 0.000214
427 0.000212
428 0.000211
429 0.000208
430 0.000207
431 0.000206
432 0.000204
433 0.000203
434 0.000201
435 0.000200
436 0.000198
437 0.000196
438 0.000195
439 0.000194
440 0.000193
441 0.000191
442 0.000190
443 0.000189
444 0.000188
445 0.000187
446 0.000186
447 0.000184
448 0.000183
449 0.000182
450 0.000181
451 0.000180
452 0.000179
453 0.000178
454 0.000177
455 0.000177
456 0.000176
457 0.000175
458 0.000174
459 0.000173
460 0.000173
461 0.000172
462 0.000171
463 0.000170
464 0.000170
465 0.000169
466 0.000168
467 0.000168
468 0.000167
469 0.000167
470 0.000166
471 0.000166
472 0.000165
473 0.000165
474 0.000164
475 0.000164
476 0.000163
477 0.000163
478 0.000162
479 0.000162
480 0.000162
481 0.000161
482 0.000161
483 0.000160
484 0.000160
485 0.000160
486 0.000160
487 0.000159
488 0.000159
489 0.000159
490 0.000159
491 0.000159
492 0.000159
493 0.000158
494 0.000158
495 0.000158
496 0.000158
497 0.000158
498 0.000158
499 0.000158
500 0.000158
