1 inf
2 inf
3 inf
4 inf
5 inf
6 inf
7 inf
8 inf
9 inf
10 inf
11 inf
12 inf
13 96570631565215403887053944301035076340830868201788665570260851768793833256866026404740356839739107024069361220495732861268802744701537894471181140894195886386792078587131565893736765975731728166772365112409748454506496.000000
14 34092881320237565310986076050131490565859031347257709327409156825123227512711826807030032121964942852096.000000
15 16705.363690
16 14119.870027
17 13857.830403
18 13738.634899
19 12633.883584
20 12461.159547
21 13695.506029
22 9201.296994
23 7840.429462
24 6354.191465
25 5884.411914
26 5132.076796
27 4419.378824
28 3960.072258
29 3616.308019
30 2863.620459
31 2506.590013
32 2401.270621
33 2135.991992
34 1948.721543
35 1516.425021
36 1523.804349
37 1702.380519
38 1463.663101
39 1417.360437
40 1241.446895
41 1251.638513
42 939.146584
43 749.613210
44 851.696773
45 854.588640
46 697.781908
47 551.553419
48 437.324264
49 408.565556
50 404.636286
51 383.001743
52 381.798322
53 364.781613
54 359.650990
55 298.003013
56 296.050815
57 275.675001
58 228.787016
59 233.112942
60 201.110652
61 173.934772
62 160.403231
63 132.643060
64 126.866483
65 111.879554
66 96.529713
67 82.721313
68 73.225072
69 73.895136
70 70.910668
71 65.461278
72 58.703555
73 56.079875
74 47.887995
75 42.696311
76 37.535985
77 33.326726
78 31.541354
79 29.164743
80 25.177384
81 21.004821
82 17.752946
83 15.064750
84 13.210650
85 11.821634
86 10.892024
87 9.062266
88 8.703258
89 7.955946
90 6.937941
91 6.386486
92 6.349463
93 6.187698
94 5.502481
95 4.440576
96 4.396470
97 4.093228
98 3.769374
99 3.312515
100 3.102740
101 2.959955
102 2.823589
103 2.705956
104 2.318148
105 2.098057
106 2.040571
107 1.781567
108 1.618667
109 1.543425
110 1.375780
111 1.305750
112 1.189927
113 1.077650
114 0.950449
115 0.909332
116 0.801039
117 0.688538
118 0.639063
119 0.520200
120 0.481341
121 0.417493
122 0.373027
123 0.353984
124 0.335845
125 0.275593
126 0.249706
127 0.228456
128 0.204747
129 0.181464
130 0.162056
131 0.137150
132 0.124000
133 0.109769
134 0.095253
135 0.084223
136 0.071354
137 0.065435
138 0.055222
139 0.047341
140 0.044440
141 0.037296
142 0.032921
143 0.028907
144 0.025582
145 0.022923
146 0.020815
147 0.018532
148 0.015605
149 0.014544
150 0.012369
151 0.011027
152 0.010182
153 0.009393
154 0.008447
155 0.007637
156 0.006586
157 0.005522
158 0.005035
159 0.004430
160 0.004083
161 0.003817
162 0.003280
163 0.002980
164 0.002613
165 0.002232
166 0.001930
167 0.001741
168 0.001527
169 0.001398
170 0.001239
171 0.001125
172 0.001002
173 0.000895
174 0.000803
175 0.000707
176 0.000617
177 0.000548
178 0.000494
179 0.000444
180 0.000380
181 0.000341
182 0.000303
183 0.000259
184 0.000234
185 0.000212
186 0.000182
187 0.000155
188 0.000142
189 0.000121
190 0.000108
191 0.000095
192 0.000083
193 0.000072
194 0.000063
195 0.000057
196 0.000049
197 0.000043
198 0.000036
199 0.000030
200 0.000027
201 0.000023
202 0.000021
203 0.000019
204 0.000016
205 0.000015
206 0.000013
207 0.000011
208 0.000010
209 0.000009
210 0.000008
211 0.000006
212 0.000006
213 0.000005
214 0.000004
215 0.000004
216 0.000003
217 0.000003
218 0.000003
219 0.000002
220 0.000002
221 0.000002
222 0.000001
223 0.000001
224 0.000001
225 0.000001
226 0.000001
227 0.000001
228 0.000001
229 0.000001
230 0.000000
231 0.000000
232 0.000000
233 0.000000
234 0.000000
235 0.000000
236 0.000000
237 0.000000
238 0.000000
239 0.000000
240 0.000000
241 0.000000
242 0.000000
243 0.000000
244 0.000000
245 0.000000
246 0.000000
247 0.000000
248 0.000000
249 0.000000
250 0.000000
251 0.000000
252 0.000000
253 0.000000
254 0.000000
255 0.000000
256 0.000000
257 0.000000
258 0.000000
259 0.000000
260 0.000000
261 0.000000
262 0.000000
263 0.000000
264 0.000000
265 0.000000
266 0.000000
267 0.000000
268 0.000000
269 0.000000
270 0.000000
271 0.000000
272 0.000000
273 0.000000
274 0.000000
275 0.000000
276 0.000000
277 0.000000
278 0.000000
279 0.000000
280 0.000000
281 0.000000
282 0.000000
283 0.000000
284 0.000000
285 0.000000
286 0.000000
287 0.000000
288 0.000000
289 0.000000
290 0.000000
291 0.000000
292 0.000000
293 0.000000
294 0.000000
295 0.000000
296 0.000000
297 0.000000
298 0.000000
299 0.000000
300 0.000000
301 0.000000
302 0.000000
303 0.000000
304 0.000000
305 0.000000
306 0.000000
307 0.000000
308 0.000000
309 0.000000
310 0.000000
311 0.000000
312 0.000000
313 0.000000
314 0.000000
315 0.000000
316 0.000000
317 0.000000
318 0.000000
319 0.000000
320 0.000000
321 0.000000
322 0.000000
323 0.000000
324 0.000000
325 0.000000
326 0.000000
327 0.000000
328 0.000000
329 0.000000
330 0.000000
331 0.000000
332 0.000000
333 0.000000
334 0.000000
335 0.000000
336 0.000000
337 0.000000
338 0.000000
339 0.000000
340 0.000000
341 0.000000
342 0.000000
343 0.000000
344 0.000000
345 0.000000
346 0.000000
347 0.000000
348 0.000000
349 0.000000
350 0.000000
351 0.000000
352 0.000000
353 0.000000
354 0.000000
355 0.000000
356 0.000000
357 0.000000
358 0.000000
359 0.000000
360 0.000000
361 0.000000
362 0.000000
363 0.000000
364 0.000000
365 0.000000
366 0.000000
367 0.000000
368 0.000000
369 0.000000
370 0.000000
371 0.000000
372 0.000000
373 0.000000
374 0.000000
375 0.000000
376 0.000000
377 0.000000
378 0.000000
379 0.000000
380 0.000000
381 0.000000
382 0.000000
383 0.000000
384 0.000000
385 0.000000
386 0.000000
387 0.000000
388 0.000000
389 0.000000
390 0.000000
391 0.000000
392 0.000000
393 0.000000
394 0.000000
395 0.000000
396 0.000000
397 0.000000
398 0.000000
399 0.000000
400 0.000000
401 0.000000
402 0.000000
403 0.000000
404 0.000000
405 0.000000
406 0.000000
407 0.000000
408 0.000000
409 0.000000
410 0.000000
411 0.000000
412 0.000000
413 0.000000
414 0.000000
415 0.000000
416 0.000000
417 0.000000
418 0.000000
419 0.000000
420 0.000000
421 0.000000
422 0.000000
423 0.000000
424 0.000000
425 0.000000
426 0.000000
427 0.000000
428 0.000000
429 0.000000
430 0.000000
431 0.000000
432 0.000000
433 0.000000
434 0.000000
435 0.000000
436 0.000000
437 0.000000
438 0.000000
439 0.000000
440 0.000000
441 0.000000
442 0.000000
443 0.000000
444 0.000000
445 0.000000
446 0.000000
447 0.000000
448 0.000000
449 0.000000
450 0.000000
451 0.000000
452 0.000000
453 0.000000
454 0.000000
455 0.000000
456 0.000000
457 0.000000
458 0.000000
459 0.000000
460 0.000000
461 0.000000
462 0.000000
463 0.000000
464 0.000000
465 0.000000
466 0.000000
467 0.000000
468 0.000000
469 0.000000
470 0.000000
471 0.000000
472 0.000000
473 0.000000
474 0.000000
475 0.000000
476 0.000000
477 0.000000
478 0.000000
479 0.000000
480 0.000000
481 0.000000
482 0.000000
483 0.000000
484 0.000000
485 0.000000
486 0.000000
487 0.000000
488 0.000000
489 0.000000
490 0.000000
491 0.000000
492 0.000000
493 0.000000
494 0.000000
495 0.000000
496 0.000000
497 0.000000
498 0.000000
499 0.000000
500 0.000000
