1 inf
2 inf
3 inf
4 inf
5 inf
6 inf
7 inf
8 inf
9 inf
10 inf
11 inf
12 inf
13 inf
14 inf
15 inf
16 inf
17 inf
18 inf
19 inf
20 inf
21 inf
22 inf
23 inf
24 inf
25 inf
26 inf
27 inf
28 inf
29 inf
30 inf
31 inf
32 inf
33 inf
34 inf
35 inf
36 inf
37 inf
38 inf
39 inf
40 inf
41 inf
42 inf
43 inf
44 inf
45 inf
46 inf
47 inf
48 inf
49 inf
50 inf
51 inf
52 inf
53 inf
54 inf
55 inf
56 inf
57 inf
58 inf
59 inf
60 inf
61 inf
62 inf
63 inf
64 inf
65 inf
66 4991829498809855810772681714063204249958952993926345665108093146960389673054681028704162792348209075100824751827588444590488578004877066193676660617239769473906001966455165329580812215878287627525091894270835978828309345774687853763088562684747553202402126235193265900330017550857918661259038657464454086656.000000
67 22001845638084141455413354827530981752725194195625245363399972354516353693361714788947990589580143275606712493936804483529298245955987461457284714851689870278131697461012898066996276110042697164297402339751754926371600116036788758533345993512621056063416102295582015488.000000
68 7282162127303029589436230571014481932520153974051245712852334601101725203304966603392644972506766742144523643929329967287648629105752428214336363469418896041738224816290021905171720007054620028643640671030672936057563256791146191909705220096.000000
69 1807909605922628206061425749256525991804291661835948209979086021699439267658531410574195242109449365040204036084088948445063753091966188561602119358635777764795814083071613867830796863025078146524577267712.000000
70 4984040004408474373612723986972463445039134079491610421368427592307102019818484156183242691443191880035442258994637757137432947312070088540592518659658006462677744147759104.000000
71 2691450571595334669857545196380806661984186626431305035583789302587288057419713987052325232371583611391223774194490991483133207741454565102321664.000000
72 4598660339748610804049625999067461511747553483448766136490026490414948751184510311879663442466865762373237473280.000000
73 839052094317202292016305164656070503002162056190134532816405288092056944640.000000
74 40989150774089742035951885130210785258302763929197084672.000000
75 432072797919096209408.000000
76 45586.789936
77 41191.176046
78 34530.703937
79 28366.087874
80 24842.739756
81 21719.960196
82 19796.462118
83 17691.226296
84 15581.294269
85 14070.718192
86 12806.025574
87 11625.129352
88 10581.250130
89 9443.492663
90 8653.851518
91 7501.034227
92 7026.440360
93 6359.788631
94 5823.246836
95 5441.689342
96 4988.715281
97 4633.825795
98 4178.936126
99 3708.480694
100 3522.143231
101 3237.500010
102 3024.197475
103 2758.895266
104 2530.144436
105 2368.947253
106 2147.921805
107 1993.799317
108 1825.102158
109 1736.119770
110 1576.600665
111 1446.894552
112 1331.826889
113 1219.494801
114 1105.725599
115 1021.621619
116 947.714358
117 881.840083
118 794.528235
119 759.590732
120 710.502068
121 661.230146
122 617.172609
123 576.923414
124 534.351610
125 490.051892
126 449.221793
127 418.059002
128 393.727790
129 366.310781
130 340.037638
131 320.682892
132 297.284981
133 279.215618
134 258.679548
135 244.682420
136 228.130783
137 208.448842
138 197.745302
139 184.927815
140 174.929978
141 163.373849
142 148.450579
143 141.966268
144 132.493184
145 122.011251
146 115.562973
147 109.035225
148 101.249565
149 94.606700
150 88.648885
151 83.851587
152 77.957189
153 71.903825
154 66.127669
155 64.238663
156 60.765316
157 58.022436
158 54.840356
159 51.311437
160 47.718194
161 44.887211
162 42.594417
163 40.147171
164 38.184139
165 36.104170
166 34.462159
167 31.887959
168 30.361045
169 28.551630
170 27.101311
171 25.511359
172 24.040502
173 22.715734
174 21.548390
175 20.445093
176 19.358152
177 18.320243
178 17.361401
179 16.502817
180 15.698019
181 14.854379
182 14.207562
183 13.542513
184 12.900076
185 12.240210
186 11.630787
187 11.114648
188 10.531568
189 9.898552
190 9.463746
191 9.051303
192 8.667877
193 8.135056
194 7.794894
195 7.495628
196 7.102734
197 6.804817
198 6.531567
199 6.239695
200 5.987422
201 5.699527
202 5.376631
203 5.211017
204 4.984680
205 4.741586
206 4.568446
207 4.359719
208 4.174870
209 3.968027
210 3.830169
211 3.673840
212 3.524214
213 3.404212
214 3.258043
215 3.130210
216 2.998792
217 2.888548
218 2.772447
219 2.675120
220 2.574195
221 2.492617
222 2.389761
223 2.303490
224 2.205977
225 2.142385
226 2.067938
227 2.002060
228 1.932707
229 1.861062
230 1.812058
231 1.738711
232 1.677012
233 1.633585
234 1.577508
235 1.528046
236 1.481519
237 1.433513
238 1.378443
239 1.333928
240 1.286498
241 1.246314
242 1.211507
243 1.171197
244 1.133234
245 1.091810
246 1.061533
247 1.031860
248 0.997607
249 0.971440
250 0.943598
251 0.915447
252 0.888879
253 0.864958
254 0.837297
255 0.819896
256 0.793669
257 0.772660
258 0.748972
259 0.730537
260 0.704501
261 0.687653
262 0.667276
263 0.645601
264 0.628410
265 0.608856
266 0.596390
267 0.582567
268 0.564310
269 0.549321
270 0.536724
271 0.522229
272 0.508777
273 0.497901
274 0.486733
275 0.473465
276 0.463487
277 0.452798
278 0.441732
279 0.431940
280 0.418688
281 0.409739
282 0.396933
283 0.390218
284 0.381181
285 0.372580
286 0.365610
287 0.356660
288 0.347416
289 0.338982
290 0.333227
291 0.323921
292 0.317677
293 0.311879
294 0.305007
295 0.298207
296 0.292501
297 0.286627
298 0.278806
299 0.273912
300 0.268740
301 0.263368
302 0.256574
303 0.251393
304 0.247301
305 0.241432
306 0.236546
307 0.230564
308 0.226359
309 0.222873
310 0.216437
311 0.212725
312 0.208717
313 0.204787
314 0.200695
315 0.196411
316 0.193322
317 0.189487
318 0.186529
319 0.183417
320 0.179688
321 0.177257
322 0.174346
323 0.171171
324 0.168115
325 0.164770
326 0.162337
327 0.159364
328 0.156614
329 0.154231
330 0.151643
331 0.149432
332 0.146947
333 0.144776
334 0.142462
335 0.140357
336 0.137777
337 0.135685
338 0.133544
339 0.131335
340 0.129466
341 0.127617
342 0.125655
343 0.123669
344 0.121619
345 0.119801
346 0.117766
347 0.115751
348 0.114266
349 0.112929
350 0.111052
351 0.109683
352 0.108300
353 0.106325
354 0.105398
355 0.103952
356 0.102269
357 0.100987
358 0.099864
359 0.098068
360 0.096870
361 0.095678
362 0.094556
363 0.093234
364 0.091764
365 0.090830
366 0.089534
367 0.088394
368 0.087288
369 0.086243
370 0.085272
371 0.084243
372 0.083324
373 0.082315
374 0.081467
375 0.080541
376 0.079640
377 0.078702
378 0.077984
379 0.077064
380 0.075961
381 0.075399
382 0.074450
383 0.073708
384 0.073044
385 0.072276
386 0.071506
387 0.070635
388 0.069988
389 0.069373
390 0.068604
391 0.068030
392 0.067440
393 0.066802
394 0.065864
395 0.065458
396 0.064820
397 0.064331
398 0.063787
399 0.063202
400 0.062733
401 0.062156
402 0.061569
403 0.061065
404 0.060514
405 0.060073
406 0.059667
407 0.059196
408 0.058670
409 0.058247
410 0.057844
411 0.057369
412 0.056985
413 0.056598
414 0.056075
415 0.055667
416 0.055207
417 0.054815
418 0.054472
419 0.054076
420 0.053702
421 0.053345
422 0.053018
423 0.052712
424 0.052327
425 0.052041
426 0.051695
427 0.051400
428 0.051078
429 0.050695
430 0.050335
431 0.050063
432 0.049720
433 0.049468
434 0.049170
435 0.048890
436 0.048639
437 0.048340
438 0.048118
439 0.047883
440 0.047640
441 0.047413
442 0.047216
443 0.046963
444 0.046758
445 0.046558
446 0.046310
447 0.046088
448 0.045864
449 0.045677
450 0.045446
451 0.045235
452 0.045085
453 0.044906
454 0.044710
455 0.044530
456 0.044373
457 0.044208
458 0.044028
459 0.043894
460 0.043758
461 0.043613
462 0.043472
463 0.043313
464 0.043204
465 0.043082
466 0.042957
467 0.042843
468 0.042722
469 0.042593
470 0.042464
471 0.042376
472 0.042266
473 0.042164
474 0.042076
475 0.041980
476 0.041880
477 0.041811
478 0.041714
479 0.041653
480 0.041582
481 0.041498
482 0.041448
483 0.041372
484 0.041317
485 0.041256
486 0.041194
487 0.041161
488 0.041115
489 0.041067
490 0.041033
491 0.040997
492 0.040964
493 0.040940
494 0.040913
495 0.040892
496 0.040877
497 0.040863
498 0.040852
499 0.040845
500 0.040843
