1 inf
2 inf
3 inf
4 inf
5 inf
6 inf
7 inf
8 inf
9 inf
10 inf
11 inf
12 inf
13 inf
14 inf
15 inf
16 3239064842355778157142094030273314476330853780571888599192742270948674519126891191012349652256345348303259489626718918966854972265656182364204260033736161925655696078723596444597390805176041030405826915956053173186824210800758952107866340615224319357408877957902734477163739486981466046955463413403222016.000000
17 4320426474328812940029129046738320958053847740830679564835843692364778228722604934114593214998530762222271476377558803312280256189190725430617179895446656366952279092379039007254301920273108426725463956038336207198535450707109103303934324041685288566162039513975864384407181834301211679890866176.000000
18 155282775815691301240818848835035674073690060213280568270848141165426120264958631741593305078956109417760384285105313208157149605336117359923189442154799698345421507578137040416725884772602789809270737143456907098371020839252597036116182645459251047955332411790852063297891374989312.000000
19 2335039211656077318367770038328739179040505184068436483627873468298941776339509264691577598139460286826886381293150887795460166719818488170162386528817821548448964050039456521579703482107128404334147923799122321568750768641864719652865536324198729848025959531425038336.000000
20 28764923666427131407740380789308814835507591736232253863843593696072137432809485467732496821596449285960311959610419791160674931252012715705588773170264218403039375536063624976188876087736189911450527168743528592023911865007043426085028549885952.000000
21 8431400243780729943047099547795586082438393993512948487851278188019186666369328444739133457189126034379105400536124029555382135075140267060276312088048829481926913470633224354020693078459834820217851145137768753921715031391025785470976.000000
22 93756835077631456018281314901952062042960488779510570576770270101664185445764439119750520735733969296366596893973648190097183677904121628136155460985134912083433487117206053457380475718612563577406657084111212680196281860096.000000
23 2074775238001308955233027294787519359588257555675280030735172327878628132359848172648272479955761162120011753293157133391827707969821876739236996121435061318949436092017491144928734623483230389932161999986766118912.000000
24 78014694140893931266642240362635408385627422032931368217340787515396343248692689388133233389569128387659054734204334707149720658297365048341896310327071416956648305586207287511242369896448337272149909700608.000000
25 156814945175519316579870015310666976875720492071427364103435112447769858121031148611263713098475340819280733715624472844660274792216112723122352250142730431569665067066115825891598606484491749818368.000000
26 12473158175107493089064814903795912489062559085876121438378653309775999004431414022734918811984848667154487556797391249110770855466169574417556917676287412711926943116626925640102275186688.000000
27 97573966760625619738020771098828347997509972506348310373406442292162805115340187320727743169484168691455978754283928491274656043767703158622379452088010532257884669485840960537493504.000000
28 1690372805530438973451671419517552302845109025877735327611706034054003763418433688737779242838139333926186910132934825300461862345623577826394209252002428262285312.000000
29 575956096715623814279303772180499114270978355276532442868221317882408675150401884058603320376098673049412807984413399369108560002622959115117930528661439512576.000000
30 8995733288133836829544241567776585360708002418611434198558295600754044792557724199124294970854930464494114578940757415181152390598495569331617792.000000
31 1476430840369947009790126600352694479024456999379345631124045526081464517701648014778097832826397820723964869637238814944904541693280256.000000
32 9491709790052739372956078739862501776071807153672926541207362367617729854191877347329060101785811226949234031404299925323776.000000
33 38112235058521829347351906491498745199892247380917378485708912576527155721308027517295221963655772276960020922368.000000
34 12225504892939333790764732576866534448095412019878438264762161059214332050697497250496199915328241664.000000
35 86623888261771331319727849404487280514202381918219157629526745827597772058770766028603392.000000
36 10955114270986645000086838465738090487828229383146343996997974910742354180671746481324032.000000
37 92387437909060177695441625137132913124289135203543324509145376294436864.000000
38 10772255697233299455529888669116849619551766976016788905227927815192576.000000
39 2086374912481527070366500965054060811015966802971208882061312.000000
40 379222914599116137469866863921854430751593847830085632.000000
41 17671855272050736702878301482909241319729659904.000000
42 2195895277414951537174208317831138770944.000000
43 24903911833791250763006083072.000000
44 104943084019079.359375
45 1126299256.559752
46 13888.043825
47 7471.144614
48 5904.880032
49 4234.778762
50 3021.449787
51 2506.225173
52 1990.944061
53 1906.854736
54 1693.976214
55 1453.887693
56 1211.405221
57 1022.953314
58 922.106373
59 787.025818
60 682.440114
61 637.006345
62 558.003369
63 485.931408
64 426.434172
65 370.942973
66 333.175365
67 290.931916
68 253.839791
69 213.596501
70 194.135122
71 172.457283
72 144.577666
73 129.950266
74 113.714522
75 100.047785
76 85.472089
77 78.528861
78 69.763725
79 63.572239
80 58.341361
81 51.916468
82 46.873330
83 41.101981
84 37.818343
85 32.958807
86 28.958223
87 26.319627
88 22.519540
89 20.474691
90 18.208606
91 16.063482
92 15.134795
93 13.306333
94 11.664395
95 10.517403
96 9.251498
97 8.529823
98 7.598279
99 6.580963
100 6.217661
101 5.326090
102 4.859131
103 4.272659
104 4.027483
105 3.648747
106 3.187496
107 2.789050
108 2.537613
109 2.255828
110 1.899134
111 1.707876
112 1.495863
113 1.322953
114 1.173655
115 1.052356
116 0.941251
117 0.845528
118 0.747726
119 0.692446
120 0.625987
121 0.562766
122 0.501551
123 0.448862
124 0.396773
125 0.341161
126 0.313525
127 0.276046
128 0.246605
129 0.215726
130 0.196237
131 0.175294
132 0.155951
133 0.138308
134 0.118006
135 0.104221
136 0.095721
137 0.082818
138 0.078688
139 0.070058
140 0.064815
141 0.058201
142 0.051612
143 0.046379
144 0.042274
145 0.037927
146 0.034795
147 0.031643
148 0.028600
149 0.025949
150 0.023579
151 0.020908
152 0.018713
153 0.016739
154 0.015099
155 0.013597
156 0.012439
157 0.011268
158 0.010159
159 0.009259
160 0.008312
161 0.007537
162 0.006937
163 0.006195
164 0.005523
165 0.005053
166 0.004521
167 0.004156
168 0.003708
169 0.003444
170 0.003135
171 0.002801
172 0.002562
173 0.002309
174 0.002018
175 0.001863
176 0.001724
177 0.001560
178 0.001359
179 0.001274
180 0.001152
181 0.001052
182 0.000961
183 0.000874
184 0.000798
185 0.000725
186 0.000671
187 0.000621
188 0.000569
189 0.000520
190 0.000487
191 0.000447
192 0.000415
193 0.000382
194 0.000348
195 0.000325
196 0.000303
197 0.000268
198 0.000250
199 0.000233
200 0.000216
201 0.000200
202 0.000186
203 0.000173
204 0.000160
205 0.000147
206 0.000137
207 0.000130
208 0.000121
209 0.000111
210 0.000105
211 0.000096
212 0.000090
213 0.000084
214 0.000077
215 0.000072
216 0.000067
217 0.000062
218 0.000059
219 0.000055
220 0.000051
221 0.000048
222 0.000045
223 0.000042
224 0.000039
225 0.000037
226 0.000035
227 0.000032
228 0.000030
229 0.000028
230 0.000027
231 0.000025
232 0.000024
233 0.000022
234 0.000021
235 0.000019
236 0.000018
237 0.000017
238 0.000016
239 0.000015
240 0.000014
241 0.000013
242 0.000013
243 0.000012
244 0.000011
245 0.000011
246 0.000010
247 0.000010
248 0.000009
249 0.000009
250 0.000008
251 0.000008
252 0.000007
253 0.000007
254 0.000007
255 0.000006
256 0.000006
257 0.000006
258 0.000005
259 0.000005
260 0.000005
261 0.000005
262 0.000004
263 0.000004
264 0.000004
265 0.000004
266 0.000004
267 0.000003
268 0.000003
269 0.000003
270 0.000003
271 0.000003
272 0.000003
273 0.000003
274 0.000002
275 0.000002
276 0.000002
277 0.000002
278 0.000002
279 0.000002
280 0.000002
281 0.000002
282 0.000002
283 0.000002
284 0.000002
285 0.000002
286 0.000001
287 0.000001
288 0.000001
289 0.000001
290 0.000001
291 0.000001
292 0.000001
293 0.000001
294 0.000001
295 0.000001
296 0.000001
297 0.000001
298 0.000001
299 0.000001
300 0.000001
301 0.000001
302 0.000001
303 0.000001
304 0.000001
305 0.000001
306 0.000001
307 0.000001
308 0.000001
309 0.000001
310 0.000001
311 0.000001
312 0.000001
313 0.000001
314 0.000001
315 0.000001
316 0.000000
317 0.000000
318 0.000000
319 0.000000
320 0.000000
321 0.000000
322 0.000000
323 0.000000
324 0.000000
325 0.000000
326 0.000000
327 0.000000
328 0.000000
329 0.000000
330 0.000000
331 0.000000
332 0.000000
333 0.000000
334 0.000000
335 0.000000
336 0.000000
337 0.000000
338 0.000000
339 0.000000
340 0.000000
341 0.000000
342 0.000000
343 0.000000
344 0.000000
345 0.000000
346 0.000000
347 0.000000
348 0.000000
349 0.000000
350 0.000000
351 0.000000
352 0.000000
353 0.000000
354 0.000000
355 0.000000
356 0.000000
357 0.000000
358 0.000000
359 0.000000
360 0.000000
361 0.000000
362 0.000000
363 0.000000
364 0.000000
365 0.000000
366 0.000000
367 0.000000
368 0.000000
369 0.000000
370 0.000000
371 0.000000
372 0.000000
373 0.000000
374 0.000000
375 0.000000
376 0.000000
377 0.000000
378 0.000000
379 0.000000
380 0.000000
381 0.000000
382 0.000000
383 0.000000
384 0.000000
385 0.000000
386 0.000000
387 0.000000
388 0.000000
389 0.000000
390 0.000000
391 0.000000
392 0.000000
393 0.000000
394 0.000000
395 0.000000
396 0.000000
397 0.000000
398 0.000000
399 0.000000
400 0.000000
401 0.000000
402 0.000000
403 0.000000
404 0.000000
405 0.000000
406 0.000000
407 0.000000
408 0.000000
409 0.000000
410 0.000000
411 0.000000
412 0.000000
413 0.000000
414 0.000000
415 0.000000
416 0.000000
417 0.000000
418 0.000000
419 0.000000
420 0.000000
421 0.000000
422 0.000000
423 0.000000
424 0.000000
425 0.000000
426 0.000000
427 0.000000
428 0.000000
429 0.000000
430 0.000000
431 0.000000
432 0.000000
433 0.000000
434 0.000000
435 0.000000
436 0.000000
437 0.000000
438 0.000000
439 0.000000
440 0.000000
441 0.000000
442 0.000000
443 0.000000
444 0.000000
445 0.000000
446 0.000000
447 0.000000
448 0.000000
449 0.000000
450 0.000000
451 0.000000
452 0.000000
453 0.000000
454 0.000000
455 0.000000
456 0.000000
457 0.000000
458 0.000000
459 0.000000
460 0.000000
461 0.000000
462 0.000000
463 0.000000
464 0.000000
465 0.000000
466 0.000000
467 0.000000
468 0.000000
469 0.000000
470 0.000000
471 0.000000
472 0.000000
473 0.000000
474 0.000000
475 0.000000
476 0.000000
477 0.000000
478 0.000000
479 0.000000
480 0.000000
481 0.000000
482 0.000000
483 0.000000
484 0.000000
485 0.000000
486 0.000000
487 0.000000
488 0.000000
489 0.000000
490 0.000000
491 0.000000
492 0.000000
493 0.000000
494 0.000000
495 0.000000
496 0.000000
497 0.000000
498 0.000000
499 0.000000
500 0.000000
