1 18621319.659855
2 22615541.453377
3 21385441.772635
4 35901355.703203
5 34393871.709685
6 42314765.922147
7 32200456.038861
8 50450169.322988
9 45997790.263953
10 50225846.391544
11 75842897.991863
12 73802026.443257
13 81007128.796450
14 104335792.343235
15 116102163.862108
16 103799547.554610
17 152388370.180309
18 111903479.187621
19 133285438.449427
20 135614456.283680
21 141306554.546728
22 163290886.239896
23 208996039.077070
24 161601671.509394
25 212584511.141942
26 264858005.894708
27 257093893.147420
28 290517736.405765
29 276890562.292885
30 205568159.402822
31 246382460.111848
32 207742196.072423
33 257681560.067108
34 322626318.191043
35 239540469.047176
36 335822602.805800
37 270802592.959971
38 403494496.792188
39 355107554.190894
40 340050247.356866
41 332266772.443396
42 309453347.704359
43 333329039.349271
44 417525175.959057
45 448218553.209092
46 374137750.776345
47 387155669.103080
48 294131068.115793
49 432536930.669127
50 491915214.748939
51 347861162.154335
52 339336963.880616
53 372406694.647684
54 363594902.828245
55 225402764.678570
56 319318748.900768
57 385173723.615599
58 357656437.445844
59 354381154.237858
60 367644427.985301
61 259793932.354382
62 253471097.036102
63 266217071.114629
64 317070515.089727
65 323170786.245276
66 291300562.467191
67 315952211.735803
68 298369303.816778
69 206572809.429245
70 192049791.861313
71 267421985.282492
72 215660226.941516
73 188398424.868892
74 206419085.201432
75 210028510.524269
76 185656423.842278
77 183100602.021639
78 236401646.818362
79 188729372.634360
80 213681877.988709
81 176515435.751619
82 173700380.232360
83 249524042.920294
84 179648425.599409
85 195030821.839147
86 215200651.905698
87 175387157.119106
88 204621300.766049
89 229957049.909686
90 191411311.456046
91 192533893.788504
92 119811613.807765
93 160571457.897543
94 205528501.981563
95 167781059.307761
96 205398183.671780
97 179235811.809787
98 202157340.947288
99 159517969.017071
100 176656290.860645
101 150441439.933061
102 143543577.417401
103 124954301.646321
104 126972927.527306
105 147995643.732647
106 131611830.625545
107 129575435.495492
108 116863674.909254
109 120440570.543462
110 105398583.676271
111 103444740.148554
112 74484630.194155
113 88897073.600735
114 99127722.752721
115 83763511.114625
116 100632711.859771
117 94577274.563951
118 96411132.403875
119 77933143.860933
120 90615988.716941
121 77144397.549410
122 87739024.397400
123 82401258.206170
124 85882046.154578
125 100032768.035878
126 80631341.455627
127 74227209.953952
128 73242681.142961
129 69162884.671252
130 65041222.552816
131 63100836.821946
132 63366209.183351
133 53064875.032530
134 64135410.890447
135 55453551.678461
136 49028019.085117
137 47234191.013766
138 43848102.081440
139 46212141.295292
140 38076523.432302
141 41460160.327243
142 42337544.325489
143 38290667.871015
144 38952131.640284
145 38581482.163438
146 36702778.051622
147 33863186.110051
148 36208533.963301
149 32122480.648676
150 28826579.876847
151 33486783.889390
152 31748902.259244
153 27823622.120930
154 29082554.290113
155 24120839.764386
156 22517080.169548
157 18771169.148357
158 16751411.164010
159 16233932.659052
160 16198247.741918
161 15521393.784101
162 11491126.932085
163 11024745.261341
164 9742411.853588
165 9367403.572797
166 6686469.072316
167 7986827.548935
168 9155085.088378
169 6975735.633426
170 8085360.347688
171 8735510.802153
172 8859890.151396
173 8838970.981857
174 9853836.547289
175 6401385.603945
176 6730471.540252
177 5936156.408604
178 5738152.119493
179 4999029.574101
180 4572305.065484
181 4296258.645629
182 4182078.245886
183 4361678.599805
184 3962773.937288
185 4083026.737550
186 3599264.113427
187 3946817.036108
188 3506217.987626
189 3386137.322096
190 2589025.374216
191 2910192.674439
192 2681371.211100
193 2832464.634056
194 2926754.922237
195 2614865.663628
196 2440871.381914
197 2480321.588565
198 2558214.263080
199 2616263.695851
200 1974354.072038
201 2119097.106911
202 1732369.089141
203 1846783.084109
204 1672970.366731
205 2011347.139059
206 1534645.513108
207 1510143.474320
208 1370111.333365
209 1467165.192953
210 1282085.255614
211 1241139.561500
212 1328496.067692
213 1170769.383167
214 1069446.116251
215 978559.141848
216 988238.954274
217 1079196.332097
218 1060757.111734
219 838867.298243
220 765307.030498
221 727992.835497
222 740684.133169
223 704461.829961
224 668154.340010
225 643805.768632
226 647010.067297
227 638241.760255
228 671099.548338
229 649109.638269
230 557753.106623
231 538434.809627
232 522223.995361
233 539998.964682
234 492677.013457
235 587054.903617
236 512953.031505
237 498688.161393
238 539385.048362
239 491024.228297
240 494832.042433
241 492280.617612
242 486451.463163
243 478326.921319
244 490835.474217
245 436553.724188
246 449234.590818
247 473978.959045
248 413171.824692
249 437776.294478
250 392761.176577
251 363276.427052
252 370567.302676
253 318534.074423
254 295929.780075
255 297985.789891
256 296862.087410
257 294538.832954
258 262695.173307
259 238742.402982
260 235957.106831
261 246189.567693
262 230121.870686
263 200678.659057
264 222140.516686
265 205686.501521
266 185268.937298
267 199137.495783
268 190552.080253
269 181558.605426
270 189945.348883
271 172795.657198
272 158602.604616
273 162177.258388
274 149298.257303
275 145323.903961
276 146893.181034
277 128426.630086
278 147381.635595
279 137775.192480
280 130914.290692
281 137301.409580
282 141028.167516
283 118282.618158
284 116354.876012
285 125401.263796
286 111794.118942
287 107188.108234
288 102092.461926
289 99113.208936
290 92152.929663
291 92801.415270
292 91651.227494
293 83338.091403
294 87899.270948
295 83270.764306
296 78781.114077
297 74338.050930
298 72410.864114
299 72989.002678
300 65719.686044
301 63686.033571
302 58575.870785
303 62069.035365
304 55427.618959
305 57155.515695
306 50949.599478
307 50824.349638
308 51469.065044
309 48517.986524
310 46647.412311
311 47466.906181
312 41585.737597
313 43280.987184
314 42919.448419
315 38998.463355
316 42509.240952
317 40403.277700
318 39507.693013
319 41394.330530
320 41572.268636
321 41821.219001
322 37784.276319
323 38421.965130
324 37258.797028
325 35356.925147
326 34466.179480
327 33482.353305
328 31868.914482
329 30765.561675
330 32725.552263
331 32120.726518
332 30917.825434
333 29568.247056
334 29619.584479
335 25792.320741
336 24889.802907
337 23896.639720
338 25418.219205
339 25070.318198
340 24030.283201
341 23888.916120
342 23174.530178
343 22406.999334
344 22608.045367
345 21895.759194
346 21438.243170
347 20331.492719
348 20294.852111
349 19553.597264
350 19616.983354
351 18042.033004
352 18087.699582
353 17568.759959
354 18294.943781
355 17882.831285
356 18485.913212
357 18767.563915
358 17911.125907
359 16999.556077
360 16548.231653
361 17110.235892
362 17191.074188
363 16614.783014
364 16516.088860
365 16580.023542
366 15442.571869
367 15002.186987
368 14695.181175
369 15237.405094
370 15565.291052
371 15105.435988
372 14936.111497
373 14283.088177
374 14299.898935
375 13745.608951
376 13708.767583
377 13006.301421
378 13112.396154
379 12981.405467
380 12895.491970
381 12674.179264
382 12179.447464
383 12252.846446
384 11805.922668
385 11318.722726
386 11963.614525
387 11751.457732
388 11370.634290
389 11424.071163
390 10759.572897
391 10845.834607
392 10559.938727
393 10679.745748
394 10684.573741
395 10509.419795
396 10313.782021
397 9667.955333
398 9794.940639
399 9666.172344
400 9297.741185
401 9153.937082
402 8954.237777
403 9184.401289
404 9054.818893
405 8937.039678
406 8553.634437
407 8734.761658
408 8555.640400
409 8315.053192
410 8364.708481
411 7999.138870
412 8061.999014
413 7952.903101
414 7853.338511
415 7686.313767
416 7388.723543
417 7417.281018
418 7316.967188
419 7244.581143
420 7210.421585
421 7127.450513
422 6898.349093
423 6907.160479
424 6716.302376
425 6807.254728
426 6736.518332
427 6647.066949
428 6450.217075
429 6395.703182
430 6329.049818
431 6359.764542
432 6331.974312
433 6185.694504
434 6130.268361
435 6018.828630
436 5870.471312
437 5861.777735
438 5769.759170
439 5731.405125
440 5596.848256
441 5613.122508
442 5545.999384
443 5451.547882
444 5425.752408
445 5375.429848
446 5278.524141
447 5186.351030
448 5183.251965
449 5068.619619
450 5047.465425
451 4978.263420
452 4902.017608
453 4892.324360
454 4875.264805
455 4836.601785
456 4757.491485
457 4713.661461
458 4675.050029
459 4555.969231
460 4565.905782
461 4566.072585
462 4491.082571
463 4475.545290
464 4410.568058
465 4385.385773
466 4326.460873
467 4317.623719
468 4296.154174
469 4256.092921
470 4201.942072
471 4164.054464
472 4131.720511
473 4108.749656
474 4076.382695
475 4042.763785
476 4010.929238
477 3961.441495
478 3958.111923
479 3916.396627
480 3904.915791
481 3888.014140
482 3857.705219
483 3849.232422
484 3829.797129
485 3810.658946
486 3794.938360
487 3783.753864
488 3762.420899
489 3746.322134
490 3735.111018
491 3724.150151
492 3708.035946
493 3704.043722
494 3696.693319
495 3688.746229
496 3680.040606
497 3675.687396
498 3669.861212
499 3666.653698
500 3664.293775
