1 84371145.223191
2 43268851.420670
3 94416344.579674
4 131273751.629995
5 120476462.921845
6 152333171.371876
7 151592088.625646
8 178796369.313876
9 260020347.238493
10 311652868.052233
11 264805657.639790
12 306716815.632015
13 512343413.337062
14 506866548.470692
15 397940821.225949
16 509409257.523478
17 629238385.045381
18 614368827.878779
19 844991451.442057
20 631904807.919836
21 946681191.355798
22 983980278.278764
23 938091639.673799
24 1286958328.708912
25 1203383693.311349
26 1355908129.107651
27 1392789663.151950
28 1517116836.166415
29 2180968630.273726
30 1940649293.908572
31 2041525038.653879
32 3082675769.788002
33 3697473884.537213
34 2928304255.035432
35 2483899178.628471
36 3368400306.333462
37 3907638037.546883
38 4349194928.847489
39 2661616156.476969
40 3557447025.873027
41 4715881131.505007
42 4898471216.094181
43 4044159206.722212
44 5686531560.250234
45 5963254136.497277
46 4942130355.535098
47 8092651160.718209
48 7871086980.965206
49 7687641278.009955
50 10259836707.328222
51 10847962543.947485
52 11990497433.847029
53 13261212471.039293
54 8706449407.435215
55 7357020722.804152
56 9819666408.444698
57 11450518712.956079
58 11254233251.070208
59 13784813131.209362
60 12139904182.086969
61 13343471042.374798
62 14182559279.511879
63 13241428546.302900
64 14099117820.780111
65 10412701945.535275
66 15318029552.949692
67 12712718114.673956
68 11290224427.574087
69 14291094197.808270
70 11330335894.449556
71 12951452895.672922
72 10029821030.458124
73 12373347394.195784
74 11840164016.594793
75 8223987846.996861
76 9866467599.746441
77 11754224207.838438
78 8350403337.176378
79 9255794698.691826
80 12642125708.183405
81 11325653886.911457
82 9408260367.018557
83 11555017293.221256
84 9189616592.385525
85 10844241754.912172
86 10282392884.826435
87 9842412000.977480
88 11534325167.607904
89 8851323051.252317
90 9829842743.242662
91 11379822524.281363
92 10453085908.408575
93 10715765211.764341
94 8587078655.940939
95 7756626878.982631
96 6840770697.761304
97 10713209402.119919
98 8953441381.513327
99 6391543824.854387
100 9054677957.845671
101 9865156532.097624
102 10960428402.561398
103 9202073396.136969
104 11171405691.488146
105 10228392579.498522
106 10679478350.176785
107 9090721162.586233
108 9500041309.341780
109 9921232252.673100
110 10184787594.274893
111 10207741109.418840
112 9781159727.964428
113 9156141184.054914
114 10189430222.394621
115 10835951387.402088
116 9218273419.714586
117 9617614676.538788
118 8451857520.718357
119 8800746728.296263
120 6396830271.489017
121 5539362161.470262
122 6459560792.420355
123 6566063660.778819
124 6873407587.588460
125 4907969229.319972
126 4138561564.584779
127 4556403729.696711
128 4447001000.712256
129 4494330363.378680
130 4005981638.677547
131 3505447555.041280
132 2766373317.933429
133 3394699632.336236
134 2801184088.676701
135 2975218912.404244
136 3215852944.434702
137 1991387940.850944
138 2647445269.971190
139 1650289209.962652
140 1685821887.580344
141 1903000075.665993
142 1577398434.907773
143 1699359768.539826
144 1258346509.895384
145 1321616849.564866
146 1217200628.561188
147 1038628182.273757
148 1280660069.680366
149 1136533608.228553
150 1005346387.027835
151 1034888858.882845
152 1091246922.772471
153 959349590.383295
154 825558649.633046
155 908442040.090490
156 945793868.816926
157 804875918.732841
158 793295402.527033
159 630491304.269581
160 645282093.978983
161 684460930.934408
162 587061745.625739
163 737733579.236466
164 644975076.965783
165 563327610.652081
166 509382032.445807
167 465756993.471388
168 525015871.176070
169 526241941.322499
170 443869101.086325
171 510024799.478484
172 506931833.120908
173 461033376.977607
174 496528176.369468
175 405873086.671520
176 351104484.268777
177 382839942.169490
178 290016630.668354
179 365192267.994335
180 298982371.954800
181 340309845.307227
182 278563066.651100
183 264672572.580441
184 280203535.002102
185 305270433.847931
186 293163308.048608
187 308450702.674275
188 250920601.293934
189 291530783.732031
190 254335567.935856
191 295626806.868600
192 309182874.998446
193 325765083.637617
194 294690188.342994
195 262507284.897131
196 280771343.110307
197 359060772.430912
198 300497752.554325
199 255798832.555872
200 244784724.114447
201 235417139.961262
202 211323251.395732
203 207796484.454243
204 261546616.763788
205 177081575.063738
206 178430013.399995
207 185832677.357190
208 183930299.881129
209 178033818.822234
210 141103274.536890
211 159329117.952472
212 177462028.229055
213 153727633.109993
214 125937595.044068
215 150348172.142467
216 134815048.633935
217 146141604.000517
218 146762318.752625
219 138851027.384119
220 136016880.309824
221 153831264.588891
222 126805895.041149
223 149626225.850897
224 118644138.238656
225 140810817.186302
226 124729446.099596
227 99406694.291188
228 110067729.470911
229 99608982.638950
230 108203493.868153
231 99487763.040261
232 84652517.114690
233 75902320.084001
234 78697768.311933
235 74704866.237128
236 70628369.294084
237 59365324.485579
238 69836485.694183
239 62004112.784254
240 53455177.496669
241 54017253.627188
242 48998684.497872
243 52257923.387097
244 49339388.955058
245 47067575.600287
246 49576275.308630
247 44975816.807710
248 44794397.247404
249 46370366.095824
250 42035470.290663
251 44061023.708133
252 35520272.532929
253 33847312.101927
254 36672195.014101
255 35595032.004239
256 37485935.089408
257 38704006.468071
258 30896231.792729
259 26201650.087761
260 32565383.891179
261 26175895.629848
262 29102906.210870
263 25405148.071658
264 25298136.356709
265 25910152.963261
266 25823428.450383
267 19197844.560987
268 21525662.170631
269 20403962.836098
270 21474586.741774
271 23021963.245725
272 19576770.666574
273 19137041.336829
274 16852597.816119
275 17637423.384803
276 15182612.072643
277 17020599.515593
278 17513507.880207
279 14646640.892928
280 14265340.732504
281 14692643.430569
282 13675154.929950
283 13150700.214115
284 12884617.094809
285 12450253.910595
286 11544319.767986
287 12580393.016019
288 11463736.613002
289 11248888.620885
290 10801267.588484
291 9499818.732336
292 9323410.671513
293 9435463.081076
294 9311550.441519
295 9349257.698102
296 8546498.861279
297 8323314.785083
298 8642853.377437
299 8506693.213034
300 8398064.576786
301 8678781.085116
302 7739584.589541
303 7862127.585500
304 8216047.725237
305 9100337.608047
306 8639687.991613
307 8062729.428575
308 8533242.865304
309 8054959.352043
310 7600060.809308
311 8292935.321156
312 7815884.649480
313 7435692.581783
314 7110513.558889
315 7004257.252926
316 7182063.441115
317 6699369.662388
318 6094197.664955
319 6130808.539269
320 5734225.514972
321 5550617.862572
322 5497619.996009
323 6062298.603244
324 5809218.628731
325 5814047.390844
326 4900730.868855
327 5427308.464959
328 5334155.126745
329 5455125.579946
330 5050086.763699
331 4906107.438398
332 4460233.044238
333 4362580.756021
334 4362313.887239
335 4917565.303113
336 4453550.519626
337 4564754.001242
338 4759324.426154
339 4161080.112299
340 3838757.426395
341 3961194.645288
342 3883522.395216
343 3768924.309322
344 4171202.339964
345 3888284.442640
346 3748265.178321
347 3623486.741340
348 3511885.554695
349 3417629.859760
350 3308640.287661
351 3521669.192353
352 3110859.154266
353 3179305.873363
354 3276775.018255
355 2955717.718852
356 3122678.620227
357 3095822.126726
358 2833041.010951
359 2903267.070314
360 2623688.749938
361 2701173.130496
362 2661530.734724
363 2658451.220505
364 2606255.188743
365 2528837.709345
366 2426033.707519
367 2416649.998472
368 2466597.360034
369 2474329.488771
370 2478210.120003
371 2458002.903512
372 2199180.873459
373 2208651.302375
374 2218704.653839
375 2181820.973768
376 2116705.171560
377 2149605.627794
378 2114930.394946
379 2081842.378565
380 2126627.499358
381 2021879.909249
382 2007276.303843
383 2034058.403630
384 1915414.978683
385 1871042.341227
386 1919345.664138
387 1934757.645711
388 1935657.546557
389 1829917.697148
390 1870387.933636
391 1862775.663672
392 1762126.563359
393 1750509.396581
394 1793098.941781
395 1755398.560854
396 1766969.455534
397 1715005.653324
398 1666680.696520
399 1604673.013633
400 1618437.721566
401 1646347.876384
402 1576515.970094
403 1540695.830986
404 1525031.144742
405 1499729.602239
406 1507308.154739
407 1471482.977955
408 1466764.986927
409 1452629.453999
410 1455065.962195
411 1409987.244976
412 1454958.865622
413 1388984.056688
414 1396961.773220
415 1340427.160179
416 1340013.402527
417 1301956.203491
418 1286255.860993
419 1263432.043571
420 1280458.110266
421 1270282.703300
422 1261112.896337
423 1242804.751849
424 1249742.867514
425 1235344.479921
426 1240759.867499
427 1206048.522506
428 1224935.406617
429 1192559.201115
430 1169994.361261
431 1143446.925035
432 1138673.871724
433 1136795.692846
434 1122397.880746
435 1111686.992208
436 1099624.781398
437 1091033.228619
438 1070658.149340
439 1064670.080223
440 1056238.696572
441 1034933.104778
442 1038103.594261
443 1016444.498657
444 1013345.243783
445 989412.514498
446 994437.660508
447 978077.359909
448 955703.064480
449 959660.825930
450 946199.453056
451 931528.662499
452 921523.427571
453 922178.784850
454 927390.960520
455 922633.446700
456 907157.819405
457 896720.727957
458 900014.495425
459 885797.098381
460 877316.178285
461 868776.407919
462 860720.325898
463 854498.391673
464 844868.063106
465 839254.376882
466 833141.753128
467 830535.766416
468 823076.494001
469 818685.561026
470 810634.406130
471 806223.924521
472 803854.118364
473 801822.494242
474 792127.633312
475 787383.970749
476 782380.515619
477 778542.432786
478 770875.007543
479 769907.232387
480 762444.247405
481 760586.354467
482 755031.125513
483 751366.575436
484 748292.099311
485 743043.085812
486 739714.622385
487 736616.683901
488 734325.282073
489 729191.566659
490 728156.948615
491 726047.709744
492 723001.773274
493 721763.559647
494 719803.419652
495 718313.635596
496 717109.226689
497 715943.246218
498 715187.522850
499 714542.471985
500 714152.512122
