1 729182.246045
2 727647.133689
3 726164.449859
4 697510.829283
5 711412.386265
6 635843.563553
7 613078.324015
8 600063.260922
9 538521.402034
10 493939.973811
11 499239.283926
12 440189.555285
13 409389.698238
14 367185.712256
15 334101.594537
16 299397.752242
17 276098.988913
18 252085.365697
19 228540.361663
20 207179.107281
21 190106.788554
22 153361.594940
23 149101.449332
24 126804.536120
25 121599.848366
26 106304.161601
27 93371.383187
28 82067.698590
29 71628.470558
30 76590.256622
31 68768.184012
32 57153.089820
33 55255.969582
34 47998.221521
35 43739.993245
36 37398.344279
37 30629.370136
38 26461.281137
39 21705.929517
40 21884.937807
41 18489.936048
42 14879.197566
43 13767.390069
44 12113.936908
45 9182.074205
46 9426.730686
47 8828.984877
48 7488.493266
49 6793.513606
50 5535.356267
51 4627.979183
52 4006.792547
53 3232.305688
54 2859.703748
55 2186.612829
56 1992.815185
57 1673.463043
58 1382.761011
59 1166.970860
60 1158.853317
61 933.879359
62 785.279072
63 674.138038
64 537.519143
65 487.595811
66 392.668867
67 344.166364
68 311.211764
69 263.340229
70 213.819536
71 178.446759
72 132.099636
73 119.397033
74 100.767151
75 79.063728
76 66.564935
77 52.688609
78 47.654401
79 43.640399
80 33.643107
81 29.658127
82 27.175120
83 22.001704
84 19.744639
85 17.181691
86 14.117422
87 12.022086
88 9.408438
89 7.945105
90 6.476634
91 5.016160
92 4.308615
93 3.354681
94 2.841334
95 2.385519
96 2.060547
97 1.701703
98 1.490057
99 1.129067
100 0.959397
101 0.822675
102 0.703329
103 0.569678
104 0.494078
105 0.412749
106 0.346304
107 0.306599
108 0.239075
109 0.204044
110 0.165870
111 0.137169
112 0.107727
113 0.091334
114 0.072522
115 0.059832
116 0.046983
117 0.042123
118 0.034484
119 0.028240
120 0.021843
121 0.018559
122 0.015522
123 0.012568
124 0.009747
125 0.008178
126 0.006639
127 0.005319
128 0.004465
129 0.003741
130 0.003067
131 0.002553
132 0.002138
133 0.001847
134 0.001584
135 0.001324
136 0.001099
137 0.000940
138 0.000836
139 0.000712
140 0.000609
141 0.000492
142 0.000385
143 0.000331
144 0.000268
145 0.000221
146 0.000178
147 0.000146
148 0.000132
149 0.000112
150 0.000090
151 0.000074
152 0.000060
153 0.000051
154 0.000044
155 0.000037
156 0.000030
157 0.000027
158 0.000024
159 0.000019
160 0.000017
161 0.000014
162 0.000012
163 0.000010
164 0.000009
165 0.000007
166 0.000006
167 0.000006
168 0.000005
169 0.000004
170 0.000004
171 0.000003
172 0.000003
173 0.000002
174 0.000002
175 0.000002
176 0.000002
177 0.000001
178 0.000001
179 0.000001
180 0.000001
181 0.000001
182 0.000001
183 0.000001
184 0.000001
185 0.000000
186 0.000000
187 0.000000
188 0.000000
189 0.000000
190 0.000000
191 0.000000
192 0.000000
193 0.000000
194 0.000000
195 0.000000
196 0.000000
197 0.000000
198 0.000000
199 0.000000
200 0.000000
201 0.000000
202 0.000000
203 0.000000
204 0.000000
205 0.000000
206 0.000000
207 0.000000
208 0.000000
209 0.000000
210 0.000000
211 0.000000
212 0.000000
213 0.000000
214 0.000000
215 0.000000
216 0.000000
217 0.000000
218 0.000000
219 0.000000
220 0.000000
221 0.000000
222 0.000000
223 0.000000
224 0.000000
225 0.000000
226 0.000000
227 0.000000
228 0.000000
229 0.000000
230 0.000000
231 0.000000
232 0.000000
233 0.000000
234 0.000000
235 0.000000
236 0.000000
237 0.000000
238 0.000000
239 0.000000
240 0.000000
241 0.000000
242 0.000000
243 0.000000
244 0.000000
245 0.000000
246 0.000000
247 0.000000
248 0.000000
249 0.000000
250 0.000000
251 0.000000
252 0.000000
253 0.000000
254 0.000000
255 0.000000
256 0.000000
257 0.000000
258 0.000000
259 0.000000
260 0.000000
261 0.000000
262 0.000000
263 0.000000
264 0.000000
265 0.000000
266 0.000000
267 0.000000
268 0.000000
269 0.000000
270 0.000000
271 0.000000
272 0.000000
273 0.000000
274 0.000000
275 0.000000
276 0.000000
277 0.000000
278 0.000000
279 0.000000
280 0.000000
281 0.000000
282 0.000000
283 0.000000
284 0.000000
285 0.000000
286 0.000000
287 0.000000
288 0.000000
289 0.000000
290 0.000000
291 0.000000
292 0.000000
293 0.000000
294 0.000000
295 0.000000
296 0.000000
297 0.000000
298 0.000000
299 0.000000
300 0.000000
301 0.000000
302 0.000000
303 0.000000
304 0.000000
305 0.000000
306 0.000000
307 0.000000
308 0.000000
309 0.000000
310 0.000000
311 0.000000
312 0.000000
313 0.000000
314 0.000000
315 0.000000
316 0.000000
317 0.000000
318 0.000000
319 0.000000
320 0.000000
321 0.000000
322 0.000000
323 0.000000
324 0.000000
325 0.000000
326 0.000000
327 0.000000
328 0.000000
329 0.000000
330 0.000000
331 0.000000
332 0.000000
333 0.000000
334 0.000000
335 0.000000
336 0.000000
337 0.000000
338 0.000000
339 0.000000
340 0.000000
341 0.000000
342 0.000000
343 0.000000
344 0.000000
345 0.000000
346 0.000000
347 0.000000
348 0.000000
349 0.000000
350 0.000000
351 0.000000
352 0.000000
353 0.000000
354 0.000000
355 0.000000
356 0.000000
357 0.000000
358 0.000000
359 0.000000
360 0.000000
361 0.000000
362 0.000000
363 0.000000
364 0.000000
365 0.000000
366 0.000000
367 0.000000
368 0.000000
369 0.000000
370 0.000000
371 0.000000
372 0.000000
373 0.000000
374 0.000000
375 0.000000
376 0.000000
377 0.000000
378 0.000000
379 0.000000
380 0.000000
381 0.000000
382 0.000000
383 0.000000
384 0.000000
385 0.000000
386 0.000000
387 0.000000
388 0.000000
389 0.000000
390 0.000000
391 0.000000
392 0.000000
393 0.000000
394 0.000000
395 0.000000
396 0.000000
397 0.000000
398 0.000000
399 0.000000
400 0.000000
401 0.000000
402 0.000000
403 0.000000
404 0.000000
405 0.000000
406 0.000000
407 0.000000
408 0.000000
409 0.000000
410 0.000000
411 0.000000
412 0.000000
413 0.000000
414 0.000000
415 0.000000
416 0.000000
417 0.000000
418 0.000000
419 0.000000
420 0.000000
421 0.000000
422 0.000000
423 0.000000
424 0.000000
425 0.000000
426 0.000000
427 0.000000
428 0.000000
429 0.000000
430 0.000000
431 0.000000
432 0.000000
433 0.000000
434 0.000000
435 0.000000
436 0.000000
437 0.000000
438 0.000000
439 0.000000
440 0.000000
441 0.000000
442 0.000000
443 0.000000
444 0.000000
445 0.000000
446 0.000000
447 0.000000
448 0.000000
449 0.000000
450 0.000000
451 0.000000
452 0.000000
453 0.000000
454 0.000000
455 0.000000
456 0.000000
457 0.000000
458 0.000000
459 0.000000
460 0.000000
461 0.000000
462 0.000000
463 0.000000
464 0.000000
465 0.000000
466 0.000000
467 0.000000
468 0.000000
469 0.000000
470 0.000000
471 0.000000
472 0.000000
473 0.000000
474 0.000000
475 0.000000
476 0.000000
477 0.000000
478 0.000000
479 0.000000
480 0.000000
481 0.000000
482 0.000000
483 0.000000
484 0.000000
485 0.000000
486 0.000000
487 0.000000
488 0.000000
489 0.000000
490 0.000000
491 0.000000
492 0.000000
493 0.000000
494 0.000000
495 0.000000
496 0.000000
497 0.000000
498 0.000000
499 0.000000
500 0.000000
