1 4615474.109901
2 8145635.712479
3 8041024.770932
4 8816301.904876
5 11941146.464189
6 7055429.290878
7 12603411.419395
8 16665035.111023
9 10086498.196095
10 11618534.025694
11 15938133.545328
12 15354123.618059
13 18465634.992900
14 20093427.272309
15 20764264.245548
16 26818949.492176
17 18550076.323370
18 22900685.340789
19 21227253.277481
20 20867997.803363
21 25515210.328678
22 23430581.292379
23 32150832.924106
24 26920259.176293
25 20531004.106821
26 30676941.582644
27 39304232.004730
28 22386242.338044
29 30371823.916750
30 33596436.916097
31 26994015.116719
32 36557652.880183
33 45858313.602534
34 57856353.345239
35 55259542.119289
36 46184755.133100
37 49023143.538353
38 43296581.082341
39 50921629.971255
40 42678637.267876
41 55282241.624724
42 68513667.713854
43 40910520.162921
44 56028381.496991
45 60644728.101411
46 62705434.419693
47 71013623.049755
48 51131017.235926
49 56554593.738150
50 41273582.450749
51 64773711.826492
52 38130631.600276
53 38565266.118585
54 44312894.692969
55 38694001.244920
56 43459454.707458
57 51416190.906594
58 45890116.897895
59 58328136.525526
60 51215778.327087
61 64699424.823013
62 55767151.058311
63 57612388.047547
64 57173205.693796
65 46320640.010021
66 40620953.350024
67 39186288.066610
68 50209779.596917
69 33216875.718059
70 30797586.690069
71 27795101.983675
72 31447672.082579
73 24642901.482666
74 25341068.082655
75 25054471.371816
76 21921803.566754
77 23414935.336071
78 14642917.805644
79 18340945.671869
80 13939575.692806
81 11153212.312403
82 12910214.082508
83 13294118.099898
84 10872229.024925
85 10638965.780919
86 8191446.735951
87 10345199.769597
88 9093351.640275
89 10932851.866629
90 7454783.265407
91 9662043.439325
92 6842800.638178
93 6997472.864624
94 7818628.990433
95 8115950.947018
96 5710345.287301
97 6069692.721889
98 6050331.027192
99 5421269.357583
100 4516863.354856
101 4821736.133581
102 4315458.644882
103 4717853.860632
104 4241016.002449
105 3985611.334744
106 4402566.408764
107 3669862.804167
108 3718846.086471
109 4338583.840852
110 4108248.632253
111 3563279.163072
112 3877360.148553
113 3850693.708756
114 3727727.304865
115 2926022.088790
116 2603250.879288
117 2452957.862174
118 2375962.330186
119 2433499.427032
120 2228105.274134
121 1887016.696921
122 1644021.924803
123 1299313.411786
124 1338889.175798
125 1053367.456163
126 1214916.947335
127 1064686.336118
128 1119835.386736
129 1010299.409185
130 871990.846353
131 1034800.616269
132 1114659.982227
133 765603.333058
134 773505.124427
135 787774.361523
136 473734.803604
137 559654.284553
138 422564.092975
139 538465.282658
140 448759.827764
141 368046.718295
142 385141.387764
143 415570.505095
144 429396.759045
145 394330.651876
146 354249.782136
147 501128.910414
148 481222.551878
149 366220.167864
150 354849.236990
151 380765.275775
152 299371.471284
153 340095.967170
154 375313.008381
155 330109.265084
156 306111.952671
157 276736.069980
158 280844.027252
159 250308.778737
160 297680.901634
161 311585.399718
162 263285.738648
163 223712.706972
164 254151.160681
165 224559.037717
166 203721.072584
167 154501.367422
168 178560.597151
169 158586.419540
170 174825.072796
171 149398.476786
172 105892.792274
173 98142.285822
174 105765.764408
175 102362.133557
176 92716.709792
177 78663.008793
178 78845.698885
179 77552.523189
180 86133.484909
181 86131.164931
182 88130.568592
183 75153.496964
184 66912.374486
185 53328.702928
186 46830.494722
187 49090.527819
188 39856.517471
189 36482.949252
190 41859.959051
191 36400.640091
192 40361.705924
193 33321.157093
194 29857.780748
195 30845.674084
196 26254.725125
197 23015.550669
198 23694.613946
199 19350.138774
200 20692.207982
201 18943.958417
202 19313.655971
203 19615.584835
204 18003.367520
205 17979.362813
206 18738.265994
207 17676.852595
208 16408.449587
209 13557.107257
210 13244.982167
211 13573.938945
212 12549.198775
213 13530.341084
214 11030.790837
215 10679.766989
216 8223.307535
217 7642.370757
218 8462.304170
219 8518.171861
220 8425.130859
221 6638.628868
222 7325.036114
223 6327.867606
224 5882.805957
225 4702.227708
226 4716.084915
227 4389.027609
228 3711.260240
229 3757.098845
230 3994.828441
231 3573.110348
232 3150.908623
233 3768.253265
234 3248.437720
235 3317.102744
236 3216.414352
237 2856.632116
238 2778.310349
239 2169.620511
240 2081.402404
241 1675.719124
242 2010.684688
243 1865.565529
244 1861.464630
245 1497.931048
246 1281.954757
247 1387.944768
248 1387.782039
249 1452.824354
250 1359.214452
251 1377.198280
252 1253.133073
253 1162.094156
254 1201.738516
255 1071.408076
256 997.058606
257 1100.524780
258 1047.309725
259 1073.045070
260 1055.667193
261 905.475163
262 857.103482
263 824.772008
264 779.488880
265 637.694568
266 741.770438
267 678.922318
268 607.790451
269 609.938412
270 649.264759
271 578.353028
272 556.841630
273 489.539260
274 438.982857
275 439.433083
276 390.659590
277 358.866328
278 403.501607
279 380.432556
280 352.549664
281 389.447619
282 336.310998
283 337.917789
284 363.562575
285 368.116115
286 374.738886
287 343.615063
288 356.535067
289 320.746716
290 345.456445
291 300.964135
292 299.789380
293 304.297576
294 284.683970
295 239.308116
296 233.511232
297 230.628799
298 213.892995
299 223.849288
300 228.885923
301 219.883782
302 219.533322
303 216.377512
304 188.251867
305 191.763005
306 195.155571
307 178.401603
308 177.956823
309 190.478392
310 150.708654
311 151.744972
312 132.871593
313 111.499475
314 113.629430
315 116.942901
316 107.412153
317 99.173826
318 116.661759
319 109.486899
320 101.504857
321 90.010884
322 98.174782
323 92.564700
324 91.782651
325 89.349244
326 84.733450
327 87.510428
328 87.532063
329 81.971156
330 75.217195
331 68.492093
332 68.547691
333 70.297884
334 66.949817
335 68.502862
336 66.900316
337 62.096665
338 59.720436
339 54.802986
340 55.708400
341 55.141356
342 54.589571
343 53.998013
344 53.694270
345 56.075808
346 48.994822
347 48.814508
348 45.730319
349 42.439882
350 42.181994
351 42.400487
352 44.843297
353 41.545262
354 37.737823
355 34.421137
356 34.043840
357 31.808176
358 30.333767
359 30.100513
360 29.751024
361 29.803066
362 27.007555
363 27.676249
364 25.694592
365 24.982491
366 26.402794
367 24.726727
368 22.802601
369 23.086853
370 22.562908
371 23.219435
372 22.630453
373 23.003980
374 22.520991
375 23.320890
376 21.500783
377 21.226423
378 21.123994
379 20.208997
380 20.315176
381 20.236877
382 20.819284
383 19.770998
384 20.103286
385 19.181100
386 19.609943
387 17.914513
388 17.644842
389 17.804699
390 17.027248
391 16.687715
392 16.251168
393 16.222516
394 16.466845
395 15.551849
396 14.515562
397 14.070676
398 12.977005
399 12.400826
400 11.929083
401 12.146819
402 11.659487
403 11.454697
404 11.283324
405 10.692832
406 10.357829
407 10.327609
408 9.922882
409 9.634340
410 9.831199
411 9.246643
412 8.848125
413 8.550697
414 8.508775
415 8.584344
416 8.150968
417 8.219917
418 7.985281
419 7.752326
420 7.475601
421 7.405275
422 7.448248
423 7.508977
424 7.419035
425 6.806223
426 7.016851
427 6.771010
428 6.610226
429 6.298493
430 6.267930
431 6.063510
432 5.892496
433 5.897468
434 5.734914
435 5.660554
436 5.692407
437 5.613293
438 5.610918
439 5.629426
440 5.500633
441 5.456171
442 5.222027
443 5.182156
444 5.166698
445 5.123771
446 5.026967
447 4.996996
448 4.965180
449 4.860273
450 4.800198
451 4.734805
452 4.672106
453 4.533423
454 4.488451
455 4.408407
456 4.396907
457 4.254765
458 4.278751
459 4.255704
460 4.147975
461 4.089676
462 4.028966
463 3.992001
464 3.957741
465 3.915724
466 3.869411
467 3.838962
468 3.812632
469 3.766496
470 3.755879
471 3.685553
472 3.657575
473 3.647178
474 3.615161
475 3.592693
476 3.558957
477 3.532786
478 3.524368
479 3.471340
480 3.447902
481 3.429651
482 3.406647
483 3.400215
484 3.381040
485 3.348255
486 3.330515
487 3.315770
488 3.297206
489 3.278183
490 3.266921
491 3.251947
492 3.235837
493 3.231610
494 3.223379
495 3.216284
496 3.210040
497 3.205734
498 3.201689
499 3.196986
500 3.194777
