1 19854862.808930
2 44207541.795364
3 90803063.719166
4 157386383.491273
5 293464763.859895
6 325434776.334138
7 489473851.048580
8 1177004252.170402
9 1398368694.452611
10 1729782176.214860
11 1875652542.361150
12 1769107764.364008
13 4098959079.624675
14 3774204322.753310
15 5976782288.839485
16 7274362788.894583
17 14159634945.511274
18 14411140868.228298
19 25177797644.769169
20 42809070710.393173
21 49764364523.892189
22 121909431606.042068
23 150190323825.200958
24 124022246169.916763
25 128299546075.688187
26 207474884910.015076
27 361854368159.702026
28 247354344227.678497
29 350250008275.481812
30 315838176170.750305
31 360707246034.199890
32 405126552712.670959
33 487488425202.085571
34 489523886264.860962
35 660900302629.077637
36 703702986374.028076
37 896952416458.294556
38 873485651954.134766
39 1039315971648.334961
40 1619704910009.835205
41 1869507677690.659180
42 2316745260061.498535
43 2468257977263.467285
44 3286583583865.610352
45 3031582245107.422363
46 3117327346666.420898
47 4287206235868.310059
48 5205874870412.951172
49 5966244573722.921875
50 12520681509023.824219
51 8461377364112.654297
52 11305821093797.740234
53 14680273765572.925781
54 6464613696255.285156
55 8315527569061.439453
56 6962284992469.276367
57 3831958604960.823730
58 2446717702622.913086
59 4208643361672.576172
60 4236347564697.271973
61 7177304687807.653320
62 7985611262400.919922
63 12719025845401.662109
64 15496553670249.695312
65 17882616170610.500000
66 26109056905080.253906
67 27734682702942.726562
68 22776972894205.265625
69 24236629621449.234375
70 28198482465997.687500
71 34276792915677.277344
72 52425378377981.406250
73 29153663891147.515625
74 24731530166356.781250
75 40965969616979.617188
76 33830898983176.253906
77 31068960714955.945312
78 34914971135853.210938
79 43748751629062.718750
80 47459708666423.812500
81 28181611797415.394531
82 24821119236280.507812
83 32189850731662.539062
84 60515219140696.664062
85 68878904872873.726562
86 56755688727933.664062
87 34068762536842.882812
88 64763240890326.265625
89 51509576448989.710938
90 68303296124085.664062
91 83803984380449.609375
92 66965841361438.085938
93 87168200871943.921875
94 69816208677059.664062
95 102884720230280.781250
96 126694201287155.968750
97 109459184273221.343750
98 101233303833846.046875
99 139736355833132.156250
100 140659379202074.296875
101 122255827548326.609375
102 98232954058312.562500
103 81591674123266.265625
104 73021819613400.453125
105 53984860629866.382812
106 59569572237251.437500
107 42124650333373.007812
108 49976546498334.781250
109 31707094435468.019531
110 40067790808015.226562
111 37835850133577.054688
112 31955822792537.492188
113 32409119293280.832031
114 23888883009410.972656
115 19701958124077.863281
116 31627267191845.519531
117 22823119852346.703125
118 25426844639856.253906
119 19110487254051.492188
120 13720462390721.189453
121 11546888481438.339844
122 13943625811868.052734
123 15748613262039.378906
124 11835615225870.248047
125 9219856782105.167969
126 10738984784935.960938
127 10932975463128.462891
128 7068105176915.692383
129 5819469877681.452148
130 6197617115773.411133
131 6774959879622.339844
132 5400182194405.476562
133 3738689002267.350586
134 3250465468318.844727
135 3329862468582.976074
136 3245567583487.946777
137 2724478764704.592773
138 2799607039983.199707
139 2354240857047.208008
140 1522238530555.715576
141 1401383735971.779785
142 975625738697.440063
143 853476263167.267090
144 1140881702722.218506
145 851037569984.217529
146 437972924644.386292
147 318190874947.557373
148 319487948658.730347
149 334416397458.798706
150 262878383008.173279
151 122593007824.094849
152 147111811447.692596
153 116195078315.226151
154 148482497072.011444
155 134256188707.461395
156 95124951167.867111
157 55760247967.130692
158 62991999780.329124
159 43379978905.161667
160 26216232021.311325
161 18372441818.812328
162 16518852778.079550
163 13632333525.504196
164 11482491644.139820
165 9621653454.795654
166 9044330765.059607
167 7842946952.861920
168 6492393774.733955
169 4222111079.611216
170 4328477296.392326
171 2234709346.006570
172 1571563976.350651
173 1532531095.948340
174 993297786.247104
175 852740504.110327
176 710427199.057533
177 650805216.462970
178 427855624.086405
179 343788450.571849
180 205271385.502857
181 117020551.209334
182 98486131.845854
183 95305680.815786
184 73405708.396702
185 48014874.604062
186 46582274.242924
187 28700556.132715
188 19583466.761917
189 18276725.155879
190 14864577.261485
191 7273583.976722
192 5173881.031264
193 5018299.889813
194 3893269.408793
195 2550809.750367
196 1872024.347501
197 1354992.868312
198 1112427.499172
199 749457.310751
200 491929.150526
201 232997.390708
202 159888.515959
203 118524.017033
204 97765.847612
205 54013.016333
206 23059.878538
207 28771.792060
208 14188.767684
209 12166.496245
210 9721.588996
211 7138.447875
212 4797.691626
213 3157.395397
214 2819.923598
215 2357.777968
216 1691.602664
217 1131.643427
218 939.086323
219 526.305737
220 312.965656
221 151.755614
222 114.078452
223 94.087149
224 50.631540
225 36.404077
226 18.240830
227 14.476547
228 9.324961
229 7.716152
230 3.781185
231 2.438281
232 1.324310
233 0.825402
234 0.637795
235 0.371610
236 0.186544
237 0.098458
238 0.106188
239 0.069539
240 0.042461
241 0.029020
242 0.018898
243 0.011045
244 0.007257
245 0.004776
246 0.003470
247 0.002107
248 0.001575
249 0.000948
250 0.000673
251 0.000543
252 0.000343
253 0.000195
254 0.000115
255 0.000069
256 0.000034
257 0.000022
258 0.000012
259 0.000007
260 0.000006
261 0.000003
262 0.000001
263 0.000001
264 0.000000
265 0.000000
266 0.000000
267 0.000000
268 0.000000
269 0.000000
270 0.000000
271 0.000000
272 0.000000
273 0.000000
274 0.000000
275 0.000000
276 0.000000
277 0.000000
278 0.000000
279 0.000000
280 0.000000
281 0.000000
282 0.000000
283 0.000000
284 0.000000
285 0.000000
286 0.000000
287 0.000000
288 0.000000
289 0.000000
290 0.000000
291 0.000000
292 0.000000
293 0.000000
294 0.000000
295 0.000000
296 0.000000
297 0.000000
298 0.000000
299 0.000000
300 0.000000
301 0.000000
302 0.000000
303 0.000000
304 0.000000
305 0.000000
306 0.000000
307 0.000000
308 0.000000
309 0.000000
310 0.000000
311 0.000000
312 0.000000
313 0.000000
314 0.000000
315 0.000000
316 0.000000
317 0.000000
318 0.000000
319 0.000000
320 0.000000
321 0.000000
322 0.000000
323 0.000000
324 0.000000
325 0.000000
326 0.000000
327 0.000000
328 0.000000
329 0.000000
330 0.000000
331 0.000000
332 0.000000
333 0.000000
334 0.000000
335 0.000000
336 0.000000
337 0.000000
338 0.000000
339 0.000000
340 0.000000
341 0.000000
342 0.000000
343 0.000000
344 0.000000
345 0.000000
346 0.000000
347 0.000000
348 0.000000
349 0.000000
350 0.000000
351 0.000000
352 0.000000
353 0.000000
354 0.000000
355 0.000000
356 0.000000
357 0.000000
358 0.000000
359 0.000000
360 0.000000
361 0.000000
362 0.000000
363 0.000000
364 0.000000
365 0.000000
366 0.000000
367 0.000000
368 0.000000
369 0.000000
370 0.000000
371 0.000000
372 0.000000
373 0.000000
374 0.000000
375 0.000000
376 0.000000
377 0.000000
378 0.000000
379 0.000000
380 0.000000
381 0.000000
382 0.000000
383 0.000000
384 0.000000
385 0.000000
386 0.000000
387 0.000000
388 0.000000
389 0.000000
390 0.000000
391 0.000000
392 0.000000
393 0.000000
394 0.000000
395 0.000000
396 0.000000
397 0.000000
398 0.000000
399 0.000000
400 0.000000
401 0.000000
402 0.000000
403 0.000000
404 0.000000
405 0.000000
406 0.000000
407 0.000000
408 0.000000
409 0.000000
410 0.000000
411 0.000000
412 0.000000
413 0.000000
414 0.000000
415 0.000000
416 0.000000
417 0.000000
418 0.000000
419 0.000000
420 0.000000
421 0.000000
422 0.000000
423 0.000000
424 0.000000
425 0.000000
426 0.000000
427 0.000000
428 0.000000
429 0.000000
430 0.000000
431 0.000000
432 0.000000
433 0.000000
434 0.000000
435 0.000000
436 0.000000
437 0.000000
438 0.000000
439 0.000000
440 0.000000
441 0.000000
442 0.000000
443 0.000000
444 0.000000
445 0.000000
446 0.000000
447 0.000000
448 0.000000
449 0.000000
450 0.000000
451 0.000000
452 0.000000
453 0.000000
454 0.000000
455 0.000000
456 0.000000
457 0.000000
458 0.000000
459 0.000000
460 0.000000
461 0.000000
462 0.000000
463 0.000000
464 0.000000
465 0.000000
466 0.000000
467 0.000000
468 0.000000
469 0.000000
470 0.000000
471 0.000000
472 0.000000
473 0.000000
474 0.000000
475 0.000000
476 0.000000
477 0.000000
478 0.000000
479 0.000000
480 0.000000
481 0.000000
482 0.000000
483 0.000000
484 0.000000
485 0.000000
486 0.000000
487 0.000000
488 0.000000
489 0.000000
490 0.000000
491 0.000000
492 0.000000
493 0.000000
494 0.000000
495 0.000000
496 0.000000
497 0.000000
498 0.000000
499 0.000000
500 0.000000
