1 18853921.109419
2 38402534.753466
3 105814676.673302
4 250951881.908826
5 467860069.609144
6 312032628.803387
7 706212846.095226
8 1429960265.990706
9 1839935549.170855
10 3135279074.265337
11 6427940953.216506
12 10241921172.175819
13 21953342035.581409
14 33596523621.110107
15 45213768517.019279
16 63528874844.645210
17 79434534777.600311
18 133666260576.959839
19 187778545145.319916
20 202517184406.246765
21 382876699944.901917
22 483702444431.104492
23 527403272080.754150
24 1019535857899.214722
25 1281847698906.983398
26 2416897672769.370117
27 3132594026338.241699
28 4840043314459.679688
29 6963876907739.370117
30 7143946961270.490234
31 11569454099833.244141
32 21457204730528.539062
33 17111135838129.707031
34 19822371463618.980469
35 16971801960542.292969
36 30347657624419.386719
37 48652425835215.335938
38 61516421727766.046875
39 107794660119520.593750
40 141828434536317.187500
41 192901149076810.343750
42 229545797200152.750000
43 383757530537812.375000
44 599493614753110.375000
45 659776020081067.750000
46 1202283366728804.000000
47 1254335836835058.500000
48 2411005951839101.500000
49 2064563984753958.500000
50 3781802477024504.500000
51 4784886968576290.000000
52 6519893248917698.000000
53 5910667418012090.000000
54 9524003647590158.000000
55 15063964195941794.000000
56 21064747554111988.000000
57 20608147406984808.000000
58 13738151620898758.000000
59 22535048907370484.000000
60 34593691646551972.000000
61 33521737561298564.000000
62 40876908463891096.000000
63 43271511174250928.000000
64 37403773935567608.000000
65 42843444003169360.000000
66 63090462391059792.000000
67 107412781544878704.000000
68 113128492761009040.000000
69 168460843873793696.000000
70 149848967027486080.000000
71 200309420490217728.000000
72 234510426876746336.000000
73 465870651829718336.000000
74 486493902005353728.000000
75 487557587151147776.000000
76 201214981568379520.000000
77 274529911470993888.000000
78 308810442176046464.000000
79 533571640865157120.000000
80 789453428361492992.000000
81 663581438546349568.000000
82 1113348038248207488.000000
83 910798018734470144.000000
84 1280894552090922752.000000
85 1817702990232011776.000000
86 1501347217762880768.000000
87 1534298235306376960.000000
88 2369737967021435392.000000
89 4013103148704360448.000000
90 4364738778244659200.000000
91 4568640699667519488.000000
92 6464750344353564672.000000
93 6214374573293329408.000000
94 7231873721109288960.000000
95 8806635320745146368.000000
96 6244079137004454912.000000
97 10276239682410954752.000000
98 9553414473187088384.000000
99 13097686519300931584.000000
100 16625192280814151680.000000
101 21032212574794399744.000000
102 24330709607787163648.000000
103 29897278773752635392.000000
104 26731088268005842944.000000
105 16134969819207090176.000000
106 23225104240330035200.000000
107 23208415435929427968.000000
108 22968326599426867200.000000
109 29979598865867005952.000000
110 21315208556301574144.000000
111 25557556711225929728.000000
112 39382969205030117376.000000
113 41725385222941687808.000000
114 45023021417674866688.000000
115 40728642613773049856.000000
116 44895833362917597184.000000
117 49830312936144683008.000000
118 54221742102313172992.000000
119 42631026153154707456.000000
120 47032693835448795136.000000
121 14987730757022552064.000000
122 26989605488086540288.000000
123 35826470012661817344.000000
124 31415896655618519040.000000
125 32640204835114598400.000000
126 36002046075092602880.000000
127 55905429503742402560.000000
128 70492219694150115328.000000
129 51980303369377923072.000000
130 39618651726344699904.000000
131 28700303761190690816.000000
132 33670033796453130240.000000
133 32482927258942410752.000000
134 36340886895187886080.000000
135 24366802377480613888.000000
136 26849581460685549568.000000
137 29599001281986363392.000000
138 33334142339621965824.000000
139 33165876309323018240.000000
140 24852525898535952384.000000
141 26546739927566786560.000000
142 23027292258087395328.000000
143 32228803136413601792.000000
144 27495798204167704576.000000
145 32919940619790839808.000000
146 24538590963102257152.000000
147 24478788756334440448.000000
148 25995185722198982656.000000
149 21912181489037791232.000000
150 14415459902767206400.000000
151 18076631478478405632.000000
152 11908594274562396160.000000
153 11889841623268950016.000000
154 12294178134113402880.000000
155 9412632865204897792.000000
156 10448684537487892480.000000
157 9885266436830732288.000000
158 7935910904569690112.000000
159 8467992760721601536.000000
160 5154047104410948608.000000
161 6639966565505707008.000000
162 6204591992373700608.000000
163 7549515921141947392.000000
164 6166844747722853376.000000
165 3724165938478942720.000000
166 4459246278231158272.000000
167 2796639503625830912.000000
168 2783027431177280000.000000
169 2858052109396624896.000000
170 3802677330890840064.000000
171 3066859085065178624.000000
172 2323810624564226560.000000
173 1578261946110430208.000000
174 1833462634317696000.000000
175 1537662969932877056.000000
176 1151352657384687232.000000
177 1245624593435406848.000000
178 1074774231838777856.000000
179 873923595430622464.000000
180 559014026360685312.000000
181 632509553535711616.000000
182 644691403060941824.000000
183 511628494097473984.000000
184 451307909913295040.000000
185 368934002894001152.000000
186 367135787297968512.000000
187 270341303530113888.000000
188 223984161339868192.000000
189 199505293814071744.000000
190 170099529481817536.000000
191 164753581913153088.000000
192 186715380577517664.000000
193 125008772308968960.000000
194 102685584487399792.000000
195 62284324433261928.000000
196 52911482019634400.000000
197 29384369968939012.000000
198 27250026800980108.000000
199 27822160062160576.000000
200 24997365966069676.000000
201 17916796029649446.000000
202 16525056023357690.000000
203 13016016066938884.000000
204 14012354735835834.000000
205 13338015651889232.000000
206 10683219855079838.000000
207 9610347578536460.000000
208 6387588307349569.000000
209 5903064828189740.000000
210 5076467176545830.000000
211 5023654014602119.000000
212 4769226968856674.000000
213 3595157745972328.000000
214 2891136151080630.000000
215 1721949589740972.500000
216 1917809274020859.000000
217 1616656636604083.250000
218 1413796833574199.250000
219 1146980156993606.250000
220 867930306126743.375000
221 752111520069247.250000
222 656901019561344.375000
223 466382622408928.312500
224 337226656476765.687500
225 287561060204688.562500
226 189936063081958.718750
227 143915085165319.843750
228 112918921057738.515625
229 96882470365511.484375
230 78923700739874.625000
231 56826370006437.898438
232 37414657399288.460938
233 36050127879437.742188
234 32663808479011.703125
235 25390625234143.835938
236 22300153825855.578125
237 21722881760689.261719
238 15812553424937.349609
239 11649199170256.693359
240 10656238560059.658203
241 7881102198187.074219
242 5473714926812.406250
243 4695523794239.114258
244 4489798913341.186523
245 3426974098340.250000
246 2823477315129.916992
247 2090556813623.034912
248 1412380033491.430908
249 1190719548861.336914
250 944963821043.265991
251 682278416188.215454
252 578774107057.392700
253 529274167468.986450
254 362161037416.999573
255 301390295722.773926
256 262572608837.512543
257 192108620112.330261
258 157879808089.816040
259 110950023934.634430
260 106874929820.567841
261 71275523023.372025
262 53439103682.917747
263 35935912250.532440
264 25514730676.649624
265 18965070414.519386
266 17387423545.483852
267 14370771891.758240
268 10032049743.474913
269 8024497301.435573
270 6156517968.752968
271 3597030842.579843
272 3138700346.466230
273 2438650391.366494
274 1933880150.900628
275 1418003930.989341
276 1280496437.462132
277 938155034.609122
278 671071897.968497
279 556289757.656625
280 402797616.101812
281 312882207.892530
282 288003711.034519
283 185437977.210929
284 153464593.241402
285 94736345.419931
286 84902412.545618
287 69533188.252949
288 51395671.685331
289 46799514.044697
290 29592928.930752
291 23631819.116336
292 16522205.050683
293 11626521.823138
294 9995173.427518
295 6611230.723776
296 5228308.382255
297 3236651.596670
298 3043833.751570
299 2331863.453831
300 1843306.276791
301 1552178.499286
302 1052856.256061
303 881816.109239
304 591767.378728
305 464294.930786
306 367595.628659
307 277731.766133
308 223418.633644
309 160161.164669
310 127582.076025
311 102387.575881
312 93636.834810
313 59682.053711
314 43267.588623
315 34746.451925
316 27203.668375
317 21087.819690
318 16448.931224
319 13946.374065
320 9840.159019
321 7549.639468
322 6356.922810
323 4747.375175
324 3626.391670
325 3091.317815
326 2401.593102
327 1755.262643
328 1463.646092
329 1042.190410
330 876.014320
331 773.795094
332 631.337997
333 499.973003
334 363.152682
335 278.485156
336 219.042387
337 168.789919
338 140.600736
339 111.503270
340 85.119239
341 66.753366
342 51.859702
343 40.405878
344 30.533321
345 23.643034
346 17.164640
347 14.197956
348 10.275627
349 8.629782
350 6.174665
351 4.684191
352 3.788487
353 2.886043
354 2.143520
355 1.648315
356 1.331288
357 1.083496
358 0.784967
359 0.665464
360 0.484172
361 0.357873
362 0.305704
363 0.245341
364 0.202526
365 0.163475
366 0.128504
367 0.102487
368 0.076989
369 0.066268
370 0.054809
371 0.040786
372 0.033961
373 0.027437
374 0.020968
375 0.015511
376 0.013167
377 0.010131
378 0.007413
379 0.006099
380 0.004698
381 0.003876
382 0.002814
383 0.002310
384 0.001783
385 0.001389
386 0.001103
387 0.000872
388 0.000716
389 0.000610
390 0.000497
391 0.000370
392 0.000292
393 0.000232
394 0.000192
395 0.000150
396 0.000121
397 0.000096
398 0.000077
399 0.000061
400 0.000045
401 0.000037
402 0.000028
403 0.000022
404 0.000017
405 0.000013
406 0.000011
407 0.000009
408 0.000007
409 0.000006
410 0.000004
411 0.000003
412 0.000003
413 0.000002
414 0.000002
415 0.000001
416 0.000001
417 0.000001
418 0.000001
419 0.000001
420 0.000000
421 0.000000
422 0.000000
423 0.000000
424 0.000000
425 0.000000
426 0.000000
427 0.000000
428 0.000000
429 0.000000
430 0.000000
431 0.000000
432 0.000000
433 0.000000
434 0.000000
435 0.000000
436 0.000000
437 0.000000
438 0.000000
439 0.000000
440 0.000000
441 0.000000
442 0.000000
443 0.000000
444 0.000000
445 0.000000
446 0.000000
447 0.000000
448 0.000000
449 0.000000
450 0.000000
451 0.000000
452 0.000000
453 0.000000
454 0.000000
455 0.000000
456 0.000000
457 0.000000
458 0.000000
459 0.000000
460 0.000000
461 0.000000
462 0.000000
463 0.000000
464 0.000000
465 0.000000
466 0.000000
467 0.000000
468 0.000000
469 0.000000
470 0.000000
471 0.000000
472 0.000000
473 0.000000
474 0.000000
475 0.000000
476 0.000000
477 0.000000
478 0.000000
479 0.000000
480 0.000000
481 0.000000
482 0.000000
483 0.000000
484 0.000000
485 0.000000
486 0.000000
487 0.000000
488 0.000000
489 0.000000
490 0.000000
491 0.000000
492 0.000000
493 0.000000
494 0.000000
495 0.000000
496 0.000000
497 0.000000
498 0.000000
499 0.000000
500 0.000000
