1 inf
2 inf
3 inf
4 inf
5 inf
6 inf
7 inf
8 inf
9 inf
10 inf
11 inf
12 inf
13 inf
14 inf
15 inf
16 inf
17 inf
18 inf
19 inf
20 inf
21 inf
22 inf
23 inf
24 inf
25 inf
26 inf
27 inf
28 inf
29 inf
30 inf
31 inf
32 inf
33 inf
34 inf
35 inf
36 inf
37 inf
38 inf
39 inf
40 inf
41 inf
42 inf
43 inf
44 inf
45 inf
46 inf
47 inf
48 inf
49 inf
50 inf
51 inf
52 inf
53 inf
54 inf
55 inf
56 inf
57 inf
58 inf
59 inf
60 inf
61 inf
62 inf
63 inf
64 inf
65 inf
66 2959784723183979203760655133586304975413025570823995382505561153135245994117538177035889588116623138364123038970364500037589850142455952720526412581627553297569598340256611594919550452319239164488127070389563564917005709034755372069257001551850740630585986871131229272896251412874065650860647269298864128.000000
67 1408991488405919517047176853445743678764394959172156324130410947583692576626397255720971937473310597203121807621787505227034092811038695988170750543848120172182692392217262753515752842729451189012328237175404635782223767193304901036758462980083545152569522852065121986827780096.000000
68 270540387410183000276028996122406937347585982915489180417220342658799867208037863530176804076189355313420625667632043722308917599526631419340920476053492726544103975030467348483167733321102149831176931529648083547311046119686182848944486219776.000000
69 10636417799307271380493085946774827154924194261696974412126403060891549985535524537013709831172440817817673244752004770066651955366754681867015757102825480797312274577622166391131383559245384384512.000000
70 1143915155932316168284429940358654936151881922635202256851208831228617454727465529776189616369259312401120719136994635466193255443813815471306206404858924348692127641451112693760.000000
71 3461254163412674104918902661079521927877187582856602661574444956385391460912498167560861479838120910522970838315336772821998506050139526791168.000000
72 5101630634359948284697043570440221949979153896241200819933728831729891416924198621018575334037610287374278852608.000000
73 5229699221427945178847992829906522146140631496963329978514043069657427009033207808.000000
74 7761398473162243754646394951547486208.000000
75 24450086871.393471
76 32417.642948
77 27693.810094
78 24010.067376
79 21468.401679
80 19249.587652
81 17454.764198
82 15454.195816
83 13963.101761
84 12600.387803
85 11181.461904
86 10137.310736
87 9400.452111
88 8653.968893
89 7860.951184
90 6998.416099
91 6498.268683
92 5969.226383
93 5314.370655
94 5044.938139
95 4653.413712
96 4303.335460
97 3954.564303
98 3617.760362
99 3344.194733
100 3103.357524
101 2872.648394
102 2667.447196
103 2390.150373
104 2206.908303
105 2022.834893
106 1882.268582
107 1737.921288
108 1596.345016
109 1479.796845
110 1358.952698
111 1269.775922
112 1171.579710
113 1084.590622
114 1022.735552
115 944.295711
116 880.109030
117 810.795559
118 762.240234
119 707.475280
120 647.537824
121 603.338878
122 567.792478
123 526.198097
124 485.550392
125 451.556777
126 423.475404
127 393.571778
128 367.894578
129 345.294351
130 316.760102
131 300.981797
132 280.867794
133 263.836045
134 248.683274
135 232.589349
136 219.064821
137 203.392107
138 190.811296
139 179.852517
140 168.404487
141 158.301469
142 147.729627
143 138.750831
144 129.334910
145 122.111584
146 112.723556
147 105.703920
148 99.503467
149 94.804077
150 89.343285
151 82.016597
152 77.377728
153 71.387133
154 67.429312
155 62.935703
156 59.903548
157 56.321590
158 53.331064
159 50.394511
160 47.280215
161 45.288295
162 42.127546
163 40.224913
164 37.764566
165 35.883851
166 33.535192
167 32.009048
168 30.142328
169 28.798406
170 27.339358
171 25.899221
172 24.441215
173 23.257819
174 21.873057
175 20.791262
176 19.662766
177 18.843851
178 17.733505
179 16.999478
180 16.081334
181 15.251540
182 14.446242
183 13.599632
184 13.085404
185 12.439860
186 11.692129
187 11.208792
188 10.668203
189 10.142455
190 9.642037
191 9.195083
192 8.797686
193 8.239369
194 7.988874
195 7.491447
196 7.230849
197 6.844433
198 6.582093
199 6.249267
200 5.939034
201 5.708829
202 5.499236
203 5.232647
204 5.038744
205 4.828857
206 4.640021
207 4.468238
208 4.275372
209 4.103331
210 3.941597
211 3.802258
212 3.620087
213 3.455831
214 3.322005
215 3.187794
216 3.053751
217 2.917890
218 2.789922
219 2.707956
220 2.607522
221 2.464978
222 2.390067
223 2.286851
224 2.209747
225 2.146611
226 2.071973
227 2.004892
228 1.930985
229 1.872177
230 1.796554
231 1.731162
232 1.667312
233 1.618774
234 1.569507
235 1.512026
236 1.451699
237 1.415582
238 1.373977
239 1.329329
240 1.286348
241 1.239373
242 1.205999
243 1.171323
244 1.139001
245 1.092859
246 1.064260
247 1.035091
248 1.011323
249 0.975575
250 0.942714
251 0.919512
252 0.887280
253 0.863649
254 0.841022
255 0.817780
256 0.792489
257 0.771962
258 0.752394
259 0.730891
260 0.711694
261 0.686012
262 0.672090
263 0.652874
264 0.637637
265 0.620150
266 0.604034
267 0.589039
268 0.576415
269 0.560941
270 0.544166
271 0.526439
272 0.512990
273 0.500668
274 0.488286
275 0.475155
276 0.464333
277 0.450915
278 0.440168
279 0.429573
280 0.421287
281 0.409113
282 0.400758
283 0.391304
284 0.382789
285 0.370037
286 0.362616
287 0.355335
288 0.348035
289 0.339850
290 0.332744
291 0.324571
292 0.317714
293 0.309387
294 0.301931
295 0.295973
296 0.289130
297 0.283694
298 0.278385
299 0.272335
300 0.266062
301 0.260882
302 0.255328
303 0.249907
304 0.246308
305 0.241434
306 0.235778
307 0.231709
308 0.227125
309 0.222019
310 0.217222
311 0.213433
312 0.208623
313 0.205912
314 0.201860
315 0.197578
316 0.194652
317 0.190305
318 0.187003
319 0.183843
320 0.180931
321 0.177265
322 0.174443
323 0.171200
324 0.168939
325 0.165351
326 0.162176
327 0.159775
328 0.156796
329 0.154366
330 0.151812
331 0.149451
332 0.146596
333 0.144101
334 0.142121
335 0.139384
336 0.137307
337 0.134548
338 0.132761
339 0.130556
340 0.128698
341 0.126851
342 0.124825
343 0.122754
344 0.120521
345 0.118762
346 0.116960
347 0.115212
348 0.113713
349 0.112122
350 0.110818
351 0.109365
352 0.108029
353 0.106232
354 0.105069
355 0.103246
356 0.102003
357 0.100626
358 0.099233
359 0.098103
360 0.096754
361 0.095218
362 0.094136
363 0.092869
364 0.091853
365 0.090436
366 0.089544
367 0.088353
368 0.087352
369 0.086393
370 0.085454
371 0.084502
372 0.083505
373 0.082656
374 0.081577
375 0.080617
376 0.079654
377 0.078750
378 0.077946
379 0.077159
380 0.076368
381 0.075590
382 0.074585
383 0.073888
384 0.073025
385 0.072254
386 0.071520
387 0.070898
388 0.069951
389 0.069438
390 0.068621
391 0.067966
392 0.067319
393 0.066713
394 0.066087
395 0.065445
396 0.064887
397 0.064257
398 0.063664
399 0.063133
400 0.062583
401 0.062002
402 0.061499
403 0.060976
404 0.060466
405 0.059936
406 0.059447
407 0.058966
408 0.058540
409 0.058082
410 0.057489
411 0.057100
412 0.056718
413 0.056316
414 0.055960
415 0.055566
416 0.055207
417 0.054794
418 0.054383
419 0.054013
420 0.053659
421 0.053305
422 0.052968
423 0.052583
424 0.052254
425 0.051938
426 0.051641
427 0.051261
428 0.050906
429 0.050551
430 0.050267
431 0.049896
432 0.049622
433 0.049223
434 0.049019
435 0.048756
436 0.048481
437 0.048215
438 0.047934
439 0.047685
440 0.047444
441 0.047222
442 0.047022
443 0.046810
444 0.046573
445 0.046362
446 0.046127
447 0.045945
448 0.045736
449 0.045540
450 0.045346
451 0.045139
452 0.044971
453 0.044773
454 0.044611
455 0.044434
456 0.044235
457 0.044089
458 0.043940
459 0.043803
460 0.043655
461 0.043526
462 0.043342
463 0.043223
464 0.043082
465 0.042951
466 0.042797
467 0.042709
468 0.042588
469 0.042480
470 0.042372
471 0.042234
472 0.042157
473 0.042047
474 0.041915
475 0.041855
476 0.041752
477 0.041679
478 0.041597
479 0.041521
480 0.041453
481 0.041367
482 0.041294
483 0.041256
484 0.041184
485 0.041132
486 0.041075
487 0.041033
488 0.040992
489 0.040957
490 0.040916
491 0.040878
492 0.040854
493 0.040823
494 0.040799
495 0.040779
496 0.040766
497 0.040751
498 0.040742
499 0.040735
500 0.040732
