1 inf
2 inf
3 inf
4 inf
5 inf
6 inf
7 inf
8 inf
9 inf
10 inf
11 inf
12 inf
13 10267201824522446187015526099578801622571934735349677962832564502186579800847014231121027055493832731990793366046755685917756334164602267916487259635548345953206330168436080195144557091589100286397276536856598780208306192384.000000
14 19883713118911019326115359587084537510572594629530164978575078706846456970146748822911083110989824.000000
15 15487.997200
16 14463.788786
17 13673.918843
18 11426.739525
19 9892.316078
20 8108.183295
21 8478.415949
22 7588.465508
23 6339.812029
24 5311.686587
25 4878.389377
26 4377.655283
27 3960.158676
28 4099.685264
29 3389.591992
30 3308.256595
31 2956.771213
32 3068.261405
33 2717.270753
34 2641.975833
35 2424.754533
36 2111.065225
37 2062.661575
38 1988.497234
39 1611.672936
40 1439.645373
41 1325.960279
42 1167.935002
43 975.744687
44 809.610500
45 608.541958
46 619.614292
47 541.164635
48 503.063100
49 437.474924
50 341.860986
51 336.269695
52 316.169681
53 318.390825
54 295.970291
55 261.943505
56 283.957661
57 258.500449
58 246.459754
59 217.911074
60 220.248712
61 211.202469
62 169.090942
63 125.452546
64 119.148350
65 100.743327
66 80.984867
67 77.943540
68 68.210675
69 57.905860
70 45.132895
71 36.745691
72 34.640134
73 35.540040
74 33.839947
75 30.337762
76 29.551482
77 24.686460
78 25.198072
79 22.360988
80 19.223732
81 18.125084
82 17.556584
83 15.125357
84 13.531829
85 13.363766
86 12.951541
87 11.629365
88 11.503429
89 10.651063
90 9.638329
91 8.691813
92 8.349646
93 7.710116
94 6.730891
95 6.080981
96 5.143390
97 4.619132
98 3.937742
99 3.598461
100 3.409175
101 3.168251
102 2.946631
103 2.564842
104 2.395355
105 2.347589
106 2.327342
107 2.143322
108 1.895237
109 1.739418
110 1.518491
111 1.404260
112 1.317160
113 1.209214
114 1.052410
115 0.954041
116 0.855558
117 0.773245
118 0.643145
119 0.613193
120 0.562778
121 0.513026
122 0.463221
123 0.412293
124 0.380877
125 0.339044
126 0.307763
127 0.281819
128 0.257162
129 0.245450
130 0.205823
131 0.181897
132 0.165275
133 0.146885
134 0.131673
135 0.121192
136 0.107500
137 0.098440
138 0.084928
139 0.078829
140 0.070315
141 0.060811
142 0.054818
143 0.047312
144 0.042146
145 0.038433
146 0.034361
147 0.030514
148 0.027247
149 0.024468
150 0.021264
151 0.019682
152 0.017524
153 0.015956
154 0.014496
155 0.012739
156 0.010968
157 0.010079
158 0.009255
159 0.008100
160 0.006909
161 0.006100
162 0.005402
163 0.004991
164 0.004592
165 0.004114
166 0.003557
167 0.003179
168 0.002734
169 0.002539
170 0.002314
171 0.002094
172 0.001830
173 0.001591
174 0.001354
175 0.001144
176 0.000999
177 0.000882
178 0.000797
179 0.000728
180 0.000645
181 0.000582
182 0.000523
183 0.000469
184 0.000403
185 0.000341
186 0.000304
187 0.000264
188 0.000236
189 0.000215
190 0.000190
191 0.000169
192 0.000152
193 0.000134
194 0.000114
195 0.000098
196 0.000087
197 0.000075
198 0.000064
199 0.000057
200 0.000049
201 0.000043
202 0.000036
203 0.000030
204 0.000026
205 0.000023
206 0.000021
207 0.000018
208 0.000016
209 0.000013
210 0.000011
211 0.000010
212 0.000008
213 0.000007
214 0.000006
215 0.000006
216 0.000005
217 0.000004
218 0.000004
219 0.000003
220 0.000003
221 0.000003
222 0.000002
223 0.000002
224 0.000002
225 0.000002
226 0.000001
227 0.000001
228 0.000001
229 0.000001
230 0.000001
231 0.000001
232 0.000001
233 0.000000
234 0.000000
235 0.000000
236 0.000000
237 0.000000
238 0.000000
239 0.000000
240 0.000000
241 0.000000
242 0.000000
243 0.000000
244 0.000000
245 0.000000
246 0.000000
247 0.000000
248 0.000000
249 0.000000
250 0.000000
251 0.000000
252 0.000000
253 0.000000
254 0.000000
255 0.000000
256 0.000000
257 0.000000
258 0.000000
259 0.000000
260 0.000000
261 0.000000
262 0.000000
263 0.000000
264 0.000000
265 0.000000
266 0.000000
267 0.000000
268 0.000000
269 0.000000
270 0.000000
271 0.000000
272 0.000000
273 0.000000
274 0.000000
275 0.000000
276 0.000000
277 0.000000
278 0.000000
279 0.000000
280 0.000000
281 0.000000
282 0.000000
283 0.000000
284 0.000000
285 0.000000
286 0.000000
287 0.000000
288 0.000000
289 0.000000
290 0.000000
291 0.000000
292 0.000000
293 0.000000
294 0.000000
295 0.000000
296 0.000000
297 0.000000
298 0.000000
299 0.000000
300 0.000000
301 0.000000
302 0.000000
303 0.000000
304 0.000000
305 0.000000
306 0.000000
307 0.000000
308 0.000000
309 0.000000
310 0.000000
311 0.000000
312 0.000000
313 0.000000
314 0.000000
315 0.000000
316 0.000000
317 0.000000
318 0.000000
319 0.000000
320 0.000000
321 0.000000
322 0.000000
323 0.000000
324 0.000000
325 0.000000
326 0.000000
327 0.000000
328 0.000000
329 0.000000
330 0.000000
331 0.000000
332 0.000000
333 0.000000
334 0.000000
335 0.000000
336 0.000000
337 0.000000
338 0.000000
339 0.000000
340 0.000000
341 0.000000
342 0.000000
343 0.000000
344 0.000000
345 0.000000
346 0.000000
347 0.000000
348 0.000000
349 0.000000
350 0.000000
351 0.000000
352 0.000000
353 0.000000
354 0.000000
355 0.000000
356 0.000000
357 0.000000
358 0.000000
359 0.000000
360 0.000000
361 0.000000
362 0.000000
363 0.000000
364 0.000000
365 0.000000
366 0.000000
367 0.000000
368 0.000000
369 0.000000
370 0.000000
371 0.000000
372 0.000000
373 0.000000
374 0.000000
375 0.000000
376 0.000000
377 0.000000
378 0.000000
379 0.000000
380 0.000000
381 0.000000
382 0.000000
383 0.000000
384 0.000000
385 0.000000
386 0.000000
387 0.000000
388 0.000000
389 0.000000
390 0.000000
391 0.000000
392 0.000000
393 0.000000
394 0.000000
395 0.000000
396 0.000000
397 0.000000
398 0.000000
399 0.000000
400 0.000000
401 0.000000
402 0.000000
403 0.000000
404 0.000000
405 0.000000
406 0.000000
407 0.000000
408 0.000000
409 0.000000
410 0.000000
411 0.000000
412 0.000000
413 0.000000
414 0.000000
415 0.000000
416 0.000000
417 0.000000
418 0.000000
419 0.000000
420 0.000000
421 0.000000
422 0.000000
423 0.000000
424 0.000000
425 0.000000
426 0.000000
427 0.000000
428 0.000000
429 0.000000
430 0.000000
431 0.000000
432 0.000000
433 0.000000
434 0.000000
435 0.000000
436 0.000000
437 0.000000
438 0.000000
439 0.000000
440 0.000000
441 0.000000
442 0.000000
443 0.000000
444 0.000000
445 0.000000
446 0.000000
447 0.000000
448 0.000000
449 0.000000
450 0.000000
451 0.000000
452 0.000000
453 0.000000
454 0.000000
455 0.000000
456 0.000000
457 0.000000
458 0.000000
459 0.000000
460 0.000000
461 0.000000
462 0.000000
463 0.000000
464 0.000000
465 0.000000
466 0.000000
467 0.000000
468 0.000000
469 0.000000
470 0.000000
471 0.000000
472 0.000000
473 0.000000
474 0.000000
475 0.000000
476 0.000000
477 0.000000
478 0.000000
479 0.000000
480 0.000000
481 0.000000
482 0.000000
483 0.000000
484 0.000000
485 0.000000
486 0.000000
487 0.000000
488 0.000000
489 0.000000
490 0.000000
491 0.000000
492 0.000000
493 0.000000
494 0.000000
495 0.000000
496 0.000000
497 0.000000
498 0.000000
499 0.000000
500 0.000000
