1 inf
2 inf
3 inf
4 inf
5 inf
6 inf
7 inf
8 inf
9 inf
10 772985958932633003828710151005130622988258484123503498258546451881741034082577887531034586872248252177859667462758903393637401996751406785021004556423111927251600684931787720535233690997705061108143392580578883581536195141670848361117112548445582509735936.000000
11 135584776871550191505016747912377936129337806540216397659068815646524211133125475822516343774318882191992937675678837919940405889406884097108721273881441085872680739117089708992236354615417229017088.000000
12 229004698622701377984273100209365301174044662337149608847201828779737913271098513164999569525970188207924016993279453130273311944155261304832.000000
13 21990244878038967325069209057065403377893871681302843025109646750770460778037248.000000
14 302245128637129293824.000000
15 6805.701120
16 6509.125784
17 6170.291680
18 5808.743457
19 5286.899265
20 4128.350094
21 3460.947797
22 3441.942679
23 2922.885827
24 2948.448704
25 2906.342095
26 2109.979273
27 1992.339653
28 1679.823055
29 1581.188027
30 1457.425419
31 1305.198639
32 1363.367760
33 1287.029989
34 1297.738135
35 1228.352678
36 1087.660587
37 971.856606
38 990.955286
39 921.696228
40 877.484258
41 733.825188
42 699.237158
43 604.020913
44 509.076208
45 521.431106
46 484.346762
47 413.295820
48 352.520627
49 332.167827
50 283.488502
51 275.487619
52 235.558258
53 218.363041
54 197.143756
55 165.607479
56 153.189979
57 147.284068
58 146.288689
59 130.549799
60 119.981330
61 116.973964
62 102.281138
63 99.109802
64 87.009927
65 83.989104
66 72.336833
67 64.647952
68 55.449918
69 49.840094
70 44.310168
71 38.500326
72 34.538530
73 29.715554
74 29.079544
75 27.135385
76 23.610213
77 19.578568
78 17.281152
79 14.769482
80 14.685186
81 14.573093
82 12.908438
83 10.263790
84 9.583641
85 7.757440
86 6.608995
87 6.214269
88 5.808936
89 5.318781
90 4.357104
91 3.884234
92 3.685291
93 3.156129
94 3.014558
95 2.688451
96 2.413172
97 2.043595
98 1.800911
99 1.583810
100 1.325735
101 1.278297
102 1.191671
103 1.152744
104 0.966198
105 0.787423
106 0.707258
107 0.600451
108 0.498701
109 0.464365
110 0.386156
111 0.373524
112 0.310443
113 0.275916
114 0.225088
115 0.213713
116 0.193776
117 0.173435
118 0.158121
119 0.133961
120 0.114522
121 0.106703
122 0.093549
123 0.086583
124 0.077564
125 0.064015
126 0.054415
127 0.047745
128 0.040556
129 0.035075
130 0.030814
131 0.028140
132 0.025281
133 0.023120
134 0.020617
135 0.017839
136 0.015754
137 0.013823
138 0.012093
139 0.010766
140 0.009880
141 0.009161
142 0.008287
143 0.007433
144 0.006088
145 0.004954
146 0.004511
147 0.003996
148 0.003517
149 0.003145
150 0.002856
151 0.002507
152 0.002271
153 0.002089
154 0.001816
155 0.001519
156 0.001374
157 0.001246
158 0.001101
159 0.000979
160 0.000840
161 0.000764
162 0.000683
163 0.000595
164 0.000500
165 0.000434
166 0.000379
167 0.000332
168 0.000292
169 0.000260
170 0.000217
171 0.000191
172 0.000173
173 0.000151
174 0.000129
175 0.000113
176 0.000102
177 0.000092
178 0.000082
179 0.000070
180 0.000061
181 0.000053
182 0.000047
183 0.000042
184 0.000035
185 0.000032
186 0.000029
187 0.000026
188 0.000023
189 0.000020
190 0.000017
191 0.000015
192 0.000013
193 0.000011
194 0.000009
195 0.000008
196 0.000007
197 0.000006
198 0.000005
199 0.000005
200 0.000004
201 0.000004
202 0.000003
203 0.000003
204 0.000002
205 0.000002
206 0.000002
207 0.000002
208 0.000001
209 0.000001
210 0.000001
211 0.000001
212 0.000001
213 0.000001
214 0.000001
215 0.000000
216 0.000000
217 0.000000
218 0.000000
219 0.000000
220 0.000000
221 0.000000
222 0.000000
223 0.000000
224 0.000000
225 0.000000
226 0.000000
227 0.000000
228 0.000000
229 0.000000
230 0.000000
231 0.000000
232 0.000000
233 0.000000
234 0.000000
235 0.000000
236 0.000000
237 0.000000
238 0.000000
239 0.000000
240 0.000000
241 0.000000
242 0.000000
243 0.000000
244 0.000000
245 0.000000
246 0.000000
247 0.000000
248 0.000000
249 0.000000
250 0.000000
251 0.000000
252 0.000000
253 0.000000
254 0.000000
255 0.000000
256 0.000000
257 0.000000
258 0.000000
259 0.000000
260 0.000000
261 0.000000
262 0.000000
263 0.000000
264 0.000000
265 0.000000
266 0.000000
267 0.000000
268 0.000000
269 0.000000
270 0.000000
271 0.000000
272 0.000000
273 0.000000
274 0.000000
275 0.000000
276 0.000000
277 0.000000
278 0.000000
279 0.000000
280 0.000000
281 0.000000
282 0.000000
283 0.000000
284 0.000000
285 0.000000
286 0.000000
287 0.000000
288 0.000000
289 0.000000
290 0.000000
291 0.000000
292 0.000000
293 0.000000
294 0.000000
295 0.000000
296 0.000000
297 0.000000
298 0.000000
299 0.000000
300 0.000000
301 0.000000
302 0.000000
303 0.000000
304 0.000000
305 0.000000
306 0.000000
307 0.000000
308 0.000000
309 0.000000
310 0.000000
311 0.000000
312 0.000000
313 0.000000
314 0.000000
315 0.000000
316 0.000000
317 0.000000
318 0.000000
319 0.000000
320 0.000000
321 0.000000
322 0.000000
323 0.000000
324 0.000000
325 0.000000
326 0.000000
327 0.000000
328 0.000000
329 0.000000
330 0.000000
331 0.000000
332 0.000000
333 0.000000
334 0.000000
335 0.000000
336 0.000000
337 0.000000
338 0.000000
339 0.000000
340 0.000000
341 0.000000
342 0.000000
343 0.000000
344 0.000000
345 0.000000
346 0.000000
347 0.000000
348 0.000000
349 0.000000
350 0.000000
351 0.000000
352 0.000000
353 0.000000
354 0.000000
355 0.000000
356 0.000000
357 0.000000
358 0.000000
359 0.000000
360 0.000000
361 0.000000
362 0.000000
363 0.000000
364 0.000000
365 0.000000
366 0.000000
367 0.000000
368 0.000000
369 0.000000
370 0.000000
371 0.000000
372 0.000000
373 0.000000
374 0.000000
375 0.000000
376 0.000000
377 0.000000
378 0.000000
379 0.000000
380 0.000000
381 0.000000
382 0.000000
383 0.000000
384 0.000000
385 0.000000
386 0.000000
387 0.000000
388 0.000000
389 0.000000
390 0.000000
391 0.000000
392 0.000000
393 0.000000
394 0.000000
395 0.000000
396 0.000000
397 0.000000
398 0.000000
399 0.000000
400 0.000000
401 0.000000
402 0.000000
403 0.000000
404 0.000000
405 0.000000
406 0.000000
407 0.000000
408 0.000000
409 0.000000
410 0.000000
411 0.000000
412 0.000000
413 0.000000
414 0.000000
415 0.000000
416 0.000000
417 0.000000
418 0.000000
419 0.000000
420 0.000000
421 0.000000
422 0.000000
423 0.000000
424 0.000000
425 0.000000
426 0.000000
427 0.000000
428 0.000000
429 0.000000
430 0.000000
431 0.000000
432 0.000000
433 0.000000
434 0.000000
435 0.000000
436 0.000000
437 0.000000
438 0.000000
439 0.000000
440 0.000000
441 0.000000
442 0.000000
443 0.000000
444 0.000000
445 0.000000
446 0.000000
447 0.000000
448 0.000000
449 0.000000
450 0.000000
451 0.000000
452 0.000000
453 0.000000
454 0.000000
455 0.000000
456 0.000000
457 0.000000
458 0.000000
459 0.000000
460 0.000000
461 0.000000
462 0.000000
463 0.000000
464 0.000000
465 0.000000
466 0.000000
467 0.000000
468 0.000000
469 0.000000
470 0.000000
471 0.000000
472 0.000000
473 0.000000
474 0.000000
475 0.000000
476 0.000000
477 0.000000
478 0.000000
479 0.000000
480 0.000000
481 0.000000
482 0.000000
483 0.000000
484 0.000000
485 0.000000
486 0.000000
487 0.000000
488 0.000000
489 0.000000
490 0.000000
491 0.000000
492 0.000000
493 0.000000
494 0.000000
495 0.000000
496 0.000000
497 0.000000
498 0.000000
499 0.000000
500 0.000000
