1 5615236.133024
2 4782875.226066
3 6135993.356665
4 7637843.970424
5 7283495.699098
6 7224139.422432
7 7100083.343452
8 7026569.871479
9 8002154.056453
10 10970171.021853
11 12309136.050391
12 15815404.091654
13 13786622.718376
14 12371317.060099
15 15354257.530370
16 11282397.262187
17 17540096.714674
18 15453461.628325
19 14455784.293692
20 16993561.320080
21 22218478.067682
22 18790250.204825
23 20800403.149569
24 18192859.879240
25 23619377.645255
26 24323051.574864
27 21444820.311703
28 21860573.110511
29 27334336.805266
30 26181398.812388
31 27061629.331556
32 26661162.912071
33 28472841.112234
34 34052073.626290
35 39253929.950864
36 38716839.260965
37 34347357.941512
38 44301196.429108
39 35831412.192925
40 42501773.142890
41 43536895.852534
42 45777867.214990
43 46818246.556346
44 41928177.887412
45 45802366.280736
46 34814765.806899
47 39897615.581416
48 39051369.921138
49 46290288.580448
50 45280498.184438
51 36514890.789687
52 36960888.627978
53 31446736.689230
54 30050097.881554
55 27859601.043557
56 33728346.554605
57 33896733.383332
58 31058219.417343
59 27298952.147148
60 28888602.737581
61 32603096.069026
62 33495317.876016
63 21929462.040016
64 24984004.195177
65 27921689.658612
66 25504809.623263
67 26859664.272259
68 25486100.560868
69 27118776.248532
70 18990075.271604
71 14563366.086903
72 14421497.515179
73 13750056.015010
74 20049916.430989
75 17220921.591398
76 13019841.866099
77 14398196.562712
78 12101321.525276
79 8734927.554976
80 9610558.560495
81 7889447.894013
82 8722710.774558
83 7261783.529492
84 7728952.689278
85 7169089.189444
86 7781788.589976
87 6707834.611793
88 4103508.419358
89 5097004.787325
90 4874594.014873
91 5685482.736135
92 3864154.005467
93 3185168.785113
94 3389351.387298
95 2932593.660297
96 3129662.714594
97 2872292.006437
98 3127149.469830
99 2724100.397120
100 2705132.124965
101 2813698.241072
102 2778499.157708
103 2543293.764201
104 2246954.415871
105 2354037.655302
106 1626904.452464
107 1609082.326937
108 1270691.487866
109 1090988.281284
110 1320498.364336
111 1026598.746676
112 902848.386344
113 809104.654773
114 801424.407750
115 619353.848566
116 702925.869321
117 671899.747698
118 624910.873790
119 689346.431594
120 659617.069952
121 523010.955045
122 573432.477401
123 511805.908130
124 563729.020303
125 481886.373621
126 493961.031769
127 409969.877474
128 385803.994662
129 422508.392131
130 319230.785865
131 238135.991088
132 233160.143559
133 325979.549813
134 247015.429062
135 178801.179809
136 182452.997068
137 151225.019023
138 181986.743606
139 167550.214940
140 152433.153354
141 131194.480442
142 131295.769425
143 114750.778255
144 103914.019064
145 115439.257080
146 99726.310631
147 93473.262055
148 99647.836403
149 100151.863396
150 74009.589297
151 72335.736254
152 67169.010827
153 51838.590356
154 54826.335698
155 54545.905939
156 50390.833364
157 55236.534787
158 48396.642636
159 40163.365500
160 32742.969701
161 30463.222260
162 34507.469415
163 31980.378501
164 30855.522092
165 33344.999169
166 28228.924162
167 27190.398760
168 26675.684791
169 25515.780092
170 26615.335137
171 22825.232344
172 19290.431202
173 22987.396997
174 20451.586368
175 20077.200586
176 18014.880091
177 19159.805568
178 15065.212242
179 14692.816157
180 13932.498161
181 12099.267953
182 12996.045351
183 11088.537879
184 11114.374447
185 9672.579765
186 9263.558177
187 7934.207452
188 9661.501856
189 9273.606851
190 7497.413667
191 7586.882057
192 7224.044133
193 6776.864433
194 6028.170908
195 6103.643637
196 4749.747378
197 5708.600974
198 3922.227719
199 5269.739636
200 4746.380898
201 4029.441136
202 4839.138962
203 4071.741642
204 4787.634179
205 3767.446152
206 3921.088860
207 3305.686662
208 3438.182222
209 3328.717508
210 3123.441464
211 3055.966631
212 3103.433480
213 3134.464644
214 3144.462574
215 2470.697615
216 2667.011619
217 2097.167726
218 2211.034570
219 2166.342976
220 2030.273180
221 1905.005464
222 1764.794871
223 1842.782484
224 1656.029791
225 1595.888843
226 1498.394674
227 1433.680719
228 1542.050723
229 1338.359813
230 1303.976545
231 1331.172775
232 1176.096860
233 1092.557037
234 985.923098
235 1208.899824
236 1267.000876
237 1216.927698
238 1115.111163
239 1346.666086
240 1325.503676
241 1273.459317
242 1226.897489
243 1011.422479
244 1145.350802
245 1118.872035
246 1074.406906
247 982.245798
248 939.327209
249 872.061844
250 765.496754
251 935.022807
252 807.770883
253 803.707859
254 660.097340
255 709.874754
256 716.832151
257 729.557641
258 613.100345
259 617.871058
260 546.535272
261 520.947342
262 452.807866
263 510.506459
264 437.822050
265 421.535502
266 432.657982
267 402.174175
268 417.066111
269 348.901300
270 369.733767
271 356.455392
272 378.765172
273 352.694286
274 339.110802
275 286.865063
276 306.954636
277 250.616741
278 279.077203
279 234.478763
280 238.090875
281 223.480210
282 216.450487
283 212.956172
284 192.679815
285 191.170052
286 183.246404
287 182.488351
288 140.637793
289 154.834460
290 161.691296
291 141.741298
292 142.540077
293 130.676928
294 141.281157
295 121.994974
296 126.420130
297 125.719879
298 115.587931
299 109.706028
300 109.755901
301 107.812307
302 100.020249
303 106.836605
304 107.424671
305 104.650616
306 103.876901
307 98.349114
308 87.713807
309 92.118325
310 92.299710
311 82.582283
312 80.984657
313 80.333889
314 80.157377
315 72.163015
316 74.273807
317 66.685202
318 69.243730
319 67.416846
320 67.592017
321 69.166397
322 70.918414
323 67.572966
324 70.947115
325 62.646089
326 65.429354
327 63.243645
328 64.382314
329 57.227312
330 56.247987
331 49.712208
332 51.385250
333 48.461589
334 48.605104
335 50.707339
336 46.938671
337 43.891306
338 43.716827
339 41.053506
340 40.411761
341 40.346203
342 38.793201
343 41.934366
344 39.164046
345 37.623194
346 36.898588
347 36.126904
348 37.478985
349 37.234452
350 35.406409
351 32.775398
352 34.449779
353 32.889244
354 32.458755
355 31.449712
356 29.738650
357 30.297452
358 28.473699
359 25.965497
360 26.672708
361 25.345043
362 25.859828
363 25.982943
364 24.685619
365 24.574975
366 22.799745
367 21.476313
368 21.734489
369 20.388513
370 21.237104
371 20.516077
372 19.669902
373 18.683985
374 19.290708
375 18.638045
376 18.800000
377 17.453083
378 17.075049
379 17.240208
380 16.699797
381 16.320709
382 16.260837
383 16.102763
384 15.447064
385 15.413748
386 15.360186
387 15.254512
388 14.660414
389 14.301616
390 14.041123
391 13.809702
392 13.689927
393 13.726220
394 12.844834
395 12.571528
396 12.556224
397 12.434479
398 12.197922
399 11.821143
400 11.890397
401 11.661450
402 11.234873
403 11.019304
404 10.599706
405 10.692873
406 10.610297
407 10.163550
408 10.230382
409 9.897663
410 9.568831
411 9.251360
412 9.167955
413 9.014125
414 8.941080
415 8.950500
416 8.778007
417 8.442971
418 8.309061
419 8.158689
420 8.029373
421 7.958670
422 7.731515
423 7.502582
424 7.426238
425 7.181918
426 7.264551
427 7.118914
428 7.093459
429 7.021730
430 6.750473
431 6.651098
432 6.570634
433 6.463112
434 6.365983
435 6.286960
436 6.231983
437 6.196382
438 6.056009
439 5.946088
440 5.803718
441 5.770515
442 5.655798
443 5.564048
444 5.497025
445 5.478450
446 5.427032
447 5.294264
448 5.244988
449 5.162659
450 5.147675
451 5.070980
452 5.016371
453 4.902329
454 4.833498
455 4.798849
456 4.698346
457 4.631565
458 4.614899
459 4.577871
460 4.531788
461 4.477534
462 4.417412
463 4.373238
464 4.343850
465 4.289869
466 4.273776
467 4.229072
468 4.197193
469 4.133283
470 4.105239
471 4.075961
472 4.042921
473 3.993905
474 3.975865
475 3.938203
476 3.907878
477 3.869431
478 3.838403
479 3.799555
480 3.791913
481 3.767565
482 3.754324
483 3.736059
484 3.713664
485 3.698677
486 3.676443
487 3.660512
488 3.647519
489 3.626677
490 3.609914
491 3.597574
492 3.587270
493 3.572370
494 3.566902
495 3.556463
496 3.545908
497 3.539633
498 3.533561
499 3.530863
500 3.529461
