1 3123336.998755
2 3055124.642309
3 3291131.579881
4 3669532.547848
5 3959660.164344
6 4204907.217296
7 4608281.487884
8 4736813.358450
9 4851061.683082
10 4975734.313663
11 4978398.730491
12 5000381.046790
13 5295384.513462
14 5540226.388432
15 5440985.383055
16 5414685.882736
17 5181047.021295
18 5171824.096683
19 5395520.756582
20 4894687.222650
21 5159011.922689
22 4996392.705843
23 5074865.622706
24 4896954.945704
25 4873616.924602
26 4683357.993467
27 4488063.401945
28 4416197.125571
29 4287615.307237
30 4095542.815247
31 3880691.292267
32 3592889.584602
33 3713992.066993
34 3778805.010395
35 3561767.521852
36 3310411.600103
37 3207955.155611
38 3138988.500283
39 3044768.580777
40 2906717.603814
41 2759605.547499
42 2438144.458176
43 2500516.966632
44 2368765.787640
45 2285456.987392
46 2159868.897565
47 2117992.242558
48 1982368.035494
49 1823627.377913
50 1723852.893576
51 1625468.063854
52 1504441.158432
53 1425676.449244
54 1181667.774628
55 1143407.436376
56 1059209.922532
57 1012281.096568
58 917796.023152
59 853855.269411
60 811665.690853
61 764181.853607
62 704392.755455
63 634617.083272
64 577987.016064
65 534069.504040
66 497150.768043
67 433969.725170
68 403794.703269
69 349002.125132
70 326048.993108
71 311936.062793
72 283964.144062
73 260178.775013
74 247213.598728
75 221244.272997
76 203144.608769
77 185675.070157
78 173120.967134
79 156014.465861
80 139531.288550
81 125367.685627
82 117953.430271
83 109199.723923
84 97997.111976
85 91293.028530
86 77123.306792
87 70476.433215
88 65800.261939
89 57990.082798
90 52611.062072
91 48646.268542
92 45204.072739
93 40268.234471
94 37481.309691
95 32973.144271
96 30670.321883
97 25524.093102
98 23788.832722
99 20672.502812
100 18185.077562
101 16597.891507
102 14856.182072
103 13768.541163
104 12255.299422
105 11020.166909
106 10140.987465
107 8998.632439
108 8153.378015
109 7545.315928
110 6732.530709
111 6129.062657
112 5412.705771
113 5018.859206
114 4171.038247
115 3718.643577
116 3284.429296
117 2992.596576
118 2704.990563
119 2460.238696
120 2200.907017
121 2028.320109
122 1838.705490
123 1700.416639
124 1493.156857
125 1412.450806
126 1280.031192
127 1150.448086
128 1020.196150
129 936.072423
130 822.131653
131 745.225454
132 647.298713
133 585.500685
134 527.941501
135 483.879338
136 424.903917
137 376.550663
138 343.190067
139 313.908422
140 281.523549
141 256.853423
142 233.032618
143 212.497346
144 196.737831
145 179.136579
146 161.470364
147 138.911521
148 126.462453
149 113.401469
150 106.646607
151 99.656436
152 91.587191
153 84.765319
154 76.798932
155 70.099613
156 61.646288
157 56.199288
158 52.845627
159 48.028439
160 42.804289
161 39.517429
162 35.959973
163 32.578819
164 29.363796
165 26.736227
166 24.318392
167 22.153066
168 20.321055
169 18.540484
170 17.076480
171 15.806772
172 14.337882
173 12.801857
174 12.155108
175 10.935895
176 10.027653
177 9.199503
178 8.450962
179 7.595244
180 7.041657
181 6.459001
182 5.894114
183 5.376449
184 4.835763
185 4.518191
186 4.155609
187 3.827189
188 3.416181
189 3.223403
190 2.973804
191 2.764535
192 2.598555
193 2.411594
194 2.215548
195 2.010178
196 1.861225
197 1.758533
198 1.590428
199 1.441520
200 1.290044
201 1.228552
202 1.142868
203 1.067338
204 0.981711
205 0.912329
206 0.852793
207 0.810461
208 0.752412
209 0.692891
210 0.640994
211 0.595639
212 0.556095
213 0.522924
214 0.474437
215 0.444023
216 0.416534
217 0.384129
218 0.362531
219 0.337034
220 0.316760
221 0.292320
222 0.278471
223 0.261055
224 0.243404
225 0.228839
226 0.215734
227 0.201820
228 0.189597
229 0.177243
230 0.167762
231 0.155649
232 0.147698
233 0.140311
234 0.129235
235 0.123366
236 0.116763
237 0.109799
238 0.104021
239 0.097553
240 0.091879
241 0.086324
242 0.079759
243 0.075225
244 0.071413
245 0.067488
246 0.062529
247 0.059312
248 0.057380
249 0.054733
250 0.050815
251 0.048160
252 0.045852
253 0.042938
254 0.040372
255 0.039087
256 0.036815
257 0.035367
258 0.033359
259 0.031467
260 0.029770
261 0.028326
262 0.027059
263 0.025626
264 0.024313
265 0.023155
266 0.021666
267 0.020923
268 0.019717
269 0.018945
270 0.017997
271 0.017240
272 0.016147
273 0.015730
274 0.014950
275 0.014130
276 0.013560
277 0.012854
278 0.012345
279 0.011618
280 0.011154
281 0.010528
282 0.010077
283 0.009456
284 0.009271
285 0.008888
286 0.008559
287 0.008216
288 0.007722
289 0.007481
290 0.007230
291 0.006940
292 0.006689
293 0.006340
294 0.006065
295 0.005834
296 0.005590
297 0.005305
298 0.005101
299 0.004899
300 0.004727
301 0.004545
302 0.004370
303 0.004187
304 0.004042
305 0.003894
306 0.003723
307 0.003554
308 0.003387
309 0.003296
310 0.003173
311 0.003051
312 0.002931
313 0.002831
314 0.002741
315 0.002648
316 0.002562
317 0.002453
318 0.002344
319 0.002286
320 0.002201
321 0.002121
322 0.002023
323 0.001957
324 0.001895
325 0.001847
326 0.001784
327 0.001722
328 0.001659
329 0.001609
330 0.001553
331 0.001502
332 0.001450
333 0.001406
334 0.001364
335 0.001323
336 0.001283
337 0.001240
338 0.001192
339 0.001163
340 0.001130
341 0.001089
342 0.001069
343 0.001031
344 0.001002
345 0.000972
346 0.000944
347 0.000913
348 0.000893
349 0.000871
350 0.000845
351 0.000821
352 0.000795
353 0.000780
354 0.000761
355 0.000736
356 0.000722
357 0.000701
358 0.000686
359 0.000666
360 0.000650
361 0.000633
362 0.000619
363 0.000603
364 0.000588
365 0.000570
366 0.000561
367 0.000547
368 0.000532
369 0.000519
370 0.000507
371 0.000495
372 0.000486
373 0.000473
374 0.000464
375 0.000452
376 0.000443
377 0.000434
378 0.000424
379 0.000416
380 0.000405
381 0.000396
382 0.000388
383 0.000381
384 0.000372
385 0.000365
386 0.000359
387 0.000351
388 0.000345
389 0.000338
390 0.000330
391 0.000322
392 0.000318
393 0.000313
394 0.000308
395 0.000302
396 0.000295
397 0.000289
398 0.000284
399 0.000279
400 0.000275
401 0.000271
402 0.000266
403 0.000261
404 0.000257
405 0.000253
406 0.000249
407 0.000245
408 0.000241
409 0.000236
410 0.000233
411 0.000228
412 0.000224
413 0.000221
414 0.000218
415 0.000215
416 0.000212
417 0.000209
418 0.000206
419 0.000203
420 0.000201
421 0.000197
422 0.000195
423 0.000192
424 0.000190
425 0.000187
426 0.000185
427 0.000182
428 0.000180
429 0.000178
430 0.000176
431 0.000174
432 0.000172
433 0.000170
434 0.000168
435 0.000166
436 0.000164
437 0.000163
438 0.000161
439 0.000159
440 0.000158
441 0.000156
442 0.000155
443 0.000153
444 0.000151
445 0.000150
446 0.000148
447 0.000147
448 0.000145
449 0.000144
450 0.000143
451 0.000142
452 0.000140
453 0.000139
454 0.000138
455 0.000137
456 0.000136
457 0.000135
458 0.000134
459 0.000133
460 0.000132
461 0.000131
462 0.000131
463 0.000130
464 0.000129
465 0.000128
466 0.000127
467 0.000127
468 0.000126
469 0.000125
470 0.000125
471 0.000124
472 0.000123
473 0.000123
474 0.000122
475 0.000121
476 0.000121
477 0.000120
478 0.000120
479 0.000119
480 0.000119
481 0.000118
482 0.000118
483 0.000118
484 0.000117
485 0.000117
486 0.000117
487 0.000116
488 0.000116
489 0.000116
490 0.000116
491 0.000115
492 0.000115
493 0.000115
494 0.000115
495 0.000115
496 0.000115
497 0.000115
498 0.000115
499 0.000115
500 0.000115
