1 20461498.060110
2 22348036.124768
3 22856894.883900
4 27964268.579679
5 39663442.038044
6 35919187.519367
7 44725744.360794
8 45073593.222296
9 47699897.912352
10 63374820.694435
11 56147320.399234
12 72797052.860910
13 87793706.576342
14 83000693.728989
15 96898581.669425
16 75348003.168851
17 132656748.171795
18 121593396.344136
19 109102758.057954
20 103752509.183376
21 130537626.073357
22 182253476.793358
23 166413233.304886
24 166901775.409741
25 158788204.477505
26 157069755.144093
27 166815697.441449
28 206120280.656730
29 210723892.052392
30 236557169.449895
31 230057871.225567
32 285121782.519017
33 298261021.328953
34 308795563.333509
35 405213439.068326
36 543303537.774180
37 281691455.348639
38 403360650.276251
39 399195581.596085
40 293158986.849264
41 335160027.240861
42 309128242.880155
43 278021533.592157
44 312276583.681562
45 319407233.587107
46 396604158.539615
47 290102033.043984
48 351127836.002656
49 419558334.604856
50 312393349.303419
51 307022752.945348
52 265098817.060533
53 236446156.614777
54 368661968.431722
55 298279039.812518
56 350324862.206137
57 354229517.063452
58 353452730.350426
59 343450917.650876
60 307680228.399989
61 364350188.660920
62 363053190.205191
63 337008256.999675
64 337653203.572410
65 348245028.059404
66 283724459.724118
67 258510554.517716
68 166042083.714852
69 207696796.392355
70 199467780.310794
71 222073770.590303
72 250772093.604478
73 217389449.673018
74 174875953.944519
75 195269586.832187
76 180929104.233926
77 244340138.982671
78 188492601.511197
79 201121151.383714
80 151433010.801881
81 220922151.970969
82 201286179.936270
83 183099781.896271
84 193954176.170098
85 215219925.962011
86 278022245.912912
87 211253588.249863
88 185516464.630975
89 201506099.990670
90 251381563.988404
91 197185677.684255
92 263879492.756002
93 284770051.896325
94 233430652.979380
95 219399826.029653
96 259504635.631176
97 291957912.839253
98 255134073.741362
99 239385363.883141
100 163653827.455189
101 173225318.117737
102 137385119.261261
103 131624988.896307
104 134560504.620578
105 131079723.330715
106 129966335.801699
107 121333126.762102
108 162188453.680877
109 157479766.362496
110 121052959.539199
111 122464436.605206
112 109128679.610026
113 88942514.693063
114 63263728.327400
115 57384555.610186
116 59948330.966677
117 68623675.633975
118 59435038.828724
119 48637043.277132
120 48319632.850931
121 49646772.469144
122 45897614.183031
123 54506294.746973
124 51706371.833629
125 55036376.467814
126 51596505.014794
127 49651909.453220
128 38642417.261777
129 32366797.816139
130 28277430.695699
131 30560692.753620
132 26590109.551252
133 31886593.371101
134 26552115.850677
135 36416884.719005
136 26037594.407956
137 29423724.181240
138 23151388.788695
139 19317581.497518
140 21136458.805809
141 21211212.802634
142 21827974.524747
143 15717007.950283
144 15483419.560701
145 12472671.655421
146 14657229.953880
147 17078741.802261
148 12809359.716682
149 12603749.039177
150 12986863.170747
151 12365106.959627
152 9511071.961328
153 9212645.280289
154 9342464.208651
155 8278533.412624
156 8041588.154111
157 7878927.951248
158 7277676.536641
159 8156382.834596
160 7307197.147501
161 6814435.209217
162 6027295.921976
163 6390097.353065
164 5560958.219470
165 4765519.283570
166 4622601.483492
167 4982295.525797
168 4347757.894438
169 3960939.912914
170 3689849.254955
171 3361723.511671
172 2753968.932996
173 2613177.904487
174 2769888.497388
175 2057672.059407
176 2124581.981170
177 2510656.591525
178 2329739.908060
179 2518965.032087
180 2353242.044850
181 2219085.982889
182 1845507.597248
183 2422864.649346
184 1861020.375937
185 2131746.523222
186 1610280.528649
187 1665080.634925
188 1491523.280841
189 1716028.983187
190 1438405.840677
191 1666871.362770
192 1436717.625174
193 1480407.721843
194 1325674.567501
195 1284493.961565
196 1157248.606468
197 1280478.491094
198 1269242.228561
199 1157763.210691
200 1211319.220245
201 1217917.011874
202 1059386.401698
203 748613.793108
204 865013.964022
205 830190.902326
206 802877.203809
207 795955.289427
208 710173.934667
209 619144.421823
210 646742.277713
211 620979.518666
212 533338.188640
213 543849.185165
214 523421.685133
215 547602.372946
216 447697.018151
217 496043.533863
218 477309.593607
219 488857.526953
220 431603.178267
221 357365.440639
222 352750.229765
223 312181.500526
224 305111.409037
225 290937.898005
226 287495.979977
227 271839.786742
228 254433.992627
229 269506.814446
230 241020.554580
231 224609.841624
232 223573.603977
233 229958.493900
234 213560.887650
235 211977.356711
236 200872.613632
237 190778.350986
238 181099.974730
239 163774.768692
240 157097.618734
241 137051.102525
242 131175.394546
243 134389.668112
244 130809.126292
245 131891.762292
246 125683.690061
247 126758.201433
248 128576.017757
249 121016.893690
250 109225.611330
251 111372.210439
252 104317.370783
253 101531.052110
254 112284.147336
255 112756.664485
256 98633.751743
257 100367.086865
258 101345.979110
259 90535.890590
260 84166.867650
261 79854.934505
262 88979.046818
263 85460.329897
264 78429.168766
265 82984.258031
266 78680.018284
267 75630.641498
268 72851.251011
269 67519.718991
270 75957.633319
271 75089.078082
272 72522.150477
273 69285.413920
274 60724.063687
275 54180.780224
276 55686.397134
277 53814.379376
278 52229.499995
279 47695.561375
280 49615.837185
281 43604.939688
282 42248.651769
283 41742.131880
284 44224.771072
285 44207.993350
286 39295.642481
287 33610.518175
288 35058.775656
289 34990.173079
290 34021.982729
291 31669.680057
292 32634.536088
293 30958.894444
294 29706.923566
295 27253.306131
296 29444.768875
297 27966.917680
298 26830.883481
299 27152.403056
300 25035.064236
301 24851.601319
302 23907.904796
303 24596.024724
304 25346.520589
305 24486.216909
306 23551.358354
307 22253.784216
308 22447.182385
309 22117.171226
310 19358.277128
311 19150.343504
312 17739.227405
313 18601.990548
314 18662.390011
315 17783.294521
316 16036.436191
317 15797.786861
318 15468.882467
319 14970.689479
320 14281.882327
321 13663.765331
322 13472.846788
323 12258.257826
324 13054.140722
325 13113.622469
326 12037.995544
327 12047.527980
328 11823.161021
329 11361.695677
330 10758.399966
331 10453.619299
332 10165.836419
333 9989.973883
334 9735.206570
335 9808.351000
336 9798.599444
337 9573.287660
338 9722.224912
339 9379.708181
340 9263.776774
341 9238.853766
342 8836.266593
343 8794.739755
344 8683.357735
345 8399.524942
346 7925.018607
347 7852.934254
348 7432.999635
349 6873.417703
350 7205.547249
351 6724.575327
352 6627.476015
353 6480.438909
354 6323.914315
355 6160.389278
356 6021.906931
357 5967.248817
358 5677.142180
359 5398.097264
360 5191.348877
361 5484.119028
362 5121.703492
363 4859.368397
364 4526.392731
365 4576.837691
366 4724.708899
367 4252.321990
368 4262.460525
369 4217.358561
370 4022.721862
371 4020.653634
372 3856.365455
373 3940.949431
374 3849.695215
375 3752.066408
376 3702.499312
377 3555.351740
378 3497.526660
379 3496.803747
380 3400.917693
381 3332.280735
382 3289.462584
383 3320.386081
384 3263.251341
385 3197.348999
386 3093.817498
387 3054.258691
388 3006.766230
389 3074.702006
390 3086.053278
391 2961.688543
392 2844.601298
393 2804.052093
394 2804.397236
395 2708.709988
396 2665.524286
397 2567.976163
398 2622.508012
399 2552.316457
400 2504.778014
401 2469.758098
402 2480.918424
403 2392.000646
404 2372.278798
405 2285.277943
406 2240.705932
407 2195.811600
408 2107.304592
409 2138.944120
410 2139.104616
411 2111.036726
412 2067.589265
413 2052.460272
414 2045.258050
415 2059.264228
416 1978.099740
417 1930.269698
418 1924.452308
419 1927.574317
420 1850.384473
421 1833.052606
422 1845.303171
423 1801.652473
424 1816.160391
425 1720.545566
426 1735.797481
427 1751.183406
428 1716.182985
429 1687.467259
430 1693.085554
431 1684.048456
432 1674.585863
433 1638.039907
434 1630.613402
435 1607.663607
436 1597.101320
437 1572.007925
438 1559.935096
439 1524.745234
440 1510.488326
441 1498.864512
442 1482.771204
443 1472.686538
444 1458.549645
445 1426.528567
446 1403.956874
447 1384.700545
448 1380.332959
449 1362.457209
450 1348.219396
451 1333.504086
452 1315.638815
453 1302.688101
454 1283.616319
455 1272.901699
456 1258.815467
457 1236.906333
458 1228.100014
459 1217.447130
460 1203.329758
461 1197.328813
462 1177.182628
463 1171.434960
464 1162.222554
465 1152.789506
466 1147.278593
467 1133.931855
468 1134.818860
469 1124.893365
470 1118.724820
471 1118.006626
472 1108.383347
473 1099.555131
474 1093.476954
475 1083.331011
476 1077.402976
477 1066.944678
478 1061.141511
479 1054.571461
480 1046.955265
481 1043.576751
482 1035.647775
483 1030.951355
484 1026.683026
485 1020.942415
486 1018.819231
487 1014.564478
488 1010.983573
489 1007.206950
490 1003.378323
491 999.432368
492 995.979400
493 993.486391
494 990.639467
495 987.892328
496 986.884387
497 985.210608
498 983.868067
499 983.070337
500 982.625795
