1 39439445.166000
2 86702992.809812
3 267520183.387847
4 332940062.026491
5 603577196.524399
6 1279145163.182057
7 3162687056.800934
8 3360145299.252424
9 6067050722.429560
10 9977791881.648245
11 29075904325.319881
12 19031254906.807819
13 51063766231.700554
14 69654877615.990570
15 121425055829.372742
16 198819947475.403778
17 219898572404.993805
18 228305621507.402740
19 364505142156.117126
20 530142797428.951660
21 752220211405.185913
22 1139553279677.765137
23 1276399106321.588135
24 2793992031787.597168
25 2459923746282.301758
26 4760610658640.244141
27 6450449350157.446289
28 10442401061659.990234
29 12923037927366.328125
30 15079256982587.583984
31 22104919568399.562500
32 27537494526680.542969
33 46018932890303.867188
34 88474097959829.281250
35 98915190923427.203125
36 138995361308608.500000
37 172609134575170.875000
38 216614530618529.312500
39 281731058432309.062500
40 303150705832138.375000
41 318991309430834.687500
42 792513366815625.250000
43 862752301959913.500000
44 1336711709234703.250000
45 1734426171012095.250000
46 2694257708286762.000000
47 2049702654230385.500000
48 2197951382656273.250000
49 1562656103787209.500000
50 1972441892555588.750000
51 2515883031372366.500000
52 2867246431557414.000000
53 3009171498079519.500000
54 3185407772830921.500000
55 3627222486876741.000000
56 3859502987529683.500000
57 9106111686285460.000000
58 11700796216859198.000000
59 15118208250127986.000000
60 11490097370608686.000000
61 18709013192001976.000000
62 17754245985490992.000000
63 15989956024657156.000000
64 25852386365637884.000000
65 31024295930409716.000000
66 31318847719127420.000000
67 37439567224555096.000000
68 34360818662125256.000000
69 40118650196210736.000000
70 43635828563875248.000000
71 37324125216272944.000000
72 73604679344615088.000000
73 33378314816077760.000000
74 37740150710249384.000000
75 54661013540579784.000000
76 61569632818994064.000000
77 59090944199200352.000000
78 95663232605630480.000000
79 114598572087773120.000000
80 155736786780967008.000000
81 172614198377989472.000000
82 137801117907853472.000000
83 188726660564050144.000000
84 217528825663149376.000000
85 185885344115055680.000000
86 197375241674497248.000000
87 159197908420800576.000000
88 182530281104625632.000000
89 177662374070154944.000000
90 233298833181163424.000000
91 247472502193800288.000000
92 394829084002971584.000000
93 464178007046258432.000000
94 560945515246341888.000000
95 484367067253023040.000000
96 562342057852085184.000000
97 515500925227628608.000000
98 461562512772125248.000000
99 350233582870810752.000000
100 507068159837974784.000000
101 697543694847994624.000000
102 644092475087560704.000000
103 954065142994391040.000000
104 868650808769564928.000000
105 728753355336559616.000000
106 421160961275819328.000000
107 706851179933387136.000000
108 905102002213870208.000000
109 817568906413394688.000000
110 672763575860054528.000000
111 756935461883590528.000000
112 531355102156382144.000000
113 641868353948527232.000000
114 901838569344408832.000000
115 734044039912373760.000000
116 758773984980836864.000000
117 760686089474585472.000000
118 939755764663787776.000000
119 890853650309154048.000000
120 1116049551007995264.000000
121 834981385738409344.000000
122 573851049902776320.000000
123 740732798556466688.000000
124 739114423295163648.000000
125 756668332996189952.000000
126 697493067371688064.000000
127 385279430956957888.000000
128 414739272313075392.000000
129 528391208632999744.000000
130 472212059452589568.000000
131 400910102644348160.000000
132 489894219905798272.000000
133 290683453758365376.000000
134 255790434230452800.000000
135 328765874608303744.000000
136 279219795431322688.000000
137 183550396823650208.000000
138 192424467483257440.000000
139 177724605932156128.000000
140 171755641523955744.000000
141 145666764506472480.000000
142 59816588788154792.000000
143 74810512403655536.000000
144 42209329398373800.000000
145 43201620374570664.000000
146 30383274642992120.000000
147 32773936496387704.000000
148 26911761609566236.000000
149 17717080668492672.000000
150 19303537105789052.000000
151 20283524197746424.000000
152 16310595063087718.000000
153 15763487822500838.000000
154 16747733861151454.000000
155 9506003792621108.000000
156 10215923481277342.000000
157 7345426213566974.000000
158 6129067667753716.000000
159 5949520239742166.000000
160 5847700164830027.000000
161 4233476809262107.000000
162 2713754456288674.000000
163 3010831488346807.000000
164 3155217565393584.500000
165 2586341925973787.000000
166 1774433865455489.000000
167 1385059079212330.000000
168 1045290556921888.250000
169 1392791595536034.250000
170 701806314498926.750000
171 723420831973885.750000
172 240887906830123.062500
173 254803582615901.906250
174 256683544914872.500000
175 213095249434652.062500
176 206845148467976.937500
177 165487829777810.156250
178 129193959057627.515625
179 114590287397147.703125
180 101033580617901.390625
181 66722058257297.187500
182 50186245152478.031250
183 23455061604301.601562
184 26612065617278.601562
185 12623646568032.898438
186 15349502114094.226562
187 10957440559270.501953
188 6241285847544.929688
189 6729114296063.010742
190 5675198353419.033203
191 5269817822557.953125
192 3466715535592.275879
193 2851438901377.586426
194 1767360500381.210449
195 1008441441642.649536
196 619795002523.356201
197 702147543093.585327
198 500771189396.848694
199 486328905489.813599
200 395389905463.814148
201 282257404490.830383
202 177654271576.540436
203 162821439068.601868
204 103785314837.916275
205 83208128303.694305
206 53317560410.840462
207 34443435489.787659
208 34636270313.031944
209 32438431164.222488
210 18541359561.271683
211 11414530939.556444
212 7448892087.940926
213 5174455209.129499
214 4012244304.245632
215 3539532201.323449
216 2162596531.770337
217 1365472863.618972
218 1171945020.257187
219 996404670.636530
220 437390402.720834
221 441974641.691552
222 297758034.512261
223 274229998.050094
224 186409262.541971
225 85135292.478482
226 61419998.258441
227 38942300.468423
228 23920899.252642
229 13720308.990057
230 11891016.271281
231 10057375.515795
232 6523675.706769
233 4179019.321312
234 2406091.406228
235 1737851.595847
236 1397573.448442
237 1185810.373397
238 660172.303574
239 550139.904154
240 362454.709392
241 267140.836474
242 180166.844516
243 110607.972431
244 63232.205792
245 29319.069964
246 19895.174152
247 17357.415164
248 8802.420800
249 5148.268263
250 3018.076260
251 1947.844489
252 1835.693639
253 1019.583459
254 574.126272
255 350.779104
256 226.206761
257 149.085156
258 87.656398
259 46.431184
260 30.641251
261 17.167587
262 10.624778
263 7.212671
264 3.303435
265 2.523558
266 1.349026
267 1.019448
268 0.578171
269 0.388051
270 0.231582
271 0.128716
272 0.096616
273 0.065650
274 0.043586
275 0.021703
276 0.009463
277 0.006269
278 0.003352
279 0.002606
280 0.001647
281 0.001012
282 0.000704
283 0.000414
284 0.000232
285 0.000141
286 0.000092
287 0.000054
288 0.000036
289 0.000017
290 0.000011
291 0.000006
292 0.000004
293 0.000002
294 0.000002
295 0.000001
296 0.000001
297 0.000000
298 0.000000
299 0.000000
300 0.000000
301 0.000000
302 0.000000
303 0.000000
304 0.000000
305 0.000000
306 0.000000
307 0.000000
308 0.000000
309 0.000000
310 0.000000
311 0.000000
312 0.000000
313 0.000000
314 0.000000
315 0.000000
316 0.000000
317 0.000000
318 0.000000
319 0.000000
320 0.000000
321 0.000000
322 0.000000
323 0.000000
324 0.000000
325 0.000000
326 0.000000
327 0.000000
328 0.000000
329 0.000000
330 0.000000
331 0.000000
332 0.000000
333 0.000000
334 0.000000
335 0.000000
336 0.000000
337 0.000000
338 0.000000
339 0.000000
340 0.000000
341 0.000000
342 0.000000
343 0.000000
344 0.000000
345 0.000000
346 0.000000
347 0.000000
348 0.000000
349 0.000000
350 0.000000
351 0.000000
352 0.000000
353 0.000000
354 0.000000
355 0.000000
356 0.000000
357 0.000000
358 0.000000
359 0.000000
360 0.000000
361 0.000000
362 0.000000
363 0.000000
364 0.000000
365 0.000000
366 0.000000
367 0.000000
368 0.000000
369 0.000000
370 0.000000
371 0.000000
372 0.000000
373 0.000000
374 0.000000
375 0.000000
376 0.000000
377 0.000000
378 0.000000
379 0.000000
380 0.000000
381 0.000000
382 0.000000
383 0.000000
384 0.000000
385 0.000000
386 0.000000
387 0.000000
388 0.000000
389 0.000000
390 0.000000
391 0.000000
392 0.000000
393 0.000000
394 0.000000
395 0.000000
396 0.000000
397 0.000000
398 0.000000
399 0.000000
400 0.000000
401 0.000000
402 0.000000
403 0.000000
404 0.000000
405 0.000000
406 0.000000
407 0.000000
408 0.000000
409 0.000000
410 0.000000
411 0.000000
412 0.000000
413 0.000000
414 0.000000
415 0.000000
416 0.000000
417 0.000000
418 0.000000
419 0.000000
420 0.000000
421 0.000000
422 0.000000
423 0.000000
424 0.000000
425 0.000000
426 0.000000
427 0.000000
428 0.000000
429 0.000000
430 0.000000
431 0.000000
432 0.000000
433 0.000000
434 0.000000
435 0.000000
436 0.000000
437 0.000000
438 0.000000
439 0.000000
440 0.000000
441 0.000000
442 0.000000
443 0.000000
444 0.000000
445 0.000000
446 0.000000
447 0.000000
448 0.000000
449 0.000000
450 0.000000
451 0.000000
452 0.000000
453 0.000000
454 0.000000
455 0.000000
456 0.000000
457 0.000000
458 0.000000
459 0.000000
460 0.000000
461 0.000000
462 0.000000
463 0.000000
464 0.000000
465 0.000000
466 0.000000
467 0.000000
468 0.000000
469 0.000000
470 0.000000
471 0.000000
472 0.000000
473 0.000000
474 0.000000
475 0.000000
476 0.000000
477 0.000000
478 0.000000
479 0.000000
480 0.000000
481 0.000000
482 0.000000
483 0.000000
484 0.000000
485 0.000000
486 0.000000
487 0.000000
488 0.000000
489 0.000000
490 0.000000
491 0.000000
492 0.000000
493 0.000000
494 0.000000
495 0.000000
496 0.000000
497 0.000000
498 0.000000
499 0.000000
500 0.000000
