1 14817538.183405
2 48998237.480886
3 76407968.131423
4 110755759.743008
5 185837918.250071
6 457874768.477309
7 474551644.023883
8 948613746.020308
9 1078931118.204975
10 1201548814.523959
11 1407439462.784915
12 3580353548.100425
13 3858032144.662670
14 5307158417.080120
15 6078696507.471694
16 8818475419.682409
17 9146112991.925220
18 13477604322.994072
19 14550039876.605192
20 10606868318.872423
21 12648338464.519823
22 15508400969.920763
23 32529444850.352791
24 34955261088.058876
25 44375682355.928986
26 55189441245.307243
27 85302957550.998276
28 101566825294.823074
29 136560930015.719238
30 253143030852.243439
31 267246736696.352631
32 448032952413.194031
33 456631817023.692871
34 488666994058.250305
35 684899494147.745483
36 920000587013.363281
37 725032858546.972656
38 865563492155.761475
39 1448618281181.085938
40 1703982715475.990479
41 2138005555249.534180
42 2669380494738.365723
43 3509594529968.719238
44 3196680824429.074707
45 2147781944337.375977
46 4002206609989.709473
47 6219082415130.683594
48 6208585802541.111328
49 4306459374438.003906
50 9033273126329.250000
51 9410857106964.435547
52 14271697616448.224609
53 28412902458925.933594
54 22268201364676.089844
55 35748955926872.617188
56 55507869105196.835938
57 46592373322968.500000
58 58728019394404.039062
59 68611022609910.359375
60 79711964521076.968750
61 89793965267319.515625
62 116911072201587.718750
63 85639847700464.718750
64 66444226838090.703125
65 74126056840034.843750
66 125482479817170.046875
67 121558164426237.312500
68 220391197709816.656250
69 283372979616211.187500
70 316254193289440.062500
71 253734951613043.687500
72 298777239412004.250000
73 147817377781920.593750
74 375627290581795.500000
75 385670617075878.625000
76 351059925951847.562500
77 554702840933226.937500
78 796476275038909.375000
79 865427541536359.375000
80 1284896834476610.750000
81 1288615558412212.250000
82 1390949942323225.000000
83 1124509503831997.750000
84 1711413369541460.500000
85 1741405789003671.500000
86 1821438091514003.250000
87 1535690938066883.500000
88 1552055416742457.500000
89 1602096574625786.250000
90 1393394083806676.750000
91 1460228883974266.000000
92 2054793521198011.750000
93 2489071900342080.500000
94 2532683414145451.500000
95 2553930941140028.000000
96 3288776524405079.000000
97 3138250936346908.000000
98 2364058565935082.000000
99 2838065166570040.500000
100 2817153182373887.500000
101 4878306695007411.000000
102 3633687497261267.500000
103 3595086695388173.500000
104 3020568106225935.500000
105 2064506975344512.750000
106 1215178260347430.000000
107 2255014119803950.000000
108 1832053312711080.000000
109 1645283736050761.000000
110 1751573057921068.000000
111 1338568467252014.500000
112 2174776244338074.500000
113 2200427592075765.500000
114 1530886147749756.250000
115 1536145035418351.500000
116 1398272858639954.750000
117 745280933540759.625000
118 432391021086582.687500
119 632658675550010.375000
120 814332694905510.250000
121 436075848501695.562500
122 272294463225889.156250
123 250476673179291.750000
124 273458993745630.156250
125 338094097302012.937500
126 381646373154955.437500
127 350636238039602.875000
128 390797014911493.500000
129 268841733342365.437500
130 202258803240605.468750
131 250312256464871.875000
132 212320466599508.281250
133 232685457054409.062500
134 165559993735384.687500
135 127538064109249.156250
136 119698514625840.234375
137 104063383114429.703125
138 86187626692635.250000
139 84214216226768.406250
140 83844520681538.125000
141 61922336675258.906250
142 42989764235009.062500
143 40282366987963.265625
144 45130840657876.015625
145 35108777751949.746094
146 20126522670404.390625
147 17454464920368.156250
148 22149871856155.304688
149 18390931030546.644531
150 14604539247298.896484
151 14690903612355.195312
152 10515659990028.843750
153 7182103004172.764648
154 7106761098022.888672
155 4930676996169.026367
156 4068183473181.398926
157 5430620373424.585938
158 3013719929472.816406
159 2493539781240.925781
160 1723864185143.805420
161 1866161471885.590088
162 1632567642057.956787
163 1469820353388.094482
164 675313133050.952148
165 628675511573.131958
166 557606064096.212891
167 507038657907.563232
168 374376381531.555481
169 321814568622.764465
170 271374536580.462860
171 174823895102.743286
172 182905286170.002472
173 104782181620.980301
174 60383209902.017632
175 51982039987.199997
176 48943373843.961868
177 29657009895.597748
178 20377831316.789173
179 14159215534.492144
180 20422515503.346035
181 10690272653.032393
182 9873920003.949436
183 7585997226.356006
184 6256517103.831399
185 4851128792.838076
186 4433078364.879306
187 2571287620.745941
188 1709680016.082888
189 1364810063.942579
190 885525990.248223
191 547080261.848641
192 440722439.480781
193 382360016.705823
194 206673212.819914
195 153813319.538463
196 113118997.518579
197 75336900.693011
198 80455865.091586
199 56343113.647570
200 39351329.009486
201 32029596.908086
202 29495205.804407
203 17455701.647634
204 13183981.723850
205 10104590.466591
206 7613184.718649
207 4744107.822867
208 3030574.557768
209 2171859.575561
210 1851420.534253
211 744852.923156
212 443971.647428
213 335176.077205
214 211936.721654
215 127713.422155
216 106082.035304
217 58271.171436
218 50926.632387
219 32812.284634
220 21897.781428
221 14736.887331
222 6947.164797
223 6718.189672
224 3299.463128
225 2275.878353
226 1941.046700
227 1137.917694
228 796.677793
229 508.925265
230 327.031953
231 275.508083
232 183.334351
233 135.715892
234 78.244129
235 39.543969
236 35.441149
237 22.875843
238 17.297740
239 9.732250
240 5.045880
241 3.621429
242 2.979399
243 2.062095
244 1.428457
245 1.061880
246 0.474420
247 0.392665
248 0.336843
249 0.223637
250 0.128027
251 0.081012
252 0.052144
253 0.030224
254 0.019653
255 0.014319
256 0.008379
257 0.006569
258 0.005438
259 0.003097
260 0.002015
261 0.001318
262 0.000774
263 0.000460
264 0.000271
265 0.000166
266 0.000102
267 0.000059
268 0.000028
269 0.000020
270 0.000016
271 0.000009
272 0.000004
273 0.000003
274 0.000002
275 0.000001
276 0.000001
277 0.000000
278 0.000000
279 0.000000
280 0.000000
281 0.000000
282 0.000000
283 0.000000
284 0.000000
285 0.000000
286 0.000000
287 0.000000
288 0.000000
289 0.000000
290 0.000000
291 0.000000
292 0.000000
293 0.000000
294 0.000000
295 0.000000
296 0.000000
297 0.000000
298 0.000000
299 0.000000
300 0.000000
301 0.000000
302 0.000000
303 0.000000
304 0.000000
305 0.000000
306 0.000000
307 0.000000
308 0.000000
309 0.000000
310 0.000000
311 0.000000
312 0.000000
313 0.000000
314 0.000000
315 0.000000
316 0.000000
317 0.000000
318 0.000000
319 0.000000
320 0.000000
321 0.000000
322 0.000000
323 0.000000
324 0.000000
325 0.000000
326 0.000000
327 0.000000
328 0.000000
329 0.000000
330 0.000000
331 0.000000
332 0.000000
333 0.000000
334 0.000000
335 0.000000
336 0.000000
337 0.000000
338 0.000000
339 0.000000
340 0.000000
341 0.000000
342 0.000000
343 0.000000
344 0.000000
345 0.000000
346 0.000000
347 0.000000
348 0.000000
349 0.000000
350 0.000000
351 0.000000
352 0.000000
353 0.000000
354 0.000000
355 0.000000
356 0.000000
357 0.000000
358 0.000000
359 0.000000
360 0.000000
361 0.000000
362 0.000000
363 0.000000
364 0.000000
365 0.000000
366 0.000000
367 0.000000
368 0.000000
369 0.000000
370 0.000000
371 0.000000
372 0.000000
373 0.000000
374 0.000000
375 0.000000
376 0.000000
377 0.000000
378 0.000000
379 0.000000
380 0.000000
381 0.000000
382 0.000000
383 0.000000
384 0.000000
385 0.000000
386 0.000000
387 0.000000
388 0.000000
389 0.000000
390 0.000000
391 0.000000
392 0.000000
393 0.000000
394 0.000000
395 0.000000
396 0.000000
397 0.000000
398 0.000000
399 0.000000
400 0.000000
401 0.000000
402 0.000000
403 0.000000
404 0.000000
405 0.000000
406 0.000000
407 0.000000
408 0.000000
409 0.000000
410 0.000000
411 0.000000
412 0.000000
413 0.000000
414 0.000000
415 0.000000
416 0.000000
417 0.000000
418 0.000000
419 0.000000
420 0.000000
421 0.000000
422 0.000000
423 0.000000
424 0.000000
425 0.000000
426 0.000000
427 0.000000
428 0.000000
429 0.000000
430 0.000000
431 0.000000
432 0.000000
433 0.000000
434 0.000000
435 0.000000
436 0.000000
437 0.000000
438 0.000000
439 0.000000
440 0.000000
441 0.000000
442 0.000000
443 0.000000
444 0.000000
445 0.000000
446 0.000000
447 0.000000
448 0.000000
449 0.000000
450 0.000000
451 0.000000
452 0.000000
453 0.000000
454 0.000000
455 0.000000
456 0.000000
457 0.000000
458 0.000000
459 0.000000
460 0.000000
461 0.000000
462 0.000000
463 0.000000
464 0.000000
465 0.000000
466 0.000000
467 0.000000
468 0.000000
469 0.000000
470 0.000000
471 0.000000
472 0.000000
473 0.000000
474 0.000000
475 0.000000
476 0.000000
477 0.000000
478 0.000000
479 0.000000
480 0.000000
481 0.000000
482 0.000000
483 0.000000
484 0.000000
485 0.000000
486 0.000000
487 0.000000
488 0.000000
489 0.000000
490 0.000000
491 0.000000
492 0.000000
493 0.000000
494 0.000000
495 0.000000
496 0.000000
497 0.000000
498 0.000000
499 0.000000
500 0.000000
