1 714556.233887
2 726576.559640
3 657515.811084
4 638140.010862
5 651066.923003
6 618604.629701
7 554038.704130
8 547972.042241
9 462881.845885
10 420601.055673
11 360258.495477
12 348369.225424
13 344339.157440
14 292853.554045
15 270942.405911
16 260491.684279
17 213230.809426
18 199836.704441
19 180647.297692
20 158178.884077
21 148076.644458
22 144669.325565
23 127029.547007
24 113755.251709
25 100432.961596
26 94603.342755
27 80828.582816
28 68503.173863
29 60435.007255
30 49580.075854
31 43845.051709
32 40519.220873
33 32408.677273
34 30594.742602
35 25280.724958
36 21527.085987
37 19790.045686
38 17132.750449
39 13051.223969
40 11951.817613
41 10580.358200
42 8968.088512
43 7440.487116
44 6537.141472
45 5185.318928
46 4454.310532
47 3869.211077
48 3086.464437
49 2840.776627
50 2527.172805
51 2172.531379
52 1820.183990
53 1549.764820
54 1350.019483
55 1169.189283
56 948.795955
57 758.998734
58 684.001506
59 626.816200
60 533.593277
61 469.184126
62 401.936635
63 358.061708
64 299.209549
65 253.224321
66 218.651149
67 184.511286
68 153.991723
69 134.493630
70 111.959948
71 94.363978
72 82.171648
73 66.613103
74 57.804990
75 51.082390
76 43.713706
77 34.964545
78 31.544477
79 26.520232
80 22.190723
81 19.000024
82 14.751852
83 12.260504
84 10.471536
85 9.079355
86 7.386500
87 5.750119
88 4.538912
89 3.914397
90 3.083618
91 2.682110
92 2.200098
93 1.712747
94 1.330941
95 1.172374
96 0.907680
97 0.757329
98 0.637693
99 0.534961
100 0.433175
101 0.344175
102 0.272955
103 0.236072
104 0.188118
105 0.161537
106 0.137792
107 0.112699
108 0.094220
109 0.079417
110 0.063646
111 0.053425
112 0.041009
113 0.035873
114 0.029496
115 0.025299
116 0.019427
117 0.016760
118 0.013921
119 0.011088
120 0.009207
121 0.008206
122 0.006887
123 0.005876
124 0.004788
125 0.004003
126 0.003360
127 0.002805
128 0.002191
129 0.001885
130 0.001599
131 0.001343
132 0.001114
133 0.000879
134 0.000713
135 0.000566
136 0.000461
137 0.000385
138 0.000325
139 0.000274
140 0.000216
141 0.000179
142 0.000139
143 0.000127
144 0.000100
145 0.000084
146 0.000068
147 0.000057
148 0.000051
149 0.000042
150 0.000037
151 0.000032
152 0.000027
153 0.000023
154 0.000019
155 0.000016
156 0.000013
157 0.000012
158 0.000010
159 0.000008
160 0.000007
161 0.000006
162 0.000005
163 0.000005
164 0.000004
165 0.000003
166 0.000003
167 0.000002
168 0.000002
169 0.000002
170 0.000001
171 0.000001
172 0.000001
173 0.000001
174 0.000001
175 0.000001
176 0.000001
177 0.000000
178 0.000000
179 0.000000
180 0.000000
181 0.000000
182 0.000000
183 0.000000
184 0.000000
185 0.000000
186 0.000000
187 0.000000
188 0.000000
189 0.000000
190 0.000000
191 0.000000
192 0.000000
193 0.000000
194 0.000000
195 0.000000
196 0.000000
197 0.000000
198 0.000000
199 0.000000
200 0.000000
201 0.000000
202 0.000000
203 0.000000
204 0.000000
205 0.000000
206 0.000000
207 0.000000
208 0.000000
209 0.000000
210 0.000000
211 0.000000
212 0.000000
213 0.000000
214 0.000000
215 0.000000
216 0.000000
217 0.000000
218 0.000000
219 0.000000
220 0.000000
221 0.000000
222 0.000000
223 0.000000
224 0.000000
225 0.000000
226 0.000000
227 0.000000
228 0.000000
229 0.000000
230 0.000000
231 0.000000
232 0.000000
233 0.000000
234 0.000000
235 0.000000
236 0.000000
237 0.000000
238 0.000000
239 0.000000
240 0.000000
241 0.000000
242 0.000000
243 0.000000
244 0.000000
245 0.000000
246 0.000000
247 0.000000
248 0.000000
249 0.000000
250 0.000000
251 0.000000
252 0.000000
253 0.000000
254 0.000000
255 0.000000
256 0.000000
257 0.000000
258 0.000000
259 0.000000
260 0.000000
261 0.000000
262 0.000000
263 0.000000
264 0.000000
265 0.000000
266 0.000000
267 0.000000
268 0.000000
269 0.000000
270 0.000000
271 0.000000
272 0.000000
273 0.000000
274 0.000000
275 0.000000
276 0.000000
277 0.000000
278 0.000000
279 0.000000
280 0.000000
281 0.000000
282 0.000000
283 0.000000
284 0.000000
285 0.000000
286 0.000000
287 0.000000
288 0.000000
289 0.000000
290 0.000000
291 0.000000
292 0.000000
293 0.000000
294 0.000000
295 0.000000
296 0.000000
297 0.000000
298 0.000000
299 0.000000
300 0.000000
301 0.000000
302 0.000000
303 0.000000
304 0.000000
305 0.000000
306 0.000000
307 0.000000
308 0.000000
309 0.000000
310 0.000000
311 0.000000
312 0.000000
313 0.000000
314 0.000000
315 0.000000
316 0.000000
317 0.000000
318 0.000000
319 0.000000
320 0.000000
321 0.000000
322 0.000000
323 0.000000
324 0.000000
325 0.000000
326 0.000000
327 0.000000
328 0.000000
329 0.000000
330 0.000000
331 0.000000
332 0.000000
333 0.000000
334 0.000000
335 0.000000
336 0.000000
337 0.000000
338 0.000000
339 0.000000
340 0.000000
341 0.000000
342 0.000000
343 0.000000
344 0.000000
345 0.000000
346 0.000000
347 0.000000
348 0.000000
349 0.000000
350 0.000000
351 0.000000
352 0.000000
353 0.000000
354 0.000000
355 0.000000
356 0.000000
357 0.000000
358 0.000000
359 0.000000
360 0.000000
361 0.000000
362 0.000000
363 0.000000
364 0.000000
365 0.000000
366 0.000000
367 0.000000
368 0.000000
369 0.000000
370 0.000000
371 0.000000
372 0.000000
373 0.000000
374 0.000000
375 0.000000
376 0.000000
377 0.000000
378 0.000000
379 0.000000
380 0.000000
381 0.000000
382 0.000000
383 0.000000
384 0.000000
385 0.000000
386 0.000000
387 0.000000
388 0.000000
389 0.000000
390 0.000000
391 0.000000
392 0.000000
393 0.000000
394 0.000000
395 0.000000
396 0.000000
397 0.000000
398 0.000000
399 0.000000
400 0.000000
401 0.000000
402 0.000000
403 0.000000
404 0.000000
405 0.000000
406 0.000000
407 0.000000
408 0.000000
409 0.000000
410 0.000000
411 0.000000
412 0.000000
413 0.000000
414 0.000000
415 0.000000
416 0.000000
417 0.000000
418 0.000000
419 0.000000
420 0.000000
421 0.000000
422 0.000000
423 0.000000
424 0.000000
425 0.000000
426 0.000000
427 0.000000
428 0.000000
429 0.000000
430 0.000000
431 0.000000
432 0.000000
433 0.000000
434 0.000000
435 0.000000
436 0.000000
437 0.000000
438 0.000000
439 0.000000
440 0.000000
441 0.000000
442 0.000000
443 0.000000
444 0.000000
445 0.000000
446 0.000000
447 0.000000
448 0.000000
449 0.000000
450 0.000000
451 0.000000
452 0.000000
453 0.000000
454 0.000000
455 0.000000
456 0.000000
457 0.000000
458 0.000000
459 0.000000
460 0.000000
461 0.000000
462 0.000000
463 0.000000
464 0.000000
465 0.000000
466 0.000000
467 0.000000
468 0.000000
469 0.000000
470 0.000000
471 0.000000
472 0.000000
473 0.000000
474 0.000000
475 0.000000
476 0.000000
477 0.000000
478 0.000000
479 0.000000
480 0.000000
481 0.000000
482 0.000000
483 0.000000
484 0.000000
485 0.000000
486 0.000000
487 0.000000
488 0.000000
489 0.000000
490 0.000000
491 0.000000
492 0.000000
493 0.000000
494 0.000000
495 0.000000
496 0.000000
497 0.000000
498 0.000000
499 0.000000
500 0.000000
1 655841.357915
2 744904.120901
3 788737.995204
4 666423.038431
5 655359.173693
6 671669.835442
7 619203.985825
8 556187.132978
9 522125.864662
10 477660.993524
11 467342.661677
12 378032.743709
13 352067.510332
14 367448.020840
15 325083.904860
16 277872.376309
17 258960.970049
18 250682.277270
19 222142.076413
20 198804.612807
21 188445.683812
22 169571.920160
23 161220.646028
24 150231.874578
25 134977.907223
26 123877.754745
27 109761.870635
28 103527.510066
29 87865.488037
30 77623.807852
31 70221.462710
32 51440.091948
33 50032.254677
34 41021.408317
35 36794.893119
36 32969.621899
37 25215.875924
38 23216.784810
39 20122.468356
40 17258.080734
41 12988.539909
42 12652.873471
43 11159.969256
44 9932.417214
45 8282.098911
46 7146.828832
47 6796.967970
48 5570.793530
49 4665.363383
50 4152.219327
51 3407.652224
52 2472.465776
53 2212.996698
54 1883.861990
55 1657.726301
56 1419.448160
57 1190.461636
58 1045.666847
59 850.343000
60 683.604177
61 582.610882
62 500.859459
63 432.345628
64 372.588829
65 291.966652
66 273.518426
67 229.836156
68 194.788946
69 174.293384
70 135.576050
71 116.461243
72 99.038303
73 83.094594
74 68.590853
75 53.649977
76 46.557782
77 41.059133
78 33.328443
79 29.310365
80 24.939467
81 20.760695
82 16.219866
83 13.434407
84 11.181802
85 9.009128
86 7.384119
87 6.321047
88 5.169235
89 4.233423
90 3.431466
91 2.854694
92 2.406695
93 2.076578
94 1.771058
95 1.469688
96 1.243773
97 0.968912
98 0.827839
99 0.705979
100 0.538295
101 0.441574
102 0.364973
103 0.291177
104 0.243424
105 0.199342
106 0.176709
107 0.147483
108 0.121539
109 0.096664
110 0.080365
111 0.064794
112 0.054312
113 0.043265
114 0.035964
115 0.028676
116 0.024075
117 0.020457
118 0.015288
119 0.012651
120 0.010529
121 0.008288
122 0.007564
123 0.005715
124 0.005159
125 0.004285
126 0.003487
127 0.003093
128 0.002540
129 0.002195
130 0.001867
131 0.001530
132 0.001347
133 0.001075
134 0.000931
135 0.000750
136 0.000663
137 0.000539
138 0.000474
139 0.000393
140 0.000317
141 0.000264
142 0.000216
143 0.000187
144 0.000151
145 0.000129
146 0.000110
147 0.000091
148 0.000077
149 0.000066
150 0.000053
151 0.000046
152 0.000038
153 0.000032
154 0.000026
155 0.000022
156 0.000019
157 0.000015
158 0.000013
159 0.000011
160 0.000009
161 0.000008
162 0.000007
163 0.000006
164 0.000005
165 0.000004
166 0.000004
167 0.000003
168 0.000003
169 0.000002
170 0.000002
171 0.000002
172 0.000001
173 0.000001
174 0.000001
175 0.000001
176 0.000001
177 0.000001
178 0.000001
179 0.000000
180 0.000000
181 0.000000
182 0.000000
183 0.000000
184 0.000000
185 0.000000
186 0.000000
187 0.000000
188 0.000000
189 0.000000
190 0.000000
191 0.000000
192 0.000000
193 0.000000
194 0.000000
195 0.000000
196 0.000000
197 0.000000
198 0.000000
199 0.000000
200 0.000000
201 0.000000
202 0.000000
203 0.000000
204 0.000000
205 0.000000
206 0.000000
207 0.000000
208 0.000000
209 0.000000
210 0.000000
211 0.000000
212 0.000000
213 0.000000
214 0.000000
215 0.000000
216 0.000000
217 0.000000
218 0.000000
219 0.000000
220 0.000000
221 0.000000
222 0.000000
223 0.000000
224 0.000000
225 0.000000
226 0.000000
227 0.000000
228 0.000000
229 0.000000
230 0.000000
231 0.000000
232 0.000000
233 0.000000
234 0.000000
235 0.000000
236 0.000000
237 0.000000
238 0.000000
239 0.000000
240 0.000000
241 0.000000
242 0.000000
243 0.000000
244 0.000000
245 0.000000
246 0.000000
247 0.000000
248 0.000000
249 0.000000
250 0.000000
251 0.000000
252 0.000000
253 0.000000
254 0.000000
255 0.000000
256 0.000000
257 0.000000
258 0.000000
259 0.000000
260 0.000000
261 0.000000
262 0.000000
263 0.000000
264 0.000000
265 0.000000
266 0.000000
267 0.000000
268 0.000000
269 0.000000
270 0.000000
271 0.000000
272 0.000000
273 0.000000
274 0.000000
275 0.000000
276 0.000000
277 0.000000
278 0.000000
279 0.000000
280 0.000000
281 0.000000
282 0.000000
283 0.000000
284 0.000000
285 0.000000
286 0.000000
287 0.000000
288 0.000000
289 0.000000
290 0.000000
291 0.000000
292 0.000000
293 0.000000
294 0.000000
295 0.000000
296 0.000000
297 0.000000
298 0.000000
299 0.000000
300 0.000000
301 0.000000
302 0.000000
303 0.000000
304 0.000000
305 0.000000
306 0.000000
307 0.000000
308 0.000000
309 0.000000
310 0.000000
311 0.000000
312 0.000000
313 0.000000
314 0.000000
315 0.000000
316 0.000000
317 0.000000
318 0.000000
319 0.000000
320 0.000000
321 0.000000
322 0.000000
323 0.000000
324 0.000000
325 0.000000
326 0.000000
327 0.000000
328 0.000000
329 0.000000
330 0.000000
331 0.000000
332 0.000000
333 0.000000
334 0.000000
335 0.000000
336 0.000000
337 0.000000
338 0.000000
339 0.000000
340 0.000000
341 0.000000
342 0.000000
343 0.000000
344 0.000000
345 0.000000
346 0.000000
347 0.000000
348 0.000000
349 0.000000
350 0.000000
351 0.000000
352 0.000000
353 0.000000
354 0.000000
355 0.000000
356 0.000000
357 0.000000
358 0.000000
359 0.000000
360 0.000000
361 0.000000
362 0.000000
363 0.000000
364 0.000000
365 0.000000
366 0.000000
367 0.000000
368 0.000000
369 0.000000
370 0.000000
371 0.000000
372 0.000000
373 0.000000
374 0.000000
375 0.000000
376 0.000000
377 0.000000
378 0.000000
379 0.000000
380 0.000000
381 0.000000
382 0.000000
383 0.000000
384 0.000000
385 0.000000
386 0.000000
387 0.000000
388 0.000000
389 0.000000
390 0.000000
391 0.000000
392 0.000000
393 0.000000
394 0.000000
395 0.000000
396 0.000000
397 0.000000
398 0.000000
399 0.000000
400 0.000000
401 0.000000
402 0.000000
403 0.000000
404 0.000000
405 0.000000
406 0.000000
407 0.000000
408 0.000000
409 0.000000
410 0.000000
411 0.000000
412 0.000000
413 0.000000
414 0.000000
415 0.000000
416 0.000000
417 0.000000
418 0.000000
419 0.000000
420 0.000000
421 0.000000
422 0.000000
423 0.000000
424 0.000000
425 0.000000
426 0.000000
427 0.000000
428 0.000000
429 0.000000
430 0.000000
431 0.000000
432 0.000000
433 0.000000
434 0.000000
435 0.000000
436 0.000000
437 0.000000
438 0.000000
439 0.000000
440 0.000000
441 0.000000
442 0.000000
443 0.000000
444 0.000000
445 0.000000
446 0.000000
447 0.000000
448 0.000000
449 0.000000
450 0.000000
451 0.000000
452 0.000000
453 0.000000
454 0.000000
455 0.000000
456 0.000000
457 0.000000
458 0.000000
459 0.000000
460 0.000000
461 0.000000
462 0.000000
463 0.000000
464 0.000000
465 0.000000
466 0.000000
467 0.000000
468 0.000000
469 0.000000
470 0.000000
471 0.000000
472 0.000000
473 0.000000
474 0.000000
475 0.000000
476 0.000000
477 0.000000
478 0.000000
479 0.000000
480 0.000000
481 0.000000
482 0.000000
483 0.000000
484 0.000000
485 0.000000
486 0.000000
487 0.000000
488 0.000000
489 0.000000
490 0.000000
491 0.000000
492 0.000000
493 0.000000
494 0.000000
495 0.000000
496 0.000000
497 0.000000
498 0.000000
499 0.000000
500 0.000000
