1 722822.813051
2 742482.189578
3 755790.820763
4 785554.462171
5 746133.148405
6 700481.385774
7 682521.840755
8 648756.175710
9 569577.903258
10 538322.695416
11 511289.145979
12 475492.620899
13 426359.461602
14 413866.970468
15 362613.599611
16 333263.355560
17 292625.326996
18 285300.560276
19 230616.045748
20 204343.734010
21 195087.589708
22 173832.637677
23 161569.528277
24 140035.770876
25 131371.128611
26 113804.574526
27 107262.075583
28 94423.382639
29 81900.226662
30 72511.702095
31 62807.162387
32 57856.973237
33 51477.693823
34 46647.351309
35 41553.486418
36 35067.589998
37 30112.136848
38 27163.461884
39 23841.962496
40 21254.546154
41 18229.446426
42 16030.072280
43 14210.010299
44 12960.910585
45 10562.716824
46 8719.191619
47 6917.099869
48 5601.713620
49 5086.819013
50 4572.261138
51 4302.064729
52 3565.733473
53 3153.945547
54 2570.083758
55 2351.315874
56 1980.433503
57 1622.654483
58 1431.495573
59 1184.102402
60 1023.010152
61 864.497715
62 671.021302
63 607.398126
64 502.034307
65 394.932964
66 337.398764
67 288.337922
68 236.370338
69 188.123781
70 154.845872
71 127.878877
72 107.990779
73 88.524557
74 71.434778
75 62.734440
76 48.606271
77 39.017135
78 31.139286
79 24.943979
80 20.697217
81 16.615521
82 14.316960
83 12.466028
84 10.958867
85 8.981781
86 7.423236
87 6.216950
88 5.063645
89 4.144415
90 3.489547
91 2.839726
92 2.474437
93 2.047973
94 1.829219
95 1.531709
96 1.307215
97 1.037052
98 0.842556
99 0.728847
100 0.603010
101 0.517487
102 0.424277
103 0.355235
104 0.289890
105 0.244280
106 0.196684
107 0.168754
108 0.133762
109 0.104207
110 0.093328
111 0.074867
112 0.066459
113 0.055267
114 0.044122
115 0.034811
116 0.030928
117 0.023893
118 0.020996
119 0.016936
120 0.014595
121 0.011689
122 0.009774
123 0.008115
124 0.006876
125 0.005749
126 0.004755
127 0.003996
128 0.003312
129 0.002864
130 0.002343
131 0.002006
132 0.001733
133 0.001463
134 0.001164
135 0.001000
136 0.000840
137 0.000712
138 0.000642
139 0.000531
140 0.000446
141 0.000383
142 0.000327
143 0.000275
144 0.000226
145 0.000192
146 0.000168
147 0.000141
148 0.000122
149 0.000107
150 0.000089
151 0.000076
152 0.000065
153 0.000053
154 0.000047
155 0.000039
156 0.000033
157 0.000025
158 0.000023
159 0.000020
160 0.000018
161 0.000015
162 0.000013
163 0.000011
164 0.000010
165 0.000008
166 0.000007
167 0.000006
168 0.000005
169 0.000004
170 0.000004
171 0.000003
172 0.000003
173 0.000002
174 0.000002
175 0.000002
176 0.000002
177 0.000001
178 0.000001
179 0.000001
180 0.000001
181 0.000001
182 0.000001
183 0.000001
184 0.000000
185 0.000000
186 0.000000
187 0.000000
188 0.000000
189 0.000000
190 0.000000
191 0.000000
192 0.000000
193 0.000000
194 0.000000
195 0.000000
196 0.000000
197 0.000000
198 0.000000
199 0.000000
200 0.000000
201 0.000000
202 0.000000
203 0.000000
204 0.000000
205 0.000000
206 0.000000
207 0.000000
208 0.000000
209 0.000000
210 0.000000
211 0.000000
212 0.000000
213 0.000000
214 0.000000
215 0.000000
216 0.000000
217 0.000000
218 0.000000
219 0.000000
220 0.000000
221 0.000000
222 0.000000
223 0.000000
224 0.000000
225 0.000000
226 0.000000
227 0.000000
228 0.000000
229 0.000000
230 0.000000
231 0.000000
232 0.000000
233 0.000000
234 0.000000
235 0.000000
236 0.000000
237 0.000000
238 0.000000
239 0.000000
240 0.000000
241 0.000000
242 0.000000
243 0.000000
244 0.000000
245 0.000000
246 0.000000
247 0.000000
248 0.000000
249 0.000000
250 0.000000
251 0.000000
252 0.000000
253 0.000000
254 0.000000
255 0.000000
256 0.000000
257 0.000000
258 0.000000
259 0.000000
260 0.000000
261 0.000000
262 0.000000
263 0.000000
264 0.000000
265 0.000000
266 0.000000
267 0.000000
268 0.000000
269 0.000000
270 0.000000
271 0.000000
272 0.000000
273 0.000000
274 0.000000
275 0.000000
276 0.000000
277 0.000000
278 0.000000
279 0.000000
280 0.000000
281 0.000000
282 0.000000
283 0.000000
284 0.000000
285 0.000000
286 0.000000
287 0.000000
288 0.000000
289 0.000000
290 0.000000
291 0.000000
292 0.000000
293 0.000000
294 0.000000
295 0.000000
296 0.000000
297 0.000000
298 0.000000
299 0.000000
300 0.000000
301 0.000000
302 0.000000
303 0.000000
304 0.000000
305 0.000000
306 0.000000
307 0.000000
308 0.000000
309 0.000000
310 0.000000
311 0.000000
312 0.000000
313 0.000000
314 0.000000
315 0.000000
316 0.000000
317 0.000000
318 0.000000
319 0.000000
320 0.000000
321 0.000000
322 0.000000
323 0.000000
324 0.000000
325 0.000000
326 0.000000
327 0.000000
328 0.000000
329 0.000000
330 0.000000
331 0.000000
332 0.000000
333 0.000000
334 0.000000
335 0.000000
336 0.000000
337 0.000000
338 0.000000
339 0.000000
340 0.000000
341 0.000000
342 0.000000
343 0.000000
344 0.000000
345 0.000000
346 0.000000
347 0.000000
348 0.000000
349 0.000000
350 0.000000
351 0.000000
352 0.000000
353 0.000000
354 0.000000
355 0.000000
356 0.000000
357 0.000000
358 0.000000
359 0.000000
360 0.000000
361 0.000000
362 0.000000
363 0.000000
364 0.000000
365 0.000000
366 0.000000
367 0.000000
368 0.000000
369 0.000000
370 0.000000
371 0.000000
372 0.000000
373 0.000000
374 0.000000
375 0.000000
376 0.000000
377 0.000000
378 0.000000
379 0.000000
380 0.000000
381 0.000000
382 0.000000
383 0.000000
384 0.000000
385 0.000000
386 0.000000
387 0.000000
388 0.000000
389 0.000000
390 0.000000
391 0.000000
392 0.000000
393 0.000000
394 0.000000
395 0.000000
396 0.000000
397 0.000000
398 0.000000
399 0.000000
400 0.000000
401 0.000000
402 0.000000
403 0.000000
404 0.000000
405 0.000000
406 0.000000
407 0.000000
408 0.000000
409 0.000000
410 0.000000
411 0.000000
412 0.000000
413 0.000000
414 0.000000
415 0.000000
416 0.000000
417 0.000000
418 0.000000
419 0.000000
420 0.000000
421 0.000000
422 0.000000
423 0.000000
424 0.000000
425 0.000000
426 0.000000
427 0.000000
428 0.000000
429 0.000000
430 0.000000
431 0.000000
432 0.000000
433 0.000000
434 0.000000
435 0.000000
436 0.000000
437 0.000000
438 0.000000
439 0.000000
440 0.000000
441 0.000000
442 0.000000
443 0.000000
444 0.000000
445 0.000000
446 0.000000
447 0.000000
448 0.000000
449 0.000000
450 0.000000
451 0.000000
452 0.000000
453 0.000000
454 0.000000
455 0.000000
456 0.000000
457 0.000000
458 0.000000
459 0.000000
460 0.000000
461 0.000000
462 0.000000
463 0.000000
464 0.000000
465 0.000000
466 0.000000
467 0.000000
468 0.000000
469 0.000000
470 0.000000
471 0.000000
472 0.000000
473 0.000000
474 0.000000
475 0.000000
476 0.000000
477 0.000000
478 0.000000
479 0.000000
480 0.000000
481 0.000000
482 0.000000
483 0.000000
484 0.000000
485 0.000000
486 0.000000
487 0.000000
488 0.000000
489 0.000000
490 0.000000
491 0.000000
492 0.000000
493 0.000000
494 0.000000
495 0.000000
496 0.000000
497 0.000000
498 0.000000
499 0.000000
500 0.000000
