1 46002332.242033
2 85907532.090286
3 105552613.683457
4 107842568.145688
5 139472484.258351
6 196161153.577770
7 142491549.487854
8 249235063.657865
9 274317929.008476
10 261801464.110436
11 324940754.926437
12 441113086.680929
13 506917269.968455
14 542311943.813426
15 526868690.830668
16 603361896.127643
17 901321771.301819
18 876902783.086727
19 632554795.767960
20 1022237056.788052
21 1159408559.745221
22 1040641884.242263
23 1358268080.337304
24 1347218888.781842
25 1423458236.584425
26 1564758163.064964
27 1582663399.604736
28 2563611663.848594
29 2190539988.155375
30 2630841073.352574
31 2636093559.501247
32 2751958847.379625
33 1750185934.217253
34 2616270093.703727
35 3404819454.229305
36 3216960573.868954
37 3652681900.255545
38 3724245372.489519
39 3707249541.983036
40 3065416824.176789
41 2959146195.907059
42 3882485309.223311
43 2646525982.894166
44 3873895799.972086
45 4137570105.119772
46 5681401973.119203
47 5550805602.325688
48 5233649171.687468
49 4836092801.094968
50 4725902770.065333
51 5723225130.530208
52 5327773368.680708
53 4922767746.090159
54 3983656657.571712
55 3395832100.827685
56 4590277395.695287
57 4964900761.795882
58 5405307682.323173
59 6596027468.827526
60 5989101371.832032
61 6736765538.780617
62 6979425773.102148
63 6023741278.358497
64 6564292767.003860
65 5711311756.050623
66 6492407433.179874
67 6474811842.515267
68 5968250226.721187
69 7777475928.497131
70 7815145253.477179
71 7533519817.250749
72 7638926013.863858
73 5882257729.176982
74 7123550261.682352
75 7546344558.217118
76 7240006880.331524
77 6963688052.963449
78 5681145652.543115
79 7635735098.135629
80 6625768932.929770
81 6623095947.283074
82 7737391260.021059
83 6435563499.539899
84 5530028533.227621
85 5673932089.259755
86 3790200031.839322
87 4787050105.282574
88 4512515418.304287
89 4707421657.740834
90 6760769573.815285
91 6244346987.647799
92 6155617089.551533
93 5747916645.058754
94 4337139044.610487
95 4525150424.524224
96 5256976887.429925
97 3657686147.080396
98 3619189852.653371
99 2594674908.993377
100 4548074014.555240
101 3531794516.359045
102 4141506145.494396
103 3845830632.839787
104 3781254759.853550
105 3490092800.664780
106 3365241242.457906
107 2955978380.417696
108 2387906933.700480
109 2764241228.062297
110 2694535416.936119
111 2360355045.719972
112 2949735883.642530
113 2336939348.933910
114 2186994596.556721
115 2485996198.857512
116 2246011619.147300
117 1744826218.797508
118 2322000838.056482
119 1909688939.821332
120 1855454741.369211
121 1946418084.842789
122 1597285306.899818
123 1573941520.301524
124 1321010991.836125
125 1521046973.329237
126 1027816318.625304
127 1131570501.104060
128 1046509294.622471
129 1311437216.049216
130 1202090182.001880
131 1074242177.753724
132 1291522137.983332
133 1143132892.055869
134 1077206904.617422
135 1009914871.226594
136 890496711.930955
137 961245015.576502
138 826523189.873587
139 1044510616.886540
140 861680302.970083
141 870680261.842961
142 907655063.716559
143 766461749.726668
144 668262134.458203
145 945323242.695902
146 706123068.709376
147 774229735.082747
148 797621354.790604
149 675051489.010555
150 733893972.209773
151 610535246.641038
152 553223402.119191
153 472039562.724112
154 565601852.438685
155 585741788.498003
156 628345630.226428
157 617394443.779199
158 610037244.964112
159 581716069.030416
160 642025940.351507
161 743993043.691539
162 683662280.344415
163 592179489.551453
164 659346357.199211
165 661938620.744773
166 618658930.934846
167 601013755.990083
168 575680015.655074
169 456656184.476586
170 358713873.910373
171 385907165.240435
172 403517068.036162
173 409871021.152754
174 398962699.345148
175 489296226.479639
176 391369641.082464
177 323739000.968895
178 355597393.449531
179 349232819.535218
180 385470686.860041
181 341540499.385173
182 271959621.157671
183 281178430.894538
184 247995419.370039
185 248745070.070070
186 251596458.363955
187 190231717.625311
188 207830512.886896
189 189677289.482107
190 160322697.380615
191 170636129.674668
192 177258089.991345
193 116448555.010117
194 149607452.346750
195 131962014.606736
196 138917467.387880
197 120459857.832263
198 130747321.281968
199 113288627.491398
200 111676884.804484
201 108316379.269543
202 92667334.571158
203 106828486.362142
204 92015135.455782
205 91714737.404909
206 87717074.693072
207 91511374.561631
208 74106703.580128
209 87416288.412235
210 81388863.964934
211 71884655.902990
212 68459498.152513
213 65298327.784144
214 70116509.637757
215 71210078.049121
216 67120000.956639
217 60146272.310809
218 55691686.374512
219 55866940.246290
220 51997829.439450
221 56170461.608023
222 54478908.239510
223 52297649.588900
224 55395396.300765
225 47537392.591737
226 44009777.935650
227 45248178.374251
228 42429509.080061
229 40678948.952630
230 39608098.431545
231 33471089.094678
232 35794395.014970
233 34775392.159392
234 30800872.723169
235 28943057.938393
236 32597958.016344
237 31530772.647211
238 31240975.778796
239 27796016.868393
240 27191983.830186
241 31780608.795392
242 29146996.458889
243 28543883.084791
244 25775029.872872
245 27128127.757527
246 24446847.971407
247 25455306.641406
248 23810285.832852
249 24522072.852150
250 22447172.308248
251 20695561.807831
252 17945479.657593
253 20740378.558425
254 17930575.291436
255 19435786.463696
256 19062512.410123
257 17973177.994671
258 15520474.062645
259 19096301.845636
260 17037439.777073
261 17131484.992849
262 15654501.845286
263 15519116.727235
264 15754328.472457
265 14609580.979182
266 14512966.339799
267 13796363.460346
268 14507246.104789
269 13208459.343426
270 13422036.167671
271 12560976.294821
272 12834430.480776
273 13524485.955035
274 12356155.348458
275 11738356.240891
276 11941980.565499
277 10834010.287027
278 10517231.375195
279 10521277.842709
280 9801250.445676
281 8631646.380592
282 9987806.685828
283 9627379.315912
284 8741187.773531
285 9072052.524250
286 8013675.959348
287 8678942.306468
288 7635985.722885
289 8196807.155313
290 8120487.976261
291 7898774.137642
292 7880374.361885
293 8285383.451691
294 7843027.641890
295 7784995.854084
296 7381925.310050
297 7053978.892159
298 7252324.960552
299 7385472.478898
300 6995817.562989
301 7773950.368328
302 7361750.031792
303 6969487.811138
304 7163802.641687
305 6746507.261604
306 6806707.049426
307 6475878.026611
308 5835048.561009
309 6355893.874432
310 6444339.679121
311 5629304.137584
312 5948270.378883
313 6301305.412031
314 5959143.477410
315 5776771.240340
316 5539264.113073
317 5576969.048344
318 5584080.094082
319 5552993.956468
320 5474381.722215
321 4656640.680740
322 4890172.868676
323 4571106.474434
324 4721826.688906
325 4078312.432179
326 4090248.384881
327 4431055.574004
328 4232240.027154
329 4511856.836245
330 4124214.794839
331 3997868.636492
332 3889999.126308
333 3784951.439884
334 3881740.033581
335 3644151.752827
336 3848252.767176
337 3555350.236855
338 3535549.650618
339 3421908.682048
340 3445538.635167
341 3324339.550636
342 3169320.017804
343 3341219.874884
344 3330387.356349
345 3416036.158138
346 3123767.538321
347 3202823.103550
348 3119852.340381
349 3049559.820525
350 3135409.697557
351 3024406.354577
352 2843967.943207
353 2832106.603184
354 2846242.190983
355 2840844.724574
356 2767343.069133
357 2738251.862268
358 2806334.152309
359 2658384.511929
360 2500793.599706
361 2495329.573379
362 2436398.593017
363 2362169.029037
364 2312204.849512
365 2213030.736337
366 2353448.158234
367 2377309.010235
368 2233610.696434
369 2177725.845674
370 2009296.911077
371 2098659.991103
372 2077035.502910
373 2039319.849686
374 2099688.033344
375 1949385.986197
376 2029207.740165
377 1957255.343465
378 1919194.162068
379 1778981.747334
380 1721660.394621
381 1670007.993961
382 1646172.737998
383 1664209.239988
384 1676791.305572
385 1627709.890769
386 1622793.001214
387 1695476.394012
388 1594215.952841
389 1594470.932391
390 1568723.153775
391 1570511.198582
392 1579574.600124
393 1541604.870040
394 1532161.887855
395 1544278.105097
396 1504621.748531
397 1543703.303357
398 1492105.353412
399 1533187.704596
400 1516505.956320
401 1457784.030294
402 1554245.735892
403 1559015.090926
404 1537343.777659
405 1537501.353984
406 1482037.617823
407 1478535.510239
408 1452095.134309
409 1409422.638472
410 1381807.412893
411 1379050.191278
412 1392877.614668
413 1390077.401202
414 1388781.246563
415 1333729.255289
416 1352529.348002
417 1287323.921575
418 1339530.087648
419 1318446.850389
420 1295824.097638
421 1282198.916681
422 1255777.072985
423 1231747.321205
424 1232973.759157
425 1170319.079005
426 1206947.435392
427 1158508.674027
428 1169693.957147
429 1126114.161597
430 1137618.574868
431 1116016.495135
432 1108897.545428
433 1076371.072599
434 1080663.301072
435 1049241.239491
436 1045682.787200
437 1023033.437054
438 983313.520592
439 978684.636645
440 989387.343400
441 973284.298735
442 965269.419630
443 948514.975412
444 916324.930886
445 918641.585308
446 913655.675037
447 918191.335607
448 909991.031867
449 908588.073895
450 905533.708322
451 899152.057238
452 900751.420474
453 887246.371340
454 876856.092960
455 873305.221217
456 870624.413523
457 864503.742239
458 851194.232188
459 849582.371027
460 841285.052805
461 841925.878075
462 835654.059072
463 828424.592461
464 827632.854381
465 820764.866810
466 812173.831298
467 808859.364993
468 804391.956331
469 798243.792007
470 791854.702733
471 786708.296306
472 785175.210250
473 782720.379013
474 779886.253775
475 779075.654261
476 773710.890800
477 769996.952734
478 765975.699429
479 760375.987831
480 754352.901111
481 749156.470638
482 746062.765294
483 743114.919936
484 740666.286280
485 735247.166846
486 731907.574844
487 730085.654225
488 727288.802879
489 724127.212444
490 721883.154519
491 718573.060892
492 716657.743919
493 715230.681677
494 713695.419165
495 712427.946497
496 710468.107712
497 709391.335786
498 708496.180129
499 707867.024484
500 707583.798153
