1 77709428.644125
2 83922410.740108
3 162450300.701131
4 225534351.866066
5 564087182.767418
6 1630024459.207200
7 2588864662.881859
8 6627635289.674662
9 9152613872.053516
10 15526927736.229818
11 12705379902.642700
12 13390533251.725874
13 35112242155.183456
14 56475935144.386414
15 71069026795.390671
16 131420441982.386826
17 212865218272.848724
18 251372054674.306854
19 395513546180.383423
20 763805352378.075073
21 1188435804551.952881
22 1620554845559.614258
23 4383778598147.344727
24 5690215284948.905273
25 8400305451040.658203
26 12419949480381.052734
27 19482309406497.894531
28 30569276253907.964844
29 40267952261781.218750
30 64273720461544.921875
31 73249417233462.031250
32 129869160624559.593750
33 157908982295856.375000
34 230476567957276.062500
35 477136401534536.875000
36 568348972857690.750000
37 798302261274753.750000
38 1523297110639289.750000
39 2377710428716564.500000
40 2924312914931809.000000
41 3289498204587769.500000
42 5805007898482304.000000
43 8169191975427441.000000
44 8944859195777218.000000
45 18023235762674936.000000
46 23821656224479904.000000
47 28602465729758728.000000
48 45533546208980376.000000
49 49099478667192984.000000
50 94554924289085904.000000
51 119179897870024400.000000
52 154550339335759040.000000
53 224479230274128672.000000
54 285486383290712448.000000
55 519673545834181440.000000
56 602580379175982976.000000
57 716747398292591104.000000
58 758303296439437312.000000
59 965594148455365760.000000
60 881154442595098496.000000
61 1349557500995450112.000000
62 1446066603522428416.000000
63 1589321893605060864.000000
64 3241987040143819264.000000
65 3018983100691324416.000000
66 3472432397410937344.000000
67 3883816206535727616.000000
68 3562871016519834112.000000
69 4008840166842480640.000000
70 5247251557563343872.000000
71 7952775965657989120.000000
72 8074979501757769728.000000
73 12863455921154560000.000000
74 14741436525611120640.000000
75 16816002519992965120.000000
76 26732282193073369088.000000
77 22970479864197619712.000000
78 30430516463873294336.000000
79 29125757087508873216.000000
80 35950982370091249664.000000
81 48903573019457593344.000000
82 42407457350161440768.000000
83 47591147353600483328.000000
84 46858767641203916800.000000
85 52036917254866100224.000000
86 67671163139050668032.000000
87 79370860966810370048.000000
88 108492147872289521664.000000
89 92332805956743561216.000000
90 76459706460854714368.000000
91 95514735351742808064.000000
92 124120244314461749248.000000
93 124506305266300256256.000000
94 97825577616583114752.000000
95 123593379880146436096.000000
96 170036745474192343040.000000
97 171490512165673762816.000000
98 164504150005597732864.000000
99 88725693782394208256.000000
100 137911065876651868160.000000
101 169459585730091417600.000000
102 102804397199167471616.000000
103 169467971203850010624.000000
104 133797090389302788096.000000
105 238449496404630536192.000000
106 206585954889261678592.000000
107 244759241590930178048.000000
108 223416961804907413504.000000
109 193453604988659695616.000000
110 233644878682881163264.000000
111 386581753990207700992.000000
112 389072117696548110336.000000
113 617640153814187507712.000000
114 406522062808058298368.000000
115 398509718849204322304.000000
116 271155980289840611328.000000
117 357597412811690016768.000000
118 358993052394086334464.000000
119 539312106027525275648.000000
120 488681867837500030976.000000
121 447489169716941881344.000000
122 459005205479502905344.000000
123 455582733015023681536.000000
124 579914842659599220736.000000
125 466897638948271423488.000000
126 392193035630185545728.000000
127 455186840035180347392.000000
128 474976886068694155264.000000
129 430506816764066856960.000000
130 377838266168829214720.000000
131 295216096092307914752.000000
132 323834751909682085888.000000
133 264255919072359940096.000000
134 213722805058220949504.000000
135 300169811270214221824.000000
136 256779371504658219008.000000
137 295341155844157734912.000000
138 257183623517067247616.000000
139 265371797663282692096.000000
140 244986738722933374976.000000
141 197774252490990419968.000000
142 264530237301289877504.000000
143 118112694885104959488.000000
144 148377521763197452288.000000
145 208080086287998582784.000000
146 148396849089523613696.000000
147 154744159780421402624.000000
148 139997225979774763008.000000
149 133157863087102263296.000000
150 126007757412779540480.000000
151 118600320138396418048.000000
152 86656995488682835968.000000
153 75994130165383577600.000000
154 72363166831701319680.000000
155 71359262193932951552.000000
156 45367282056520089600.000000
157 39112953200670277632.000000
158 42485314757823717376.000000
159 30676215106414354432.000000
160 40005854679146790912.000000
161 29464716770587979776.000000
162 30784662985249193984.000000
163 24424541553995997184.000000
164 25398056365296791552.000000
165 31554345221706334208.000000
166 20688790942876418048.000000
167 19571262996682723328.000000
168 22612328760268845056.000000
169 16954117724843958272.000000
170 10796405231781746688.000000
171 5755637407837584384.000000
172 3842587726008250880.000000
173 3558985042818511360.000000
174 1955758263589311488.000000
175 2245086920254249216.000000
176 1479175834467710976.000000
177 1555427217061469440.000000
178 1053940341452504960.000000
179 937138656835056256.000000
180 685571048849326208.000000
181 714114796733643392.000000
182 531953565227075392.000000
183 485877279883524864.000000
184 446796455929475200.000000
185 338900953042486656.000000
186 279104003774621120.000000
187 256548811906246880.000000
188 205185169637778560.000000
189 108739492696575168.000000
190 53872559751241152.000000
191 43853285615125512.000000
192 32220852700123884.000000
193 30925518702760308.000000
194 23570789683054236.000000
195 17886888010884464.000000
196 14549689672816758.000000
197 8551630806627683.000000
198 4506330444870868.000000
199 4472304193709898.000000
200 3486907475175511.500000
201 2699446829209779.500000
202 2671758831409969.500000
203 1955207993830267.750000
204 1609814192448676.250000
205 1128429117219962.750000
206 1094763349307515.125000
207 892800810581694.625000
208 596405317086529.000000
209 347203487728665.562500
210 317168122322378.062500
211 184571222680234.875000
212 161676905445350.312500
213 113269514468605.625000
214 90176345982475.078125
215 38978873575628.421875
216 34489077645842.812500
217 18921282293459.148438
218 16566286777211.365234
219 11336796134193.488281
220 6906405015640.643555
221 4684664176283.500000
222 3129854998829.202148
223 2174678256214.837891
224 988082410102.002441
225 872917754817.820801
226 640174030013.860718
227 494573629015.178101
228 357732206302.629395
229 271031169920.473969
230 216181131335.542786
231 102989242553.481461
232 80570564452.648209
233 46454093258.570763
234 38128260238.304863
235 33782696756.303352
236 19833795946.207603
237 14404730412.792295
238 11728425863.055490
239 9806194921.075777
240 6094000800.665858
241 3005250802.161105
242 1559668738.863377
243 1328518406.101996
244 801141186.077203
245 385576981.870651
246 314746488.620097
247 191983531.143984
248 146929900.312496
249 124518150.923309
250 81780174.043714
251 61409405.386264
252 46292444.368019
253 31902126.024439
254 15552634.778292
255 11851961.681180
256 5266185.823418
257 4513753.953537
258 2922681.466510
259 2181835.093095
260 1559105.953124
261 1192595.062857
262 916499.480407
263 669266.879398
264 424375.089039
265 239816.548377
266 145899.839111
267 85835.317914
268 49555.084438
269 43429.038665
270 26537.439309
271 12248.123414
272 7130.865618
273 5527.729376
274 2777.636336
275 1912.115643
276 1264.643304
277 625.894702
278 379.818035
279 252.690532
280 168.910432
281 84.627610
282 62.819473
283 36.187490
284 21.064044
285 14.176130
286 7.122803
287 5.109541
288 3.240646
289 1.702110
290 1.076080
291 0.787112
292 0.368016
293 0.251786
294 0.165101
295 0.084441
296 0.063750
297 0.035406
298 0.020293
299 0.011777
300 0.006532
301 0.004831
302 0.002262
303 0.001540
304 0.000914
305 0.000560
306 0.000410
307 0.000232
308 0.000130
309 0.000081
310 0.000045
311 0.000030
312 0.000014
313 0.000010
314 0.000006
315 0.000003
316 0.000002
317 0.000001
318 0.000001
319 0.000000
320 0.000000
321 0.000000
322 0.000000
323 0.000000
324 0.000000
325 0.000000
326 0.000000
327 0.000000
328 0.000000
329 0.000000
330 0.000000
331 0.000000
332 0.000000
333 0.000000
334 0.000000
335 0.000000
336 0.000000
337 0.000000
338 0.000000
339 0.000000
340 0.000000
341 0.000000
342 0.000000
343 0.000000
344 0.000000
345 0.000000
346 0.000000
347 0.000000
348 0.000000
349 0.000000
350 0.000000
351 0.000000
352 0.000000
353 0.000000
354 0.000000
355 0.000000
356 0.000000
357 0.000000
358 0.000000
359 0.000000
360 0.000000
361 0.000000
362 0.000000
363 0.000000
364 0.000000
365 0.000000
366 0.000000
367 0.000000
368 0.000000
369 0.000000
370 0.000000
371 0.000000
372 0.000000
373 0.000000
374 0.000000
375 0.000000
376 0.000000
377 0.000000
378 0.000000
379 0.000000
380 0.000000
381 0.000000
382 0.000000
383 0.000000
384 0.000000
385 0.000000
386 0.000000
387 0.000000
388 0.000000
389 0.000000
390 0.000000
391 0.000000
392 0.000000
393 0.000000
394 0.000000
395 0.000000
396 0.000000
397 0.000000
398 0.000000
399 0.000000
400 0.000000
401 0.000000
402 0.000000
403 0.000000
404 0.000000
405 0.000000
406 0.000000
407 0.000000
408 0.000000
409 0.000000
410 0.000000
411 0.000000
412 0.000000
413 0.000000
414 0.000000
415 0.000000
416 0.000000
417 0.000000
418 0.000000
419 0.000000
420 0.000000
421 0.000000
422 0.000000
423 0.000000
424 0.000000
425 0.000000
426 0.000000
427 0.000000
428 0.000000
429 0.000000
430 0.000000
431 0.000000
432 0.000000
433 0.000000
434 0.000000
435 0.000000
436 0.000000
437 0.000000
438 0.000000
439 0.000000
440 0.000000
441 0.000000
442 0.000000
443 0.000000
444 0.000000
445 0.000000
446 0.000000
447 0.000000
448 0.000000
449 0.000000
450 0.000000
451 0.000000
452 0.000000
453 0.000000
454 0.000000
455 0.000000
456 0.000000
457 0.000000
458 0.000000
459 0.000000
460 0.000000
461 0.000000
462 0.000000
463 0.000000
464 0.000000
465 0.000000
466 0.000000
467 0.000000
468 0.000000
469 0.000000
470 0.000000
471 0.000000
472 0.000000
473 0.000000
474 0.000000
475 0.000000
476 0.000000
477 0.000000
478 0.000000
479 0.000000
480 0.000000
481 0.000000
482 0.000000
483 0.000000
484 0.000000
485 0.000000
486 0.000000
487 0.000000
488 0.000000
489 0.000000
490 0.000000
491 0.000000
492 0.000000
493 0.000000
494 0.000000
495 0.000000
496 0.000000
497 0.000000
498 0.000000
499 0.000000
500 0.000000
