1 inf
2 inf
3 inf
4 inf
5 inf
6 inf
7 inf
8 inf
9 inf
10 inf
11 inf
12 inf
13 inf
14 160571838962269179308900348885694535338477676059422266693037845930633914783688963224736224857688337995034993771736131061325171253530259537287286793400362350139154414089863836050960696791499770443395661044651190629082170455635021615281623649409202757079014896449521853926430022888230921898360968430441463808.000000
15 52577321247060880427345079026030300589295569795761240568712992418603905697655631510559462021306661213186967036332306476747152200398537885092670272920178759014803439601636795708736035818718295684202293414679808503205486090906221045280479754868322365392602020582328284923691494038697776273207521705984.000000
16 572479128497461885783374116913884829767744398559594884555120800391111348757643307354536834119645428934191682244598793328646263694472778194774505389427323489095214924474652179913514282114652586810112999341267211745585699609205125035219437183467321663298935545508561673505630190792638040459182080.000000
17 168661960194425805922543556655160106695516463754477473675533992910557089242059170371793183927180360808805614282896912718070184170142145813185277341791849745132321507770228064747504297986764557185905195756969810001135411209376672308000742530830473494930860819675387583585868936221032448.000000
18 340654848369404416338022277691350332395348717999453498165668967839474225061746751224807668587528632386596774187066228559570390909854053905014441195236266673864299274200397415254860968616165121755230159630875875107709659820260320226341274562160085850122807402410738520342659072.000000
19 464972529359470280369180159122210975744926115713926033110304026760525246690247509168478899755051125339048113649376456291364796814082083191596928030952896821343852059467663509990522128601966544098491828835758427861223774995211038000134335069112517193876901912317754746093961216.000000
20 21054360754523281928094283569554640920822418836253113824353373517750217938378245602282235596848618612611346788619624716214638446876425081384859243620049149427465472473020343310718594105933174122168803530258666116664930783997836085258152728217812130163261034024927232.000000
21 2013709167507720399523191142766303573014869293254274324310795122218214816079164019840047378581507990453569688412835350079657095285855655960378399680674426600156053475963280078410090803041044142797788320245105743340642846628189575793926779711000047038363020034048.000000
22 178956524245902344183547682354872600314243672425773625847324499367115517241167310251637598344912267272036105797895807536308259914321819301240765942103682732028413164524822951665666588789377987565602062508995353580965869908394650119655918884141041350344704.000000
23 946842791704266406024937997607134332629546169750346158247964596015355725987417442771250454441572051483133885232239007682531339293878558388770309203648787217056726883480178124548460500746115878789174316799017320505447938941092734918980509106176.000000
24 22612597650755609896995500748221123350020626402281581714732569054288418039923834108092736644388197968903034408477182233558732753887378969437859534643490281399509215987537755972480826746539140820706098878315128508886007819882739890170888192.000000
25 18729871273851352712986582334309249660584219694160468105302332240539358196110401950397241242167079041461202799635256592388898929220305364284728147935353655950848411547864507978769667777857531735694496159295399837420596350941134848.000000
26 12894354724938003190411060391017372813805010614719718816972098488273461523023453287798981645792439991648690390544686395590222422967873802502392347221357253943515824163133829606993320882707096314707019387026730848159050760192.000000
27 43546953958780845250695418985157068454549972329492010583489752803605369068260785502648363857252126721634218055381122710493227943036578828921680201142353165949874551737154735724234786698219571136451075325682933385134080.000000
28 4880389444658006221273725818432043915496507178155557359558140640266878965888630441908393517221874401647902163156574125205776895105329397046227950556535890589383320424160436535184848701230682163637737219948544.000000
29 31980767761840640972579063133746997163966448882755079703078765527115456009544537637097092287959326611495879059054551602593013056022002149315014402599913489240231503104843333350399312839671919014838272.000000
30 2388598485820137243589478751231825553014088890518201816409314368517560408223722336877014614197413927155599452384280197350996440613923750545557892146022838560234511610554907859923567814018859008.000000
31 57497185987885180679559687358276101477284585201059522523918550617655330862664964776600255755436878996019696156960813195360258278270116720215076056106672934149264985561936627997697592262656.000000
32 47886133045182415831597725496525409507937404887897499786897754306319148855328348659493142077104830862834092842613045670825385511326697737315060691270007099474290938193760237912064.000000
33 29736489686291013384247904154626959806166100658985747801280733384538624241212675560356181352133026774152681695885780954158173968934982502606582456568248567477927006827446272.000000
34 24692033336058327751137414812467726837831928129956702384008338687089521867205315756450947988843455428858407462178072628870549570311055960025410902359362400498592251904.000000
35 3541248391501224170409042964898625272177979144165116226265252080309239974800898521819013926157120124061094174897001479258719767651859455053180441102525124313088.000000
36 305214722912467152952754629721360005843308050719441639382122299103141298383142291206782483971287051429825748379550000460023606535208284193780270104576.000000
37 802176040832116562257652006384816262268749791334135089559984661693113648136985948674726427179658904638389418000351244897626745319058309120.000000
38 1244464851349496108812229573239872167362270358246925275949617021523068802745666167334203657072679917061712052052384808490237952.000000
39 8451354155632712186253232063280628845479800561660166637035495240291214569059230007068015233723861085195358464638976.000000
40 6064521026847753987269382324702122102102663426032953895883938414616639805399224778205241820955279360.000000
41 869413264131354554133431782498633873297984243308169080181238886061809132165518173870332313600.000000
42 6339661368465593964632953146162214978440250979552155043125514094015460746568725954560.000000
43 220662587628884285573537172501215631461875517857029383336763588608.000000
44 14800076996523744986095615966886322663309620668535851730732056576.000000
45 13903092495059557637554155707637553541436135178240.000000
46 2647317631707043486037326871680037945344.000000
47 19101537691946240773809862887782481920.000000
48 999205157532170567613939712.000000
49 4894392576707.817383
50 3947.289105
51 3031.231463
52 2343.347426
53 1900.875245
54 1453.894515
55 1227.338972
56 1038.407923
57 887.649069
58 782.681467
59 688.067490
60 605.562688
61 529.578380
62 455.178866
63 408.090914
64 356.780586
65 303.692002
66 260.416989
67 233.971501
68 209.024091
69 182.135846
70 159.592247
71 138.597288
72 125.220344
73 114.387720
74 103.028759
75 93.142422
76 83.426474
77 73.205205
78 63.980484
79 58.129490
80 53.285388
81 47.123176
82 42.076567
83 37.291034
84 33.934374
85 28.495944
86 26.501332
87 22.955861
88 20.415084
89 17.855670
90 16.388756
91 14.054452
92 12.440983
93 11.097780
94 9.558035
95 8.765636
96 7.831842
97 7.129243
98 6.371909
99 5.685825
100 5.128245
101 4.396161
102 3.949523
103 3.481771
104 3.129240
105 2.839479
106 2.541581
107 2.208935
108 1.929157
109 1.787843
110 1.522582
111 1.380409
112 1.265048
113 1.113824
114 0.981118
115 0.905042
116 0.766096
117 0.700877
118 0.632728
119 0.575917
120 0.513646
121 0.470008
122 0.424120
123 0.380110
124 0.340655
125 0.303953
126 0.275574
127 0.246592
128 0.217707
129 0.197315
130 0.177602
131 0.158894
132 0.143056
133 0.127560
134 0.112365
135 0.103049
136 0.094489
137 0.083263
138 0.074539
139 0.067860
140 0.060755
141 0.055653
142 0.049709
143 0.046572
144 0.041715
145 0.037005
146 0.033723
147 0.030426
148 0.027463
149 0.024742
150 0.022619
151 0.020645
152 0.018542
153 0.017078
154 0.015764
155 0.014234
156 0.012808
157 0.011700
158 0.010688
159 0.009784
160 0.008964
161 0.008222
162 0.007487
163 0.006603
164 0.006129
165 0.005549
166 0.005034
167 0.004609
168 0.004121
169 0.003778
170 0.003421
171 0.003140
172 0.002873
173 0.002658
174 0.002434
175 0.002149
176 0.001931
177 0.001766
178 0.001637
179 0.001527
180 0.001408
181 0.001274
182 0.001169
183 0.001076
184 0.000985
185 0.000897
186 0.000828
187 0.000763
188 0.000707
189 0.000652
190 0.000599
191 0.000539
192 0.000500
193 0.000456
194 0.000428
195 0.000398
196 0.000364
197 0.000340
198 0.000309
199 0.000289
200 0.000270
201 0.000247
202 0.000231
203 0.000213
204 0.000198
205 0.000184
206 0.000169
207 0.000160
208 0.000149
209 0.000138
210 0.000130
211 0.000122
212 0.000114
213 0.000108
214 0.000101
215 0.000094
216 0.000089
217 0.000081
218 0.000077
219 0.000071
220 0.000067
221 0.000063
222 0.000059
223 0.000056
224 0.000052
225 0.000048
226 0.000046
227 0.000043
228 0.000040
229 0.000038
230 0.000036
231 0.000034
232 0.000032
233 0.000030
234 0.000029
235 0.000027
236 0.000026
237 0.000024
238 0.000023
239 0.000022
240 0.000021
241 0.000020
242 0.000019
243 0.000018
244 0.000017
245 0.000016
246 0.000015
247 0.000014
248 0.000013
249 0.000013
250 0.000012
251 0.000011
252 0.000011
253 0.000010
254 0.000010
255 0.000009
256 0.000009
257 0.000008
258 0.000008
259 0.000008
260 0.000007
261 0.000007
262 0.000007
263 0.000006
264 0.000006
265 0.000006
266 0.000005
267 0.000005
268 0.000005
269 0.000005
270 0.000004
271 0.000004
272 0.000004
273 0.000004
274 0.000004
275 0.000004
276 0.000003
277 0.000003
278 0.000003
279 0.000003
280 0.000003
281 0.000003
282 0.000003
283 0.000003
284 0.000002
285 0.000002
286 0.000002
287 0.000002
288 0.000002
289 0.000002
290 0.000002
291 0.000002
292 0.000002
293 0.000002
294 0.000002
295 0.000002
296 0.000002
297 0.000002
298 0.000001
299 0.000001
300 0.000001
301 0.000001
302 0.000001
303 0.000001
304 0.000001
305 0.000001
306 0.000001
307 0.000001
308 0.000001
309 0.000001
310 0.000001
311 0.000001
312 0.000001
313 0.000001
314 0.000001
315 0.000001
316 0.000001
317 0.000001
318 0.000001
319 0.000001
320 0.000001
321 0.000001
322 0.000001
323 0.000001
324 0.000001
325 0.000001
326 0.000001
327 0.000001
328 0.000001
329 0.000001
330 0.000001
331 0.000000
332 0.000000
333 0.000000
334 0.000000
335 0.000000
336 0.000000
337 0.000000
338 0.000000
339 0.000000
340 0.000000
341 0.000000
342 0.000000
343 0.000000
344 0.000000
345 0.000000
346 0.000000
347 0.000000
348 0.000000
349 0.000000
350 0.000000
351 0.000000
352 0.000000
353 0.000000
354 0.000000
355 0.000000
356 0.000000
357 0.000000
358 0.000000
359 0.000000
360 0.000000
361 0.000000
362 0.000000
363 0.000000
364 0.000000
365 0.000000
366 0.000000
367 0.000000
368 0.000000
369 0.000000
370 0.000000
371 0.000000
372 0.000000
373 0.000000
374 0.000000
375 0.000000
376 0.000000
377 0.000000
378 0.000000
379 0.000000
380 0.000000
381 0.000000
382 0.000000
383 0.000000
384 0.000000
385 0.000000
386 0.000000
387 0.000000
388 0.000000
389 0.000000
390 0.000000
391 0.000000
392 0.000000
393 0.000000
394 0.000000
395 0.000000
396 0.000000
397 0.000000
398 0.000000
399 0.000000
400 0.000000
401 0.000000
402 0.000000
403 0.000000
404 0.000000
405 0.000000
406 0.000000
407 0.000000
408 0.000000
409 0.000000
410 0.000000
411 0.000000
412 0.000000
413 0.000000
414 0.000000
415 0.000000
416 0.000000
417 0.000000
418 0.000000
419 0.000000
420 0.000000
421 0.000000
422 0.000000
423 0.000000
424 0.000000
425 0.000000
426 0.000000
427 0.000000
428 0.000000
429 0.000000
430 0.000000
431 0.000000
432 0.000000
433 0.000000
434 0.000000
435 0.000000
436 0.000000
437 0.000000
438 0.000000
439 0.000000
440 0.000000
441 0.000000
442 0.000000
443 0.000000
444 0.000000
445 0.000000
446 0.000000
447 0.000000
448 0.000000
449 0.000000
450 0.000000
451 0.000000
452 0.000000
453 0.000000
454 0.000000
455 0.000000
456 0.000000
457 0.000000
458 0.000000
459 0.000000
460 0.000000
461 0.000000
462 0.000000
463 0.000000
464 0.000000
465 0.000000
466 0.000000
467 0.000000
468 0.000000
469 0.000000
470 0.000000
471 0.000000
472 0.000000
473 0.000000
474 0.000000
475 0.000000
476 0.000000
477 0.000000
478 0.000000
479 0.000000
480 0.000000
481 0.000000
482 0.000000
483 0.000000
484 0.000000
485 0.000000
486 0.000000
487 0.000000
488 0.000000
489 0.000000
490 0.000000
491 0.000000
492 0.000000
493 0.000000
494 0.000000
495 0.000000
496 0.000000
497 0.000000
498 0.000000
499 0.000000
500 0.000000
