1 1452005.308456
2 1508594.643674
3 1685970.329596
4 1787529.383623
5 1854263.023060
6 1849745.644165
7 1874834.741722
8 1832989.762803
9 1886332.207411
10 1816673.220978
11 1775866.972304
12 1743530.563252
13 1592939.357232
14 1615922.121476
15 1518505.153369
16 1581561.372140
17 1492063.876835
18 1487091.421563
19 1309093.329004
20 1271749.492165
21 1200109.607137
22 1152039.026036
23 1087964.931752
24 988796.148113
25 952849.046601
26 810760.624891
27 792237.294062
28 729635.927233
29 702386.830716
30 674452.625697
31 617275.114474
32 586030.305561
33 536598.700681
34 481437.943514
35 451729.067915
36 418899.392211
37 368555.359348
38 374358.229438
39 336323.930473
40 311605.348560
41 292180.370209
42 267510.059271
43 244384.006013
44 201708.704768
45 182542.123792
46 168027.850918
47 142572.367260
48 132627.773512
49 119540.073637
50 99531.646255
51 96723.764183
52 81435.789870
53 77326.235519
54 67295.662465
55 59709.753701
56 57006.907079
57 46552.259759
58 43458.797302
59 39243.008964
60 35983.190257
61 31984.798127
62 29264.570295
63 26910.385445
64 23759.048168
65 21846.061033
66 20259.221003
67 17488.240944
68 16030.839776
69 14451.462940
70 12999.868989
71 11554.324300
72 10345.548759
73 8654.668985
74 7578.814889
75 6475.294752
76 5779.826383
77 5210.512848
78 4526.449181
79 4137.841548
80 3534.710403
81 3081.280051
82 2585.532395
83 2276.632742
84 1983.856567
85 1686.259068
86 1647.543251
87 1485.772861
88 1270.968888
89 1125.107339
90 1007.556966
91 884.818271
92 749.395256
93 651.817668
94 577.783288
95 502.592415
96 426.480704
97 379.073268
98 330.793091
99 286.709536
100 259.645980
101 236.782706
102 210.368537
103 182.684770
104 158.059813
105 145.346493
106 126.213398
107 106.706769
108 94.432501
109 81.895259
110 68.671562
111 61.861773
112 53.280298
113 48.340057
114 40.179353
115 34.553117
116 28.083061
117 23.587191
118 20.199831
119 16.744623
120 14.440810
121 12.532162
122 10.621635
123 9.150535
124 7.412689
125 6.588823
126 5.715251
127 4.879223
128 4.361008
129 3.772904
130 3.276315
131 2.890521
132 2.529070
133 2.234363
134 1.975244
135 1.706935
136 1.504583
137 1.280221
138 1.147691
139 0.999742
140 0.862786
141 0.773782
142 0.687098
143 0.598440
144 0.519931
145 0.445276
146 0.390287
147 0.341915
148 0.305387
149 0.270426
150 0.245630
151 0.219990
152 0.196162
153 0.169390
154 0.154955
155 0.135895
156 0.121017
157 0.107259
158 0.092886
159 0.084661
160 0.074761
161 0.064144
162 0.058725
163 0.052718
164 0.046705
165 0.041090
166 0.036632
167 0.032442
168 0.029681
169 0.026877
170 0.024555
171 0.022209
172 0.019730
173 0.017323
174 0.015498
175 0.013753
176 0.012415
177 0.010855
178 0.009976
179 0.008999
180 0.007875
181 0.006771
182 0.006271
183 0.005353
184 0.004874
185 0.004297
186 0.003939
187 0.003674
188 0.003295
189 0.002903
190 0.002664
191 0.002440
192 0.002221
193 0.002034
194 0.001813
195 0.001569
196 0.001451
197 0.001289
198 0.001213
199 0.001099
200 0.001006
201 0.000898
202 0.000835
203 0.000756
204 0.000687
205 0.000622
206 0.000568
207 0.000514
208 0.000468
209 0.000423
210 0.000388
211 0.000354
212 0.000320
213 0.000295
214 0.000269
215 0.000240
216 0.000222
217 0.000204
218 0.000190
219 0.000170
220 0.000155
221 0.000145
222 0.000132
223 0.000118
224 0.000110
225 0.000101
226 0.000094
227 0.000086
228 0.000078
229 0.000071
230 0.000067
231 0.000062
232 0.000058
233 0.000054
234 0.000050
235 0.000046
236 0.000043
237 0.000039
238 0.000037
239 0.000034
240 0.000031
241 0.000029
242 0.000027
243 0.000026
244 0.000024
245 0.000023
246 0.000021
247 0.000020
248 0.000018
249 0.000017
250 0.000016
251 0.000015
252 0.000014
253 0.000013
254 0.000012
255 0.000011
256 0.000010
257 0.000010
258 0.000009
259 0.000008
260 0.000008
261 0.000007
262 0.000007
263 0.000006
264 0.000006
265 0.000006
266 0.000005
267 0.000005
268 0.000005
269 0.000004
270 0.000004
271 0.000004
272 0.000004
273 0.000003
274 0.000003
275 0.000003
276 0.000003
277 0.000003
278 0.000002
279 0.000002
280 0.000002
281 0.000002
282 0.000002
283 0.000002
284 0.000002
285 0.000002
286 0.000002
287 0.000002
288 0.000001
289 0.000001
290 0.000001
291 0.000001
292 0.000001
293 0.000001
294 0.000001
295 0.000001
296 0.000001
297 0.000001
298 0.000001
299 0.000001
300 0.000001
301 0.000001
302 0.000001
303 0.000001
304 0.000001
305 0.000001
306 0.000001
307 0.000001
308 0.000001
309 0.000001
310 0.000000
311 0.000000
312 0.000000
313 0.000000
314 0.000000
315 0.000000
316 0.000000
317 0.000000
318 0.000000
319 0.000000
320 0.000000
321 0.000000
322 0.000000
323 0.000000
324 0.000000
325 0.000000
326 0.000000
327 0.000000
328 0.000000
329 0.000000
330 0.000000
331 0.000000
332 0.000000
333 0.000000
334 0.000000
335 0.000000
336 0.000000
337 0.000000
338 0.000000
339 0.000000
340 0.000000
341 0.000000
342 0.000000
343 0.000000
344 0.000000
345 0.000000
346 0.000000
347 0.000000
348 0.000000
349 0.000000
350 0.000000
351 0.000000
352 0.000000
353 0.000000
354 0.000000
355 0.000000
356 0.000000
357 0.000000
358 0.000000
359 0.000000
360 0.000000
361 0.000000
362 0.000000
363 0.000000
364 0.000000
365 0.000000
366 0.000000
367 0.000000
368 0.000000
369 0.000000
370 0.000000
371 0.000000
372 0.000000
373 0.000000
374 0.000000
375 0.000000
376 0.000000
377 0.000000
378 0.000000
379 0.000000
380 0.000000
381 0.000000
382 0.000000
383 0.000000
384 0.000000
385 0.000000
386 0.000000
387 0.000000
388 0.000000
389 0.000000
390 0.000000
391 0.000000
392 0.000000
393 0.000000
394 0.000000
395 0.000000
396 0.000000
397 0.000000
398 0.000000
399 0.000000
400 0.000000
401 0.000000
402 0.000000
403 0.000000
404 0.000000
405 0.000000
406 0.000000
407 0.000000
408 0.000000
409 0.000000
410 0.000000
411 0.000000
412 0.000000
413 0.000000
414 0.000000
415 0.000000
416 0.000000
417 0.000000
418 0.000000
419 0.000000
420 0.000000
421 0.000000
422 0.000000
423 0.000000
424 0.000000
425 0.000000
426 0.000000
427 0.000000
428 0.000000
429 0.000000
430 0.000000
431 0.000000
432 0.000000
433 0.000000
434 0.000000
435 0.000000
436 0.000000
437 0.000000
438 0.000000
439 0.000000
440 0.000000
441 0.000000
442 0.000000
443 0.000000
444 0.000000
445 0.000000
446 0.000000
447 0.000000
448 0.000000
449 0.000000
450 0.000000
451 0.000000
452 0.000000
453 0.000000
454 0.000000
455 0.000000
456 0.000000
457 0.000000
458 0.000000
459 0.000000
460 0.000000
461 0.000000
462 0.000000
463 0.000000
464 0.000000
465 0.000000
466 0.000000
467 0.000000
468 0.000000
469 0.000000
470 0.000000
471 0.000000
472 0.000000
473 0.000000
474 0.000000
475 0.000000
476 0.000000
477 0.000000
478 0.000000
479 0.000000
480 0.000000
481 0.000000
482 0.000000
483 0.000000
484 0.000000
485 0.000000
486 0.000000
487 0.000000
488 0.000000
489 0.000000
490 0.000000
491 0.000000
492 0.000000
493 0.000000
494 0.000000
495 0.000000
496 0.000000
497 0.000000
498 0.000000
499 0.000000
500 0.000000
