1 1482171.240237
2 1629818.633576
3 1503458.533148
4 1355722.528187
5 1304659.321318
6 1736978.030714
7 1392729.679396
8 2112443.419699
9 2500776.914606
10 1805878.966670
11 1199370.012663
12 1321579.207643
13 1453937.761483
14 1085143.853507
15 1386776.282067
16 1779709.265465
17 1763207.402487
18 1890961.721714
19 2071353.678067
20 2292585.833493
21 2760351.563949
22 3718855.058210
23 4355973.618819
24 4329447.923024
25 3791409.874758
26 4463627.489324
27 4364196.965998
28 3803715.490031
29 4545986.995068
30 3050401.338819
31 3157148.779484
32 2601673.430165
33 2453612.378061
34 1861044.360897
35 2034948.436686
36 2614316.222224
37 1893552.527778
38 1423554.070551
39 1281129.510616
40 1218631.873179
41 724666.973853
42 629419.471110
43 310916.149592
44 204869.013382
45 187546.197031
46 174083.526412
47 141019.917561
48 113780.327367
49 99256.505482
50 93571.578330
51 40911.438067
52 26215.795920
53 21741.850362
54 23641.158718
55 15900.430950
56 11184.301335
57 11934.009863
58 9674.841060
59 7735.811259
60 5883.834904
61 6083.241014
62 5313.303019
63 5413.200221
64 2710.366742
65 2341.290481
66 2939.663699
67 2696.087556
68 1937.156275
69 1082.738405
70 956.393724
71 792.476052
72 720.255448
73 672.253349
74 576.486474
75 422.223644
76 338.072910
77 321.054058
78 274.340016
79 218.825058
80 161.314872
81 90.380753
82 64.056307
83 64.957448
84 55.963951
85 45.125467
86 33.340354
87 27.329329
88 20.777276
89 19.530247
90 18.903564
91 12.621705
92 8.149870
93 7.103379
94 4.231686
95 4.112091
96 3.049347
97 2.492830
98 1.850100
99 1.679423
100 1.049870
101 0.594559
102 0.506093
103 0.436656
104 0.397399
105 0.239194
106 0.184296
107 0.133613
108 0.107275
109 0.069020
110 0.045197
111 0.029058
112 0.023906
113 0.019124
114 0.015066
115 0.009680
116 0.007542
117 0.005576
118 0.003543
119 0.003416
120 0.002921
121 0.002225
122 0.001550
123 0.001205
124 0.001033
125 0.000855
126 0.000611
127 0.000494
128 0.000430
129 0.000375
130 0.000322
131 0.000196
132 0.000126
133 0.000091
134 0.000070
135 0.000051
136 0.000045
137 0.000032
138 0.000026
139 0.000019
140 0.000013
141 0.000010
142 0.000006
143 0.000005
144 0.000004
145 0.000003
146 0.000002
147 0.000002
148 0.000001
149 0.000001
150 0.000001
151 0.000001
152 0.000000
153 0.000000
154 0.000000
155 0.000000
156 0.000000
157 0.000000
158 0.000000
159 0.000000
160 0.000000
161 0.000000
162 0.000000
163 0.000000
164 0.000000
165 0.000000
166 0.000000
167 0.000000
168 0.000000
169 0.000000
170 0.000000
171 0.000000
172 0.000000
173 0.000000
174 0.000000
175 0.000000
176 0.000000
177 0.000000
178 0.000000
179 0.000000
180 0.000000
181 0.000000
182 0.000000
183 0.000000
184 0.000000
185 0.000000
186 0.000000
187 0.000000
188 0.000000
189 0.000000
190 0.000000
191 0.000000
192 0.000000
193 0.000000
194 0.000000
195 0.000000
196 0.000000
197 0.000000
198 0.000000
199 0.000000
200 0.000000
201 0.000000
202 0.000000
203 0.000000
204 0.000000
205 0.000000
206 0.000000
207 0.000000
208 0.000000
209 0.000000
210 0.000000
211 0.000000
212 0.000000
213 0.000000
214 0.000000
215 0.000000
216 0.000000
217 0.000000
218 0.000000
219 0.000000
220 0.000000
221 0.000000
222 0.000000
223 0.000000
224 0.000000
225 0.000000
226 0.000000
227 0.000000
228 0.000000
229 0.000000
230 0.000000
231 0.000000
232 0.000000
233 0.000000
234 0.000000
235 0.000000
236 0.000000
237 0.000000
238 0.000000
239 0.000000
240 0.000000
241 0.000000
242 0.000000
243 0.000000
244 0.000000
245 0.000000
246 0.000000
247 0.000000
248 0.000000
249 0.000000
250 0.000000
251 0.000000
252 0.000000
253 0.000000
254 0.000000
255 0.000000
256 0.000000
257 0.000000
258 0.000000
259 0.000000
260 0.000000
261 0.000000
262 0.000000
263 0.000000
264 0.000000
265 0.000000
266 0.000000
267 0.000000
268 0.000000
269 0.000000
270 0.000000
271 0.000000
272 0.000000
273 0.000000
274 0.000000
275 0.000000
276 0.000000
277 0.000000
278 0.000000
279 0.000000
280 0.000000
281 0.000000
282 0.000000
283 0.000000
284 0.000000
285 0.000000
286 0.000000
287 0.000000
288 0.000000
289 0.000000
290 0.000000
291 0.000000
292 0.000000
293 0.000000
294 0.000000
295 0.000000
296 0.000000
297 0.000000
298 0.000000
299 0.000000
300 0.000000
301 0.000000
302 0.000000
303 0.000000
304 0.000000
305 0.000000
306 0.000000
307 0.000000
308 0.000000
309 0.000000
310 0.000000
311 0.000000
312 0.000000
313 0.000000
314 0.000000
315 0.000000
316 0.000000
317 0.000000
318 0.000000
319 0.000000
320 0.000000
321 0.000000
322 0.000000
323 0.000000
324 0.000000
325 0.000000
326 0.000000
327 0.000000
328 0.000000
329 0.000000
330 0.000000
331 0.000000
332 0.000000
333 0.000000
334 0.000000
335 0.000000
336 0.000000
337 0.000000
338 0.000000
339 0.000000
340 0.000000
341 0.000000
342 0.000000
343 0.000000
344 0.000000
345 0.000000
346 0.000000
347 0.000000
348 0.000000
349 0.000000
350 0.000000
351 0.000000
352 0.000000
353 0.000000
354 0.000000
355 0.000000
356 0.000000
357 0.000000
358 0.000000
359 0.000000
360 0.000000
361 0.000000
362 0.000000
363 0.000000
364 0.000000
365 0.000000
366 0.000000
367 0.000000
368 0.000000
369 0.000000
370 0.000000
371 0.000000
372 0.000000
373 0.000000
374 0.000000
375 0.000000
376 0.000000
377 0.000000
378 0.000000
379 0.000000
380 0.000000
381 0.000000
382 0.000000
383 0.000000
384 0.000000
385 0.000000
386 0.000000
387 0.000000
388 0.000000
389 0.000000
390 0.000000
391 0.000000
392 0.000000
393 0.000000
394 0.000000
395 0.000000
396 0.000000
397 0.000000
398 0.000000
399 0.000000
400 0.000000
401 0.000000
402 0.000000
403 0.000000
404 0.000000
405 0.000000
406 0.000000
407 0.000000
408 0.000000
409 0.000000
410 0.000000
411 0.000000
412 0.000000
413 0.000000
414 0.000000
415 0.000000
416 0.000000
417 0.000000
418 0.000000
419 0.000000
420 0.000000
421 0.000000
422 0.000000
423 0.000000
424 0.000000
425 0.000000
426 0.000000
427 0.000000
428 0.000000
429 0.000000
430 0.000000
431 0.000000
432 0.000000
433 0.000000
434 0.000000
435 0.000000
436 0.000000
437 0.000000
438 0.000000
439 0.000000
440 0.000000
441 0.000000
442 0.000000
443 0.000000
444 0.000000
445 0.000000
446 0.000000
447 0.000000
448 0.000000
449 0.000000
450 0.000000
451 0.000000
452 0.000000
453 0.000000
454 0.000000
455 0.000000
456 0.000000
457 0.000000
458 0.000000
459 0.000000
460 0.000000
461 0.000000
462 0.000000
463 0.000000
464 0.000000
465 0.000000
466 0.000000
467 0.000000
468 0.000000
469 0.000000
470 0.000000
471 0.000000
472 0.000000
473 0.000000
474 0.000000
475 0.000000
476 0.000000
477 0.000000
478 0.000000
479 0.000000
480 0.000000
481 0.000000
482 0.000000
483 0.000000
484 0.000000
485 0.000000
486 0.000000
487 0.000000
488 0.000000
489 0.000000
490 0.000000
491 0.000000
492 0.000000
493 0.000000
494 0.000000
495 0.000000
496 0.000000
497 0.000000
498 0.000000
499 0.000000
500 0.000000
