1 711533.804793
2 811570.766201
3 834478.540601
4 934021.492404
5 750612.191123
6 1016139.865677
7 1055893.589079
8 793620.437948
9 900396.909671
10 925089.065088
11 982388.616120
12 1227605.471373
13 1380622.472475
14 1678484.120826
15 1682451.531543
16 1419945.904159
17 1259777.893379
18 1283292.929765
19 1288052.918530
20 1166206.324309
21 1012111.048077
22 1007185.208916
23 988318.097376
24 696226.442393
25 709978.043992
26 803242.476223
27 725750.556404
28 902054.822240
29 1029394.128723
30 846182.576290
31 969486.991870
32 766650.816071
33 688132.634338
34 629281.028120
35 673373.479683
36 744708.207886
37 677083.058975
38 686698.588718
39 675296.869917
40 821864.904034
41 922058.267579
42 909266.640201
43 925982.799432
44 1134061.280114
45 1199748.157605
46 1231296.319279
47 1275994.949847
48 1361174.369650
49 953868.767466
50 454414.731588
51 381667.573784
52 516944.327588
53 545973.655973
54 548918.295214
55 496853.631445
56 486976.539718
57 484746.877512
58 400294.642526
59 337050.306986
60 330223.816134
61 261484.866554
62 303614.545569
63 274069.736038
64 222436.165356
65 187761.869136
66 194219.843943
67 168116.933658
68 149539.241663
69 107055.388057
70 102966.468657
71 114351.382050
72 126796.741758
73 128479.804554
74 133596.983542
75 112248.810638
76 94661.606213
77 98168.547543
78 90896.074556
79 81358.077170
80 65184.390682
81 63376.116963
82 50585.798330
83 54048.568137
84 49282.474464
85 48765.879878
86 41209.088011
87 37022.277475
88 30713.916532
89 27772.256326
90 22558.973412
91 19239.141631
92 18547.933746
93 16872.993057
94 14718.184752
95 11810.666219
96 11113.442983
97 9406.222705
98 6599.316225
99 5435.116334
100 5022.964402
101 3988.172413
102 3462.215617
103 2903.870989
104 1948.103197
105 2129.690144
106 1500.835443
107 1371.861170
108 1056.430887
109 826.715729
110 761.662351
111 684.332729
112 648.106663
113 505.986162
114 481.573528
115 461.675539
116 377.277433
117 353.720223
118 283.549682
119 250.470449
120 223.398321
121 186.190460
122 150.352812
123 150.621482
124 142.523566
125 122.954867
126 101.312012
127 82.498892
128 76.068241
129 70.659520
130 60.570095
131 58.047178
132 43.462005
133 40.508890
134 28.113018
135 22.710214
136 19.248333
137 14.207169
138 11.977679
139 9.807414
140 8.635660
141 7.957824
142 6.772556
143 5.879002
144 5.385721
145 4.439119
146 3.517060
147 3.157635
148 2.545424
149 1.944398
150 1.460547
151 1.104661
152 0.984739
153 0.780982
154 0.556610
155 0.495959
156 0.384936
157 0.284999
158 0.258278
159 0.231719
160 0.196670
161 0.151832
162 0.124040
163 0.110459
164 0.087807
165 0.075278
166 0.059668
167 0.047075
168 0.034196
169 0.031189
170 0.025215
171 0.020038
172 0.016321
173 0.013126
174 0.010621
175 0.008233
176 0.005952
177 0.004555
178 0.003712
179 0.002937
180 0.002264
181 0.001536
182 0.001213
183 0.000968
184 0.000736
185 0.000537
186 0.000419
187 0.000287
188 0.000207
189 0.000176
190 0.000122
191 0.000104
192 0.000079
193 0.000063
194 0.000048
195 0.000038
196 0.000029
197 0.000022
198 0.000017
199 0.000012
200 0.000009
201 0.000007
202 0.000005
203 0.000004
204 0.000003
205 0.000002
206 0.000002
207 0.000001
208 0.000001
209 0.000001
210 0.000001
211 0.000000
212 0.000000
213 0.000000
214 0.000000
215 0.000000
216 0.000000
217 0.000000
218 0.000000
219 0.000000
220 0.000000
221 0.000000
222 0.000000
223 0.000000
224 0.000000
225 0.000000
226 0.000000
227 0.000000
228 0.000000
229 0.000000
230 0.000000
231 0.000000
232 0.000000
233 0.000000
234 0.000000
235 0.000000
236 0.000000
237 0.000000
238 0.000000
239 0.000000
240 0.000000
241 0.000000
242 0.000000
243 0.000000
244 0.000000
245 0.000000
246 0.000000
247 0.000000
248 0.000000
249 0.000000
250 0.000000
251 0.000000
252 0.000000
253 0.000000
254 0.000000
255 0.000000
256 0.000000
257 0.000000
258 0.000000
259 0.000000
260 0.000000
261 0.000000
262 0.000000
263 0.000000
264 0.000000
265 0.000000
266 0.000000
267 0.000000
268 0.000000
269 0.000000
270 0.000000
271 0.000000
272 0.000000
273 0.000000
274 0.000000
275 0.000000
276 0.000000
277 0.000000
278 0.000000
279 0.000000
280 0.000000
281 0.000000
282 0.000000
283 0.000000
284 0.000000
285 0.000000
286 0.000000
287 0.000000
288 0.000000
289 0.000000
290 0.000000
291 0.000000
292 0.000000
293 0.000000
294 0.000000
295 0.000000
296 0.000000
297 0.000000
298 0.000000
299 0.000000
300 0.000000
301 0.000000
302 0.000000
303 0.000000
304 0.000000
305 0.000000
306 0.000000
307 0.000000
308 0.000000
309 0.000000
310 0.000000
311 0.000000
312 0.000000
313 0.000000
314 0.000000
315 0.000000
316 0.000000
317 0.000000
318 0.000000
319 0.000000
320 0.000000
321 0.000000
322 0.000000
323 0.000000
324 0.000000
325 0.000000
326 0.000000
327 0.000000
328 0.000000
329 0.000000
330 0.000000
331 0.000000
332 0.000000
333 0.000000
334 0.000000
335 0.000000
336 0.000000
337 0.000000
338 0.000000
339 0.000000
340 0.000000
341 0.000000
342 0.000000
343 0.000000
344 0.000000
345 0.000000
346 0.000000
347 0.000000
348 0.000000
349 0.000000
350 0.000000
351 0.000000
352 0.000000
353 0.000000
354 0.000000
355 0.000000
356 0.000000
357 0.000000
358 0.000000
359 0.000000
360 0.000000
361 0.000000
362 0.000000
363 0.000000
364 0.000000
365 0.000000
366 0.000000
367 0.000000
368 0.000000
369 0.000000
370 0.000000
371 0.000000
372 0.000000
373 0.000000
374 0.000000
375 0.000000
376 0.000000
377 0.000000
378 0.000000
379 0.000000
380 0.000000
381 0.000000
382 0.000000
383 0.000000
384 0.000000
385 0.000000
386 0.000000
387 0.000000
388 0.000000
389 0.000000
390 0.000000
391 0.000000
392 0.000000
393 0.000000
394 0.000000
395 0.000000
396 0.000000
397 0.000000
398 0.000000
399 0.000000
400 0.000000
401 0.000000
402 0.000000
403 0.000000
404 0.000000
405 0.000000
406 0.000000
407 0.000000
408 0.000000
409 0.000000
410 0.000000
411 0.000000
412 0.000000
413 0.000000
414 0.000000
415 0.000000
416 0.000000
417 0.000000
418 0.000000
419 0.000000
420 0.000000
421 0.000000
422 0.000000
423 0.000000
424 0.000000
425 0.000000
426 0.000000
427 0.000000
428 0.000000
429 0.000000
430 0.000000
431 0.000000
432 0.000000
433 0.000000
434 0.000000
435 0.000000
436 0.000000
437 0.000000
438 0.000000
439 0.000000
440 0.000000
441 0.000000
442 0.000000
443 0.000000
444 0.000000
445 0.000000
446 0.000000
447 0.000000
448 0.000000
449 0.000000
450 0.000000
451 0.000000
452 0.000000
453 0.000000
454 0.000000
455 0.000000
456 0.000000
457 0.000000
458 0.000000
459 0.000000
460 0.000000
461 0.000000
462 0.000000
463 0.000000
464 0.000000
465 0.000000
466 0.000000
467 0.000000
468 0.000000
469 0.000000
470 0.000000
471 0.000000
472 0.000000
473 0.000000
474 0.000000
475 0.000000
476 0.000000
477 0.000000
478 0.000000
479 0.000000
480 0.000000
481 0.000000
482 0.000000
483 0.000000
484 0.000000
485 0.000000
486 0.000000
487 0.000000
488 0.000000
489 0.000000
490 0.000000
491 0.000000
492 0.000000
493 0.000000
494 0.000000
495 0.000000
496 0.000000
497 0.000000
498 0.000000
499 0.000000
500 0.000000
