1 4481800.977912
2 10240388.939050
3 17961388.481513
4 25351186.177888
5 56667924.216002
6 78160387.634543
7 111777926.338802
8 272594293.987201
9 278559617.677439
10 429674455.840302
11 435497118.849049
12 1155482317.836127
13 2075110753.949542
14 2649694962.808027
15 3901854150.780509
16 7700539264.225128
17 11404935596.171570
18 15961746670.458879
19 25063573514.842606
20 27734907922.430794
21 52587642679.127205
22 50697935712.073029
23 61368392981.728493
24 90501465979.649673
25 197274339274.491638
26 279982564998.806274
27 368534815731.074158
28 475657605765.459290
29 468153684605.518433
30 775644315763.968262
31 909101654747.964478
32 1097234263477.211060
33 2326383311111.495605
34 2604468050350.783691
35 4414400683869.827148
36 3013956841928.040527
37 5084745643513.786133
38 3759426836550.142090
39 6692136790917.895508
40 8830633880875.263672
41 9749742089196.515625
42 14684591751400.980469
43 18620472890898.390625
44 28274391275589.882812
45 41598028710248.523438
46 37378456603864.375000
47 35841727007186.398438
48 22085625801591.914062
49 15208212552972.406250
50 14064199432492.234375
51 14850143727833.257812
52 11392355503778.531250
53 11868789572167.117188
54 19946518934272.238281
55 19713226626738.574219
56 16681315818003.294922
57 13369944487407.476562
58 33936033744822.546875
59 71813102396692.156250
60 97033228764029.765625
61 94082835741451.734375
62 87729222341935.312500
63 140065474892895.187500
64 128938787869385.328125
65 146983118124222.437500
66 195625087131366.406250
67 222409679379277.031250
68 199938780637368.718750
69 165400239426728.875000
70 184050239211947.343750
71 184880937227073.125000
72 129712572513535.156250
73 105515642504244.750000
74 134665396186035.750000
75 127300072589839.875000
76 197893787105167.750000
77 129273262874495.046875
78 162080531530059.781250
79 163039838032578.156250
80 181741260013374.937500
81 163485290829662.218750
82 277394933111743.031250
83 327803076663231.000000
84 257843581781279.250000
85 325766180610376.750000
86 299331468830820.437500
87 257490530432839.562500
88 215933851968416.562500
89 219466911454663.843750
90 214759641638892.500000
91 301538835832056.437500
92 266450482889766.781250
93 283038513952102.312500
94 337899135687634.625000
95 256632781107013.625000
96 380055136993436.000000
97 383311476876146.125000
98 439899038559649.875000
99 362730557613415.000000
100 484046087720617.875000
101 585943822616083.250000
102 831086979913878.750000
103 363369569832830.687500
104 540944058008159.375000
105 676911469600068.875000
106 529878309553895.625000
107 569377377637640.875000
108 477530000731956.000000
109 363642772485937.625000
110 355354189146324.000000
111 339335247761553.625000
112 462175003072667.312500
113 383534935706396.750000
114 334782726124584.000000
115 343873493980980.500000
116 270985865881646.687500
117 251119939307273.093750
118 275678413749845.812500
119 245093100944679.593750
120 184317460895080.156250
121 316952554531038.937500
122 243122841599046.968750
123 230375297553318.343750
124 196721006220071.781250
125 184433238517777.375000
126 230316863289369.281250
127 171956598138748.312500
128 146259762192709.500000
129 203386360141963.375000
130 123378780824033.500000
131 126981676703328.687500
132 105166639831981.937500
133 130408496389689.187500
134 110974452693644.750000
135 87391918831708.484375
136 71317438966790.453125
137 57766321515095.843750
138 42110686691277.468750
139 33171459390157.929688
140 31331311070130.707031
141 34670838040191.113281
142 25547131098193.558594
143 22546412559742.113281
144 26087531072501.058594
145 31237809965287.535156
146 25110709395866.390625
147 19034917808181.765625
148 16340460689439.880859
149 13114067814834.603516
150 13888852903136.402344
151 10335129494715.976562
152 12104402779235.880859
153 11023754542075.185547
154 8934129853707.859375
155 7943307611225.228516
156 4286170868921.878418
157 3276259326397.859375
158 3362508547758.488770
159 2548635342607.731934
160 1805799460483.137207
161 1389674149657.678955
162 1009687712976.726318
163 724647023017.960083
164 508956503723.290955
165 474482517045.910400
166 248324122799.426178
167 210264749890.916748
168 171852072507.392578
169 145333639422.648438
170 109896935101.218079
171 95081195278.082214
172 72069980210.838348
173 61959748150.954254
174 54673772638.093819
175 44281825218.794006
176 38582031605.140846
177 33958289638.444458
178 26307796782.174675
179 14422050957.131090
180 14266789523.451094
181 5753588273.809695
182 5972990580.112004
183 5054834448.667083
184 4708488757.006460
185 3578672633.284214
186 3081791222.272014
187 2421168649.419049
188 1286285533.924342
189 951280280.043024
190 611543857.142795
191 301459990.915355
192 275313183.542803
193 290640353.259486
194 196301716.620403
195 140655971.620814
196 130282731.037248
197 80393528.915497
198 64646521.843933
199 41114900.684631
200 29354856.035042
201 25111038.372327
202 22592716.974611
203 18476749.297422
204 14183844.888321
205 6374790.769400
206 4304810.378862
207 3116993.855453
208 2517723.595601
209 1803001.914895
210 1205737.827330
211 1173603.356303
212 815626.482196
213 637307.459970
214 442614.145756
215 280625.936873
216 223183.111757
217 78078.529962
218 68983.414099
219 50001.505559
220 32569.134620
221 16354.089732
222 13741.568202
223 9114.704896
224 6283.809133
225 3372.603181
226 2317.979419
227 1325.762689
228 801.460304
229 684.264751
230 348.553297
231 314.999912
232 260.282426
233 137.672319
234 135.107048
235 97.235425
236 82.975560
237 74.665337
238 39.487336
239 28.966921
240 23.103612
241 16.409863
242 11.403386
243 7.729105
244 5.463682
245 4.572581
246 3.283073
247 1.524505
248 1.111907
249 0.867374
250 0.486030
251 0.315005
252 0.150194
253 0.099879
254 0.047436
255 0.036636
256 0.031298
257 0.020713
258 0.013867
259 0.007911
260 0.005222
261 0.004223
262 0.002043
263 0.001286
264 0.000652
265 0.000401
266 0.000261
267 0.000171
268 0.000082
269 0.000044
270 0.000019
271 0.000012
272 0.000008
273 0.000005
274 0.000004
275 0.000002
276 0.000001
277 0.000000
278 0.000000
279 0.000000
280 0.000000
281 0.000000
282 0.000000
283 0.000000
284 0.000000
285 0.000000
286 0.000000
287 0.000000
288 0.000000
289 0.000000
290 0.000000
291 0.000000
292 0.000000
293 0.000000
294 0.000000
295 0.000000
296 0.000000
297 0.000000
298 0.000000
299 0.000000
300 0.000000
301 0.000000
302 0.000000
303 0.000000
304 0.000000
305 0.000000
306 0.000000
307 0.000000
308 0.000000
309 0.000000
310 0.000000
311 0.000000
312 0.000000
313 0.000000
314 0.000000
315 0.000000
316 0.000000
317 0.000000
318 0.000000
319 0.000000
320 0.000000
321 0.000000
322 0.000000
323 0.000000
324 0.000000
325 0.000000
326 0.000000
327 0.000000
328 0.000000
329 0.000000
330 0.000000
331 0.000000
332 0.000000
333 0.000000
334 0.000000
335 0.000000
336 0.000000
337 0.000000
338 0.000000
339 0.000000
340 0.000000
341 0.000000
342 0.000000
343 0.000000
344 0.000000
345 0.000000
346 0.000000
347 0.000000
348 0.000000
349 0.000000
350 0.000000
351 0.000000
352 0.000000
353 0.000000
354 0.000000
355 0.000000
356 0.000000
357 0.000000
358 0.000000
359 0.000000
360 0.000000
361 0.000000
362 0.000000
363 0.000000
364 0.000000
365 0.000000
366 0.000000
367 0.000000
368 0.000000
369 0.000000
370 0.000000
371 0.000000
372 0.000000
373 0.000000
374 0.000000
375 0.000000
376 0.000000
377 0.000000
378 0.000000
379 0.000000
380 0.000000
381 0.000000
382 0.000000
383 0.000000
384 0.000000
385 0.000000
386 0.000000
387 0.000000
388 0.000000
389 0.000000
390 0.000000
391 0.000000
392 0.000000
393 0.000000
394 0.000000
395 0.000000
396 0.000000
397 0.000000
398 0.000000
399 0.000000
400 0.000000
401 0.000000
402 0.000000
403 0.000000
404 0.000000
405 0.000000
406 0.000000
407 0.000000
408 0.000000
409 0.000000
410 0.000000
411 0.000000
412 0.000000
413 0.000000
414 0.000000
415 0.000000
416 0.000000
417 0.000000
418 0.000000
419 0.000000
420 0.000000
421 0.000000
422 0.000000
423 0.000000
424 0.000000
425 0.000000
426 0.000000
427 0.000000
428 0.000000
429 0.000000
430 0.000000
431 0.000000
432 0.000000
433 0.000000
434 0.000000
435 0.000000
436 0.000000
437 0.000000
438 0.000000
439 0.000000
440 0.000000
441 0.000000
442 0.000000
443 0.000000
444 0.000000
445 0.000000
446 0.000000
447 0.000000
448 0.000000
449 0.000000
450 0.000000
451 0.000000
452 0.000000
453 0.000000
454 0.000000
455 0.000000
456 0.000000
457 0.000000
458 0.000000
459 0.000000
460 0.000000
461 0.000000
462 0.000000
463 0.000000
464 0.000000
465 0.000000
466 0.000000
467 0.000000
468 0.000000
469 0.000000
470 0.000000
471 0.000000
472 0.000000
473 0.000000
474 0.000000
475 0.000000
476 0.000000
477 0.000000
478 0.000000
479 0.000000
480 0.000000
481 0.000000
482 0.000000
483 0.000000
484 0.000000
485 0.000000
486 0.000000
487 0.000000
488 0.000000
489 0.000000
490 0.000000
491 0.000000
492 0.000000
493 0.000000
494 0.000000
495 0.000000
496 0.000000
497 0.000000
498 0.000000
499 0.000000
500 0.000000
