1 inf
2 inf
3 inf
4 inf
5 inf
6 inf
7 inf
8 inf
9 inf
10 583173360366608093955577517218263695928226646773950295510205246912201272368574060109228097253336441023926543441160589743891515720680917546021059359417603959940808992493132234742191042032436426944046592819025128246593547486890376468899440865585675305909692810394443515841046642688.000000
11 29280656681584353273930527267248752344317296733984237175177057078615539598880178203872609761011040861762889668083857805803014414869425550670434715447664663138966745218339507051763146387790793683541506494841225216.000000
12 970889396925935511135205263742851641736746382490893861541064782525895023829447139290474932458847487713329084577361997205019361723363573208933645731813335962222592.000000
13 6173291324744337375971384844161577049315731586778869270508098562796272247373824.000000
14 122335976489074058482814998806528.000000
15 8401.989925
16 7021.083827
17 6546.888045
18 4619.819469
19 3395.867269
20 2908.403705
21 2638.055617
22 2330.679882
23 2755.240278
24 2662.645423
25 2839.177830
26 2739.924347
27 1872.964807
28 1451.786982
29 1627.284467
30 1859.041094
31 1645.851839
32 1621.302248
33 1504.015613
34 1579.490358
35 1485.353544
36 1409.405013
37 1244.606746
38 1115.887115
39 1118.629697
40 1038.014990
41 907.311674
42 792.676329
43 612.616738
44 546.807650
45 507.310985
46 462.300672
47 436.557742
48 414.151896
49 403.773616
50 360.666637
51 319.978521
52 291.390245
53 223.990045
54 207.909126
55 198.011373
56 173.650839
57 159.664609
58 147.735358
59 130.097822
60 133.677109
61 114.400378
62 100.053653
63 80.698067
64 64.656769
65 65.678594
66 69.137707
67 59.154059
68 56.668368
69 55.198572
70 45.956030
71 42.430964
72 37.180283
73 30.798542
74 32.132896
75 30.440113
76 30.033115
77 27.182253
78 23.217367
79 20.391116
80 19.114116
81 15.716697
82 15.811107
83 13.002102
84 11.251073
85 10.073699
86 9.997759
87 8.860321
88 8.248286
89 7.351607
90 6.950917
91 6.589086
92 6.089044
93 5.475534
94 5.420746
95 4.652913
96 4.482436
97 4.097655
98 3.880777
99 3.395108
100 2.899594
101 2.384808
102 2.232656
103 2.083553
104 1.794605
105 1.587196
106 1.361607
107 1.230426
108 1.032485
109 1.002763
110 0.953795
111 0.895578
112 0.768350
113 0.665215
114 0.605330
115 0.508502
116 0.459547
117 0.354074
118 0.340118
119 0.287756
120 0.254325
121 0.227896
122 0.196236
123 0.177837
124 0.152394
125 0.143695
126 0.116797
127 0.109232
128 0.093861
129 0.080272
130 0.075414
131 0.066627
132 0.059141
133 0.051758
134 0.046024
135 0.039505
136 0.036654
137 0.034334
138 0.031094
139 0.026766
140 0.023456
141 0.020029
142 0.018137
143 0.015417
144 0.013561
145 0.011651
146 0.010110
147 0.008958
148 0.008075
149 0.007252
150 0.006479
151 0.005702
152 0.005080
153 0.004740
154 0.004008
155 0.003563
156 0.003072
157 0.002798
158 0.002336
159 0.002080
160 0.001913
161 0.001718
162 0.001494
163 0.001369
164 0.001198
165 0.001041
166 0.000950
167 0.000840
168 0.000742
169 0.000643
170 0.000564
171 0.000492
172 0.000406
173 0.000361
174 0.000329
175 0.000279
176 0.000245
177 0.000208
178 0.000190
179 0.000171
180 0.000150
181 0.000129
182 0.000109
183 0.000097
184 0.000085
185 0.000074
186 0.000063
187 0.000055
188 0.000048
189 0.000042
190 0.000036
191 0.000032
192 0.000027
193 0.000024
194 0.000020
195 0.000017
196 0.000015
197 0.000013
198 0.000011
199 0.000009
200 0.000008
201 0.000007
202 0.000006
203 0.000005
204 0.000004
205 0.000004
206 0.000003
207 0.000003
208 0.000002
209 0.000002
210 0.000002
211 0.000001
212 0.000001
213 0.000001
214 0.000001
215 0.000001
216 0.000001
217 0.000001
218 0.000000
219 0.000000
220 0.000000
221 0.000000
222 0.000000
223 0.000000
224 0.000000
225 0.000000
226 0.000000
227 0.000000
228 0.000000
229 0.000000
230 0.000000
231 0.000000
232 0.000000
233 0.000000
234 0.000000
235 0.000000
236 0.000000
237 0.000000
238 0.000000
239 0.000000
240 0.000000
241 0.000000
242 0.000000
243 0.000000
244 0.000000
245 0.000000
246 0.000000
247 0.000000
248 0.000000
249 0.000000
250 0.000000
251 0.000000
252 0.000000
253 0.000000
254 0.000000
255 0.000000
256 0.000000
257 0.000000
258 0.000000
259 0.000000
260 0.000000
261 0.000000
262 0.000000
263 0.000000
264 0.000000
265 0.000000
266 0.000000
267 0.000000
268 0.000000
269 0.000000
270 0.000000
271 0.000000
272 0.000000
273 0.000000
274 0.000000
275 0.000000
276 0.000000
277 0.000000
278 0.000000
279 0.000000
280 0.000000
281 0.000000
282 0.000000
283 0.000000
284 0.000000
285 0.000000
286 0.000000
287 0.000000
288 0.000000
289 0.000000
290 0.000000
291 0.000000
292 0.000000
293 0.000000
294 0.000000
295 0.000000
296 0.000000
297 0.000000
298 0.000000
299 0.000000
300 0.000000
301 0.000000
302 0.000000
303 0.000000
304 0.000000
305 0.000000
306 0.000000
307 0.000000
308 0.000000
309 0.000000
310 0.000000
311 0.000000
312 0.000000
313 0.000000
314 0.000000
315 0.000000
316 0.000000
317 0.000000
318 0.000000
319 0.000000
320 0.000000
321 0.000000
322 0.000000
323 0.000000
324 0.000000
325 0.000000
326 0.000000
327 0.000000
328 0.000000
329 0.000000
330 0.000000
331 0.000000
332 0.000000
333 0.000000
334 0.000000
335 0.000000
336 0.000000
337 0.000000
338 0.000000
339 0.000000
340 0.000000
341 0.000000
342 0.000000
343 0.000000
344 0.000000
345 0.000000
346 0.000000
347 0.000000
348 0.000000
349 0.000000
350 0.000000
351 0.000000
352 0.000000
353 0.000000
354 0.000000
355 0.000000
356 0.000000
357 0.000000
358 0.000000
359 0.000000
360 0.000000
361 0.000000
362 0.000000
363 0.000000
364 0.000000
365 0.000000
366 0.000000
367 0.000000
368 0.000000
369 0.000000
370 0.000000
371 0.000000
372 0.000000
373 0.000000
374 0.000000
375 0.000000
376 0.000000
377 0.000000
378 0.000000
379 0.000000
380 0.000000
381 0.000000
382 0.000000
383 0.000000
384 0.000000
385 0.000000
386 0.000000
387 0.000000
388 0.000000
389 0.000000
390 0.000000
391 0.000000
392 0.000000
393 0.000000
394 0.000000
395 0.000000
396 0.000000
397 0.000000
398 0.000000
399 0.000000
400 0.000000
401 0.000000
402 0.000000
403 0.000000
404 0.000000
405 0.000000
406 0.000000
407 0.000000
408 0.000000
409 0.000000
410 0.000000
411 0.000000
412 0.000000
413 0.000000
414 0.000000
415 0.000000
416 0.000000
417 0.000000
418 0.000000
419 0.000000
420 0.000000
421 0.000000
422 0.000000
423 0.000000
424 0.000000
425 0.000000
426 0.000000
427 0.000000
428 0.000000
429 0.000000
430 0.000000
431 0.000000
432 0.000000
433 0.000000
434 0.000000
435 0.000000
436 0.000000
437 0.000000
438 0.000000
439 0.000000
440 0.000000
441 0.000000
442 0.000000
443 0.000000
444 0.000000
445 0.000000
446 0.000000
447 0.000000
448 0.000000
449 0.000000
450 0.000000
451 0.000000
452 0.000000
453 0.000000
454 0.000000
455 0.000000
456 0.000000
457 0.000000
458 0.000000
459 0.000000
460 0.000000
461 0.000000
462 0.000000
463 0.000000
464 0.000000
465 0.000000
466 0.000000
467 0.000000
468 0.000000
469 0.000000
470 0.000000
471 0.000000
472 0.000000
473 0.000000
474 0.000000
475 0.000000
476 0.000000
477 0.000000
478 0.000000
479 0.000000
480 0.000000
481 0.000000
482 0.000000
483 0.000000
484 0.000000
485 0.000000
486 0.000000
487 0.000000
488 0.000000
489 0.000000
490 0.000000
491 0.000000
492 0.000000
493 0.000000
494 0.000000
495 0.000000
496 0.000000
497 0.000000
498 0.000000
499 0.000000
500 0.000000
