1 3114400.870307
2 3499003.212620
3 3541784.729848
4 3587758.156286
5 3659212.015544
6 3804110.564035
7 4181544.762526
8 3956111.447817
9 3504999.930917
10 4593610.754219
11 5872611.417730
12 6677270.187097
13 6215268.589154
14 6368242.411210
15 5025498.993060
16 4933969.540374
17 5077246.854048
18 6581962.915365
19 7085348.585959
20 7314327.213217
21 8499946.898687
22 3875349.091794
23 4836078.860199
24 6554208.295270
25 6273784.761802
26 5997304.406065
27 5648965.133263
28 5768155.212283
29 7062082.695168
30 6477548.996155
31 6549203.186942
32 6925085.027387
33 7672492.758718
34 7525359.327953
35 5580304.920574
36 6993571.997110
37 6584304.289407
38 6512307.408277
39 5607062.855110
40 5740182.714399
41 5357593.930057
42 3824218.490338
43 4307115.814074
44 5126715.079260
45 5543397.541579
46 3650020.817099
47 4816340.950775
48 5052253.528019
49 4406495.180981
50 3585982.088259
51 4010366.752710
52 4291855.865481
53 4173107.077361
54 3789943.426723
55 3210401.876845
56 3585111.108223
57 3565038.409568
58 4118585.721416
59 3558653.453233
60 3651327.020296
61 3676808.416846
62 4457459.890730
63 4916364.501007
64 4082043.081145
65 3923580.091759
66 3618396.715255
67 3821983.195190
68 3982580.431321
69 4239145.789108
70 3226613.216678
71 3253648.344375
72 3195440.656043
73 2967060.601185
74 2356490.770603
75 2012917.037121
76 2273246.719010
77 1885812.309122
78 1732572.576717
79 1751729.443020
80 1496667.543600
81 1279995.054389
82 1552315.901087
83 1679261.023332
84 1492452.478071
85 1580568.764992
86 1347589.109707
87 1375763.148566
88 1369074.112675
89 1208787.353353
90 1148464.602692
91 1124023.024364
92 1060731.894254
93 865381.346674
94 844553.262278
95 754824.181669
96 726156.381796
97 767804.149817
98 683612.049953
99 581292.919097
100 494558.688696
101 500167.439489
102 418891.314883
103 386121.720145
104 340097.994137
105 360754.545353
106 329297.453995
107 318190.716480
108 286758.230472
109 247922.684657
110 231757.138422
111 230929.897773
112 199070.343322
113 179126.869265
114 161633.494638
115 106848.769158
116 78454.802378
117 75920.127802
118 73404.899442
119 69117.030889
120 52282.194304
121 47534.192755
122 38096.884712
123 36708.474355
124 32834.369201
125 28556.843904
126 25738.933422
127 22523.186118
128 17211.527501
129 14491.385134
130 14439.509597
131 11811.506958
132 12543.189798
133 10347.679279
134 9008.189270
135 8104.929274
136 7105.824514
137 5408.274601
138 4413.717113
139 3954.442224
140 3435.162814
141 3151.275679
142 2849.441303
143 2589.387079
144 2141.820544
145 1776.866868
146 1571.873593
147 1403.082544
148 1145.705410
149 1053.050649
150 891.302032
151 772.060803
152 612.487460
153 534.415342
154 409.687303
155 331.282848
156 261.566529
157 239.137449
158 210.128538
159 174.718359
160 153.886449
161 135.982201
162 119.478718
163 96.790473
164 78.296000
165 72.599301
166 61.129726
167 51.931034
168 43.740280
169 37.073760
170 31.053774
171 23.860018
172 20.419159
173 16.068037
174 13.990447
175 11.630224
176 9.904282
177 8.744718
178 7.242638
179 6.478683
180 4.857664
181 4.369708
182 3.526793
183 2.967980
184 2.409116
185 2.042905
186 1.630472
187 1.283188
188 0.987870
189 0.830706
190 0.634996
191 0.524637
192 0.444695
193 0.362147
194 0.294726
195 0.239367
196 0.194706
197 0.129025
198 0.110110
199 0.091222
200 0.066441
201 0.051515
202 0.042391
203 0.033384
204 0.028047
205 0.022726
206 0.018835
207 0.012750
208 0.010861
209 0.008167
210 0.006225
211 0.005030
212 0.003716
213 0.002797
214 0.002080
215 0.001707
216 0.001324
217 0.001043
218 0.000837
219 0.000597
220 0.000480
221 0.000372
222 0.000295
223 0.000216
224 0.000166
225 0.000130
226 0.000101
227 0.000075
228 0.000057
229 0.000043
230 0.000030
231 0.000023
232 0.000017
233 0.000013
234 0.000011
235 0.000008
236 0.000006
237 0.000004
238 0.000003
239 0.000002
240 0.000002
241 0.000001
242 0.000001
243 0.000001
244 0.000001
245 0.000000
246 0.000000
247 0.000000
248 0.000000
249 0.000000
250 0.000000
251 0.000000
252 0.000000
253 0.000000
254 0.000000
255 0.000000
256 0.000000
257 0.000000
258 0.000000
259 0.000000
260 0.000000
261 0.000000
262 0.000000
263 0.000000
264 0.000000
265 0.000000
266 0.000000
267 0.000000
268 0.000000
269 0.000000
270 0.000000
271 0.000000
272 0.000000
273 0.000000
274 0.000000
275 0.000000
276 0.000000
277 0.000000
278 0.000000
279 0.000000
280 0.000000
281 0.000000
282 0.000000
283 0.000000
284 0.000000
285 0.000000
286 0.000000
287 0.000000
288 0.000000
289 0.000000
290 0.000000
291 0.000000
292 0.000000
293 0.000000
294 0.000000
295 0.000000
296 0.000000
297 0.000000
298 0.000000
299 0.000000
300 0.000000
301 0.000000
302 0.000000
303 0.000000
304 0.000000
305 0.000000
306 0.000000
307 0.000000
308 0.000000
309 0.000000
310 0.000000
311 0.000000
312 0.000000
313 0.000000
314 0.000000
315 0.000000
316 0.000000
317 0.000000
318 0.000000
319 0.000000
320 0.000000
321 0.000000
322 0.000000
323 0.000000
324 0.000000
325 0.000000
326 0.000000
327 0.000000
328 0.000000
329 0.000000
330 0.000000
331 0.000000
332 0.000000
333 0.000000
334 0.000000
335 0.000000
336 0.000000
337 0.000000
338 0.000000
339 0.000000
340 0.000000
341 0.000000
342 0.000000
343 0.000000
344 0.000000
345 0.000000
346 0.000000
347 0.000000
348 0.000000
349 0.000000
350 0.000000
351 0.000000
352 0.000000
353 0.000000
354 0.000000
355 0.000000
356 0.000000
357 0.000000
358 0.000000
359 0.000000
360 0.000000
361 0.000000
362 0.000000
363 0.000000
364 0.000000
365 0.000000
366 0.000000
367 0.000000
368 0.000000
369 0.000000
370 0.000000
371 0.000000
372 0.000000
373 0.000000
374 0.000000
375 0.000000
376 0.000000
377 0.000000
378 0.000000
379 0.000000
380 0.000000
381 0.000000
382 0.000000
383 0.000000
384 0.000000
385 0.000000
386 0.000000
387 0.000000
388 0.000000
389 0.000000
390 0.000000
391 0.000000
392 0.000000
393 0.000000
394 0.000000
395 0.000000
396 0.000000
397 0.000000
398 0.000000
399 0.000000
400 0.000000
401 0.000000
402 0.000000
403 0.000000
404 0.000000
405 0.000000
406 0.000000
407 0.000000
408 0.000000
409 0.000000
410 0.000000
411 0.000000
412 0.000000
413 0.000000
414 0.000000
415 0.000000
416 0.000000
417 0.000000
418 0.000000
419 0.000000
420 0.000000
421 0.000000
422 0.000000
423 0.000000
424 0.000000
425 0.000000
426 0.000000
427 0.000000
428 0.000000
429 0.000000
430 0.000000
431 0.000000
432 0.000000
433 0.000000
434 0.000000
435 0.000000
436 0.000000
437 0.000000
438 0.000000
439 0.000000
440 0.000000
441 0.000000
442 0.000000
443 0.000000
444 0.000000
445 0.000000
446 0.000000
447 0.000000
448 0.000000
449 0.000000
450 0.000000
451 0.000000
452 0.000000
453 0.000000
454 0.000000
455 0.000000
456 0.000000
457 0.000000
458 0.000000
459 0.000000
460 0.000000
461 0.000000
462 0.000000
463 0.000000
464 0.000000
465 0.000000
466 0.000000
467 0.000000
468 0.000000
469 0.000000
470 0.000000
471 0.000000
472 0.000000
473 0.000000
474 0.000000
475 0.000000
476 0.000000
477 0.000000
478 0.000000
479 0.000000
480 0.000000
481 0.000000
482 0.000000
483 0.000000
484 0.000000
485 0.000000
486 0.000000
487 0.000000
488 0.000000
489 0.000000
490 0.000000
491 0.000000
492 0.000000
493 0.000000
494 0.000000
495 0.000000
496 0.000000
497 0.000000
498 0.000000
499 0.000000
500 0.000000
