1 1000000000000000019884624838656.000000
2 1000000000000000019884624838656.000000
3 1000000000000000019884624838656.000000
4 1000000000000000019884624838656.000000
5 2545865.349369
6 2545865.349369
7 2545865.349369
8 2545865.349369
9 2545865.349369
10 2258137.675422
11 2258137.675422
12 2258137.675422
13 2258137.675422
14 2258137.675422
15 4221232.501338
16 4221232.501338
17 4221232.501338
18 4221232.501338
19 4221232.501338
20 4542399.953500
21 4542399.953500
22 4542399.953500
23 4542399.953500
24 4542399.953500
25 5351803.668932
26 5351803.668932
27 5351803.668932
28 5351803.668932
29 5351803.668932
30 4058607.016414
31 4058607.016414
32 4058607.016414
33 4058607.016414
34 4058607.016414
35 4393940.127821
36 4393940.127821
37 4393940.127821
38 4393940.127821
39 4393940.127821
40 1193977.413059
41 1193977.413059
42 1193977.413059
43 1193977.413059
44 1193977.413059
45 1459660.110420
46 1459660.110420
47 1459660.110420
48 1459660.110420
49 1459660.110420
50 1128983.502695
51 1128983.502695
52 1128983.502695
53 1128983.502695
54 1128983.502695
55 804793.041458
56 804793.041458
57 804793.041458
58 804793.041458
59 804793.041458
60 805659.867058
61 805659.867058
62 805659.867058
63 805659.867058
64 805659.867058
65 548311.080405
66 548311.080405
67 548311.080405
68 548311.080405
69 548311.080405
70 440040.985533
71 440040.985533
72 440040.985533
73 440040.985533
74 440040.985533
75 227223.257863
76 227223.257863
77 227223.257863
78 227223.257863
79 227223.257863
80 141099.149332
81 141099.149332
82 141099.149332
83 141099.149332
84 141099.149332
85 107916.645858
86 107916.645858
87 107916.645858
88 107916.645858
89 107916.645858
90 81586.616312
91 81586.616312
92 81586.616312
93 81586.616312
94 81586.616312
95 89746.856800
96 89746.856800
97 89746.856800
98 89746.856800
99 89746.856800
100 57832.894097
101 57832.894097
102 57832.894097
103 57832.894097
104 57832.894097
105 28258.514780
106 28258.514780
107 28258.514780
108 28258.514780
109 28258.514780
110 14292.828089
111 14292.828089
112 14292.828089
113 14292.828089
114 14292.828089
115 10257.873493
116 10257.873493
117 10257.873493
118 10257.873493
119 10257.873493
120 9788.280448
121 9788.280448
122 9788.280448
123 9788.280448
124 9788.280448
125 5441.163608
126 5441.163608
127 5441.163608
128 5441.163608
129 5441.163608
130 1785.165464
131 1785.165464
132 1785.165464
133 1785.165464
134 1785.165464
135 787.659031
136 787.659031
137 787.659031
138 787.659031
139 787.659031
140 435.598658
141 435.598658
142 435.598658
143 435.598658
144 435.598658
145 203.853695
146 203.853695
147 203.853695
148 203.853695
149 203.853695
150 81.700256
151 81.700256
152 81.700256
153 81.700256
154 81.700256
155 37.147292
156 37.147292
157 37.147292
158 37.147292
159 37.147292
160 23.669929
161 23.669929
162 23.669929
163 23.669929
164 23.669929
165 15.445626
166 15.445626
167 15.445626
168 15.445626
169 15.445626
170 8.923520
171 8.923520
172 8.923520
173 8.923520
174 8.923520
175 4.178409
176 4.178409
177 4.178409
178 4.178409
179 4.178409
180 2.962866
181 2.962866
182 2.962866
183 2.962866
184 2.962866
185 1.706908
186 1.706908
187 1.706908
188 1.706908
189 1.706908
190 0.840610
191 0.840610
192 0.840610
193 0.840610
194 0.840610
195 0.526355
196 0.526355
197 0.526355
198 0.526355
199 0.526355
200 0.284448
201 0.284448
202 0.284448
203 0.284448
204 0.284448
205 0.148562
206 0.148562
207 0.148562
208 0.148562
209 0.148562
210 0.066652
211 0.066652
212 0.066652
213 0.066652
214 0.066652
215 0.045470
216 0.045470
217 0.045470
218 0.045470
219 0.045470
220 0.017149
221 0.017149
222 0.017149
223 0.017149
224 0.017149
225 0.010261
226 0.010261
227 0.010261
228 0.010261
229 0.010261
230 0.003868
231 0.003868
232 0.003868
233 0.003868
234 0.003868
235 0.002745
236 0.002745
237 0.002745
238 0.002745
239 0.002745
240 0.001538
241 0.001538
242 0.001538
243 0.001538
244 0.001538
245 0.000906
246 0.000906
247 0.000906
248 0.000906
249 0.000906
250 0.000575
251 0.000575
252 0.000575
253 0.000575
254 0.000575
255 0.000336
256 0.000336
257 0.000336
258 0.000336
259 0.000336
260 0.000198
261 0.000198
262 0.000198
263 0.000198
264 0.000198
265 0.000117
266 0.000117
267 0.000117
268 0.000117
269 0.000117
270 0.000079
271 0.000079
272 0.000079
273 0.000079
274 0.000079
275 0.000043
276 0.000043
277 0.000043
278 0.000043
279 0.000043
280 0.000024
281 0.000024
282 0.000024
283 0.000024
284 0.000024
285 0.000010
286 0.000010
287 0.000010
288 0.000010
289 0.000010
290 0.000005
291 0.000005
292 0.000005
293 0.000005
294 0.000005
295 0.000003
296 0.000003
297 0.000003
298 0.000003
299 0.000003
300 0.000002
301 0.000002
302 0.000002
303 0.000002
304 0.000002
305 0.000001
306 0.000001
307 0.000001
308 0.000001
309 0.000001
310 0.000000
311 0.000000
312 0.000000
313 0.000000
314 0.000000
315 0.000000
316 0.000000
317 0.000000
318 0.000000
319 0.000000
320 0.000000
321 0.000000
322 0.000000
323 0.000000
324 0.000000
325 0.000000
326 0.000000
327 0.000000
328 0.000000
329 0.000000
330 0.000000
331 0.000000
332 0.000000
333 0.000000
334 0.000000
335 0.000000
336 0.000000
337 0.000000
338 0.000000
339 0.000000
340 0.000000
341 0.000000
342 0.000000
343 0.000000
344 0.000000
345 0.000000
346 0.000000
347 0.000000
348 0.000000
349 0.000000
350 0.000000
351 0.000000
352 0.000000
353 0.000000
354 0.000000
355 0.000000
356 0.000000
357 0.000000
358 0.000000
359 0.000000
360 0.000000
361 0.000000
362 0.000000
363 0.000000
364 0.000000
365 0.000000
366 0.000000
367 0.000000
368 0.000000
369 0.000000
370 0.000000
371 0.000000
372 0.000000
373 0.000000
374 0.000000
375 0.000000
376 0.000000
377 0.000000
378 0.000000
379 0.000000
380 0.000000
381 0.000000
382 0.000000
383 0.000000
384 0.000000
385 0.000000
386 0.000000
387 0.000000
388 0.000000
389 0.000000
390 0.000000
391 0.000000
392 0.000000
393 0.000000
394 0.000000
395 0.000000
396 0.000000
397 0.000000
398 0.000000
399 0.000000
400 0.000000
401 0.000000
402 0.000000
403 0.000000
404 0.000000
405 0.000000
406 0.000000
407 0.000000
408 0.000000
409 0.000000
410 0.000000
411 0.000000
412 0.000000
413 0.000000
414 0.000000
415 0.000000
416 0.000000
417 0.000000
418 0.000000
419 0.000000
420 0.000000
421 0.000000
422 0.000000
423 0.000000
424 0.000000
425 0.000000
426 0.000000
427 0.000000
428 0.000000
429 0.000000
430 0.000000
431 0.000000
432 0.000000
433 0.000000
434 0.000000
435 0.000000
436 0.000000
437 0.000000
438 0.000000
439 0.000000
440 0.000000
441 0.000000
442 0.000000
443 0.000000
444 0.000000
445 0.000000
446 0.000000
447 0.000000
448 0.000000
449 0.000000
450 0.000000
451 0.000000
452 0.000000
453 0.000000
454 0.000000
455 0.000000
456 0.000000
457 0.000000
458 0.000000
459 0.000000
460 0.000000
461 0.000000
462 0.000000
463 0.000000
464 0.000000
465 0.000000
466 0.000000
467 0.000000
468 0.000000
469 0.000000
470 0.000000
471 0.000000
472 0.000000
473 0.000000
474 0.000000
475 0.000000
476 0.000000
477 0.000000
478 0.000000
479 0.000000
480 0.000000
481 0.000000
482 0.000000
483 0.000000
484 0.000000
485 0.000000
486 0.000000
487 0.000000
488 0.000000
489 0.000000
490 0.000000
491 0.000000
492 0.000000
493 0.000000
494 0.000000
495 0.000000
496 0.000000
497 0.000000
498 0.000000
499 0.000000
500 0.000000
