1 inf
2 inf
3 inf
4 inf
5 inf
6 inf
7 inf
8 inf
9 inf
10 inf
11 inf
12 inf
13 inf
14 inf
15 inf
16 inf
17 inf
18 inf
19 inf
20 inf
21 inf
22 inf
23 inf
24 inf
25 inf
26 inf
27 inf
28 inf
29 inf
30 inf
31 inf
32 inf
33 inf
34 inf
35 inf
36 inf
37 inf
38 inf
39 inf
40 inf
41 inf
42 inf
43 inf
44 inf
45 inf
46 inf
47 inf
48 35885749228978226120780777470932920044210502142063849979740949731079051246060111967874980163380493207785283066367810240819082576100579109385067373229038302642848223853987877941458546657073828019683674311107009160734236885212284723609670578658315057275620229542663485296357699852650029991904474221378535424.000000
49 68515112399107612103844452633664103162539249464596932656709561185065507654535171189893839139467908104486249661818900675931184871639891144447314479600107831824089183800935246293255039714397682148561856093872683967763321732012978439298673125426838396811149929727081526631698025980819359905349632.000000
50 913456573981014630316217875240335314730171581689447056213530968009198936135867462921751185931103539428042300427728554989885590154400226400078029865952611732788636866251224750045719062919529827322839716936939967498106977108662833582976134773017845464249547926946361376768.000000
51 11665604527968343936964261445072827059322878181533469747286784073021629388315885628472170671874705924855268782475210569376857406756651891877718024000058242423195056742546240856139615141600613246465261608355114267503393648771587983143340279272527762554880.000000
52 87139458498464554828030953293499766435298636427003751433329636289626865177709368894879249638221879561852116906572005340999376889012332140698305960098341334606751230163922266313937064230348450598691680536438828281390194515830229696512.000000
53 6581724322958624495251622157391403837751656002707348333017083942470402532367068225202659011489678614959498119432039901220012006716975368513510367807677524229061822382312805600905308480547227579038242212675584.000000
54 34015909277118816658971868455117062983008551716439647859690616787999596496239979219009203129043297229463462974490828792317757640955357666043957833726817019237053287068779007669635430671234105344.000000
55 11791410648595647568561031508229292883852495407348786595500659986127627842761406912449673799008343448488917797925672653655322286902631370672664808917223501202142765522833517838336.000000
56 2383817437871532112134615047073435309804426171964534844506247973383757044956563783785946190585625789529234053436975894214197695493872734619714678114507548759425024.000000
57 321424677834827227070492872315296590566108480252791460519321213858476759212622642361353551556898878600614021219563571018710107666674075303936.000000
58 45112618653185837882620522208978788389812913555330312854489159379065932043114123546055473413012541465838604282763719611313553408.000000
59 109620884814792997202953647794967763344746745389934871062827029073407193443093995077731958602651046037692612608.000000
60 12656212201238793231826150535087823776031711463376499427800577771734895215907009323172102144.000000
61 450249385302638027945843359912443554138992866661553612829897359622144.000000
62 164276629050418445709949066277949700840563524550870756753408.000000
63 582219898494479427271356863295399015743488.000000
64 73367869611126892450021376.000000
65 21080918473.488731
66 27924.749422
67 18703.101306
68 14875.881107
69 11430.508416
70 10245.040666
71 8685.193919
72 7611.529985
73 6305.596112
74 5403.651383
75 4693.380059
76 4128.102310
77 3713.739609
78 3321.553790
79 2941.722836
80 2647.772659
81 2362.574187
82 2072.524491
83 1844.913719
84 1663.180644
85 1464.159341
86 1314.554652
87 1174.854746
88 1048.960786
89 946.280012
90 842.505649
91 783.808793
92 714.856336
93 641.134110
94 564.707245
95 530.050083
96 486.119231
97 428.193231
98 399.196846
99 367.356009
100 311.673947
101 293.363729
102 261.628077
103 238.646223
104 220.867329
105 201.319413
106 178.331293
107 165.756298
108 143.255040
109 133.533109
110 121.769517
111 109.657015
112 100.277184
113 91.645297
114 84.578524
115 75.968040
116 69.930790
117 64.208040
118 59.282584
119 54.089177
120 48.244488
121 44.898477
122 40.397571
123 36.900794
124 33.352499
125 30.564891
126 28.223660
127 26.111801
128 23.466208
129 21.304648
130 19.854052
131 18.413446
132 17.261475
133 15.478734
134 14.406785
135 13.263787
136 11.929268
137 10.959218
138 10.187113
139 9.365035
140 8.638672
141 8.136747
142 7.447989
143 6.831001
144 6.377606
145 5.871097
146 5.397704
147 4.997478
148 4.560090
149 4.179660
150 3.847844
151 3.508726
152 3.224087
153 2.987373
154 2.762043
155 2.575681
156 2.388067
157 2.164503
158 2.025638
159 1.865649
160 1.743847
161 1.621986
162 1.476017
163 1.381430
164 1.280554
165 1.180041
166 1.106557
167 1.019065
168 0.931630
169 0.854271
170 0.806653
171 0.755237
172 0.701172
173 0.653993
174 0.612989
175 0.556561
176 0.520874
177 0.487204
178 0.454975
179 0.431486
180 0.396508
181 0.375271
182 0.347689
183 0.323917
184 0.302123
185 0.279436
186 0.266560
187 0.250762
188 0.231292
189 0.218612
190 0.205775
191 0.192592
192 0.182705
193 0.171368
194 0.161028
195 0.151496
196 0.142237
197 0.135130
198 0.127961
199 0.121454
200 0.113741
201 0.108607
202 0.102397
203 0.096647
204 0.091815
205 0.086792
206 0.082347
207 0.077126
208 0.073031
209 0.069751
210 0.066630
211 0.063502
212 0.059335
213 0.056502
214 0.054132
215 0.051048
216 0.049022
217 0.046218
218 0.044421
219 0.042596
220 0.040386
221 0.038493
222 0.036961
223 0.035247
224 0.033476
225 0.032144
226 0.030632
227 0.029114
228 0.028028
229 0.026575
230 0.025465
231 0.024407
232 0.023244
233 0.022355
234 0.021489
235 0.020433
236 0.019558
237 0.018716
238 0.017962
239 0.017164
240 0.016611
241 0.015881
242 0.015184
243 0.014640
244 0.014008
245 0.013403
246 0.012983
247 0.012442
248 0.012078
249 0.011532
250 0.011143
251 0.010679
252 0.010312
253 0.009966
254 0.009591
255 0.009265
256 0.008982
257 0.008667
258 0.008248
259 0.007993
260 0.007717
261 0.007444
262 0.007157
263 0.006922
264 0.006654
265 0.006431
266 0.006249
267 0.006035
268 0.005808
269 0.005632
270 0.005456
271 0.005238
272 0.005061
273 0.004857
274 0.004701
275 0.004561
276 0.004421
277 0.004269
278 0.004121
279 0.003989
280 0.003829
281 0.003737
282 0.003623
283 0.003514
284 0.003393
285 0.003329
286 0.003222
287 0.003125
288 0.003033
289 0.002936
290 0.002842
291 0.002762
292 0.002679
293 0.002606
294 0.002535
295 0.002474
296 0.002411
297 0.002346
298 0.002282
299 0.002225
300 0.002166
301 0.002101
302 0.002044
303 0.001982
304 0.001942
305 0.001891
306 0.001852
307 0.001809
308 0.001755
309 0.001714
310 0.001673
311 0.001620
312 0.001591
313 0.001545
314 0.001503
315 0.001468
316 0.001433
317 0.001403
318 0.001370
319 0.001335
320 0.001302
321 0.001275
322 0.001245
323 0.001216
324 0.001192
325 0.001158
326 0.001137
327 0.001117
328 0.001091
329 0.001065
330 0.001048
331 0.001025
332 0.000999
333 0.000977
334 0.000956
335 0.000937
336 0.000918
337 0.000899
338 0.000882
339 0.000865
340 0.000847
341 0.000833
342 0.000813
343 0.000797
344 0.000782
345 0.000768
346 0.000754
347 0.000736
348 0.000720
349 0.000709
350 0.000695
351 0.000683
352 0.000673
353 0.000660
354 0.000650
355 0.000640
356 0.000631
357 0.000621
358 0.000607
359 0.000598
360 0.000589
361 0.000578
362 0.000570
363 0.000559
364 0.000550
365 0.000542
366 0.000533
367 0.000524
368 0.000516
369 0.000508
370 0.000500
371 0.000493
372 0.000486
373 0.000478
374 0.000472
375 0.000465
376 0.000459
377 0.000451
378 0.000444
379 0.000439
380 0.000431
381 0.000426
382 0.000421
383 0.000416
384 0.000410
385 0.000405
386 0.000399
387 0.000394
388 0.000388
389 0.000383
390 0.000379
391 0.000371
392 0.000369
393 0.000364
394 0.000361
395 0.000356
396 0.000352
397 0.000348
398 0.000344
399 0.000340
400 0.000335
401 0.000332
402 0.000328
403 0.000325
404 0.000322
405 0.000318
406 0.000315
407 0.000311
408 0.000308
409 0.000305
410 0.000302
411 0.000299
412 0.000296
413 0.000293
414 0.000290
415 0.000288
416 0.000285
417 0.000282
418 0.000280
419 0.000277
420 0.000275
421 0.000272
422 0.000270
423 0.000268
424 0.000265
425 0.000263
426 0.000261
427 0.000259
428 0.000257
429 0.000255
430 0.000252
431 0.000250
432 0.000248
433 0.000246
434 0.000244
435 0.000243
436 0.000241
437 0.000239
438 0.000237
439 0.000236
440 0.000234
441 0.000233
442 0.000231
443 0.000230
444 0.000228
445 0.000227
446 0.000226
447 0.000224
448 0.000223
449 0.000222
450 0.000221
451 0.000220
452 0.000218
453 0.000217
454 0.000216
455 0.000215
456 0.000214
457 0.000213
458 0.000212
459 0.000211
460 0.000210
461 0.000209
462 0.000208
463 0.000207
464 0.000206
465 0.000206
466 0.000205
467 0.000204
468 0.000203
469 0.000203
470 0.000202
471 0.000201
472 0.000201
473 0.000200
474 0.000200
475 0.000199
476 0.000199
477 0.000198
478 0.000198
479 0.000197
480 0.000197
481 0.000196
482 0.000196
483 0.000195
484 0.000195
485 0.000195
486 0.000194
487 0.000194
488 0.000194
489 0.000194
490 0.000193
491 0.000193
492 0.000193
493 0.000193
494 0.000193
495 0.000193
496 0.000193
497 0.000192
498 0.000192
499 0.000192
500 0.000192
