1 inf
2 inf
3 inf
4 inf
5 inf
6 inf
7 inf
8 inf
9 inf
10 inf
11 inf
12 inf
13 17286605505267874157037419653021309021429431746626618741005399943816283346616258799230462984314570979789624807742936172188477125455736710314394745470422933638388509748704440680384379476649240873774228672595623936000.000000
14 12657885901560985309825109304071998329094930432.000000
15 14808.435940
16 13697.717140
17 11767.171206
18 11639.544060
19 9789.548529
20 7791.857251
21 7411.536674
22 6335.768351
23 6215.142318
24 4931.801485
25 5264.148794
26 4923.776310
27 4334.746228
28 4137.779073
29 4015.359329
30 3367.031385
31 2963.599620
32 2847.196837
33 2969.947724
34 2494.123379
35 2304.338866
36 2177.656775
37 1911.871211
38 1970.934429
39 1792.818158
40 1594.799955
41 1400.851498
42 1276.125570
43 1298.609387
44 1205.357172
45 1114.300775
46 938.932759
47 877.685701
48 813.233446
49 635.520106
50 527.725762
51 512.885967
52 368.426873
53 379.859065
54 319.153522
55 230.082990
56 251.571945
57 269.103256
58 191.079043
59 197.437418
60 163.033555
61 157.081344
62 147.567460
63 135.672985
64 104.291567
65 82.135404
66 79.578623
67 75.396963
68 62.083063
69 56.505936
70 54.066778
71 47.389845
72 43.284227
73 42.257679
74 39.227166
75 35.829577
76 30.638364
77 28.684463
78 27.470430
79 24.023439
80 22.032315
81 19.951032
82 18.480917
83 14.208053
84 12.636765
85 11.215998
86 10.764527
87 9.745261
88 9.402145
89 8.459463
90 8.118142
91 7.194106
92 6.944008
93 5.645902
94 5.355251
95 4.308337
96 4.369217
97 4.204060
98 3.207082
99 3.234248
100 2.930970
101 2.643836
102 2.416764
103 2.233652
104 2.036260
105 1.838644
106 1.615385
107 1.394628
108 1.315109
109 1.202785
110 1.136505
111 0.975713
112 0.908314
113 0.762026
114 0.662281
115 0.612153
116 0.568044
117 0.571465
118 0.526395
119 0.480587
120 0.444460
121 0.390867
122 0.360920
123 0.339173
124 0.317258
125 0.274761
126 0.243497
127 0.225357
128 0.209325
129 0.171972
130 0.151723
131 0.141085
132 0.114790
133 0.109001
134 0.093658
135 0.083347
136 0.071291
137 0.065026
138 0.057196
139 0.053009
140 0.046214
141 0.040060
142 0.037188
143 0.034002
144 0.030580
145 0.026680
146 0.023162
147 0.020812
148 0.018399
149 0.016687
150 0.015523
151 0.013726
152 0.012026
153 0.010898
154 0.010176
155 0.009320
156 0.008538
157 0.007261
158 0.006413
159 0.005852
160 0.004880
161 0.004302
162 0.003765
163 0.003423
164 0.002918
165 0.002477
166 0.002163
167 0.001887
168 0.001699
169 0.001454
170 0.001244
171 0.001128
172 0.000936
173 0.000834
174 0.000730
175 0.000616
176 0.000551
177 0.000491
178 0.000440
179 0.000390
180 0.000346
181 0.000309
182 0.000278
183 0.000248
184 0.000222
185 0.000196
186 0.000175
187 0.000153
188 0.000134
189 0.000120
190 0.000105
191 0.000092
192 0.000081
193 0.000071
194 0.000062
195 0.000054
196 0.000046
197 0.000041
198 0.000035
199 0.000031
200 0.000026
201 0.000023
202 0.000019
203 0.000017
204 0.000015
205 0.000012
206 0.000011
207 0.000009
208 0.000008
209 0.000007
210 0.000006
211 0.000006
212 0.000005
213 0.000004
214 0.000004
215 0.000003
216 0.000003
217 0.000003
218 0.000002
219 0.000002
220 0.000002
221 0.000001
222 0.000001
223 0.000001
224 0.000001
225 0.000001
226 0.000001
227 0.000001
228 0.000001
229 0.000000
230 0.000000
231 0.000000
232 0.000000
233 0.000000
234 0.000000
235 0.000000
236 0.000000
237 0.000000
238 0.000000
239 0.000000
240 0.000000
241 0.000000
242 0.000000
243 0.000000
244 0.000000
245 0.000000
246 0.000000
247 0.000000
248 0.000000
249 0.000000
250 0.000000
251 0.000000
252 0.000000
253 0.000000
254 0.000000
255 0.000000
256 0.000000
257 0.000000
258 0.000000
259 0.000000
260 0.000000
261 0.000000
262 0.000000
263 0.000000
264 0.000000
265 0.000000
266 0.000000
267 0.000000
268 0.000000
269 0.000000
270 0.000000
271 0.000000
272 0.000000
273 0.000000
274 0.000000
275 0.000000
276 0.000000
277 0.000000
278 0.000000
279 0.000000
280 0.000000
281 0.000000
282 0.000000
283 0.000000
284 0.000000
285 0.000000
286 0.000000
287 0.000000
288 0.000000
289 0.000000
290 0.000000
291 0.000000
292 0.000000
293 0.000000
294 0.000000
295 0.000000
296 0.000000
297 0.000000
298 0.000000
299 0.000000
300 0.000000
301 0.000000
302 0.000000
303 0.000000
304 0.000000
305 0.000000
306 0.000000
307 0.000000
308 0.000000
309 0.000000
310 0.000000
311 0.000000
312 0.000000
313 0.000000
314 0.000000
315 0.000000
316 0.000000
317 0.000000
318 0.000000
319 0.000000
320 0.000000
321 0.000000
322 0.000000
323 0.000000
324 0.000000
325 0.000000
326 0.000000
327 0.000000
328 0.000000
329 0.000000
330 0.000000
331 0.000000
332 0.000000
333 0.000000
334 0.000000
335 0.000000
336 0.000000
337 0.000000
338 0.000000
339 0.000000
340 0.000000
341 0.000000
342 0.000000
343 0.000000
344 0.000000
345 0.000000
346 0.000000
347 0.000000
348 0.000000
349 0.000000
350 0.000000
351 0.000000
352 0.000000
353 0.000000
354 0.000000
355 0.000000
356 0.000000
357 0.000000
358 0.000000
359 0.000000
360 0.000000
361 0.000000
362 0.000000
363 0.000000
364 0.000000
365 0.000000
366 0.000000
367 0.000000
368 0.000000
369 0.000000
370 0.000000
371 0.000000
372 0.000000
373 0.000000
374 0.000000
375 0.000000
376 0.000000
377 0.000000
378 0.000000
379 0.000000
380 0.000000
381 0.000000
382 0.000000
383 0.000000
384 0.000000
385 0.000000
386 0.000000
387 0.000000
388 0.000000
389 0.000000
390 0.000000
391 0.000000
392 0.000000
393 0.000000
394 0.000000
395 0.000000
396 0.000000
397 0.000000
398 0.000000
399 0.000000
400 0.000000
401 0.000000
402 0.000000
403 0.000000
404 0.000000
405 0.000000
406 0.000000
407 0.000000
408 0.000000
409 0.000000
410 0.000000
411 0.000000
412 0.000000
413 0.000000
414 0.000000
415 0.000000
416 0.000000
417 0.000000
418 0.000000
419 0.000000
420 0.000000
421 0.000000
422 0.000000
423 0.000000
424 0.000000
425 0.000000
426 0.000000
427 0.000000
428 0.000000
429 0.000000
430 0.000000
431 0.000000
432 0.000000
433 0.000000
434 0.000000
435 0.000000
436 0.000000
437 0.000000
438 0.000000
439 0.000000
440 0.000000
441 0.000000
442 0.000000
443 0.000000
444 0.000000
445 0.000000
446 0.000000
447 0.000000
448 0.000000
449 0.000000
450 0.000000
451 0.000000
452 0.000000
453 0.000000
454 0.000000
455 0.000000
456 0.000000
457 0.000000
458 0.000000
459 0.000000
460 0.000000
461 0.000000
462 0.000000
463 0.000000
464 0.000000
465 0.000000
466 0.000000
467 0.000000
468 0.000000
469 0.000000
470 0.000000
471 0.000000
472 0.000000
473 0.000000
474 0.000000
475 0.000000
476 0.000000
477 0.000000
478 0.000000
479 0.000000
480 0.000000
481 0.000000
482 0.000000
483 0.000000
484 0.000000
485 0.000000
486 0.000000
487 0.000000
488 0.000000
489 0.000000
490 0.000000
491 0.000000
492 0.000000
493 0.000000
494 0.000000
495 0.000000
496 0.000000
497 0.000000
498 0.000000
499 0.000000
500 0.000000
