1 16342002.247710
2 14316886.621395
3 22655727.427398
4 20249888.854185
5 24695396.424998
6 30233296.301697
7 30896786.168873
8 35671558.056623
9 53976056.051487
10 44688500.953714
11 50156942.757604
12 59871372.732036
13 79280538.304551
14 71535380.845628
15 65555645.486724
16 97771864.230565
17 71774430.781655
18 84222974.581709
19 104265732.492112
20 100148728.759463
21 100681590.877005
22 120565453.891085
23 120786444.230259
24 129406181.705715
25 160504647.222401
26 168440427.904083
27 188859665.339739
28 195568183.428168
29 163586232.398208
30 188044604.204236
31 209649148.740706
32 185296146.749691
33 277463994.400856
34 329755802.760608
35 218206655.731814
36 308482247.896598
37 359226464.492298
38 246185671.436300
39 325295847.270623
40 283304653.128455
41 300456013.730697
42 227447541.505057
43 236842094.514697
44 222959029.541400
45 223234978.926413
46 236231439.227965
47 257229361.268343
48 258796201.169528
49 165208864.518618
50 297882517.114539
51 186305206.929617
52 272899414.995039
53 231292261.094101
54 184923516.479240
55 267975683.739199
56 326455267.883509
57 233744810.066833
58 269885088.016366
59 328163884.503054
60 240085104.179539
61 260501109.861382
62 263592675.360779
63 235950045.018116
64 289885818.178236
65 272448141.273363
66 280193669.955026
67 138281237.211557
68 219515058.952072
69 259901645.085767
70 160986290.833206
71 253458272.119781
72 285963505.530240
73 269423984.967597
74 226438534.408749
75 239272360.335307
76 176386055.076225
77 223692196.631614
78 181467737.436950
79 217901456.607256
80 244361028.938112
81 186831862.027668
82 170443733.646132
83 204019811.066893
84 180227892.969375
85 178169325.706789
86 139006778.489803
87 172332430.086986
88 135887974.498441
89 157960194.166141
90 182151431.664075
91 158937554.078890
92 195939102.438081
93 225364291.754232
94 227679828.664620
95 251305018.365154
96 232227438.840550
97 216343379.849781
98 146356304.295525
99 222405856.182639
100 232497047.941596
101 198501469.373719
102 196664745.336202
103 215488149.665978
104 190759191.962424
105 161213922.620271
106 172030990.732260
107 134969243.389185
108 115779389.212013
109 106607300.739836
110 111655086.135206
111 104038529.453495
112 83753838.121449
113 109154042.848368
114 105833445.403852
115 92228772.338709
116 95482313.879988
117 79928246.526440
118 65419845.168544
119 70101737.834030
120 74712134.575913
121 58479065.426363
122 67436297.542803
123 48775883.122791
124 48645645.772117
125 36118766.188468
126 34299262.116146
127 36272753.247126
128 39752628.879930
129 41374600.688442
130 42451954.093643
131 32233372.685688
132 32740132.708681
133 37995770.728345
134 30611611.288748
135 32181925.506873
136 22531421.379400
137 25432991.196970
138 20186158.723676
139 17007877.112868
140 16694271.755825
141 15262082.228469
142 21023215.827898
143 16210716.149984
144 17352085.434355
145 15430387.875761
146 14451411.163748
147 14897223.933746
148 12559073.902283
149 12348800.858087
150 9896580.939763
151 8871612.347681
152 9419936.727826
153 9392031.485780
154 11461582.002992
155 11046444.821902
156 10926526.696025
157 9759996.426750
158 8373191.084716
159 7021203.183013
160 7953588.352608
161 8187816.597431
162 7848805.818813
163 6951768.833735
164 7001155.429456
165 7851312.558575
166 7599562.793169
167 6241982.411215
168 6124310.764019
169 5567464.459213
170 4634779.929880
171 4260574.810439
172 4330552.490343
173 3704483.605026
174 4678362.161873
175 3918566.729395
176 3754621.319358
177 4021973.712656
178 3629379.060476
179 3943620.288346
180 3782054.990871
181 2760954.740525
182 2803771.238150
183 2458788.554970
184 2708999.728782
185 2567967.420026
186 2429808.565993
187 1940583.733964
188 1891254.238455
189 2219726.401205
190 2374947.611463
191 1891650.909364
192 1892372.539491
193 1788549.391739
194 1851931.045459
195 1723620.490823
196 1762209.349115
197 1758126.620256
198 1465284.048473
199 1340780.554434
200 1369451.847224
201 1258261.747767
202 1189695.334097
203 937934.740724
204 904752.549571
205 1091310.983216
206 1013539.476352
207 977869.302734
208 912461.713574
209 878568.122973
210 749512.379105
211 713948.269779
212 655558.856936
213 781095.991467
214 806858.328569
215 705514.248717
216 625600.476169
217 611656.816214
218 674818.484440
219 679510.779024
220 655291.892646
221 599510.755314
222 612707.601666
223 581710.874515
224 554159.139147
225 456587.849599
226 513602.004384
227 558130.018778
228 575592.705127
229 486642.154521
230 493489.167351
231 461370.964584
232 455972.260939
233 458958.214903
234 451185.584551
235 441102.010637
236 372288.162484
237 374103.698211
238 320564.880519
239 301781.228967
240 265181.650600
241 296437.374187
242 297640.312405
243 299034.392253
244 241573.343590
245 253472.456361
246 245461.776576
247 244560.454101
248 268505.157376
249 307624.008759
250 258894.820720
251 244316.226928
252 212921.543184
253 231395.099944
254 218203.492104
255 217227.728616
256 224213.992634
257 222924.575310
258 182607.969267
259 194414.257539
260 182803.643794
261 209845.161125
262 200874.607362
263 183548.462024
264 177645.265221
265 174357.961771
266 181195.672641
267 172695.448208
268 156192.134493
269 140818.401016
270 158559.756429
271 130033.042936
272 143785.892553
273 140994.981433
274 143600.236779
275 134120.423891
276 131071.409763
277 120282.473165
278 122444.283395
279 115167.789015
280 102771.827632
281 103272.506572
282 100387.501799
283 96233.827737
284 100000.445204
285 90626.940642
286 100525.374333
287 89598.249782
288 86327.864349
289 88722.429091
290 81675.487533
291 81079.500294
292 87853.092522
293 81861.451382
294 85594.952496
295 83343.652837
296 81806.150840
297 84133.689714
298 80035.088217
299 75443.299524
300 80967.663950
301 82705.775420
302 81165.263904
303 68975.740501
304 74099.010149
305 74277.512979
306 71426.688409
307 73698.400526
308 75203.274783
309 64256.179841
310 67717.680417
311 57359.835797
312 56014.850645
313 55460.384191
314 53933.630877
315 48431.599639
316 48186.758417
317 49610.607597
318 50608.810290
319 43966.647298
320 50105.213497
321 45979.904030
322 43697.515435
323 42438.443492
324 41274.095104
325 40648.239113
326 42994.065677
327 37386.842516
328 41125.795111
329 38855.825406
330 39582.498060
331 40963.899434
332 38196.676639
333 35432.713897
334 37414.056461
335 36736.272699
336 36409.642455
337 34485.271683
338 36329.995459
339 34158.142209
340 33570.001368
341 31506.058583
342 28501.428028
343 30069.673676
344 28982.565155
345 27089.821297
346 28482.990921
347 27875.231855
348 27923.142805
349 27834.660000
350 26598.911290
351 27396.895305
352 26732.848439
353 26365.639648
354 25676.566643
355 24362.400668
356 26047.515221
357 24796.478068
358 24446.306665
359 22816.397952
360 22169.653191
361 21364.258427
362 20577.863198
363 19045.807729
364 17695.590109
365 18045.312835
366 17729.259365
367 16940.520952
368 17274.912287
369 16473.921800
370 15076.471145
371 15465.493041
372 14839.103930
373 15408.632881
374 14051.309665
375 13633.919955
376 13343.470657
377 11898.782772
378 12343.291388
379 11935.444939
380 11915.160391
381 11268.901546
382 11095.150028
383 11782.927283
384 11124.723737
385 11090.143980
386 10852.652421
387 10067.286790
388 10514.904751
389 10497.675782
390 10157.938338
391 9915.190860
392 9775.847539
393 9466.438084
394 9117.198968
395 8815.094015
396 9312.026747
397 9094.284708
398 9207.973830
399 8254.138779
400 8682.242471
401 8750.480069
402 8745.877480
403 8266.876770
404 8151.335912
405 8218.898493
406 7946.640943
407 7996.333688
408 7577.644120
409 7715.995244
410 7495.199375
411 7543.003389
412 7335.109579
413 7109.349199
414 6909.864147
415 6746.023154
416 6852.745353
417 6576.051421
418 6757.432800
419 6478.660661
420 6488.562620
421 6301.126387
422 6335.036378
423 6385.565211
424 6327.649480
425 5964.771783
426 5846.676898
427 5888.819194
428 5770.907576
429 5879.412319
430 5832.848174
431 5734.379393
432 5645.925165
433 5595.213963
434 5520.634430
435 5502.958607
436 5450.222556
437 5334.288083
438 5296.975477
439 5259.613560
440 5240.662889
441 5202.084962
442 5103.749136
443 5145.615527
444 5158.551021
445 4991.982037
446 4977.277028
447 4871.728783
448 4783.229796
449 4707.459353
450 4715.690529
451 4681.543193
452 4657.477946
453 4607.147422
454 4569.875227
455 4453.103228
456 4421.525157
457 4438.416554
458 4358.639158
459 4260.680230
460 4256.479766
461 4177.024346
462 4174.236536
463 4085.862981
464 4037.837083
465 4043.065809
466 4044.304741
467 3979.839060
468 3976.673792
469 3960.648729
470 3920.858065
471 3901.304357
472 3855.152399
473 3850.116177
474 3842.797141
475 3798.169432
476 3766.439554
477 3744.614724
478 3697.890001
479 3678.855661
480 3653.896507
481 3641.590616
482 3620.874818
483 3602.289804
484 3574.812034
485 3549.962233
486 3544.418681
487 3529.464174
488 3519.964139
489 3498.773358
490 3489.893388
491 3472.402744
492 3462.049937
493 3447.896909
494 3439.142181
495 3430.016725
496 3426.463280
497 3419.798893
498 3414.460923
499 3411.030131
500 3409.431205
