1 inf
2 inf
3 inf
4 inf
5 inf
6 inf
7 inf
8 inf
9 inf
10 inf
11 inf
12 inf
13 inf
14 inf
15 inf
16 inf
17 inf
18 inf
19 inf
20 inf
21 inf
22 inf
23 inf
24 inf
25 inf
26 inf
27 inf
28 inf
29 inf
30 inf
31 inf
32 inf
33 inf
34 inf
35 inf
36 inf
37 inf
38 inf
39 inf
40 inf
41 inf
42 inf
43 inf
44 inf
45 inf
46 inf
47 inf
48 inf
49 inf
50 inf
51 inf
52 inf
53 2565972520264996399408336542855649265307601948103133968313095877837174754160912289048033983532431039059603743393677393338588724120166624245451711127508097257371217148932330039262924763135590118761043449640004870179197203331972667980184650713042406103338550027649068897842004634448084338320089355340742656.000000
54 1567740608842323945530561579565713787621302679157258423009712270075924094903853109474452455895657569377361794736544759533287564103448151225771813236735701979867273201259161964727368637164842744928746874373165526977239604498990857455337347240868179889277086881135007980245560679086398898176.000000
55 431337922560920673192248002643800183314242227315509467962119514702104073720828641382299356571454574936385094114818463028689558557908099894265766982366511704658949885491715032975478893054474148759499813663844712755546794063483413537906455176428821514284130983231528894464.000000
56 8877470541584199463910218767850694006639814261454514650790788977729593719665627630020024488398104300279209714434538155009200435236799844377652947605425808561410885477040053962297481083600220088699867132858625446528939213950014783026523069516007604224.000000
57 25976806973784058862008625144869488814759262041796436389413224030062453844475702450020744981067269308408154345375501552481917849151633879466448780092240523859863113820416003376615668820916805750772241231330004924259521506422406497959936.000000
58 24650354725952279123506848676909468298388049391074056094854244679765627850708429451138360634092668733057839799401269729847916609699388007172621458518265593233821489697622732565861802008635192817879545807908051615744.000000
59 3688981636281401261028801716030134148889244325621341454388544762934377180562788368011315105557104865916291659987363996915104243608808182481311950452205078396184301540845863930731550925358131838976.000000
60 493444938217737627699328260409568432129267317461142760447782550423543951100474164010638121422900026371048706037631706858925096395737064548112347854420499996171967270051163515090343297024.000000
61 8254078345081386421263887286077109463710965603314143283244699935872526274927587142315695020803867037893852751513529429032452316255117519839872097679286324098831352856576.000000
62 4237152713357128562770017582789336266739833184982426056417641680309190981500701117909745190215915591771321270918515601052598146071732793095749632.000000
63 27196464970073440004893363194884352472932087512791521996606157464331743353563674569170430163738968198651715998530982558214127616.000000
64 768890304151127792804475561882030634522349735124811106323525075808886873606273077248683500907454039523852288.000000
65 259181072416953311706253028609190082674248945777986228652880696047544996997399314432.000000
66 9611996397170508587515118894507695266547884816544189433683976015314944.000000
67 14834053954631813680653664787643446504343918870528.000000
68 1060368665716214673874878464.000000
69 198261337648957120.000000
70 16847.781611
71 13130.981513
72 10747.888796
73 8555.032606
74 7080.625645
75 6136.586035
76 5092.786404
77 4521.590330
78 3825.573927
79 3344.901227
80 2932.924820
81 2596.147123
82 2275.094944
83 1976.083528
84 1723.920003
85 1546.851612
86 1364.051710
87 1214.292110
88 1118.243072
89 1006.478321
90 911.881066
91 814.448999
92 755.437497
93 671.400608
94 586.564693
95 537.093466
96 488.606467
97 440.435099
98 398.590991
99 365.321133
100 333.561408
101 299.759514
102 269.255564
103 245.683395
104 219.949144
105 199.796824
106 180.866827
107 163.947091
108 151.447331
109 138.706140
110 123.285016
111 116.537027
112 105.289921
113 96.366470
114 87.106465
115 80.094536
116 70.919038
117 64.458904
118 58.776038
119 52.353683
120 47.928185
121 44.115992
122 39.879715
123 36.738356
124 33.023474
125 30.320486
126 27.400501
127 25.054445
128 22.475320
129 20.367962
130 19.266818
131 17.774875
132 16.296333
133 14.753180
134 13.678953
135 12.439779
136 11.179853
137 10.258394
138 9.554565
139 8.793504
140 8.112227
141 7.507327
142 6.942568
143 6.318134
144 5.844007
145 5.412433
146 5.018176
147 4.682374
148 4.322401
149 4.042711
150 3.754105
151 3.445250
152 3.216756
153 2.906544
154 2.693433
155 2.420774
156 2.313930
157 2.175911
158 2.007300
159 1.872247
160 1.755652
161 1.621147
162 1.507903
163 1.403398
164 1.322273
165 1.226763
166 1.145265
167 1.067442
168 0.994980
169 0.921740
170 0.862584
171 0.801580
172 0.758022
173 0.706155
174 0.659777
175 0.618696
176 0.580181
177 0.536986
178 0.500322
179 0.475845
180 0.445252
181 0.412703
182 0.390147
183 0.361322
184 0.337616
185 0.317343
186 0.297797
187 0.278071
188 0.267423
189 0.248997
190 0.237154
191 0.224204
192 0.209102
193 0.199225
194 0.189291
195 0.175985
196 0.167393
197 0.158132
198 0.150459
199 0.141574
200 0.134154
201 0.126946
202 0.120918
203 0.114885
204 0.108773
205 0.103213
206 0.097879
207 0.092420
208 0.087504
209 0.082470
210 0.078619
211 0.075231
212 0.071537
213 0.068655
214 0.065249
215 0.062272
216 0.059058
217 0.056651
218 0.053870
219 0.051194
220 0.048710
221 0.046884
222 0.044582
223 0.042842
224 0.040668
225 0.039186
226 0.037358
227 0.035639
228 0.034098
229 0.032508
230 0.031007
231 0.029613
232 0.028348
233 0.027354
234 0.025845
235 0.024821
236 0.023825
237 0.022885
238 0.021706
239 0.020853
240 0.019843
241 0.019079
242 0.018112
243 0.017519
244 0.016691
245 0.016061
246 0.015216
247 0.014557
248 0.014036
249 0.013573
250 0.013045
251 0.012615
252 0.012162
253 0.011720
254 0.011226
255 0.010812
256 0.010346
257 0.010055
258 0.009678
259 0.009337
260 0.009009
261 0.008724
262 0.008385
263 0.008132
264 0.007888
265 0.007629
266 0.007348
267 0.007120
268 0.006878
269 0.006688
270 0.006427
271 0.006183
272 0.006028
273 0.005826
274 0.005671
275 0.005495
276 0.005316
277 0.005162
278 0.004987
279 0.004865
280 0.004732
281 0.004586
282 0.004439
283 0.004313
284 0.004177
285 0.004017
286 0.003913
287 0.003799
288 0.003693
289 0.003592
290 0.003496
291 0.003405
292 0.003283
293 0.003207
294 0.003113
295 0.003025
296 0.002943
297 0.002862
298 0.002765
299 0.002715
300 0.002644
301 0.002555
302 0.002480
303 0.002419
304 0.002348
305 0.002300
306 0.002228
307 0.002187
308 0.002139
309 0.002083
310 0.002020
311 0.001970
312 0.001921
313 0.001880
314 0.001833
315 0.001792
316 0.001747
317 0.001710
318 0.001653
319 0.001620
320 0.001585
321 0.001539
322 0.001508
323 0.001475
324 0.001446
325 0.001414
326 0.001383
327 0.001350
328 0.001320
329 0.001283
330 0.001261
331 0.001229
332 0.001203
333 0.001174
334 0.001148
335 0.001120
336 0.001097
337 0.001074
338 0.001054
339 0.001029
340 0.001013
341 0.000993
342 0.000972
343 0.000956
344 0.000936
345 0.000919
346 0.000900
347 0.000882
348 0.000865
349 0.000850
350 0.000835
351 0.000820
352 0.000802
353 0.000788
354 0.000772
355 0.000760
356 0.000745
357 0.000734
358 0.000720
359 0.000707
360 0.000697
361 0.000684
362 0.000673
363 0.000662
364 0.000651
365 0.000642
366 0.000630
367 0.000621
368 0.000612
369 0.000601
370 0.000593
371 0.000582
372 0.000575
373 0.000567
374 0.000558
375 0.000552
376 0.000544
377 0.000535
378 0.000526
379 0.000520
380 0.000510
381 0.000504
382 0.000497
383 0.000490
384 0.000483
385 0.000478
386 0.000472
387 0.000466
388 0.000459
389 0.000455
390 0.000449
391 0.000444
392 0.000438
393 0.000432
394 0.000425
395 0.000420
396 0.000416
397 0.000410
398 0.000405
399 0.000401
400 0.000396
401 0.000392
402 0.000387
403 0.000383
404 0.000379
405 0.000374
406 0.000371
407 0.000367
408 0.000364
409 0.000360
410 0.000356
411 0.000352
412 0.000349
413 0.000346
414 0.000343
415 0.000339
416 0.000336
417 0.000333
418 0.000330
419 0.000327
420 0.000324
421 0.000321
422 0.000318
423 0.000316
424 0.000313
425 0.000311
426 0.000308
427 0.000305
428 0.000303
429 0.000300
430 0.000298
431 0.000295
432 0.000293
433 0.000290
434 0.000289
435 0.000286
436 0.000284
437 0.000282
438 0.000280
439 0.000278
440 0.000276
441 0.000274
442 0.000273
443 0.000271
444 0.000269
445 0.000268
446 0.000266
447 0.000265
448 0.000263
449 0.000262
450 0.000260
451 0.000259
452 0.000258
453 0.000256
454 0.000255
455 0.000254
456 0.000253
457 0.000251
458 0.000250
459 0.000249
460 0.000248
461 0.000247
462 0.000246
463 0.000245
464 0.000244
465 0.000243
466 0.000242
467 0.000241
468 0.000241
469 0.000240
470 0.000239
471 0.000238
472 0.000238
473 0.000237
474 0.000236
475 0.000235
476 0.000235
477 0.000234
478 0.000233
479 0.000233
480 0.000232
481 0.000232
482 0.000231
483 0.000231
484 0.000231
485 0.000230
486 0.000230
487 0.000229
488 0.000229
489 0.000229
490 0.000229
491 0.000228
492 0.000228
493 0.000228
494 0.000228
495 0.000228
496 0.000227
497 0.000227
498 0.000227
499 0.000227
500 0.000227
