1 722822.813051
2 690774.743063
3 672194.534466
4 648746.040029
5 650301.190710
6 612150.440867
7 573092.320931
8 551454.914040
9 483303.119181
10 432804.528755
11 402292.817544
12 322376.197835
13 327522.279021
14 302468.594125
15 240436.298157
16 248243.631909
17 189238.030264
18 202691.506999
19 172085.775226
20 157004.374081
21 148320.633027
22 125769.424328
23 114106.958196
24 108055.638749
25 82904.960121
26 75620.100564
27 68578.022758
28 60981.214592
29 50920.691208
30 46776.884020
31 38624.057397
32 33245.410133
33 30253.936433
34 28167.611868
35 22807.775724
36 21492.029982
37 19006.293535
38 16519.895497
39 13871.112842
40 11596.288749
41 9974.026556
42 9052.386837
43 7601.946993
44 6896.978801
45 5928.095329
46 5003.220836
47 4353.888093
48 3559.521311
49 3168.707150
50 2833.592205
51 2191.812400
52 1966.210023
53 1697.307340
54 1478.395484
55 1247.568490
56 1090.532989
57 914.121388
58 752.699134
59 678.118671
60 589.578067
61 473.274675
62 404.265525
63 346.953966
64 300.181476
65 255.123108
66 209.870450
67 176.541735
68 143.300182
69 121.003209
70 99.092764
71 84.050451
72 70.503190
73 56.420903
74 46.117940
75 37.523050
76 30.693855
77 25.902392
78 20.196578
79 17.251761
80 14.234037
81 10.803005
82 9.681857
83 8.028148
84 6.876783
85 5.670512
86 4.917122
87 3.849570
88 3.352246
89 2.575669
90 2.181844
91 1.794688
92 1.410916
93 1.195490
94 1.002003
95 0.847819
96 0.710013
97 0.592099
98 0.506162
99 0.396988
100 0.340056
101 0.254066
102 0.211505
103 0.179596
104 0.147139
105 0.130231
106 0.108440
107 0.094510
108 0.069589
109 0.063948
110 0.053007
111 0.045950
112 0.038746
113 0.033529
114 0.028801
115 0.024048
116 0.018998
117 0.015646
118 0.013157
119 0.010966
120 0.009089
121 0.007562
122 0.006050
123 0.004991
124 0.004318
125 0.003631
126 0.003038
127 0.002509
128 0.002145
129 0.001811
130 0.001467
131 0.001242
132 0.001039
133 0.000834
134 0.000698
135 0.000505
136 0.000462
137 0.000386
138 0.000322
139 0.000271
140 0.000223
141 0.000174
142 0.000148
143 0.000127
144 0.000105
145 0.000088
146 0.000072
147 0.000060
148 0.000050
149 0.000044
150 0.000037
151 0.000032
152 0.000027
153 0.000022
154 0.000019
155 0.000016
156 0.000014
157 0.000012
158 0.000010
159 0.000008
160 0.000007
161 0.000006
162 0.000005
163 0.000004
164 0.000004
165 0.000003
166 0.000003
167 0.000002
168 0.000002
169 0.000002
170 0.000001
171 0.000001
172 0.000001
173 0.000001
174 0.000001
175 0.000001
176 0.000001
177 0.000000
178 0.000000
179 0.000000
180 0.000000
181 0.000000
182 0.000000
183 0.000000
184 0.000000
185 0.000000
186 0.000000
187 0.000000
188 0.000000
189 0.000000
190 0.000000
191 0.000000
192 0.000000
193 0.000000
194 0.000000
195 0.000000
196 0.000000
197 0.000000
198 0.000000
199 0.000000
200 0.000000
201 0.000000
202 0.000000
203 0.000000
204 0.000000
205 0.000000
206 0.000000
207 0.000000
208 0.000000
209 0.000000
210 0.000000
211 0.000000
212 0.000000
213 0.000000
214 0.000000
215 0.000000
216 0.000000
217 0.000000
218 0.000000
219 0.000000
220 0.000000
221 0.000000
222 0.000000
223 0.000000
224 0.000000
225 0.000000
226 0.000000
227 0.000000
228 0.000000
229 0.000000
230 0.000000
231 0.000000
232 0.000000
233 0.000000
234 0.000000
235 0.000000
236 0.000000
237 0.000000
238 0.000000
239 0.000000
240 0.000000
241 0.000000
242 0.000000
243 0.000000
244 0.000000
245 0.000000
246 0.000000
247 0.000000
248 0.000000
249 0.000000
250 0.000000
251 0.000000
252 0.000000
253 0.000000
254 0.000000
255 0.000000
256 0.000000
257 0.000000
258 0.000000
259 0.000000
260 0.000000
261 0.000000
262 0.000000
263 0.000000
264 0.000000
265 0.000000
266 0.000000
267 0.000000
268 0.000000
269 0.000000
270 0.000000
271 0.000000
272 0.000000
273 0.000000
274 0.000000
275 0.000000
276 0.000000
277 0.000000
278 0.000000
279 0.000000
280 0.000000
281 0.000000
282 0.000000
283 0.000000
284 0.000000
285 0.000000
286 0.000000
287 0.000000
288 0.000000
289 0.000000
290 0.000000
291 0.000000
292 0.000000
293 0.000000
294 0.000000
295 0.000000
296 0.000000
297 0.000000
298 0.000000
299 0.000000
300 0.000000
301 0.000000
302 0.000000
303 0.000000
304 0.000000
305 0.000000
306 0.000000
307 0.000000
308 0.000000
309 0.000000
310 0.000000
311 0.000000
312 0.000000
313 0.000000
314 0.000000
315 0.000000
316 0.000000
317 0.000000
318 0.000000
319 0.000000
320 0.000000
321 0.000000
322 0.000000
323 0.000000
324 0.000000
325 0.000000
326 0.000000
327 0.000000
328 0.000000
329 0.000000
330 0.000000
331 0.000000
332 0.000000
333 0.000000
334 0.000000
335 0.000000
336 0.000000
337 0.000000
338 0.000000
339 0.000000
340 0.000000
341 0.000000
342 0.000000
343 0.000000
344 0.000000
345 0.000000
346 0.000000
347 0.000000
348 0.000000
349 0.000000
350 0.000000
351 0.000000
352 0.000000
353 0.000000
354 0.000000
355 0.000000
356 0.000000
357 0.000000
358 0.000000
359 0.000000
360 0.000000
361 0.000000
362 0.000000
363 0.000000
364 0.000000
365 0.000000
366 0.000000
367 0.000000
368 0.000000
369 0.000000
370 0.000000
371 0.000000
372 0.000000
373 0.000000
374 0.000000
375 0.000000
376 0.000000
377 0.000000
378 0.000000
379 0.000000
380 0.000000
381 0.000000
382 0.000000
383 0.000000
384 0.000000
385 0.000000
386 0.000000
387 0.000000
388 0.000000
389 0.000000
390 0.000000
391 0.000000
392 0.000000
393 0.000000
394 0.000000
395 0.000000
396 0.000000
397 0.000000
398 0.000000
399 0.000000
400 0.000000
401 0.000000
402 0.000000
403 0.000000
404 0.000000
405 0.000000
406 0.000000
407 0.000000
408 0.000000
409 0.000000
410 0.000000
411 0.000000
412 0.000000
413 0.000000
414 0.000000
415 0.000000
416 0.000000
417 0.000000
418 0.000000
419 0.000000
420 0.000000
421 0.000000
422 0.000000
423 0.000000
424 0.000000
425 0.000000
426 0.000000
427 0.000000
428 0.000000
429 0.000000
430 0.000000
431 0.000000
432 0.000000
433 0.000000
434 0.000000
435 0.000000
436 0.000000
437 0.000000
438 0.000000
439 0.000000
440 0.000000
441 0.000000
442 0.000000
443 0.000000
444 0.000000
445 0.000000
446 0.000000
447 0.000000
448 0.000000
449 0.000000
450 0.000000
451 0.000000
452 0.000000
453 0.000000
454 0.000000
455 0.000000
456 0.000000
457 0.000000
458 0.000000
459 0.000000
460 0.000000
461 0.000000
462 0.000000
463 0.000000
464 0.000000
465 0.000000
466 0.000000
467 0.000000
468 0.000000
469 0.000000
470 0.000000
471 0.000000
472 0.000000
473 0.000000
474 0.000000
475 0.000000
476 0.000000
477 0.000000
478 0.000000
479 0.000000
480 0.000000
481 0.000000
482 0.000000
483 0.000000
484 0.000000
485 0.000000
486 0.000000
487 0.000000
488 0.000000
489 0.000000
490 0.000000
491 0.000000
492 0.000000
493 0.000000
494 0.000000
495 0.000000
496 0.000000
497 0.000000
498 0.000000
499 0.000000
500 0.000000
