1 1528714.648437
2 1691540.913839
3 1697832.801472
4 1946077.910955
5 1941944.210123
6 1893826.457040
7 1879955.455285
8 1937260.940348
9 1802385.727577
10 1887627.931985
11 1855817.764050
12 1739752.708234
13 1707353.085372
14 1644286.844942
15 1660469.473986
16 1554402.084435
17 1558410.332757
18 1523342.690521
19 1377517.529173
20 1293537.989000
21 1244704.490297
22 1230806.854261
23 1183608.272413
24 1152306.916045
25 999216.524724
26 1001560.481635
27 903181.885076
28 800057.806937
29 791992.307574
30 732039.351396
31 741697.293689
32 668941.527524
33 648352.521936
34 613913.696167
35 549905.562112
36 536230.187909
37 489408.151905
38 457224.241371
39 427125.004632
40 383594.677166
41 358795.160549
42 330634.812743
43 293763.557019
44 275918.241043
45 244038.084103
46 231962.652956
47 219332.920296
48 198220.083598
49 184984.882900
50 156510.009960
51 154462.361894
52 136827.664831
53 123619.254970
54 112089.944422
55 99997.522149
56 84188.726948
57 77527.691771
58 66849.267188
59 65773.411003
60 61072.885791
61 53458.518088
62 50019.891024
63 45638.611718
64 41941.075770
65 37992.509123
66 32158.278504
67 30273.250226
68 26977.206357
69 24378.908553
70 22118.121526
71 19352.421529
72 17121.619380
73 14822.409357
74 12527.109559
75 11699.628311
76 10690.741066
77 9010.903436
78 7791.035557
79 7229.529883
80 6480.507617
81 5694.708289
82 4854.266695
83 4194.894810
84 3741.612157
85 3306.700506
86 3022.916791
87 2706.949755
88 2255.361260
89 2009.289260
90 1853.040247
91 1565.910042
92 1348.514089
93 1182.162431
94 1032.117794
95 865.700193
96 821.421309
97 688.486802
98 597.096927
99 489.650946
100 427.557112
101 374.431285
102 323.800466
103 275.468036
104 234.259855
105 213.371097
106 189.760658
107 160.155145
108 135.630130
109 115.801512
110 103.117595
111 88.245405
112 78.407609
113 70.629511
114 59.984540
115 53.709597
116 46.728549
117 41.957864
118 36.154034
119 32.110911
120 28.483422
121 25.789732
122 22.452930
123 19.088653
124 16.806036
125 14.196923
126 12.778723
127 11.187629
128 9.551743
129 7.831802
130 7.324754
131 5.981642
132 4.885710
133 4.532540
134 3.858416
135 3.544455
136 3.104177
137 2.605743
138 2.206904
139 1.946569
140 1.706196
141 1.465717
142 1.279032
143 1.116303
144 0.999262
145 0.892389
146 0.756900
147 0.664795
148 0.583376
149 0.519078
150 0.438771
151 0.391723
152 0.343295
153 0.293794
154 0.265489
155 0.236707
156 0.203039
157 0.182452
158 0.158057
159 0.140667
160 0.126689
161 0.113769
162 0.099622
163 0.090304
164 0.079952
165 0.072715
166 0.064513
167 0.055974
168 0.049962
169 0.043411
170 0.038260
171 0.034363
172 0.030647
173 0.025710
174 0.023813
175 0.021188
176 0.019137
177 0.017221
178 0.015564
179 0.014299
180 0.012476
181 0.011438
182 0.010454
183 0.008778
184 0.008157
185 0.007192
186 0.006586
187 0.005988
188 0.005368
189 0.004814
190 0.004427
191 0.003929
192 0.003519
193 0.003181
194 0.002876
195 0.002587
196 0.002363
197 0.002155
198 0.001952
199 0.001753
200 0.001588
201 0.001414
202 0.001313
203 0.001226
204 0.001115
205 0.001008
206 0.000908
207 0.000830
208 0.000757
209 0.000692
210 0.000633
211 0.000579
212 0.000530
213 0.000487
214 0.000445
215 0.000405
216 0.000365
217 0.000327
218 0.000294
219 0.000270
220 0.000253
221 0.000229
222 0.000210
223 0.000193
224 0.000173
225 0.000153
226 0.000143
227 0.000128
228 0.000119
229 0.000113
230 0.000102
231 0.000095
232 0.000087
233 0.000081
234 0.000074
235 0.000069
236 0.000063
237 0.000058
238 0.000054
239 0.000050
240 0.000046
241 0.000042
242 0.000039
243 0.000036
244 0.000034
245 0.000032
246 0.000029
247 0.000027
248 0.000026
249 0.000024
250 0.000022
251 0.000021
252 0.000019
253 0.000018
254 0.000016
255 0.000015
256 0.000014
257 0.000014
258 0.000013
259 0.000012
260 0.000011
261 0.000010
262 0.000010
263 0.000009
264 0.000008
265 0.000008
266 0.000008
267 0.000007
268 0.000007
269 0.000006
270 0.000006
271 0.000006
272 0.000005
273 0.000005
274 0.000005
275 0.000004
276 0.000004
277 0.000004
278 0.000004
279 0.000003
280 0.000003
281 0.000003
282 0.000003
283 0.000003
284 0.000003
285 0.000002
286 0.000002
287 0.000002
288 0.000002
289 0.000002
290 0.000002
291 0.000002
292 0.000002
293 0.000002
294 0.000001
295 0.000001
296 0.000001
297 0.000001
298 0.000001
299 0.000001
300 0.000001
301 0.000001
302 0.000001
303 0.000001
304 0.000001
305 0.000001
306 0.000001
307 0.000001
308 0.000001
309 0.000001
310 0.000001
311 0.000001
312 0.000001
313 0.000001
314 0.000001
315 0.000001
316 0.000001
317 0.000000
318 0.000000
319 0.000000
320 0.000000
321 0.000000
322 0.000000
323 0.000000
324 0.000000
325 0.000000
326 0.000000
327 0.000000
328 0.000000
329 0.000000
330 0.000000
331 0.000000
332 0.000000
333 0.000000
334 0.000000
335 0.000000
336 0.000000
337 0.000000
338 0.000000
339 0.000000
340 0.000000
341 0.000000
342 0.000000
343 0.000000
344 0.000000
345 0.000000
346 0.000000
347 0.000000
348 0.000000
349 0.000000
350 0.000000
351 0.000000
352 0.000000
353 0.000000
354 0.000000
355 0.000000
356 0.000000
357 0.000000
358 0.000000
359 0.000000
360 0.000000
361 0.000000
362 0.000000
363 0.000000
364 0.000000
365 0.000000
366 0.000000
367 0.000000
368 0.000000
369 0.000000
370 0.000000
371 0.000000
372 0.000000
373 0.000000
374 0.000000
375 0.000000
376 0.000000
377 0.000000
378 0.000000
379 0.000000
380 0.000000
381 0.000000
382 0.000000
383 0.000000
384 0.000000
385 0.000000
386 0.000000
387 0.000000
388 0.000000
389 0.000000
390 0.000000
391 0.000000
392 0.000000
393 0.000000
394 0.000000
395 0.000000
396 0.000000
397 0.000000
398 0.000000
399 0.000000
400 0.000000
401 0.000000
402 0.000000
403 0.000000
404 0.000000
405 0.000000
406 0.000000
407 0.000000
408 0.000000
409 0.000000
410 0.000000
411 0.000000
412 0.000000
413 0.000000
414 0.000000
415 0.000000
416 0.000000
417 0.000000
418 0.000000
419 0.000000
420 0.000000
421 0.000000
422 0.000000
423 0.000000
424 0.000000
425 0.000000
426 0.000000
427 0.000000
428 0.000000
429 0.000000
430 0.000000
431 0.000000
432 0.000000
433 0.000000
434 0.000000
435 0.000000
436 0.000000
437 0.000000
438 0.000000
439 0.000000
440 0.000000
441 0.000000
442 0.000000
443 0.000000
444 0.000000
445 0.000000
446 0.000000
447 0.000000
448 0.000000
449 0.000000
450 0.000000
451 0.000000
452 0.000000
453 0.000000
454 0.000000
455 0.000000
456 0.000000
457 0.000000
458 0.000000
459 0.000000
460 0.000000
461 0.000000
462 0.000000
463 0.000000
464 0.000000
465 0.000000
466 0.000000
467 0.000000
468 0.000000
469 0.000000
470 0.000000
471 0.000000
472 0.000000
473 0.000000
474 0.000000
475 0.000000
476 0.000000
477 0.000000
478 0.000000
479 0.000000
480 0.000000
481 0.000000
482 0.000000
483 0.000000
484 0.000000
485 0.000000
486 0.000000
487 0.000000
488 0.000000
489 0.000000
490 0.000000
491 0.000000
492 0.000000
493 0.000000
494 0.000000
495 0.000000
496 0.000000
497 0.000000
498 0.000000
499 0.000000
500 0.000000
