1 12990269.993802
2 29327321.217001
3 26372895.377906
4 35305255.971566
5 34481280.497688
6 37784025.719039
7 47575691.142042
8 52349329.877296
9 53881919.566135
10 64066020.667152
11 60563022.492104
12 86235430.021183
13 78327404.661364
14 81988050.066069
15 88301516.253540
16 136243099.515503
17 139597652.829045
18 161911233.248581
19 153857494.150586
20 169181885.773373
21 143256935.558863
22 168309448.088391
23 242097574.795101
24 190412076.829214
25 211914450.008029
26 252065011.927940
27 303325849.261232
28 308600787.383788
29 346079459.691405
30 261281335.250499
31 331414555.118865
32 339800420.810044
33 394284937.839354
34 337049910.127424
35 427436190.048582
36 526635667.801156
37 586175991.740834
38 594636932.339598
39 482040226.817057
40 506297596.814122
41 594603366.504153
42 694696407.392537
43 630605175.748631
44 678855271.659234
45 786889337.149718
46 744242794.030682
47 637605047.265313
48 592100108.466111
49 700370852.524988
50 567040634.801658
51 577617606.698401
52 477945315.607652
53 517274723.850799
54 588675968.369892
55 637532362.516815
56 489345226.180571
57 698314715.321799
58 555246821.256169
59 513928870.022978
60 660592286.762461
61 601005095.603815
62 665500049.713512
63 616614931.748965
64 526031007.182261
65 650405126.636085
66 589896969.260746
67 689367795.283744
68 494384972.096969
69 606398707.303786
70 517501204.925746
71 393329813.642905
72 435042381.758332
73 408496481.077452
74 526187193.498679
75 477527133.898122
76 357675008.969146
77 427938941.271339
78 380112724.279566
79 446292100.958608
80 396825159.725303
81 293058865.888811
82 297863087.221924
83 290668949.969667
84 219983995.033214
85 232947974.506182
86 253983552.870594
87 204294645.884803
88 193275301.495449
89 161805378.138228
90 104274428.690437
91 152772877.564761
92 189235832.905463
93 200455412.024634
94 133758074.212363
95 134663875.561251
96 154977903.278359
97 125178520.318827
98 115955691.502768
99 102112821.369018
100 87794150.412317
101 83459912.275471
102 73504912.488456
103 81943534.588046
104 79411819.306138
105 84222894.123704
106 90501218.388940
107 73535006.961629
108 75461340.330076
109 77585365.853435
110 73793752.213337
111 75160053.629163
112 64726899.147184
113 69832097.066255
114 68988868.690445
115 65931601.583588
116 80806686.594220
117 56509789.981409
118 53402092.188836
119 64301600.263993
120 53895726.817161
121 55061001.365368
122 59156968.379239
123 42184384.941792
124 49705435.638381
125 41844934.965187
126 52396979.954304
127 50086172.709147
128 51452806.935315
129 44132674.050393
130 38521602.558911
131 34733238.104340
132 34962352.530302
133 31985973.268981
134 29516873.559283
135 26483810.568032
136 28342509.584064
137 26456173.475598
138 25138835.280214
139 25163946.747457
140 24004552.336158
141 20830083.933728
142 17059591.547771
143 15951156.368402
144 13876865.611296
145 13989578.565171
146 12635648.065311
147 13690856.288199
148 12372416.621934
149 14938722.242590
150 14460998.206150
151 13318936.057748
152 12260938.435773
153 11546925.504045
154 9664098.299428
155 9518306.059777
156 9419470.392473
157 8749783.020818
158 7571350.548379
159 8190738.851339
160 5597032.923024
161 5549450.714106
162 5881289.030294
163 4671851.221861
164 5738088.374939
165 5331074.617252
166 4660930.430970
167 4760179.092210
168 4701875.783668
169 5266353.553892
170 5035741.768910
171 4266306.155594
172 4356151.922921
173 2809298.892697
174 3060747.151387
175 2807371.044924
176 3044410.229129
177 2807417.721745
178 1875123.215500
179 2131737.640826
180 2209872.519080
181 2025141.471892
182 2113845.114460
183 2058676.042244
184 1992955.212746
185 1886904.601878
186 1782023.544416
187 1673348.900851
188 1737464.106340
189 1834886.950236
190 1801691.141126
191 1149401.086157
192 1333079.945445
193 1403054.003087
194 1317803.226985
195 911308.772252
196 1009091.193511
197 994287.459983
198 753921.002585
199 852927.574671
200 790617.732268
201 751387.604452
202 571258.984163
203 665121.891085
204 768025.385591
205 650508.433084
206 540954.028155
207 536019.659006
208 656442.008511
209 532692.161373
210 512657.542932
211 527201.274864
212 537532.056090
213 557878.126180
214 453272.747601
215 434835.325354
216 355555.088590
217 353982.066289
218 373417.083377
219 325833.242412
220 377461.341730
221 352044.203136
222 337635.311909
223 333606.548107
224 312703.156342
225 254198.248417
226 273696.304870
227 260055.165387
228 296928.725013
229 275648.450972
230 222594.823056
231 200665.832099
232 203598.009282
233 218031.252747
234 167103.610221
235 191228.099315
236 187821.342032
237 151496.281407
238 157583.665796
239 167683.279915
240 155479.764829
241 137625.946743
242 133635.299035
243 128821.777212
244 118454.489869
245 102302.907206
246 103055.028666
247 99409.746991
248 93366.184080
249 98162.012956
250 94034.359557
251 92051.253951
252 85806.413190
253 81716.250488
254 78920.280555
255 68616.200867
256 68661.048851
257 67563.151555
258 61548.767968
259 71381.830704
260 63695.644586
261 61429.860437
262 51933.056580
263 54566.762622
264 48897.771634
265 48429.453866
266 44354.327402
267 46466.091113
268 48268.067963
269 45279.873523
270 43477.706267
271 41618.359677
272 39455.008991
273 38646.403071
274 39866.400645
275 39073.174850
276 37896.605895
277 41356.431908
278 42059.681213
279 37865.429226
280 38124.488309
281 34706.181710
282 36759.440977
283 36137.032014
284 30501.923534
285 35872.370139
286 33200.402156
287 32155.727841
288 31180.259265
289 29418.209424
290 29957.009594
291 27149.415979
292 28501.043528
293 27094.962207
294 27287.735370
295 24766.580634
296 24860.745094
297 23095.929648
298 22982.994782
299 24055.347400
300 22593.219667
301 25605.358544
302 25563.931624
303 24860.718583
304 21705.459271
305 21971.136668
306 20946.118696
307 20823.734684
308 19178.289171
309 20516.080204
310 20263.294677
311 18510.946892
312 19139.761900
313 17255.372400
314 18032.217136
315 16839.740248
316 15617.532255
317 16236.684216
318 15967.105964
319 15525.849191
320 14700.462896
321 13947.063756
322 14738.684613
323 14737.169386
324 13987.881758
325 13636.842192
326 13043.179433
327 12252.325044
328 12996.125596
329 13569.070813
330 13073.249076
331 13141.807772
332 12973.871173
333 12386.400193
334 12133.411634
335 11279.896780
336 12273.663804
337 11541.801437
338 11153.900584
339 11199.518215
340 10682.601018
341 10611.608748
342 10363.817953
343 10432.456760
344 10548.190686
345 10885.991502
346 10568.155009
347 9564.806203
348 9451.635379
349 9535.514022
350 8712.237094
351 9374.907151
352 8847.292162
353 8882.551810
354 8645.424434
355 8334.862750
356 7657.891969
357 7450.517681
358 7292.658323
359 7537.143981
360 7477.850395
361 7200.876013
362 7218.146496
363 7030.423406
364 6907.883803
365 6611.834434
366 6546.781453
367 6457.382491
368 6299.109222
369 6310.848407
370 6167.302917
371 5809.957071
372 5986.995549
373 5770.649747
374 5504.163190
375 5691.044570
376 5830.439580
377 5533.964948
378 5240.001383
379 5153.067865
380 5195.477064
381 5063.627535
382 4952.408319
383 4691.587201
384 4767.527105
385 4681.227172
386 4529.576263
387 4575.173434
388 4634.403616
389 4539.724660
390 4517.326999
391 4340.085657
392 4351.259273
393 4242.436217
394 4289.091814
395 4228.292113
396 4027.445541
397 4126.331105
398 4130.566026
399 4264.603295
400 4197.495751
401 4145.408438
402 4094.440125
403 4063.064617
404 3795.037980
405 3644.837536
406 3629.287469
407 3574.310686
408 3611.737680
409 3559.233943
410 3438.936197
411 3381.971075
412 3412.059355
413 3390.362205
414 3403.900210
415 3296.974396
416 3272.787523
417 3252.222484
418 3270.810402
419 3176.821538
420 3102.830426
421 3130.562726
422 3091.908000
423 2984.036426
424 3029.512798
425 3018.348098
426 2896.936947
427 2888.015217
428 2841.882816
429 2781.504446
430 2791.920671
431 2716.837498
432 2616.104510
433 2595.091827
434 2644.869343
435 2639.021251
436 2589.578542
437 2545.286404
438 2535.239551
439 2501.543178
440 2462.034109
441 2460.478692
442 2411.221335
443 2394.044993
444 2365.873969
445 2354.068197
446 2339.954397
447 2291.741429
448 2269.334414
449 2251.682039
450 2221.398797
451 2211.642790
452 2154.545338
453 2171.050162
454 2145.868367
455 2138.931513
456 2129.948950
457 2105.387004
458 2105.195388
459 2059.715676
460 2065.516749
461 2055.557881
462 2025.111790
463 2018.150735
464 1993.448797
465 1986.052999
466 1972.864100
467 1960.138209
468 1937.470985
469 1928.536714
470 1905.747194
471 1897.314043
472 1887.093997
473 1876.590827
474 1860.657287
475 1848.616381
476 1837.683424
477 1829.164848
478 1814.166107
479 1801.285511
480 1788.821678
481 1779.139877
482 1771.829026
483 1759.274272
484 1750.572479
485 1744.568879
486 1738.228106
487 1730.739798
488 1724.758738
489 1717.299213
490 1711.942570
491 1703.679869
492 1699.054874
493 1692.336377
494 1689.492126
495 1684.403620
496 1681.258077
497 1678.522905
498 1677.128058
499 1675.425883
500 1674.973185
1 14776376.914858
2 31049555.315024
3 30852873.941347
4 41987182.020993
5 39933815.867187
6 46866520.587320
7 46913483.989795
8 41820606.420951
9 53179341.129534
10 77505327.084280
11 69702653.883283
12 76778189.182351
13 66849745.067607
14 73021007.376612
15 103522520.517943
16 108596016.602196
17 137356313.568263
18 156935689.634275
19 121092345.588383
20 200678075.059713
21 273637512.728029
22 257754249.952789
23 225918649.885220
24 243032497.841369
25 350951796.217205
26 260235186.854076
27 316582400.850092
28 277181705.149980
29 306164819.165668
30 370309715.073337
31 289659985.896810
32 399995780.464077
33 401992173.679766
34 449639834.943901
35 373355986.887589
36 439748817.670396
37 533811608.473155
38 528657246.430044
39 559168351.656979
40 584006218.413532
41 566478449.901043
42 585186116.763846
43 512596649.102207
44 619430443.086485
45 575743906.726599
46 609592204.187910
47 491002136.515649
48 578419328.815636
49 491834934.421833
50 633796788.750184
51 558580712.587847
52 672061412.647305
53 585492472.588784
54 707269635.766473
55 618909185.698568
56 595467525.372642
57 638155017.824937
58 440982099.447077
59 558523937.546662
60 460466461.489460
61 448506858.555261
62 347972960.695335
63 501101811.122667
64 463721274.691277
65 518323936.614563
66 528303354.746484
67 477974895.993707
68 479071784.567792
69 591613783.467405
70 531390974.244490
71 549006392.660971
72 614992936.288417
73 579377025.941693
74 512318793.627078
75 521677499.037998
76 644500807.479368
77 552820258.834001
78 411340383.908278
79 453446268.468209
80 267032269.546840
81 284022834.434873
82 284576014.835490
83 276736231.770530
84 288324263.166512
85 265530366.794026
86 253528315.321957
87 247886591.492333
88 253622721.718731
89 205016850.082573
90 206697786.145984
91 278979375.916980
92 234300664.885115
93 199389298.442148
94 224592395.191064
95 200932524.627415
96 150593665.861539
97 204933104.173425
98 171142644.574858
99 150530979.903505
100 112550905.394660
101 109892664.421620
102 114897898.175835
103 144341929.730538
104 160667226.802659
105 158180374.098211
106 141416252.770983
107 111681498.867846
108 132947133.643912
109 115313909.418547
110 134229627.812282
111 121466893.445234
112 115990615.906992
113 111454657.269521
114 106556803.867354
115 102244995.665524
116 106359586.217032
117 104952538.019612
118 92255847.839055
119 84844520.567116
120 77379500.676519
121 57161618.606949
122 55822045.520630
123 59689733.445774
124 54413686.709602
125 46772893.223864
126 46644640.440713
127 52771769.756143
128 65270721.714852
129 48599900.850258
130 55813012.184260
131 44595717.250262
132 42777806.425294
133 39290443.500660
134 40968783.553564
135 32280568.940099
136 37287518.680985
137 39207341.217141
138 38295145.603947
139 32252905.444126
140 36040581.215791
141 28693048.089116
142 22259555.245818
143 28697635.678923
144 28566034.953059
145 28651173.987709
146 28355971.200867
147 31068235.157484
148 31587047.368457
149 27437623.853091
150 25796946.548378
151 28699756.889187
152 29767886.689700
153 25464309.075668
154 25297012.855558
155 23641249.276799
156 20628626.609000
157 26194940.293561
158 24341309.817391
159 23190479.436088
160 25550226.099448
161 24677957.029630
162 23162245.723397
163 18449867.514359
164 22468624.310948
165 20463939.293566
166 21323324.540627
167 21198548.650495
168 18322941.604590
169 19403202.783777
170 18440989.225896
171 15811467.405508
172 14519496.499168
173 13867254.446063
174 13687380.138458
175 13519654.723031
176 11544779.089264
177 13210128.431844
178 15575252.782957
179 12472951.016417
180 16762613.957403
181 13797838.342707
182 12969536.208315
183 12823886.159786
184 11999845.337477
185 12006652.982196
186 12739657.440399
187 9719566.941348
188 9370849.306017
189 8935994.767699
190 7005542.776671
191 6469631.093997
192 6757181.245899
193 6154163.714932
194 6910535.607775
195 6815100.123758
196 5886321.509239
197 4839155.885700
198 5700856.676122
199 5018308.252809
200 4308456.037902
201 4398263.323176
202 3605779.954889
203 3353020.374129
204 3824499.466450
205 3068082.414813
206 3075334.710972
207 3102161.805124
208 2931721.921006
209 3420220.250247
210 3076103.181739
211 3100665.776831
212 3262115.998437
213 3042442.792377
214 2883479.427818
215 2993846.111372
216 3072711.780052
217 2564780.053674
218 2283884.803254
219 2437738.465735
220 2236696.235027
221 2322353.398325
222 2151555.833547
223 2018463.349385
224 2282697.957678
225 2125512.661984
226 1965384.106137
227 2028572.874534
228 1915479.124647
229 2018363.695066
230 1706639.665628
231 2020310.231897
232 1528999.415735
233 1741395.514810
234 1641899.327617
235 1549690.822029
236 1484010.978891
237 1403509.939544
238 1290038.851250
239 1143709.566259
240 1069524.769087
241 1187485.520995
242 1085202.230175
243 1036668.525045
244 1074816.329885
245 1055443.745928
246 879323.422130
247 796724.480850
248 760129.859016
249 884767.518787
250 739794.189474
251 790710.594344
252 836528.086832
253 803645.853746
254 934476.858253
255 807853.693869
256 665206.198185
257 628116.199126
258 619869.784973
259 611136.481497
260 621254.916604
261 589087.154473
262 508935.483694
263 495410.447943
264 531989.689200
265 548502.947090
266 506378.521499
267 512895.619448
268 389523.667199
269 411600.993047
270 380327.907327
271 370490.132166
272 358318.441183
273 328127.907654
274 340219.925290
275 331177.101564
276 333536.683634
277 294004.520753
278 281976.324691
279 258161.250172
280 280976.148844
281 257530.942782
282 256413.856395
283 257824.143187
284 234384.207775
285 243522.168112
286 238109.257535
287 254772.179349
288 233384.508014
289 220215.701076
290 223429.100248
291 226706.958023
292 220845.422258
293 220726.300803
294 213318.371437
295 207790.501894
296 202461.068512
297 194315.372965
298 189975.730798
299 180433.652596
300 160957.787813
301 156617.868624
302 163465.127697
303 152800.431253
304 161686.407775
305 151045.569070
306 151044.299598
307 141227.632749
308 135877.871174
309 135738.864215
310 132468.177009
311 122836.012200
312 116715.465419
313 110289.706038
314 105067.424251
315 110133.395068
316 103915.890500
317 102782.557163
318 95468.542693
319 97281.093830
320 83409.369293
321 87819.911456
322 82542.027833
323 81233.302646
324 80947.084040
325 76367.356654
326 77292.671828
327 71902.111681
328 71623.106061
329 66828.179020
330 64546.626575
331 63434.343168
332 59915.633895
333 62920.863267
334 59147.446870
335 59531.855833
336 57904.368232
337 58142.332659
338 57086.717026
339 54572.782464
340 51729.299170
341 50028.731870
342 50537.608145
343 48921.990159
344 45671.872378
345 46918.949207
346 46766.351752
347 43201.063664
348 42729.006128
349 43458.580650
350 44048.435874
351 42991.408228
352 41892.782745
353 40092.700674
354 39607.747914
355 39226.164999
356 37730.478652
357 37689.397879
358 35245.134278
359 36138.955210
360 35324.126586
361 34783.459174
362 33588.365293
363 32894.533356
364 33165.375433
365 32551.880418
366 31795.094124
367 32526.247529
368 32359.808906
369 32099.764444
370 30029.638173
371 29668.165587
372 28561.624256
373 27448.209693
374 26738.228300
375 26169.216260
376 26210.608750
377 26324.979812
378 24861.141992
379 24888.048894
380 25043.150432
381 24746.668663
382 24599.002669
383 24390.134161
384 24563.434698
385 24125.011773
386 23839.493653
387 23243.820959
388 22401.966916
389 22907.508455
390 22806.447956
391 21792.790980
392 21959.420642
393 21014.037314
394 21080.428528
395 20389.583108
396 19814.387085
397 19130.816147
398 18513.682333
399 19182.185687
400 18652.751699
401 18680.610452
402 18156.188566
403 18078.685623
404 17904.734876
405 17802.719355
406 17119.156708
407 17017.038726
408 16502.350695
409 16409.678159
410 15937.100641
411 15758.357699
412 15554.699009
413 15243.494861
414 14570.094468
415 14442.683725
416 14272.217557
417 14134.128309
418 14034.377911
419 13707.605743
420 13415.582663
421 13506.539053
422 13268.315101
423 13062.211289
424 12889.743495
425 12638.511586
426 12121.559815
427 12300.783030
428 12245.599203
429 12059.621806
430 12058.616350
431 11944.453814
432 11656.657463
433 11312.763724
434 11213.450715
435 11165.069792
436 10842.546227
437 10717.697497
438 10632.913491
439 10464.721608
440 10339.843507
441 10333.514064
442 10020.629573
443 9998.819757
444 9914.836062
445 9833.522438
446 9615.458264
447 9551.423134
448 9463.484591
449 9309.519067
450 9288.569945
451 9197.318810
452 8980.936804
453 8973.194458
454 8910.994589
455 8837.829908
456 8717.437613
457 8757.540689
458 8606.560652
459 8549.907302
460 8432.166838
461 8442.091137
462 8375.846232
463 8297.029870
464 8217.527630
465 8133.002133
466 8043.359104
467 7937.863608
468 7884.116661
469 7834.046650
470 7779.291794
471 7701.616346
472 7662.097295
473 7525.126895
474 7501.356312
475 7435.987511
476 7388.269618
477 7351.337986
478 7297.381079
479 7231.223599
480 7201.404315
481 7152.739197
482 7084.811056
483 7072.572760
484 7028.517164
485 6989.318672
486 6954.730972
487 6921.713804
488 6894.348277
489 6864.436649
490 6843.302382
491 6807.011556
492 6784.520530
493 6773.827372
494 6755.293089
495 6737.655780
496 6726.905096
497 6714.880708
498 6706.082931
499 6699.185921
500 6696.711053
