1 inf
2 inf
3 inf
4 inf
5 inf
6 inf
7 inf
8 inf
9 inf
10 inf
11 inf
12 inf
13 9778730592304401074025289181825851050374292696372420662291094749456649811464711863035488999712172049562336288795983805290720704004318065426916117006626974517874854390030237247600789414757780948577416242524076217391709517530277219310214183973973767105345804182452708674853808398496453225270516073434357694464.000000
14 9526434002789914170830160638721792167481878665864430962531506399936519925680769088821414469713773697566650604874825163631431203465713121515400313964408735856611397798870198735349610613911214750729791577545107212066566645889366445312559700456185739572190533460208836399530689316109242472939388928.000000
15 311542578037387567611585292124399377087906207097916609267386229642892076599787705510589899900258389261763189488603881055495686798185433580349429880784008978774244488574091452823929298990549351486601490565129536401241908354332604868913966090488128493934252283764795536971562538623827968.000000
16 166866169549248759297995750405383618745820472307733964361170096061637873794193313026382752757221240094114522094023697724901376013955899457148887034680971231727856188537282402028175790019038178400943955399430489869201076812481574292628575077025280203080420822465059246834989400064.000000
17 91229202425746349779472003207049217358337399735380003643501554193646003134356710538934493782705815404095307293594949037428685136053500359947186667520809895859207464203390201458441296772927888107289825989270367937415818372773387881541527022497391412839376084161146126336.000000
18 5894585222703277405950802923066364798920227224887919802490894523051295429309578656160139021397148807281559013561189323791607071088832503390594282257167266335469344337276166086272804825466741024704126706095635982806445988066890108818415275675188493545149172289634304.000000
19 2391002346359766835750803074369292967475576967734864132882250656756505184368408547874628657943609601983148408261540224582139717856399719016642945270432833229650274556270785850729519736517481828826126609330964876262719015615496030697959603687962704211414765010944.000000
20 1137122820003917837208178847445132830656777084300505668502639855518857099987838119788383716758300788535122479457281504476310020032600659095309448704564852905019134735942260726019980503914482664851552324576122569796574653649796594688047836883649464107008.000000
21 79495635566706886601867501595800551940748085576780095616627862913061701488538322958813599949883597226234654651659951677580454279296736259139763095409550122752339898172641830256860189447227234377565022453045694649128833099911906287702199087661056.000000
22 16012281088951477079238376162628918824901497069049691295332345248361511004238404500425783974344096980927705250095587786867173983512506628010977726677173629679687653683761539660911175221688157979747513203172531091924499700474611817775104.000000
23 44957928308621468042693957132222924013364180480960271500142670870836149983213250380406786598812428415572066127302498647827308290721243322648184649795633906720371794073622351268622546514689251654258916743317673918157877234764001312768.000000
24 186652492682405642317816061963543763908824013162006122944576546505072373214858147947331668314148565099386889323632729912344900172909742596044381712514330301630926889012536614374095256827248800721310448583837860010992872760279040.000000
25 4019980566751154173661906524128461544907025984774703602692161428930309164763928258440250061387081038232864510973226868570501817225895493940133437852619785365490098698704714669172154243520682546790039609011798540288.000000
26 1150285482522500001145591272032524569515633386727625877919667267887793196566633873306169424609739555272362049450519400226373333812348844618016438666681213356513685164030623578084547360523578583289213959012352.000000
27 183436332292809202544822074502161127742475041242718017205082458336133496145736514775163021385105438176033932088002719943900969741650111688661336715480925713402875952955961506337686816871260906260332019712.000000
28 38761280384119537656980208916895045005342685890073446976404563076235214977187851956291269996885301161357336534740020120730537944504468843437389572584491081789873695324674103856162713523716096.000000
29 109494949601020705939067316544366595106644959501656607859249861738812857553543910733740683903331342870120526952032068116931628701635085967153395677506812403256340159602584950659346333696.000000
30 15797807207179596365645960032758359135372802325757106629903380717951890808367753782249034242513677085827546264771840293561446736095768280080679595616971243203827806339835581431808.000000
31 34114996210627253483049096561673481876641439595084370401084117127312431514898809636691288218286673698765930117131032953828685233131329720421965219316650385224048616323153920.000000
32 14623854413531971456438787960707889051419919053315409436601057648526077459184296351789075040901699306219976699959156337813454713559145088222134771351669518934881599488.000000
33 60309676153028025217414444019261020749421993035554465623809314996024256558065686884514182851360431186267133380496394004516824480941153794907181237154992881664.000000
34 1659766962894430624882737696974496415779098265976449452033122352253562516590254651636274280128544467486040978636910996697367409843292044705017102336.000000
35 44060915426494516260612208643512970638062129853915121246325715224612784296002641642848998455672828206567910828871914050407826737594368.000000
36 1014058183753267689560432427736027221961016314671014610256103021032065443158075484360910079928588256914885116520562688.000000
37 2178262334537507138394244996967349785938079788431869091252829427063566601745307607421061703195069041789317335220224.000000
38 6336966505429213050286709288010677410234363250955729424423511119696456012925615575059362597981406533517312.000000
39 713971790406153755292057043423320024884563969939541384904206721079962336084256334493429780167639695360.000000
40 1869765103101459130771999316364020574325741398051210529961245636128621457264867278848.000000
41 910245246805920874207389380395565078973775335549041330394294861814467521413120.000000
42 25959940632697772716251727888790647423429086413274377685941668934582272.000000
43 209861790703111095285555575739355564762244620906253395165184.000000
44 125912043828998248493848735729905658253694132551680.000000
45 97598496596592554059090211408086827008.000000
46 92411999959644470439841890304.000000
47 1287844906884099473408.000000
48 2017209737.781075
49 4699.082063
50 3328.924850
51 2906.361036
52 2509.236929
53 2102.456278
54 1747.080262
55 1482.156127
56 1306.352870
57 1128.234043
58 966.211034
59 841.612146
60 737.831950
61 599.091665
62 506.078526
63 448.051299
64 405.141441
65 374.642769
66 325.312821
67 289.954660
68 242.722852
69 216.321121
70 194.263394
71 174.789958
72 155.483969
73 140.016843
74 124.074747
75 110.235301
76 98.934815
77 83.901188
78 79.208486
79 69.841109
80 61.759505
81 54.980202
82 49.113639
83 43.650437
84 37.927714
85 33.285083
86 28.386720
87 25.248689
88 22.205636
89 19.995161
90 17.692091
91 15.870639
92 13.892591
93 12.605621
94 10.856274
95 9.429540
96 8.427649
97 7.691733
98 6.735444
99 6.156494
100 5.347342
101 4.705916
102 4.065337
103 3.559816
104 3.106599
105 2.775830
106 2.495057
107 2.177295
108 1.967259
109 1.761879
110 1.579186
111 1.403124
112 1.228815
113 1.129278
114 1.003684
115 0.891273
116 0.811087
117 0.730968
118 0.638883
119 0.578351
120 0.512331
121 0.456624
122 0.398115
123 0.352517
124 0.317175
125 0.281290
126 0.254210
127 0.224570
128 0.201214
129 0.180391
130 0.165342
131 0.141217
132 0.130801
133 0.119990
134 0.105368
135 0.093617
136 0.083585
137 0.075134
138 0.067499
139 0.059987
140 0.054427
141 0.048106
142 0.044013
143 0.039716
144 0.035759
145 0.032540
146 0.029276
147 0.026360
148 0.023937
149 0.021775
150 0.019500
151 0.017622
152 0.015871
153 0.014068
154 0.012858
155 0.011595
156 0.010319
157 0.009439
158 0.008602
159 0.007863
160 0.007162
161 0.006522
162 0.005925
163 0.005239
164 0.004847
165 0.004374
166 0.003840
167 0.003603
168 0.003244
169 0.002926
170 0.002689
171 0.002438
172 0.002198
173 0.001989
174 0.001815
175 0.001659
176 0.001508
177 0.001383
178 0.001240
179 0.001155
180 0.001043
181 0.000952
182 0.000884
183 0.000802
184 0.000741
185 0.000683
186 0.000631
187 0.000592
188 0.000547
189 0.000503
190 0.000457
191 0.000419
192 0.000392
193 0.000352
194 0.000319
195 0.000295
196 0.000272
197 0.000253
198 0.000236
199 0.000218
200 0.000201
201 0.000186
202 0.000172
203 0.000161
204 0.000147
205 0.000139
206 0.000129
207 0.000119
208 0.000114
209 0.000107
210 0.000101
211 0.000094
212 0.000088
213 0.000082
214 0.000077
215 0.000073
216 0.000067
217 0.000062
218 0.000057
219 0.000055
220 0.000051
221 0.000048
222 0.000045
223 0.000042
224 0.000039
225 0.000037
226 0.000035
227 0.000033
228 0.000031
229 0.000029
230 0.000027
231 0.000025
232 0.000024
233 0.000023
234 0.000022
235 0.000020
236 0.000019
237 0.000018
238 0.000017
239 0.000016
240 0.000015
241 0.000014
242 0.000014
243 0.000013
244 0.000012
245 0.000012
246 0.000011
247 0.000010
248 0.000010
249 0.000009
250 0.000009
251 0.000008
252 0.000008
253 0.000008
254 0.000007
255 0.000007
256 0.000007
257 0.000006
258 0.000006
259 0.000006
260 0.000005
261 0.000005
262 0.000005
263 0.000005
264 0.000004
265 0.000004
266 0.000004
267 0.000004
268 0.000004
269 0.000003
270 0.000003
271 0.000003
272 0.000003
273 0.000003
274 0.000003
275 0.000003
276 0.000003
277 0.000002
278 0.000002
279 0.000002
280 0.000002
281 0.000002
282 0.000002
283 0.000002
284 0.000002
285 0.000002
286 0.000002
287 0.000002
288 0.000002
289 0.000002
290 0.000001
291 0.000001
292 0.000001
293 0.000001
294 0.000001
295 0.000001
296 0.000001
297 0.000001
298 0.000001
299 0.000001
300 0.000001
301 0.000001
302 0.000001
303 0.000001
304 0.000001
305 0.000001
306 0.000001
307 0.000001
308 0.000001
309 0.000001
310 0.000001
311 0.000001
312 0.000001
313 0.000001
314 0.000001
315 0.000001
316 0.000001
317 0.000001
318 0.000001
319 0.000001
320 0.000001
321 0.000000
322 0.000000
323 0.000000
324 0.000000
325 0.000000
326 0.000000
327 0.000000
328 0.000000
329 0.000000
330 0.000000
331 0.000000
332 0.000000
333 0.000000
334 0.000000
335 0.000000
336 0.000000
337 0.000000
338 0.000000
339 0.000000
340 0.000000
341 0.000000
342 0.000000
343 0.000000
344 0.000000
345 0.000000
346 0.000000
347 0.000000
348 0.000000
349 0.000000
350 0.000000
351 0.000000
352 0.000000
353 0.000000
354 0.000000
355 0.000000
356 0.000000
357 0.000000
358 0.000000
359 0.000000
360 0.000000
361 0.000000
362 0.000000
363 0.000000
364 0.000000
365 0.000000
366 0.000000
367 0.000000
368 0.000000
369 0.000000
370 0.000000
371 0.000000
372 0.000000
373 0.000000
374 0.000000
375 0.000000
376 0.000000
377 0.000000
378 0.000000
379 0.000000
380 0.000000
381 0.000000
382 0.000000
383 0.000000
384 0.000000
385 0.000000
386 0.000000
387 0.000000
388 0.000000
389 0.000000
390 0.000000
391 0.000000
392 0.000000
393 0.000000
394 0.000000
395 0.000000
396 0.000000
397 0.000000
398 0.000000
399 0.000000
400 0.000000
401 0.000000
402 0.000000
403 0.000000
404 0.000000
405 0.000000
406 0.000000
407 0.000000
408 0.000000
409 0.000000
410 0.000000
411 0.000000
412 0.000000
413 0.000000
414 0.000000
415 0.000000
416 0.000000
417 0.000000
418 0.000000
419 0.000000
420 0.000000
421 0.000000
422 0.000000
423 0.000000
424 0.000000
425 0.000000
426 0.000000
427 0.000000
428 0.000000
429 0.000000
430 0.000000
431 0.000000
432 0.000000
433 0.000000
434 0.000000
435 0.000000
436 0.000000
437 0.000000
438 0.000000
439 0.000000
440 0.000000
441 0.000000
442 0.000000
443 0.000000
444 0.000000
445 0.000000
446 0.000000
447 0.000000
448 0.000000
449 0.000000
450 0.000000
451 0.000000
452 0.000000
453 0.000000
454 0.000000
455 0.000000
456 0.000000
457 0.000000
458 0.000000
459 0.000000
460 0.000000
461 0.000000
462 0.000000
463 0.000000
464 0.000000
465 0.000000
466 0.000000
467 0.000000
468 0.000000
469 0.000000
470 0.000000
471 0.000000
472 0.000000
473 0.000000
474 0.000000
475 0.000000
476 0.000000
477 0.000000
478 0.000000
479 0.000000
480 0.000000
481 0.000000
482 0.000000
483 0.000000
484 0.000000
485 0.000000
486 0.000000
487 0.000000
488 0.000000
489 0.000000
490 0.000000
491 0.000000
492 0.000000
493 0.000000
494 0.000000
495 0.000000
496 0.000000
497 0.000000
498 0.000000
499 0.000000
500 0.000000
1 inf
2 inf
3 inf
4 inf
5 inf
6 inf
7 inf
8 inf
9 inf
10 inf
11 inf
12 inf
13 inf
14 inf
15 inf
16 inf
17 inf
18 inf
19 24186582240760027349732759307413195650938903304828655453932896050500529610324778712566646033871258233622214509820087388070152131888819454946038020456265302143566251935593672003341182871726539476741726504154892223550223984154483526008658200882295405729104611524980269596352834398947974975877798702582599778304.000000
20 936097997615872755842472452971913815631596327159502324102535694591417187888298514595146137926993050861464354173972887480950820272499325246530790915732998220778023168558737517910992297803366045378227164206012013917708394947829825199040584961392740138544573270373574350639507790959823219467485184.000000
21 35352015633047207378639132906845987109774661034845928779469611059281405726097360537763664412230272308237105981368393544063474957335991729390944856627727768844899179875885612089026405933364787995863872049474176113574150657757670146966637571258739483489104576943402656685256429447188391657472.000000
22 2321085189428339127483832168670607356212596727932556677351572297426557300488934960573248373977438137990871576293639612653612153211159502523975044715859331096100216865876450650714180529022104414260803565225945786101684293945258048491277341950257552363037390010605058135685859377152.000000
23 385388309067628868270552176199678687199260277419909668620705337962107168373462669757671516908545397476010717557974363909337084428504565430681195152547655935439734001236104856800631755357719146994497388426875148914014627406051740410227643037999709523953188109957824774144.000000
24 18313753327443536029603426852382215432548842512165756466985310849365553599863851855140371549102058111356286321459597344556405874069093071986443852642624077648282445847294557332269955340147784086743943414923326459483702049400839310683604554887098409850849198080.000000
25 427316477948336544291791113453239129507367205194414911969504518649633267624345752902902218351467293921115071108622496382144345598179367726132944151848461497999908937907569907612044687403734192873429967387274909179726828051534985683591932907133861888.000000
26 198306846811641250653947209582535514481275849345853874436236884075982743845023767468124031366880411265364384856355238136736765275049951236501758062063720088615028092514308008349639229083953581506660294370299711940272099347040143479098419674081132544.000000
27 9017205094136497471323282134501268576759451686517570850506756966498725131328349860362728740674633191659382291145056239839895091835824535637704982979646465719285207742357303016421566808535492115085907456593266785853684318784978178764603129856.000000
28 999776326642862122857490260278740320233173052009087808384329796885385365869651388824906419856312639648658722608041359781704819777868295042314867506132671327333191205838664889647204068687044997473123710336049976865990814295431726615232512.000000
29 745994728087525783970845022284888550755630838659531480951091554582901173452996030813348378065097977551113254073989515919120375822200923958177525717640133993825116128959928917966626362522247393707467354453122956678275629318144.000000
30 125063676776081184274063933686733021596734385641162446494828430968304184800119725092172800666744382692126854321552045592520225393963960986405107794956327693276674880948788345308871620783263597973022792126536734314856448.000000
31 834498832239973940041402534723153746490422883176842982454020717820391190909903156118780606062453932843367488609773159529304741897921531154503588647306549593598889470800639550704147756027328661592437548725269692416.000000
32 582407253318029977705570293911862095422701839311321662048054626463504238543676098515699084057715491629801664039746226181538004163350705817227271794610840061409699429397925776112726927480935901638594396160.000000
33 27305262402533265216283734136771868397119416993774865876037216505327214189414888447106300239783519926632677269742603451702738527415838287693273769347278856776464700687720111593350097426322588434432.000000
34 463013750249092980692166593589183025611469077177017405376855628610747954336376678908089359562901832470702528264590997061786586854576026566611582790105764489332198386666142120873740417892352.000000
35 4400631914077948612119658174293486597656850044196715324211813684832771911788456694462798123798659168495454191083637328714227356860198309515133412639466666418391736807845504483328.000000
36 854889729541876317821919954391242509779615354445805646142375128199141458282245938871833106425919915205952724109594943606384483297030171443842172365886937969312343793860608.000000
37 111570866662117985754610353099906134971700746228423274064573944834032864990623255817811110875241058740027834175156310392420788566725963463555850169769948637822976.000000
38 117891804033397722536224105901184778687694515868144199073089981342006987045233689949615581005253392836740884488455204881091624476687821762691204825219072.000000
39 134558862201726495967459799268468130429581272420651514599090783160600111446700996613948101333435589097781543434735416023065394881133676869573410816.000000
40 32064469490103030813134950548483115819008977190170657863555049740576603265735454277473750066918986543154501598062596946899691053005144064.000000
41 173772880960440002825308081656205114213794398615833949624883008995884221985528846468767617585781639629310302515889494914539278303232.000000
42 323959284837367564410773201469111691246078271982326595001866291528617581419509227558459724260631776842824237837138788352.000000
43 6312437343727202982642553785337103284882531406959355592892895022951810988810274438097026048628059229436698951680.000000
44 631590896668839813116255389622763590946511166058050498875264728487422303459518435397797295423488.000000
45 143490068724735338459012451198022227374040493879205471870225410230502492006816831567298560.000000
46 18959566318010437880240703561156687662004904061088816720779695503446891558862848.000000
47 11878197769453662213932830845583501638185675928093546450862368761053184.000000
48 30695732779407143970319415628355602244021845196365352665088.000000
49 1826036211624590735830236066168438649564302409728.000000
50 150310881801632446077413707598158939727855616.000000
51 35035288435677384482712597823488.000000
52 226013951577351167934464.000000
53 58578331.132325
54 4307.846449
55 4438.432203
56 3582.159756
57 2700.614081
58 2243.470350
59 1925.388652
60 1630.643293
61 1411.424157
62 1206.780899
63 1018.480094
64 885.882107
65 773.104759
66 662.565029
67 569.861887
68 502.481331
69 439.250290
70 379.268398
71 345.006477
72 299.740922
73 262.318884
74 235.361619
75 203.723997
76 175.933432
77 158.453038
78 140.584991
79 119.400546
80 106.718677
81 96.523948
82 85.160727
83 77.144714
84 65.331904
85 59.263285
86 53.289059
87 46.993871
88 41.756553
89 37.030085
90 32.954616
91 29.019183
92 25.496090
93 22.644428
94 18.812116
95 17.626325
96 15.656972
97 14.075830
98 12.559826
99 10.751801
100 9.629255
101 8.415066
102 7.610959
103 6.809738
104 5.847300
105 5.283948
106 4.585608
107 4.169988
108 3.608911
109 3.171936
110 2.876208
111 2.523189
112 2.241569
113 2.003705
114 1.792392
115 1.546343
116 1.366006
117 1.230633
118 1.115781
119 0.952263
120 0.854833
121 0.758281
122 0.665850
123 0.625843
124 0.543028
125 0.483866
126 0.436475
127 0.385767
128 0.339479
129 0.290334
130 0.264230
131 0.233619
132 0.206913
133 0.185517
134 0.164893
135 0.143877
136 0.129512
137 0.117213
138 0.103203
139 0.092579
140 0.083473
141 0.074809
142 0.065815
143 0.060258
144 0.052700
145 0.047849
146 0.042843
147 0.039137
148 0.035051
149 0.031258
150 0.028403
151 0.025557
152 0.023472
153 0.021207
154 0.019372
155 0.017580
156 0.015756
157 0.014413
158 0.012887
159 0.012111
160 0.010907
161 0.010074
162 0.009191
163 0.008460
164 0.007649
165 0.006900
166 0.006385
167 0.005902
168 0.005436
169 0.004764
170 0.004455
171 0.004075
172 0.003707
173 0.003397
174 0.003153
175 0.002840
176 0.002605
177 0.002378
178 0.002151
179 0.001953
180 0.001780
181 0.001615
182 0.001452
183 0.001335
184 0.001240
185 0.001140
186 0.001038
187 0.000957
188 0.000869
189 0.000816
190 0.000753
191 0.000688
192 0.000633
193 0.000591
194 0.000536
195 0.000499
196 0.000461
197 0.000424
198 0.000394
199 0.000367
200 0.000344
201 0.000316
202 0.000291
203 0.000270
204 0.000253
205 0.000235
206 0.000217
207 0.000202
208 0.000187
209 0.000176
210 0.000162
211 0.000152
212 0.000143
213 0.000134
214 0.000124
215 0.000117
216 0.000107
217 0.000101
218 0.000094
219 0.000088
220 0.000082
221 0.000076
222 0.000072
223 0.000067
224 0.000063
225 0.000059
226 0.000055
227 0.000051
228 0.000048
229 0.000045
230 0.000042
231 0.000039
232 0.000037
233 0.000035
234 0.000033
235 0.000031
236 0.000029
237 0.000028
238 0.000026
239 0.000025
240 0.000023
241 0.000022
242 0.000021
243 0.000020
244 0.000019
245 0.000017
246 0.000016
247 0.000016
248 0.000015
249 0.000014
250 0.000013
251 0.000013
252 0.000012
253 0.000012
254 0.000011
255 0.000010
256 0.000010
257 0.000009
258 0.000009
259 0.000008
260 0.000008
261 0.000008
262 0.000007
263 0.000007
264 0.000007
265 0.000006
266 0.000006
267 0.000006
268 0.000006
269 0.000005
270 0.000005
271 0.000005
272 0.000005
273 0.000004
274 0.000004
275 0.000004
276 0.000004
277 0.000004
278 0.000004
279 0.000003
280 0.000003
281 0.000003
282 0.000003
283 0.000003
284 0.000003
285 0.000003
286 0.000003
287 0.000002
288 0.000002
289 0.000002
290 0.000002
291 0.000002
292 0.000002
293 0.000002
294 0.000002
295 0.000002
296 0.000002
297 0.000002
298 0.000002
299 0.000002
300 0.000002
301 0.000001
302 0.000001
303 0.000001
304 0.000001
305 0.000001
306 0.000001
307 0.000001
308 0.000001
309 0.000001
310 0.000001
311 0.000001
312 0.000001
313 0.000001
314 0.000001
315 0.000001
316 0.000001
317 0.000001
318 0.000001
319 0.000001
320 0.000001
321 0.000001
322 0.000001
323 0.000001
324 0.000001
325 0.000001
326 0.000001
327 0.000001
328 0.000001
329 0.000001
330 0.000001
331 0.000001
332 0.000001
333 0.000001
334 0.000001
335 0.000001
336 0.000000
337 0.000000
338 0.000000
339 0.000000
340 0.000000
341 0.000000
342 0.000000
343 0.000000
344 0.000000
345 0.000000
346 0.000000
347 0.000000
348 0.000000
349 0.000000
350 0.000000
351 0.000000
352 0.000000
353 0.000000
354 0.000000
355 0.000000
356 0.000000
357 0.000000
358 0.000000
359 0.000000
360 0.000000
361 0.000000
362 0.000000
363 0.000000
364 0.000000
365 0.000000
366 0.000000
367 0.000000
368 0.000000
369 0.000000
370 0.000000
371 0.000000
372 0.000000
373 0.000000
374 0.000000
375 0.000000
376 0.000000
377 0.000000
378 0.000000
379 0.000000
380 0.000000
381 0.000000
382 0.000000
383 0.000000
384 0.000000
385 0.000000
386 0.000000
387 0.000000
388 0.000000
389 0.000000
390 0.000000
391 0.000000
392 0.000000
393 0.000000
394 0.000000
395 0.000000
396 0.000000
397 0.000000
398 0.000000
399 0.000000
400 0.000000
401 0.000000
402 0.000000
403 0.000000
404 0.000000
405 0.000000
406 0.000000
407 0.000000
408 0.000000
409 0.000000
410 0.000000
411 0.000000
412 0.000000
413 0.000000
414 0.000000
415 0.000000
416 0.000000
417 0.000000
418 0.000000
419 0.000000
420 0.000000
421 0.000000
422 0.000000
423 0.000000
424 0.000000
425 0.000000
426 0.000000
427 0.000000
428 0.000000
429 0.000000
430 0.000000
431 0.000000
432 0.000000
433 0.000000
434 0.000000
435 0.000000
436 0.000000
437 0.000000
438 0.000000
439 0.000000
440 0.000000
441 0.000000
442 0.000000
443 0.000000
444 0.000000
445 0.000000
446 0.000000
447 0.000000
448 0.000000
449 0.000000
450 0.000000
451 0.000000
452 0.000000
453 0.000000
454 0.000000
455 0.000000
456 0.000000
457 0.000000
458 0.000000
459 0.000000
460 0.000000
461 0.000000
462 0.000000
463 0.000000
464 0.000000
465 0.000000
466 0.000000
467 0.000000
468 0.000000
469 0.000000
470 0.000000
471 0.000000
472 0.000000
473 0.000000
474 0.000000
475 0.000000
476 0.000000
477 0.000000
478 0.000000
479 0.000000
480 0.000000
481 0.000000
482 0.000000
483 0.000000
484 0.000000
485 0.000000
486 0.000000
487 0.000000
488 0.000000
489 0.000000
490 0.000000
491 0.000000
492 0.000000
493 0.000000
494 0.000000
495 0.000000
496 0.000000
497 0.000000
498 0.000000
499 0.000000
500 0.000000
