1 1524088.457862
2 1513565.220698
3 1691153.776775
4 1825560.466982
5 1974650.307791
6 1963586.891747
7 1765608.789811
8 1940812.891181
9 1970107.594744
10 1857189.396296
11 1737214.240658
12 1742731.899063
13 1633955.033216
14 1613910.828208
15 1587788.623391
16 1410161.735339
17 1445046.111818
18 1387602.077397
19 1302316.623810
20 1284426.798625
21 1188144.044210
22 1092793.392879
23 1038878.264971
24 1007646.605656
25 964858.941911
26 888788.421136
27 853116.710854
28 801019.820219
29 734013.107999
30 693042.673326
31 667002.192003
32 628138.351875
33 600762.913043
34 541347.581904
35 495502.955276
36 479845.905711
37 445450.312502
38 401977.047447
39 363757.553357
40 345428.339413
41 297342.014536
42 287966.729234
43 256277.624714
44 239828.783103
45 207999.163708
46 195705.391391
47 164110.496563
48 148264.539643
49 141191.550310
50 127523.405655
51 110805.351021
52 102003.238431
53 80569.660708
54 83313.421592
55 72846.877967
56 61949.202475
57 55733.814966
58 49234.225221
59 44946.264608
60 39338.586572
61 35173.124342
62 32257.471237
63 28700.521889
64 25644.653037
65 22809.340039
66 20770.292944
67 18756.020345
68 15898.046438
69 14077.247264
70 12982.777224
71 11392.598626
72 9603.006387
73 8805.808773
74 7821.501088
75 6936.322244
76 6066.129907
77 5360.130280
78 4776.236656
79 4151.742623
80 3689.098410
81 3321.392088
82 2983.186195
83 2499.640944
84 2218.790611
85 1991.794245
86 1780.881411
87 1478.653239
88 1244.802318
89 1166.827034
90 1007.568174
91 920.536750
92 748.506461
93 612.561318
94 524.977457
95 480.209176
96 419.037690
97 358.032795
98 304.666553
99 281.353641
100 233.900125
101 216.514703
102 183.510165
103 166.836323
104 141.345507
105 123.541886
106 112.242112
107 96.004486
108 84.216571
109 70.560422
110 63.309680
111 52.821951
112 42.622763
113 39.032302
114 32.826617
115 29.098524
116 24.790682
117 21.475819
118 18.579434
119 16.145288
120 13.394983
121 11.766535
122 10.372281
123 9.008067
124 7.800832
125 6.959885
126 5.943270
127 5.005472
128 4.510808
129 4.028179
130 3.523463
131 3.125998
132 2.662892
133 2.250603
134 2.001599
135 1.756176
136 1.528675
137 1.332671
138 1.136799
139 1.018161
140 0.817529
141 0.743018
142 0.655534
143 0.570646
144 0.479127
145 0.430885
146 0.389235
147 0.346481
148 0.303089
149 0.267073
150 0.228617
151 0.196367
152 0.179914
153 0.154442
154 0.143694
155 0.125960
156 0.112130
157 0.098206
158 0.087254
159 0.078239
160 0.068139
161 0.058299
162 0.052575
163 0.046726
164 0.040258
165 0.034690
166 0.031104
167 0.026583
168 0.024402
169 0.021313
170 0.019011
171 0.017144
172 0.014970
173 0.013512
174 0.011838
175 0.010951
176 0.009425
177 0.008635
178 0.007577
179 0.006710
180 0.005826
181 0.005277
182 0.004789
183 0.004316
184 0.003835
185 0.003420
186 0.003078
187 0.002779
188 0.002519
189 0.002268
190 0.002026
191 0.001816
192 0.001597
193 0.001477
194 0.001337
195 0.001223
196 0.001097
197 0.001010
198 0.000907
199 0.000834
200 0.000751
201 0.000698
202 0.000637
203 0.000576
204 0.000529
205 0.000481
206 0.000431
207 0.000393
208 0.000364
209 0.000336
210 0.000303
211 0.000277
212 0.000254
213 0.000234
214 0.000218
215 0.000196
216 0.000180
217 0.000164
218 0.000150
219 0.000137
220 0.000126
221 0.000116
222 0.000104
223 0.000099
224 0.000090
225 0.000084
226 0.000078
227 0.000072
228 0.000065
229 0.000061
230 0.000057
231 0.000053
232 0.000049
233 0.000045
234 0.000042
235 0.000040
236 0.000037
237 0.000034
238 0.000032
239 0.000030
240 0.000028
241 0.000026
242 0.000024
243 0.000022
244 0.000021
245 0.000019
246 0.000018
247 0.000017
248 0.000015
249 0.000014
250 0.000013
251 0.000012
252 0.000011
253 0.000011
254 0.000010
255 0.000009
256 0.000009
257 0.000008
258 0.000008
259 0.000007
260 0.000007
261 0.000006
262 0.000006
263 0.000005
264 0.000005
265 0.000005
266 0.000004
267 0.000004
268 0.000004
269 0.000004
270 0.000004
271 0.000003
272 0.000003
273 0.000003
274 0.000003
275 0.000003
276 0.000002
277 0.000002
278 0.000002
279 0.000002
280 0.000002
281 0.000002
282 0.000002
283 0.000002
284 0.000002
285 0.000001
286 0.000001
287 0.000001
288 0.000001
289 0.000001
290 0.000001
291 0.000001
292 0.000001
293 0.000001
294 0.000001
295 0.000001
296 0.000001
297 0.000001
298 0.000001
299 0.000001
300 0.000001
301 0.000001
302 0.000001
303 0.000001
304 0.000001
305 0.000000
306 0.000000
307 0.000000
308 0.000000
309 0.000000
310 0.000000
311 0.000000
312 0.000000
313 0.000000
314 0.000000
315 0.000000
316 0.000000
317 0.000000
318 0.000000
319 0.000000
320 0.000000
321 0.000000
322 0.000000
323 0.000000
324 0.000000
325 0.000000
326 0.000000
327 0.000000
328 0.000000
329 0.000000
330 0.000000
331 0.000000
332 0.000000
333 0.000000
334 0.000000
335 0.000000
336 0.000000
337 0.000000
338 0.000000
339 0.000000
340 0.000000
341 0.000000
342 0.000000
343 0.000000
344 0.000000
345 0.000000
346 0.000000
347 0.000000
348 0.000000
349 0.000000
350 0.000000
351 0.000000
352 0.000000
353 0.000000
354 0.000000
355 0.000000
356 0.000000
357 0.000000
358 0.000000
359 0.000000
360 0.000000
361 0.000000
362 0.000000
363 0.000000
364 0.000000
365 0.000000
366 0.000000
367 0.000000
368 0.000000
369 0.000000
370 0.000000
371 0.000000
372 0.000000
373 0.000000
374 0.000000
375 0.000000
376 0.000000
377 0.000000
378 0.000000
379 0.000000
380 0.000000
381 0.000000
382 0.000000
383 0.000000
384 0.000000
385 0.000000
386 0.000000
387 0.000000
388 0.000000
389 0.000000
390 0.000000
391 0.000000
392 0.000000
393 0.000000
394 0.000000
395 0.000000
396 0.000000
397 0.000000
398 0.000000
399 0.000000
400 0.000000
401 0.000000
402 0.000000
403 0.000000
404 0.000000
405 0.000000
406 0.000000
407 0.000000
408 0.000000
409 0.000000
410 0.000000
411 0.000000
412 0.000000
413 0.000000
414 0.000000
415 0.000000
416 0.000000
417 0.000000
418 0.000000
419 0.000000
420 0.000000
421 0.000000
422 0.000000
423 0.000000
424 0.000000
425 0.000000
426 0.000000
427 0.000000
428 0.000000
429 0.000000
430 0.000000
431 0.000000
432 0.000000
433 0.000000
434 0.000000
435 0.000000
436 0.000000
437 0.000000
438 0.000000
439 0.000000
440 0.000000
441 0.000000
442 0.000000
443 0.000000
444 0.000000
445 0.000000
446 0.000000
447 0.000000
448 0.000000
449 0.000000
450 0.000000
451 0.000000
452 0.000000
453 0.000000
454 0.000000
455 0.000000
456 0.000000
457 0.000000
458 0.000000
459 0.000000
460 0.000000
461 0.000000
462 0.000000
463 0.000000
464 0.000000
465 0.000000
466 0.000000
467 0.000000
468 0.000000
469 0.000000
470 0.000000
471 0.000000
472 0.000000
473 0.000000
474 0.000000
475 0.000000
476 0.000000
477 0.000000
478 0.000000
479 0.000000
480 0.000000
481 0.000000
482 0.000000
483 0.000000
484 0.000000
485 0.000000
486 0.000000
487 0.000000
488 0.000000
489 0.000000
490 0.000000
491 0.000000
492 0.000000
493 0.000000
494 0.000000
495 0.000000
496 0.000000
497 0.000000
498 0.000000
499 0.000000
500 0.000000
1 1477592.756128
2 1483620.424048
3 1694207.420264
4 1749460.666360
5 1830711.762233
6 1881584.442232
7 1898487.161224
8 1835185.358286
9 1766712.987533
10 1783442.215520
11 1819552.954017
12 1804594.541815
13 1790506.186334
14 1621050.542960
15 1625389.976355
16 1462011.762973
17 1474147.724784
18 1371335.637752
19 1373586.582078
20 1305406.860010
21 1209109.541855
22 1234561.686066
23 1066473.096606
24 1015900.192542
25 1031506.176162
26 964634.398925
27 874050.290431
28 779746.618394
29 733825.317772
30 697779.736388
31 602892.353949
32 603406.162416
33 526812.193813
34 476382.229953
35 471481.793990
36 430303.577559
37 412401.769874
38 370677.267296
39 335330.300430
40 294798.432636
41 273463.775719
42 245263.643186
43 227676.760769
44 198479.905187
45 184469.104572
46 169368.205362
47 146455.613667
48 131628.590381
49 127752.190962
50 112807.307206
51 99546.280811
52 91239.575778
53 79602.307251
54 70477.056686
55 61888.643837
56 55963.211547
57 46636.942202
58 41170.179671
59 39609.386201
60 34997.634316
61 33125.883870
62 25518.941969
63 23192.282096
64 21145.198718
65 19192.279166
66 15503.428554
67 14086.212569
68 12450.061790
69 11643.590722
70 10406.752968
71 9271.552974
72 8047.354933
73 7173.362747
74 6460.537914
75 5406.646410
76 4892.386173
77 4407.100182
78 4015.963604
79 3540.045019
80 3178.369361
81 2611.461268
82 2343.399287
83 2045.277652
84 1759.546786
85 1538.861272
86 1394.158818
87 1232.536205
88 1056.204201
89 976.371399
90 894.211139
91 782.550686
92 636.225489
93 580.495732
94 518.958956
95 464.317065
96 418.029717
97 343.286066
98 306.041841
99 259.245480
100 228.222917
101 197.035459
102 176.949251
103 151.055281
104 121.862363
105 112.467025
106 93.502512
107 84.725719
108 72.788878
109 62.765756
110 54.241157
111 46.239303
112 40.198084
113 34.621647
114 29.546808
115 26.456766
116 22.410062
117 19.747889
118 17.294854
119 14.899212
120 13.036254
121 11.127278
122 9.177351
123 8.165076
124 7.090552
125 6.121480
126 5.369032
127 4.730011
128 4.138961
129 3.706094
130 3.304879
131 2.775612
132 2.510694
133 2.191579
134 1.804957
135 1.621636
136 1.412627
137 1.215453
138 1.116059
139 0.999679
140 0.870299
141 0.766896
142 0.675570
143 0.607900
144 0.526301
145 0.467798
146 0.404464
147 0.351831
148 0.307055
149 0.271817
150 0.231964
151 0.209451
152 0.180863
153 0.157154
154 0.145360
155 0.128772
156 0.113157
157 0.101359
158 0.085981
159 0.074110
160 0.066837
161 0.059089
162 0.053523
163 0.046378
164 0.040070
165 0.036810
166 0.031987
167 0.027978
168 0.025447
169 0.022243
170 0.019846
171 0.017811
172 0.015869
173 0.014262
174 0.012929
175 0.011479
176 0.010254
177 0.008921
178 0.008101
179 0.007476
180 0.006743
181 0.005978
182 0.005427
183 0.004889
184 0.004273
185 0.003862
186 0.003438
187 0.003168
188 0.002854
189 0.002584
190 0.002323
191 0.002058
192 0.001887
193 0.001755
194 0.001540
195 0.001424
196 0.001295
197 0.001166
198 0.001066
199 0.000935
200 0.000862
201 0.000752
202 0.000692
203 0.000635
204 0.000576
205 0.000530
206 0.000482
207 0.000441
208 0.000407
209 0.000365
210 0.000329
211 0.000298
212 0.000273
213 0.000246
214 0.000225
215 0.000209
216 0.000191
217 0.000177
218 0.000163
219 0.000152
220 0.000140
221 0.000127
222 0.000117
223 0.000108
224 0.000100
225 0.000091
226 0.000085
227 0.000078
228 0.000071
229 0.000065
230 0.000060
231 0.000055
232 0.000051
233 0.000048
234 0.000044
235 0.000041
236 0.000038
237 0.000035
238 0.000033
239 0.000030
240 0.000028
241 0.000026
242 0.000025
243 0.000023
244 0.000022
245 0.000020
246 0.000018
247 0.000017
248 0.000016
249 0.000015
250 0.000014
251 0.000013
252 0.000012
253 0.000012
254 0.000011
255 0.000010
256 0.000009
257 0.000009
258 0.000008
259 0.000008
260 0.000007
261 0.000007
262 0.000006
263 0.000006
264 0.000006
265 0.000005
266 0.000005
267 0.000005
268 0.000004
269 0.000004
270 0.000004
271 0.000004
272 0.000003
273 0.000003
274 0.000003
275 0.000003
276 0.000003
277 0.000003
278 0.000002
279 0.000002
280 0.000002
281 0.000002
282 0.000002
283 0.000002
284 0.000002
285 0.000002
286 0.000002
287 0.000001
288 0.000001
289 0.000001
290 0.000001
291 0.000001
292 0.000001
293 0.000001
294 0.000001
295 0.000001
296 0.000001
297 0.000001
298 0.000001
299 0.000001
300 0.000001
301 0.000001
302 0.000001
303 0.000001
304 0.000001
305 0.000001
306 0.000001
307 0.000001
308 0.000001
309 0.000000
310 0.000000
311 0.000000
312 0.000000
313 0.000000
314 0.000000
315 0.000000
316 0.000000
317 0.000000
318 0.000000
319 0.000000
320 0.000000
321 0.000000
322 0.000000
323 0.000000
324 0.000000
325 0.000000
326 0.000000
327 0.000000
328 0.000000
329 0.000000
330 0.000000
331 0.000000
332 0.000000
333 0.000000
334 0.000000
335 0.000000
336 0.000000
337 0.000000
338 0.000000
339 0.000000
340 0.000000
341 0.000000
342 0.000000
343 0.000000
344 0.000000
345 0.000000
346 0.000000
347 0.000000
348 0.000000
349 0.000000
350 0.000000
351 0.000000
352 0.000000
353 0.000000
354 0.000000
355 0.000000
356 0.000000
357 0.000000
358 0.000000
359 0.000000
360 0.000000
361 0.000000
362 0.000000
363 0.000000
364 0.000000
365 0.000000
366 0.000000
367 0.000000
368 0.000000
369 0.000000
370 0.000000
371 0.000000
372 0.000000
373 0.000000
374 0.000000
375 0.000000
376 0.000000
377 0.000000
378 0.000000
379 0.000000
380 0.000000
381 0.000000
382 0.000000
383 0.000000
384 0.000000
385 0.000000
386 0.000000
387 0.000000
388 0.000000
389 0.000000
390 0.000000
391 0.000000
392 0.000000
393 0.000000
394 0.000000
395 0.000000
396 0.000000
397 0.000000
398 0.000000
399 0.000000
400 0.000000
401 0.000000
402 0.000000
403 0.000000
404 0.000000
405 0.000000
406 0.000000
407 0.000000
408 0.000000
409 0.000000
410 0.000000
411 0.000000
412 0.000000
413 0.000000
414 0.000000
415 0.000000
416 0.000000
417 0.000000
418 0.000000
419 0.000000
420 0.000000
421 0.000000
422 0.000000
423 0.000000
424 0.000000
425 0.000000
426 0.000000
427 0.000000
428 0.000000
429 0.000000
430 0.000000
431 0.000000
432 0.000000
433 0.000000
434 0.000000
435 0.000000
436 0.000000
437 0.000000
438 0.000000
439 0.000000
440 0.000000
441 0.000000
442 0.000000
443 0.000000
444 0.000000
445 0.000000
446 0.000000
447 0.000000
448 0.000000
449 0.000000
450 0.000000
451 0.000000
452 0.000000
453 0.000000
454 0.000000
455 0.000000
456 0.000000
457 0.000000
458 0.000000
459 0.000000
460 0.000000
461 0.000000
462 0.000000
463 0.000000
464 0.000000
465 0.000000
466 0.000000
467 0.000000
468 0.000000
469 0.000000
470 0.000000
471 0.000000
472 0.000000
473 0.000000
474 0.000000
475 0.000000
476 0.000000
477 0.000000
478 0.000000
479 0.000000
480 0.000000
481 0.000000
482 0.000000
483 0.000000
484 0.000000
485 0.000000
486 0.000000
487 0.000000
488 0.000000
489 0.000000
490 0.000000
491 0.000000
492 0.000000
493 0.000000
494 0.000000
495 0.000000
496 0.000000
497 0.000000
498 0.000000
499 0.000000
500 0.000000
