1 1000000000000000019884624838656.000000
2 1000000000000000019884624838656.000000
3 1000000000000000019884624838656.000000
4 1000000000000000019884624838656.000000
5 inf
6 inf
7 inf
8 inf
9 inf
10 inf
11 inf
12 inf
13 inf
14 inf
15 inf
16 inf
17 inf
18 inf
19 inf
20 inf
21 inf
22 inf
23 inf
24 inf
25 inf
26 inf
27 inf
28 inf
29 inf
30 inf
31 inf
32 inf
33 inf
34 inf
35 inf
36 inf
37 inf
38 inf
39 inf
40 inf
41 inf
42 inf
43 inf
44 inf
45 inf
46 inf
47 inf
48 inf
49 inf
50 inf
51 inf
52 inf
53 inf
54 inf
55 24985842076323893709367745032958781743105908992091908118800411810243741163080794480230420369793032375855690740836864514479144021791153967872296394566139324981055698437631113058158501236849273676827043633401323612387087710200460862716577457579675433510767579669463040.000000
56 24985842076323893709367745032958781743105908992091908118800411810243741163080794480230420369793032375855690740836864514479144021791153967872296394566139324981055698437631113058158501236849273676827043633401323612387087710200460862716577457579675433510767579669463040.000000
57 24985842076323893709367745032958781743105908992091908118800411810243741163080794480230420369793032375855690740836864514479144021791153967872296394566139324981055698437631113058158501236849273676827043633401323612387087710200460862716577457579675433510767579669463040.000000
58 24985842076323893709367745032958781743105908992091908118800411810243741163080794480230420369793032375855690740836864514479144021791153967872296394566139324981055698437631113058158501236849273676827043633401323612387087710200460862716577457579675433510767579669463040.000000
59 24985842076323893709367745032958781743105908992091908118800411810243741163080794480230420369793032375855690740836864514479144021791153967872296394566139324981055698437631113058158501236849273676827043633401323612387087710200460862716577457579675433510767579669463040.000000
60 74108562040447948291605353712290588914968211618704698975518745171505154230928450509147348002348316318343782584667430404924007226773463555418057645190545975116797375223325267019281635870254571700294640467968.000000
61 74108562040447948291605353712290588914968211618704698975518745171505154230928450509147348002348316318343782584667430404924007226773463555418057645190545975116797375223325267019281635870254571700294640467968.000000
62 74108562040447948291605353712290588914968211618704698975518745171505154230928450509147348002348316318343782584667430404924007226773463555418057645190545975116797375223325267019281635870254571700294640467968.000000
63 74108562040447948291605353712290588914968211618704698975518745171505154230928450509147348002348316318343782584667430404924007226773463555418057645190545975116797375223325267019281635870254571700294640467968.000000
64 74108562040447948291605353712290588914968211618704698975518745171505154230928450509147348002348316318343782584667430404924007226773463555418057645190545975116797375223325267019281635870254571700294640467968.000000
65 46615814779683131933584112005982164683417519004035813437324466548436681017854758550135183651569380976274283296222896082191455041070563572813135872.000000
66 46615814779683131933584112005982164683417519004035813437324466548436681017854758550135183651569380976274283296222896082191455041070563572813135872.000000
67 46615814779683131933584112005982164683417519004035813437324466548436681017854758550135183651569380976274283296222896082191455041070563572813135872.000000
68 46615814779683131933584112005982164683417519004035813437324466548436681017854758550135183651569380976274283296222896082191455041070563572813135872.000000
69 46615814779683131933584112005982164683417519004035813437324466548436681017854758550135183651569380976274283296222896082191455041070563572813135872.000000
70 27297037119408133440360505693143216497730939028356326336051398536367645336524554240.000000
71 27297037119408133440360505693143216497730939028356326336051398536367645336524554240.000000
72 27297037119408133440360505693143216497730939028356326336051398536367645336524554240.000000
73 27297037119408133440360505693143216497730939028356326336051398536367645336524554240.000000
74 27297037119408133440360505693143216497730939028356326336051398536367645336524554240.000000
75 3462356872457.359863
76 3462356872457.359863
77 3462356872457.359863
78 3462356872457.359863
79 3462356872457.359863
80 18755.839929
81 18755.839929
82 18755.839929
83 18755.839929
84 18755.839929
85 13652.870311
86 13652.870311
87 13652.870311
88 13652.870311
89 13652.870311
90 10099.838888
91 10099.838888
92 10099.838888
93 10099.838888
94 10099.838888
95 7966.055030
96 7966.055030
97 7966.055030
98 7966.055030
99 7966.055030
100 6367.555953
101 6367.555953
102 6367.555953
103 6367.555953
104 6367.555953
105 4681.965928
106 4681.965928
107 4681.965928
108 4681.965928
109 4681.965928
110 3754.491995
111 3754.491995
112 3754.491995
113 3754.491995
114 3754.491995
115 2764.813368
116 2764.813368
117 2764.813368
118 2764.813368
119 2764.813368
120 2252.674452
121 2252.674452
122 2252.674452
123 2252.674452
124 2252.674452
125 1764.117447
126 1764.117447
127 1764.117447
128 1764.117447
129 1764.117447
130 1376.800847
131 1376.800847
132 1376.800847
133 1376.800847
134 1376.800847
135 1037.127498
136 1037.127498
137 1037.127498
138 1037.127498
139 1037.127498
140 825.840788
141 825.840788
142 825.840788
143 825.840788
144 825.840788
145 654.431461
146 654.431461
147 654.431461
148 654.431461
149 654.431461
150 521.104250
151 521.104250
152 521.104250
153 521.104250
154 521.104250
155 407.292374
156 407.292374
157 407.292374
158 407.292374
159 407.292374
160 307.832817
161 307.832817
162 307.832817
163 307.832817
164 307.832817
165 235.137537
166 235.137537
167 235.137537
168 235.137537
169 235.137537
170 178.707803
171 178.707803
172 178.707803
173 178.707803
174 178.707803
175 140.956686
176 140.956686
177 140.956686
178 140.956686
179 140.956686
180 111.398679
181 111.398679
182 111.398679
183 111.398679
184 111.398679
185 87.165770
186 87.165770
187 87.165770
188 87.165770
189 87.165770
190 68.431496
191 68.431496
192 68.431496
193 68.431496
194 68.431496
195 54.572931
196 54.572931
197 54.572931
198 54.572931
199 54.572931
200 43.529486
201 43.529486
202 43.529486
203 43.529486
204 43.529486
205 32.921507
206 32.921507
207 32.921507
208 32.921507
209 32.921507
210 26.473134
211 26.473134
212 26.473134
213 26.473134
214 26.473134
215 21.124061
216 21.124061
217 21.124061
218 21.124061
219 21.124061
220 15.688949
221 15.688949
222 15.688949
223 15.688949
224 15.688949
225 12.444519
226 12.444519
227 12.444519
228 12.444519
229 12.444519
230 10.156536
231 10.156536
232 10.156536
233 10.156536
234 10.156536
235 8.233324
236 8.233324
237 8.233324
238 8.233324
239 8.233324
240 6.755004
241 6.755004
242 6.755004
243 6.755004
244 6.755004
245 5.484566
246 5.484566
247 5.484566
248 5.484566
249 5.484566
250 4.407682
251 4.407682
252 4.407682
253 4.407682
254 4.407682
255 3.533559
256 3.533559
257 3.533559
258 3.533559
259 3.533559
260 2.906870
261 2.906870
262 2.906870
263 2.906870
264 2.906870
265 2.368997
266 2.368997
267 2.368997
268 2.368997
269 2.368997
270 1.956432
271 1.956432
272 1.956432
273 1.956432
274 1.956432
275 1.577233
276 1.577233
277 1.577233
278 1.577233
279 1.577233
280 1.299320
281 1.299320
282 1.299320
283 1.299320
284 1.299320
285 1.063324
286 1.063324
287 1.063324
288 1.063324
289 1.063324
290 0.866205
291 0.866205
292 0.866205
293 0.866205
294 0.866205
295 0.709805
296 0.709805
297 0.709805
298 0.709805
299 0.709805
300 0.583997
301 0.583997
302 0.583997
303 0.583997
304 0.583997
305 0.482446
306 0.482446
307 0.482446
308 0.482446
309 0.482446
310 0.402440
311 0.402440
312 0.402440
313 0.402440
314 0.402440
315 0.339504
316 0.339504
317 0.339504
318 0.339504
319 0.339504
320 0.284004
321 0.284004
322 0.284004
323 0.284004
324 0.284004
325 0.235887
326 0.235887
327 0.235887
328 0.235887
329 0.235887
330 0.195022
331 0.195022
332 0.195022
333 0.195022
334 0.195022
335 0.166048
336 0.166048
337 0.166048
338 0.166048
339 0.166048
340 0.139641
341 0.139641
342 0.139641
343 0.139641
344 0.139641
345 0.118376
346 0.118376
347 0.118376
348 0.118376
349 0.118376
350 0.101462
351 0.101462
352 0.101462
353 0.101462
354 0.101462
355 0.086685
356 0.086685
357 0.086685
358 0.086685
359 0.086685
360 0.074525
361 0.074525
362 0.074525
363 0.074525
364 0.074525
365 0.064508
366 0.064508
367 0.064508
368 0.064508
369 0.064508
370 0.055583
371 0.055583
372 0.055583
373 0.055583
374 0.055583
375 0.048009
376 0.048009
377 0.048009
378 0.048009
379 0.048009
380 0.041587
381 0.041587
382 0.041587
383 0.041587
384 0.041587
385 0.036032
386 0.036032
387 0.036032
388 0.036032
389 0.036032
390 0.031533
391 0.031533
392 0.031533
393 0.031533
394 0.031533
395 0.027612
396 0.027612
397 0.027612
398 0.027612
399 0.027612
400 0.023794
401 0.023794
402 0.023794
403 0.023794
404 0.023794
405 0.020727
406 0.020727
407 0.020727
408 0.020727
409 0.020727
410 0.018201
411 0.018201
412 0.018201
413 0.018201
414 0.018201
415 0.016008
416 0.016008
417 0.016008
418 0.016008
419 0.016008
420 0.014102
421 0.014102
422 0.014102
423 0.014102
424 0.014102
425 0.012405
426 0.012405
427 0.012405
428 0.012405
429 0.012405
430 0.010942
431 0.010942
432 0.010942
433 0.010942
434 0.010942
435 0.009660
436 0.009660
437 0.009660
438 0.009660
439 0.009660
440 0.008566
441 0.008566
442 0.008566
443 0.008566
444 0.008566
445 0.007614
446 0.007614
447 0.007614
448 0.007614
449 0.007614
450 0.006729
451 0.006729
452 0.006729
453 0.006729
454 0.006729
455 0.005975
456 0.005975
457 0.005975
458 0.005975
459 0.005975
460 0.005316
461 0.005316
462 0.005316
463 0.005316
464 0.005316
465 0.004736
466 0.004736
467 0.004736
468 0.004736
469 0.004736
470 0.004229
471 0.004229
472 0.004229
473 0.004229
474 0.004229
475 0.003779
476 0.003779
477 0.003779
478 0.003779
479 0.003779
480 0.003384
481 0.003384
482 0.003384
483 0.003384
484 0.003384
485 0.003033
486 0.003033
487 0.003033
488 0.003033
489 0.003033
490 0.002719
491 0.002719
492 0.002719
493 0.002719
494 0.002719
495 0.002443
496 0.002443
497 0.002443
498 0.002443
499 0.002443
500 0.002198
