1 inf
2 inf
3 inf
4 inf
5 inf
6 inf
7 inf
8 inf
9 inf
10 inf
11 inf
12 inf
13 1225021677415992741180389879713147258450463643087608722691146054357058262497563980983977285938902085838763298552927102596744873036617420504453513819369940653364424093056481223208705719200664677978824587689510271934155442634523396033077873994622394345086186189456295264571004013032891219968.000000
14 22701430064345801024833739103821339438204334228939067687567056827624929266530377028975949775319594001880313617289261469498057801149305072937910795105400515597124284395048568231090590148030223060602278322759720090131493250052837834721254860115380042031608944224476679702645014113216888832.000000
15 14065441561782690297486362069551827930588238566533427638151629592820094551739385350070279655090900740073969067178216932103846300621507785255262743295697544311400955928653681483736220223275859040302759504292356420604598995908849063621191005979056701910913582897058675838418944.000000
16 18710904160435880290920760107956979724847588117515267989254596478998268323745980287318796128714071575608489782903991317880308427686098598495481871083479395203411735606592718428282077927991915862700093936476148155386473765776495416562990021761187200660544123672985600.000000
17 93305109740704238683887878672142483800324857409040950488698013955385471718227164238464103181768458092611578747817421804185192186303505227843072430373598951192685807784654389192357680429684608717209468059938249778695208735560845921314443545984309768749056.000000
18 3229521062810890198796903178236618491825199851146747234639176435529974570717805428939151669324446895519719917769417989199067364837539288647890302194293422944980851835574650377768943165236063805101612749016518919759947265892502761563422617187341303808.000000
19 2268355102773585707016586280125873314018006876559307553858982382137622857795689538952109625620509254867507297150713900213900418364981524783449906803666707607331890030742956343392897998486895011489521091154659072289219276404154966545400319705088.000000
20 19348268755787649991349889217371612504611754273636279517829157685250798962506742481970389210281061332488618242672180244115704713119449264045920223535083866972115962953187854910305029279072840696142656410847022656675405551782886157706067968.000000
21 120949351189631308911443516511293502001514814558740532244388016855295555670013410497306129509483685307071968295512476311018795952306260899112268080090440733356884727275985987558731635161355495080734665990287927972985047857309048373248.000000
22 118260302303251620465783046326309303536418199989003698550673616477356763565329171616464160052145350074425800755124059318439632160397879322895571590775011797944509158361951121509155977650819779189112336457475102860200810247094272.000000
23 40272915934953334579800062673075453118283179205063280767651630880204457654809065496670012350285349205190049663998946572048843133075262584360349043410907061508943747685692392423527272440033885190849939543977290224419995648.000000
24 7245340601094047580370643517216375865214235652429419614207577081720084011948646395810324562613370186293278971408682003664930839447398841914263491352588059888868024972919823367169418145302256624676056575089049600.000000
25 85990622568239436765657291534635487351530550323466609881681758989770584999454010183097456067842298915894079892541746252745114436646826353215489088564164868133861357548377244485619456563237367773541695488.000000
26 4686058808313156227634743546592541854438500380899313792721001043967595127296795799065337835404622610749636178265162838292431955409958645525958316090838809220926518431666850726337257709415250930958336.000000
27 85760981149064858693587987656805315689134966723887866912378978184059483680688520146378007354287968559102170666765529461375068412830907938073284604297367466383799513202447908174389179318272.000000
28 49993985976322674095524656251995832893516285245690661048197631992896125514988515163919863927184329991184877463211620319491873710722529311028754083087650029003976747696759471879378436096.000000
29 621739493937854785404189282139927292553552441467713334384570969507510007152771639003095759676910053392530397622128651866709786601071409759324071997585784259782050166635233280.000000
30 37522064594152688308716993378612025600981345440193792934207764413482395889606326150745558173769168995033500944682667123778366790997818190779410194390296649455512410128384.000000
31 906364030696423770617652539034927807225247863115027613064665022905284784939019262934526399441929753153819979423682766337886740033956148133847424574378051425533952.000000
32 6418416139126404178443092999677697991020345294320427487824092756460749821774962913189888817263306035966559350816875195783806342557350909967442334106888699904.000000
33 18283799534395137777715353899648439929159512318025484491452317287831615388635245743157542287519587473932515146401647605208519651155716866048.000000
34 109416839517971194070770108513674849555854866353731439346462915457308489001663852173606813589674015933358370031918652915952697215025152.000000
35 188148364862018832562891220710653063036656822646051773806621384800927997626325936151065057038539713454493388570142795890688.000000
36 133447675706808597430208180578106772241483002747425431523451463691056546347818312567662838941451807481449566204592128.000000
37 32630118025030111630457532335528393478993642566493968796250442986651005415166373497500640773722379426725888.000000
38 7877753308085276215420947391936630967789455396622760040679161148290405412114231932779065442341748736.000000
39 82137953052896081043883409162252351972333413721632633723418857273158576358548752775751139328.000000
40 125026228275872168858365473095278981286944715136576023751000026795168032616349696.000000
41 208413232881742222393466754035427068178178359774688391398241335246848.000000
42 3789471272025826641504797444051823383507726442175743314100224.000000
43 90658507139466312618413339213835795909141938044928.000000
44 297987981585832510547240556034938358674227200.000000
45 5940893095527046911329566720.000000
46 16703744402020898963456.000000
47 95672551419.757385
48 6335.689448
49 3562.903859
50 2694.688964
51 2126.361080
52 1741.921189
53 1396.487442
54 1170.879538
55 1073.686315
56 892.691976
57 754.846604
58 665.376565
59 592.762266
60 519.251357
61 477.232228
62 422.193476
63 375.958276
64 333.092498
65 299.172162
66 266.997278
67 235.449284
68 211.134708
69 189.128828
70 168.762965
71 151.023615
72 135.729514
73 120.668880
74 110.693763
75 97.271170
76 86.394043
77 75.401532
78 68.427766
79 59.698038
80 53.140097
81 46.499599
82 41.273941
83 37.342816
84 32.260480
85 28.878366
86 25.287476
87 22.094022
88 20.119070
89 17.449239
90 15.368526
91 13.718547
92 12.011169
93 10.472650
94 9.633225
95 8.862962
96 7.866374
97 6.710873
98 6.134697
99 5.504272
100 4.972404
101 4.272274
102 3.733306
103 3.326541
104 2.886684
105 2.618401
106 2.335111
107 2.093995
108 1.855300
109 1.572917
110 1.401830
111 1.230033
112 1.100756
113 0.964523
114 0.833223
115 0.766250
116 0.681019
117 0.587139
118 0.529354
119 0.463140
120 0.414218
121 0.374295
122 0.336286
123 0.296736
124 0.267244
125 0.239877
126 0.215028
127 0.191416
128 0.162160
129 0.144602
130 0.129924
131 0.116464
132 0.104704
133 0.091375
134 0.082782
135 0.074520
136 0.064700
137 0.058912
138 0.052728
139 0.045435
140 0.041629
141 0.038179
142 0.034283
143 0.030571
144 0.026579
145 0.024398
146 0.022300
147 0.019752
148 0.018044
149 0.016170
150 0.014792
151 0.013379
152 0.011861
153 0.010576
154 0.009606
155 0.008785
156 0.007930
157 0.007003
158 0.006428
159 0.005777
160 0.005163
161 0.004690
162 0.004322
163 0.003961
164 0.003618
165 0.003257
166 0.002963
167 0.002558
168 0.002388
169 0.002151
170 0.001968
171 0.001755
172 0.001602
173 0.001468
174 0.001343
175 0.001233
176 0.001140
177 0.001041
178 0.000925
179 0.000856
180 0.000775
181 0.000706
182 0.000648
183 0.000589
184 0.000535
185 0.000502
186 0.000458
187 0.000422
188 0.000395
189 0.000364
190 0.000341
191 0.000313
192 0.000288
193 0.000266
194 0.000246
195 0.000230
196 0.000212
197 0.000195
198 0.000182
199 0.000168
200 0.000157
201 0.000145
202 0.000133
203 0.000124
204 0.000115
205 0.000108
206 0.000100
207 0.000093
208 0.000086
209 0.000081
210 0.000075
211 0.000070
212 0.000065
213 0.000061
214 0.000057
215 0.000053
216 0.000049
217 0.000047
218 0.000044
219 0.000041
220 0.000039
221 0.000036
222 0.000034
223 0.000032
224 0.000030
225 0.000028
226 0.000026
227 0.000025
228 0.000023
229 0.000022
230 0.000021
231 0.000020
232 0.000018
233 0.000017
234 0.000017
235 0.000016
236 0.000015
237 0.000014
238 0.000013
239 0.000013
240 0.000012
241 0.000011
242 0.000010
243 0.000010
244 0.000009
245 0.000009
246 0.000008
247 0.000008
248 0.000008
249 0.000007
250 0.000007
251 0.000007
252 0.000006
253 0.000006
254 0.000006
255 0.000005
256 0.000005
257 0.000005
258 0.000005
259 0.000004
260 0.000004
261 0.000004
262 0.000004
263 0.000004
264 0.000003
265 0.000003
266 0.000003
267 0.000003
268 0.000003
269 0.000003
270 0.000003
271 0.000003
272 0.000002
273 0.000002
274 0.000002
275 0.000002
276 0.000002
277 0.000002
278 0.000002
279 0.000002
280 0.000002
281 0.000002
282 0.000002
283 0.000002
284 0.000001
285 0.000001
286 0.000001
287 0.000001
288 0.000001
289 0.000001
290 0.000001
291 0.000001
292 0.000001
293 0.000001
294 0.000001
295 0.000001
296 0.000001
297 0.000001
298 0.000001
299 0.000001
300 0.000001
301 0.000001
302 0.000001
303 0.000001
304 0.000001
305 0.000001
306 0.000001
307 0.000001
308 0.000001
309 0.000001
310 0.000001
311 0.000001
312 0.000001
313 0.000001
314 0.000001
315 0.000000
316 0.000000
317 0.000000
318 0.000000
319 0.000000
320 0.000000
321 0.000000
322 0.000000
323 0.000000
324 0.000000
325 0.000000
326 0.000000
327 0.000000
328 0.000000
329 0.000000
330 0.000000
331 0.000000
332 0.000000
333 0.000000
334 0.000000
335 0.000000
336 0.000000
337 0.000000
338 0.000000
339 0.000000
340 0.000000
341 0.000000
342 0.000000
343 0.000000
344 0.000000
345 0.000000
346 0.000000
347 0.000000
348 0.000000
349 0.000000
350 0.000000
351 0.000000
352 0.000000
353 0.000000
354 0.000000
355 0.000000
356 0.000000
357 0.000000
358 0.000000
359 0.000000
360 0.000000
361 0.000000
362 0.000000
363 0.000000
364 0.000000
365 0.000000
366 0.000000
367 0.000000
368 0.000000
369 0.000000
370 0.000000
371 0.000000
372 0.000000
373 0.000000
374 0.000000
375 0.000000
376 0.000000
377 0.000000
378 0.000000
379 0.000000
380 0.000000
381 0.000000
382 0.000000
383 0.000000
384 0.000000
385 0.000000
386 0.000000
387 0.000000
388 0.000000
389 0.000000
390 0.000000
391 0.000000
392 0.000000
393 0.000000
394 0.000000
395 0.000000
396 0.000000
397 0.000000
398 0.000000
399 0.000000
400 0.000000
401 0.000000
402 0.000000
403 0.000000
404 0.000000
405 0.000000
406 0.000000
407 0.000000
408 0.000000
409 0.000000
410 0.000000
411 0.000000
412 0.000000
413 0.000000
414 0.000000
415 0.000000
416 0.000000
417 0.000000
418 0.000000
419 0.000000
420 0.000000
421 0.000000
422 0.000000
423 0.000000
424 0.000000
425 0.000000
426 0.000000
427 0.000000
428 0.000000
429 0.000000
430 0.000000
431 0.000000
432 0.000000
433 0.000000
434 0.000000
435 0.000000
436 0.000000
437 0.000000
438 0.000000
439 0.000000
440 0.000000
441 0.000000
442 0.000000
443 0.000000
444 0.000000
445 0.000000
446 0.000000
447 0.000000
448 0.000000
449 0.000000
450 0.000000
451 0.000000
452 0.000000
453 0.000000
454 0.000000
455 0.000000
456 0.000000
457 0.000000
458 0.000000
459 0.000000
460 0.000000
461 0.000000
462 0.000000
463 0.000000
464 0.000000
465 0.000000
466 0.000000
467 0.000000
468 0.000000
469 0.000000
470 0.000000
471 0.000000
472 0.000000
473 0.000000
474 0.000000
475 0.000000
476 0.000000
477 0.000000
478 0.000000
479 0.000000
480 0.000000
481 0.000000
482 0.000000
483 0.000000
484 0.000000
485 0.000000
486 0.000000
487 0.000000
488 0.000000
489 0.000000
490 0.000000
491 0.000000
492 0.000000
493 0.000000
494 0.000000
495 0.000000
496 0.000000
497 0.000000
498 0.000000
499 0.000000
500 0.000000
