1 inf
2 inf
3 inf
4 inf
5 inf
6 inf
7 inf
8 inf
9 inf
10 876645917488057259717162134603689623744315088348336123097735488894905976234085103479974465482270235038633422111953344618019382795191296909628710926739219060413841083981261678379473485817012278976298209801505577137007215512258522903298852304455426475695893030895616.000000
11 47543857647980038669001868526780283776489104416460913790946600279521836080027571367142454158406849550538941626819297326956657477588000197902786540757389000569452448731491168529059921660595621662294016.000000
12 32864494216232731017247736660499013177446045321806534928918575146865196427229783905942080828306682311458502879872973054597794782434755880735997952.000000
13 131560017673455381509065415511035133918370609524295101756797165099030745786089472.000000
14 2974328021190959616.000000
15 7539.792542
16 6616.932862
17 6690.202529
18 6280.319766
19 5147.725115
20 4545.595362
21 4176.951582
22 3862.986805
23 3726.230881
24 3150.572249
25 2603.299198
26 2577.749338
27 1679.640219
28 1612.599624
29 1278.187623
30 879.451150
31 705.205922
32 741.021208
33 588.583585
34 429.728417
35 347.806303
36 330.187512
37 314.387200
38 282.727065
39 307.583489
40 216.914811
41 186.945069
42 139.914558
43 104.843004
44 105.153607
45 116.397622
46 83.273690
47 88.475044
48 67.140033
49 63.665158
50 58.029433
51 50.216014
52 53.240486
53 40.616728
54 39.217788
55 36.122830
56 34.609527
57 25.031064
58 25.435671
59 21.710414
60 16.414473
61 17.538729
62 14.606209
63 12.989626
64 11.296031
65 10.902382
66 9.357033
67 8.825094
68 7.877636
69 6.475104
70 5.528665
71 4.963680
72 3.981193
73 3.556591
74 3.305632
75 3.350193
76 2.932143
77 2.915617
78 2.412211
79 2.209800
80 2.058814
81 1.894267
82 1.786076
83 1.645622
84 1.481195
85 1.107132
86 0.901400
87 0.854658
88 0.759810
89 0.627037
90 0.604855
91 0.531841
92 0.452853
93 0.345884
94 0.301335
95 0.275880
96 0.233070
97 0.206537
98 0.204132
99 0.174207
100 0.141136
101 0.116297
102 0.107184
103 0.094776
104 0.085600
105 0.080090
106 0.072946
107 0.065875
108 0.061180
109 0.051093
110 0.042917
111 0.036296
112 0.029508
113 0.028013
114 0.025563
115 0.023253
116 0.021340
117 0.020587
118 0.019116
119 0.017867
120 0.015406
121 0.013554
122 0.011360
123 0.009633
124 0.008671
125 0.007934
126 0.007239
127 0.005491
128 0.005261
129 0.004628
130 0.004040
131 0.003531
132 0.003231
133 0.002887
134 0.002521
135 0.002226
136 0.002047
137 0.001784
138 0.001635
139 0.001462
140 0.001325
141 0.001185
142 0.001088
143 0.000957
144 0.000842
145 0.000766
146 0.000654
147 0.000586
148 0.000514
149 0.000447
150 0.000405
151 0.000354
152 0.000309
153 0.000276
154 0.000236
155 0.000198
156 0.000179
157 0.000167
158 0.000153
159 0.000142
160 0.000125
161 0.000113
162 0.000092
163 0.000085
164 0.000073
165 0.000063
166 0.000055
167 0.000050
168 0.000042
169 0.000036
170 0.000030
171 0.000026
172 0.000022
173 0.000020
174 0.000017
175 0.000015
176 0.000012
177 0.000011
178 0.000009
179 0.000008
180 0.000007
181 0.000006
182 0.000005
183 0.000004
184 0.000004
185 0.000003
186 0.000003
187 0.000002
188 0.000002
189 0.000002
190 0.000002
191 0.000002
192 0.000001
193 0.000001
194 0.000001
195 0.000001
196 0.000001
197 0.000001
198 0.000001
199 0.000001
200 0.000000
201 0.000000
202 0.000000
203 0.000000
204 0.000000
205 0.000000
206 0.000000
207 0.000000
208 0.000000
209 0.000000
210 0.000000
211 0.000000
212 0.000000
213 0.000000
214 0.000000
215 0.000000
216 0.000000
217 0.000000
218 0.000000
219 0.000000
220 0.000000
221 0.000000
222 0.000000
223 0.000000
224 0.000000
225 0.000000
226 0.000000
227 0.000000
228 0.000000
229 0.000000
230 0.000000
231 0.000000
232 0.000000
233 0.000000
234 0.000000
235 0.000000
236 0.000000
237 0.000000
238 0.000000
239 0.000000
240 0.000000
241 0.000000
242 0.000000
243 0.000000
244 0.000000
245 0.000000
246 0.000000
247 0.000000
248 0.000000
249 0.000000
250 0.000000
251 0.000000
252 0.000000
253 0.000000
254 0.000000
255 0.000000
256 0.000000
257 0.000000
258 0.000000
259 0.000000
260 0.000000
261 0.000000
262 0.000000
263 0.000000
264 0.000000
265 0.000000
266 0.000000
267 0.000000
268 0.000000
269 0.000000
270 0.000000
271 0.000000
272 0.000000
273 0.000000
274 0.000000
275 0.000000
276 0.000000
277 0.000000
278 0.000000
279 0.000000
280 0.000000
281 0.000000
282 0.000000
283 0.000000
284 0.000000
285 0.000000
286 0.000000
287 0.000000
288 0.000000
289 0.000000
290 0.000000
291 0.000000
292 0.000000
293 0.000000
294 0.000000
295 0.000000
296 0.000000
297 0.000000
298 0.000000
299 0.000000
300 0.000000
301 0.000000
302 0.000000
303 0.000000
304 0.000000
305 0.000000
306 0.000000
307 0.000000
308 0.000000
309 0.000000
310 0.000000
311 0.000000
312 0.000000
313 0.000000
314 0.000000
315 0.000000
316 0.000000
317 0.000000
318 0.000000
319 0.000000
320 0.000000
321 0.000000
322 0.000000
323 0.000000
324 0.000000
325 0.000000
326 0.000000
327 0.000000
328 0.000000
329 0.000000
330 0.000000
331 0.000000
332 0.000000
333 0.000000
334 0.000000
335 0.000000
336 0.000000
337 0.000000
338 0.000000
339 0.000000
340 0.000000
341 0.000000
342 0.000000
343 0.000000
344 0.000000
345 0.000000
346 0.000000
347 0.000000
348 0.000000
349 0.000000
350 0.000000
351 0.000000
352 0.000000
353 0.000000
354 0.000000
355 0.000000
356 0.000000
357 0.000000
358 0.000000
359 0.000000
360 0.000000
361 0.000000
362 0.000000
363 0.000000
364 0.000000
365 0.000000
366 0.000000
367 0.000000
368 0.000000
369 0.000000
370 0.000000
371 0.000000
372 0.000000
373 0.000000
374 0.000000
375 0.000000
376 0.000000
377 0.000000
378 0.000000
379 0.000000
380 0.000000
381 0.000000
382 0.000000
383 0.000000
384 0.000000
385 0.000000
386 0.000000
387 0.000000
388 0.000000
389 0.000000
390 0.000000
391 0.000000
392 0.000000
393 0.000000
394 0.000000
395 0.000000
396 0.000000
397 0.000000
398 0.000000
399 0.000000
400 0.000000
401 0.000000
402 0.000000
403 0.000000
404 0.000000
405 0.000000
406 0.000000
407 0.000000
408 0.000000
409 0.000000
410 0.000000
411 0.000000
412 0.000000
413 0.000000
414 0.000000
415 0.000000
416 0.000000
417 0.000000
418 0.000000
419 0.000000
420 0.000000
421 0.000000
422 0.000000
423 0.000000
424 0.000000
425 0.000000
426 0.000000
427 0.000000
428 0.000000
429 0.000000
430 0.000000
431 0.000000
432 0.000000
433 0.000000
434 0.000000
435 0.000000
436 0.000000
437 0.000000
438 0.000000
439 0.000000
440 0.000000
441 0.000000
442 0.000000
443 0.000000
444 0.000000
445 0.000000
446 0.000000
447 0.000000
448 0.000000
449 0.000000
450 0.000000
451 0.000000
452 0.000000
453 0.000000
454 0.000000
455 0.000000
456 0.000000
457 0.000000
458 0.000000
459 0.000000
460 0.000000
461 0.000000
462 0.000000
463 0.000000
464 0.000000
465 0.000000
466 0.000000
467 0.000000
468 0.000000
469 0.000000
470 0.000000
471 0.000000
472 0.000000
473 0.000000
474 0.000000
475 0.000000
476 0.000000
477 0.000000
478 0.000000
479 0.000000
480 0.000000
481 0.000000
482 0.000000
483 0.000000
484 0.000000
485 0.000000
486 0.000000
487 0.000000
488 0.000000
489 0.000000
490 0.000000
491 0.000000
492 0.000000
493 0.000000
494 0.000000
495 0.000000
496 0.000000
497 0.000000
498 0.000000
499 0.000000
500 0.000000
