1 22931237.379492
2 38477222.712215
3 54433086.846850
4 74444738.065079
5 162693607.281636
6 338610107.155730
7 743990008.096573
8 1243838986.631433
9 2149626318.099107
10 3877139002.630332
11 6023477176.980450
12 8521739699.811826
13 15260928688.845821
14 20975427126.386177
15 37081124682.653221
16 57437026713.503113
17 80782790808.521393
18 142361996059.590820
19 301924939108.522278
20 396156219241.541077
21 607725160612.813599
22 1389995014719.585693
23 1590181342127.900146
24 3204339150328.862305
25 5424090532774.583008
26 10599069627870.789062
27 11747338878909.572266
28 14277197586256.619141
29 19573019276100.949219
30 27571523824335.273438
31 31428252892794.191406
32 36602364788335.835938
33 37461637699239.281250
34 64301762942176.031250
35 71014623725556.359375
36 98688622391888.609375
37 165707526480012.500000
38 166348661859347.937500
39 288125611999765.625000
40 385305471653605.000000
41 605051172343073.125000
42 603781364612295.250000
43 448237956764650.437500
44 835925415638151.750000
45 1378586346659298.500000
46 2178928054024300.750000
47 3316457928734866.000000
48 4112069087873781.500000
49 5114246942290965.000000
50 4130518226843942.000000
51 5162431083889349.000000
52 6985771165229301.000000
53 8797498145480915.000000
54 13240368991768974.000000
55 18463362885083564.000000
56 25320472777124496.000000
57 39698548519963720.000000
58 48198388220072040.000000
59 51923080552590464.000000
60 58310956373413456.000000
61 73314725175474608.000000
62 95289774928183104.000000
63 169983879259463584.000000
64 206264773722788608.000000
65 184181273649964128.000000
66 232614400746293024.000000
67 216437353781093856.000000
68 266501699810839424.000000
69 265054149527424736.000000
70 266100919573364448.000000
71 376096448928114368.000000
72 645872258685704320.000000
73 755503692881623936.000000
74 800456182643516672.000000
75 752864400701975040.000000
76 1108526074774747392.000000
77 960591905227744640.000000
78 1645663646681419776.000000
79 2222837867802709248.000000
80 2394489641996946944.000000
81 2098541012320733440.000000
82 2248742644201985280.000000
83 3286658901996965376.000000
84 2951303709473088512.000000
85 3583203734444509696.000000
86 5471329017823266816.000000
87 7143160462577159168.000000
88 6173384738753101824.000000
89 7363693969302272000.000000
90 10790066144284919808.000000
91 9831867977365823488.000000
92 9538681632228890624.000000
93 10227153152253521920.000000
94 9228927826758062080.000000
95 10669221350796607488.000000
96 17240114212606486528.000000
97 16741945587381561344.000000
98 11475051869317560320.000000
99 20516267451139301376.000000
100 28403850543210328064.000000
101 30932670354004934656.000000
102 35822942788052688896.000000
103 41241830957376856064.000000
104 32946256145802203136.000000
105 38686396192482426880.000000
106 43411810066727313408.000000
107 55467267765477588992.000000
108 58745300008977596416.000000
109 80938814131568230400.000000
110 58952418157161234432.000000
111 78147268203246059520.000000
112 76517168777348890624.000000
113 70636340399715368960.000000
114 48190476203759624192.000000
115 69451619234498387968.000000
116 83004223210020945920.000000
117 136231686409349414912.000000
118 64747942600391024640.000000
119 91179888223221579776.000000
120 59685476750567981056.000000
121 123903344683887886336.000000
122 133717590273464500224.000000
123 78590169415657701376.000000
124 102119703330493579264.000000
125 135739067124408942592.000000
126 152845599075938238464.000000
127 123560184032496123904.000000
128 120400307465766879232.000000
129 152206710029742276608.000000
130 159819720803680124928.000000
131 114159297172627554304.000000
132 87296609248495484928.000000
133 122601059606958866432.000000
134 91354147290949353472.000000
135 102646417534217584640.000000
136 105910965026246852608.000000
137 79216817750831218688.000000
138 86918233776660594688.000000
139 79662079502003912704.000000
140 51915603658347380736.000000
141 36911442230812983296.000000
142 51725046802379063296.000000
143 62353219783320027136.000000
144 64804705367860436992.000000
145 61832016415368691712.000000
146 71770651973401452544.000000
147 65266979153478000640.000000
148 50314014962730516480.000000
149 39972565732019683328.000000
150 35740225293171236864.000000
151 41422381250190540800.000000
152 47446171932877479936.000000
153 62434210026882154496.000000
154 41616263794405228544.000000
155 45824629195830861824.000000
156 40065270416554696704.000000
157 40742130912026435584.000000
158 36131484250213404672.000000
159 42200423630160494592.000000
160 31901860408632373248.000000
161 30485891371676897280.000000
162 36862241998515281920.000000
163 38716306724308680704.000000
164 29115549760495345664.000000
165 27459279811135426560.000000
166 20844637411707801600.000000
167 19804326432279707648.000000
168 11972770586862948352.000000
169 9445106683873249280.000000
170 8647395881529800704.000000
171 6414988866749853696.000000
172 4427240764541707264.000000
173 5870354738486565888.000000
174 5081931793670258688.000000
175 3338032681227648512.000000
176 2986726843574898176.000000
177 2384654126499681280.000000
178 2158845266174654464.000000
179 1565082621407425536.000000
180 1744698624468362496.000000
181 1252726288540586752.000000
182 912431559816185728.000000
183 811283727883833984.000000
184 849275013415451264.000000
185 685517108750717696.000000
186 679418273421166080.000000
187 715598424378988416.000000
188 368632148237480384.000000
189 431020629459700608.000000
190 387860657043602432.000000
191 441807502586590464.000000
192 340227679855725824.000000
193 197209102798724704.000000
194 210996193470104192.000000
195 149100625536497344.000000
196 113347542982025744.000000
197 104356626021286032.000000
198 95292804543848528.000000
199 56978834407469112.000000
200 54268132889050616.000000
201 48313975222261336.000000
202 39391337520157600.000000
203 38215322676525064.000000
204 28497215481813684.000000
205 25599333112021592.000000
206 21582678563281608.000000
207 19251129214743504.000000
208 16147788054027256.000000
209 9507137710624590.000000
210 9349567715720248.000000
211 7310853064648205.000000
212 5515134931723555.000000
213 4045912465786467.500000
214 2520083068253086.500000
215 2234065670060900.000000
216 1954532746002421.750000
217 1484486501477704.000000
218 1189837891019439.750000
219 843441174414696.375000
220 769697989594457.375000
221 784304760916793.500000
222 654529964923906.125000
223 471150282973854.375000
224 387261553939756.187500
225 376125693066491.875000
226 364553008641610.500000
227 355445958569082.312500
228 234070809833742.406250
229 183396626053855.000000
230 179716356832946.625000
231 150470686564367.312500
232 115666981574083.781250
233 104536000640023.859375
234 95460614874811.953125
235 83741140246953.640625
236 53159288832969.656250
237 41799324570815.382812
238 30891084464665.531250
239 27781711719468.605469
240 19150665066032.324219
241 15661493432549.482422
242 13414080443074.433594
243 11601985688042.341797
244 7342461356813.848633
245 6893625647915.489258
246 5534349078189.953125
247 4424785189043.407227
248 2806658992265.949707
249 1926440032445.848389
250 1744788276541.687012
251 1291686143447.622559
252 1026280259683.264282
253 734873998046.033203
254 535706103935.882507
255 371174744816.759766
256 260003796648.045929
257 227700697547.697784
258 172063918583.903717
259 126964171591.664856
260 113978687217.513931
261 63181564251.978172
262 54548785745.970131
263 46616665072.163780
264 32813894480.677460
265 24131703155.030209
266 20644681659.777004
267 13171848358.268187
268 11229923061.591131
269 9919350905.343142
270 6881950868.294913
271 5250705643.601485
272 4105417904.746010
273 3327023401.529705
274 2317318566.711444
275 1836185360.560927
276 1260734087.322725
277 1056953008.114690
278 778412609.660691
279 597365212.508076
280 509669001.995772
281 388648303.116692
282 254988685.191321
283 169826755.416344
284 127506490.406509
285 100048223.090216
286 81253996.280449
287 63026932.904935
288 48578489.276024
289 32783713.088410
290 25215875.118846
291 21388553.034046
292 17382645.287910
293 11424356.102844
294 7682070.777810
295 6166682.365819
296 4606002.019232
297 3478578.018235
298 3150630.878173
299 2899222.433388
300 1771535.199945
301 1255532.231150
302 1036459.574547
303 867060.668297
304 530987.770501
305 494148.923068
306 398678.295094
307 321229.601039
308 237349.197107
309 213182.767349
310 160488.092262
311 137924.854431
312 97848.031092
313 78224.374941
314 60456.122184
315 45408.433108
316 28749.590016
317 22167.327319
318 15220.464361
319 10417.016957
320 7723.010377
321 6330.116253
322 4057.876314
323 3393.871134
324 2669.077263
325 2257.592666
326 1736.511934
327 1360.626357
328 1071.980968
329 837.240330
330 716.602147
331 616.355605
332 416.818277
333 325.272630
334 259.730477
335 202.905181
336 157.853479
337 119.344197
338 89.169617
339 70.919717
340 55.852307
341 41.006193
342 29.200877
343 24.042377
344 17.824189
345 15.893021
346 11.523368
347 8.433934
348 7.281902
349 5.785717
350 4.233879
351 3.366335
352 2.436187
353 2.113631
354 1.684746
355 1.236299
356 0.960843
357 0.728071
358 0.616739
359 0.507036
360 0.392426
361 0.272141
362 0.232866
363 0.169397
364 0.137313
365 0.101619
366 0.077510
367 0.064119
368 0.051772
369 0.040350
370 0.032336
371 0.024930
372 0.017953
373 0.015140
374 0.011801
375 0.009863
376 0.007567
377 0.006473
378 0.005187
379 0.004124
380 0.003653
381 0.002777
382 0.002220
383 0.001677
384 0.001357
385 0.001099
386 0.000882
387 0.000689
388 0.000629
389 0.000486
390 0.000384
391 0.000307
392 0.000258
393 0.000213
394 0.000167
395 0.000129
396 0.000105
397 0.000077
398 0.000067
399 0.000054
400 0.000043
401 0.000037
402 0.000030
403 0.000025
404 0.000021
405 0.000017
406 0.000013
407 0.000011
408 0.000008
409 0.000007
410 0.000005
411 0.000004
412 0.000003
413 0.000003
414 0.000002
415 0.000002
416 0.000001
417 0.000001
418 0.000001
419 0.000001
420 0.000001
421 0.000000
422 0.000000
423 0.000000
424 0.000000
425 0.000000
426 0.000000
427 0.000000
428 0.000000
429 0.000000
430 0.000000
431 0.000000
432 0.000000
433 0.000000
434 0.000000
435 0.000000
436 0.000000
437 0.000000
438 0.000000
439 0.000000
440 0.000000
441 0.000000
442 0.000000
443 0.000000
444 0.000000
445 0.000000
446 0.000000
447 0.000000
448 0.000000
449 0.000000
450 0.000000
451 0.000000
452 0.000000
453 0.000000
454 0.000000
455 0.000000
456 0.000000
457 0.000000
458 0.000000
459 0.000000
460 0.000000
461 0.000000
462 0.000000
463 0.000000
464 0.000000
465 0.000000
466 0.000000
467 0.000000
468 0.000000
469 0.000000
470 0.000000
471 0.000000
472 0.000000
473 0.000000
474 0.000000
475 0.000000
476 0.000000
477 0.000000
478 0.000000
479 0.000000
480 0.000000
481 0.000000
482 0.000000
483 0.000000
484 0.000000
485 0.000000
486 0.000000
487 0.000000
488 0.000000
489 0.000000
490 0.000000
491 0.000000
492 0.000000
493 0.000000
494 0.000000
495 0.000000
496 0.000000
497 0.000000
498 0.000000
499 0.000000
500 0.000000
