1 inf
2 inf
3 inf
4 inf
5 inf
6 inf
7 inf
8 inf
9 inf
10 338151122954705839954779441408408916684420570175994849497304810465518524019277769539160677711368550080552561823817405415063759207177202323106594261506972149167891581818962410301748604629656405786305710571124850171684865766368200795162227229530992311038107926338086381474123598543964037736319850972138438656.000000
11 1757899945199090730219117653924478655930905005979825437833667568698316036398026199719924210235859516841448901603434556979529164666847745648451499578883469187350630198194297558581310552750674469521317380508262809537067813372688121863103249022959341298253824.000000
12 5537929803185180901238692093002823736128990726247412479242531681854891387317323824994362725890727122559896132216601132796467657768037541961123836710440497024671793908751061380792628551527421228275638206464.000000
13 4155105172323994389392457824972855979545503167752234735698478269378172141839449415511838343352133717424637263009916997271844548556404404999159808.000000
14 12029983633029097670543858748289333427543479487039126990702961554000389684766746395033909329920.000000
15 9760449149821072217753864126857216.000000
16 10020.624297
17 9986.340821
18 10284.123332
19 10613.854332
20 9032.712546
21 9929.612526
22 8244.436552
23 7070.008250
24 6712.632668
25 5641.786839
26 4569.864941
27 3787.023883
28 2961.057924
29 2781.178731
30 1942.008902
31 1675.927340
32 1180.210313
33 759.733849
34 692.816278
35 578.286393
36 533.835032
37 527.214612
38 530.423590
39 477.958268
40 456.936222
41 453.119374
42 318.027107
43 258.377368
44 249.947465
45 230.124287
46 197.386279
47 193.443153
48 160.057138
49 119.796226
50 76.601729
51 61.623499
52 41.887437
53 33.428411
54 28.231984
55 21.385896
56 12.942599
57 8.333904
58 8.945251
59 7.699952
60 7.549267
61 5.640446
62 3.685173
63 3.710612
64 3.172409
65 2.668081
66 2.210930
67 1.702500
68 1.482124
69 1.350689
70 0.902911
71 0.650087
72 0.454280
73 0.439986
74 0.436285
75 0.313088
76 0.312679
77 0.239897
78 0.158657
79 0.147364
80 0.129363
81 0.095379
82 0.084291
83 0.064461
84 0.052310
85 0.034607
86 0.025039
87 0.018893
88 0.014167
89 0.012138
90 0.009482
91 0.008305
92 0.006443
93 0.005639
94 0.004247
95 0.003886
96 0.002929
97 0.002467
98 0.002165
99 0.002011
100 0.001440
101 0.001033
102 0.000857
103 0.000739
104 0.000657
105 0.000562
106 0.000482
107 0.000393
108 0.000303
109 0.000209
110 0.000172
111 0.000154
112 0.000132
113 0.000109
114 0.000082
115 0.000069
116 0.000053
117 0.000045
118 0.000036
119 0.000027
120 0.000020
121 0.000018
122 0.000014
123 0.000011
124 0.000007
125 0.000005
126 0.000004
127 0.000003
128 0.000003
129 0.000002
130 0.000002
131 0.000002
132 0.000001
133 0.000001
134 0.000001
135 0.000001
136 0.000001
137 0.000000
138 0.000000
139 0.000000
140 0.000000
141 0.000000
142 0.000000
143 0.000000
144 0.000000
145 0.000000
146 0.000000
147 0.000000
148 0.000000
149 0.000000
150 0.000000
151 0.000000
152 0.000000
153 0.000000
154 0.000000
155 0.000000
156 0.000000
157 0.000000
158 0.000000
159 0.000000
160 0.000000
161 0.000000
162 0.000000
163 0.000000
164 0.000000
165 0.000000
166 0.000000
167 0.000000
168 0.000000
169 0.000000
170 0.000000
171 0.000000
172 0.000000
173 0.000000
174 0.000000
175 0.000000
176 0.000000
177 0.000000
178 0.000000
179 0.000000
180 0.000000
181 0.000000
182 0.000000
183 0.000000
184 0.000000
185 0.000000
186 0.000000
187 0.000000
188 0.000000
189 0.000000
190 0.000000
191 0.000000
192 0.000000
193 0.000000
194 0.000000
195 0.000000
196 0.000000
197 0.000000
198 0.000000
199 0.000000
200 0.000000
201 0.000000
202 0.000000
203 0.000000
204 0.000000
205 0.000000
206 0.000000
207 0.000000
208 0.000000
209 0.000000
210 0.000000
211 0.000000
212 0.000000
213 0.000000
214 0.000000
215 0.000000
216 0.000000
217 0.000000
218 0.000000
219 0.000000
220 0.000000
221 0.000000
222 0.000000
223 0.000000
224 0.000000
225 0.000000
226 0.000000
227 0.000000
228 0.000000
229 0.000000
230 0.000000
231 0.000000
232 0.000000
233 0.000000
234 0.000000
235 0.000000
236 0.000000
237 0.000000
238 0.000000
239 0.000000
240 0.000000
241 0.000000
242 0.000000
243 0.000000
244 0.000000
245 0.000000
246 0.000000
247 0.000000
248 0.000000
249 0.000000
250 0.000000
251 0.000000
252 0.000000
253 0.000000
254 0.000000
255 0.000000
256 0.000000
257 0.000000
258 0.000000
259 0.000000
260 0.000000
261 0.000000
262 0.000000
263 0.000000
264 0.000000
265 0.000000
266 0.000000
267 0.000000
268 0.000000
269 0.000000
270 0.000000
271 0.000000
272 0.000000
273 0.000000
274 0.000000
275 0.000000
276 0.000000
277 0.000000
278 0.000000
279 0.000000
280 0.000000
281 0.000000
282 0.000000
283 0.000000
284 0.000000
285 0.000000
286 0.000000
287 0.000000
288 0.000000
289 0.000000
290 0.000000
291 0.000000
292 0.000000
293 0.000000
294 0.000000
295 0.000000
296 0.000000
297 0.000000
298 0.000000
299 0.000000
300 0.000000
301 0.000000
302 0.000000
303 0.000000
304 0.000000
305 0.000000
306 0.000000
307 0.000000
308 0.000000
309 0.000000
310 0.000000
311 0.000000
312 0.000000
313 0.000000
314 0.000000
315 0.000000
316 0.000000
317 0.000000
318 0.000000
319 0.000000
320 0.000000
321 0.000000
322 0.000000
323 0.000000
324 0.000000
325 0.000000
326 0.000000
327 0.000000
328 0.000000
329 0.000000
330 0.000000
331 0.000000
332 0.000000
333 0.000000
334 0.000000
335 0.000000
336 0.000000
337 0.000000
338 0.000000
339 0.000000
340 0.000000
341 0.000000
342 0.000000
343 0.000000
344 0.000000
345 0.000000
346 0.000000
347 0.000000
348 0.000000
349 0.000000
350 0.000000
351 0.000000
352 0.000000
353 0.000000
354 0.000000
355 0.000000
356 0.000000
357 0.000000
358 0.000000
359 0.000000
360 0.000000
361 0.000000
362 0.000000
363 0.000000
364 0.000000
365 0.000000
366 0.000000
367 0.000000
368 0.000000
369 0.000000
370 0.000000
371 0.000000
372 0.000000
373 0.000000
374 0.000000
375 0.000000
376 0.000000
377 0.000000
378 0.000000
379 0.000000
380 0.000000
381 0.000000
382 0.000000
383 0.000000
384 0.000000
385 0.000000
386 0.000000
387 0.000000
388 0.000000
389 0.000000
390 0.000000
391 0.000000
392 0.000000
393 0.000000
394 0.000000
395 0.000000
396 0.000000
397 0.000000
398 0.000000
399 0.000000
400 0.000000
401 0.000000
402 0.000000
403 0.000000
404 0.000000
405 0.000000
406 0.000000
407 0.000000
408 0.000000
409 0.000000
410 0.000000
411 0.000000
412 0.000000
413 0.000000
414 0.000000
415 0.000000
416 0.000000
417 0.000000
418 0.000000
419 0.000000
420 0.000000
421 0.000000
422 0.000000
423 0.000000
424 0.000000
425 0.000000
426 0.000000
427 0.000000
428 0.000000
429 0.000000
430 0.000000
431 0.000000
432 0.000000
433 0.000000
434 0.000000
435 0.000000
436 0.000000
437 0.000000
438 0.000000
439 0.000000
440 0.000000
441 0.000000
442 0.000000
443 0.000000
444 0.000000
445 0.000000
446 0.000000
447 0.000000
448 0.000000
449 0.000000
450 0.000000
451 0.000000
452 0.000000
453 0.000000
454 0.000000
455 0.000000
456 0.000000
457 0.000000
458 0.000000
459 0.000000
460 0.000000
461 0.000000
462 0.000000
463 0.000000
464 0.000000
465 0.000000
466 0.000000
467 0.000000
468 0.000000
469 0.000000
470 0.000000
471 0.000000
472 0.000000
473 0.000000
474 0.000000
475 0.000000
476 0.000000
477 0.000000
478 0.000000
479 0.000000
480 0.000000
481 0.000000
482 0.000000
483 0.000000
484 0.000000
485 0.000000
486 0.000000
487 0.000000
488 0.000000
489 0.000000
490 0.000000
491 0.000000
492 0.000000
493 0.000000
494 0.000000
495 0.000000
496 0.000000
497 0.000000
498 0.000000
499 0.000000
500 0.000000
