1 inf
2 inf
3 inf
4 inf
5 inf
6 inf
7 inf
8 inf
9 inf
10 1099765177564925847944052252794407886733244343915813172771101572399612040588388018557635269192055973295958046494969921784799964155975264537835425648625162354318422781492395325144038267324990260385983085071328760445393671255992075402735910538987130223082343497821073634381771778102298819866209151877120.000000
11 974104357975248338046502483386631620662865696886794274138492238742847182845641657852700292470020859639075123636023557242907450663840075999893440377861770974777527112227987410039196712946909676721961046131957507446074797188604384772096.000000
12 3054914576021341240978331640923765374719534273832444836629452585931682864221810395048826482038961118407726184884295382263213963360555209047461254911370092358146637450846492645702762496.000000
13 534437384900965543378098459005108518158273129424786310609657090650020368817715015534602803596097123475440132947968.000000
14 542330123725100468653556592439231553082700961416083925200623632384.000000
15 106760549.515708
16 6803.752472
17 6374.352280
18 5554.207064
19 4660.992780
20 4922.403550
21 4572.548425
22 4492.205223
23 4457.373497
24 3201.351009
25 2089.835765
26 2095.358003
27 2127.607573
28 2032.490081
29 1540.198270
30 1433.699971
31 1284.965307
32 1336.661983
33 1142.559340
34 990.027108
35 779.990990
36 726.126083
37 686.712592
38 422.620938
39 476.558585
40 466.395432
41 421.436482
42 351.771190
43 335.470781
44 227.657644
45 217.494586
46 175.514560
47 155.518542
48 135.249104
49 128.837077
50 133.876652
51 135.117150
52 121.421814
53 120.917894
54 102.294762
55 101.147817
56 100.662328
57 99.705012
58 84.422172
59 77.731217
60 65.674872
61 62.222153
62 58.226116
63 50.670159
64 48.961265
65 41.468138
66 38.801706
67 32.102112
68 29.766169
69 25.431553
70 18.567055
71 15.500416
72 13.701517
73 12.096897
74 12.942261
75 11.690946
76 8.177955
77 7.896014
78 6.818542
79 6.698409
80 6.370776
81 5.683490
82 5.110268
83 4.437581
84 4.343178
85 3.617447
86 3.412088
87 2.990531
88 2.372538
89 1.871641
90 1.677986
91 1.524709
92 1.201938
93 1.158033
94 0.926651
95 0.833375
96 0.670180
97 0.565419
98 0.475715
99 0.440688
100 0.437082
101 0.426718
102 0.397592
103 0.361317
104 0.318304
105 0.289153
106 0.270037
107 0.235542
108 0.203838
109 0.173786
110 0.162175
111 0.155803
112 0.131807
113 0.118854
114 0.111494
115 0.096928
116 0.079200
117 0.072374
118 0.066139
119 0.060989
120 0.055479
121 0.046085
122 0.040608
123 0.036219
124 0.030994
125 0.027325
126 0.024763
127 0.021152
128 0.019081
129 0.016341
130 0.012802
131 0.011499
132 0.010491
133 0.009103
134 0.008499
135 0.007648
136 0.006752
137 0.005996
138 0.005366
139 0.004920
140 0.004238
141 0.003787
142 0.003341
143 0.003193
144 0.002888
145 0.002672
146 0.002379
147 0.002129
148 0.001954
149 0.001831
150 0.001643
151 0.001430
152 0.001314
153 0.001141
154 0.001026
155 0.000899
156 0.000779
157 0.000688
158 0.000592
159 0.000534
160 0.000466
161 0.000406
162 0.000366
163 0.000333
164 0.000302
165 0.000256
166 0.000222
167 0.000187
168 0.000167
169 0.000145
170 0.000129
171 0.000109
172 0.000093
173 0.000081
174 0.000074
175 0.000064
176 0.000058
177 0.000051
178 0.000044
179 0.000040
180 0.000034
181 0.000030
182 0.000026
183 0.000023
184 0.000019
185 0.000018
186 0.000015
187 0.000013
188 0.000011
189 0.000010
190 0.000009
191 0.000008
192 0.000007
193 0.000006
194 0.000005
195 0.000004
196 0.000004
197 0.000003
198 0.000003
199 0.000003
200 0.000002
201 0.000002
202 0.000002
203 0.000002
204 0.000001
205 0.000001
206 0.000001
207 0.000001
208 0.000001
209 0.000001
210 0.000001
211 0.000000
212 0.000000
213 0.000000
214 0.000000
215 0.000000
216 0.000000
217 0.000000
218 0.000000
219 0.000000
220 0.000000
221 0.000000
222 0.000000
223 0.000000
224 0.000000
225 0.000000
226 0.000000
227 0.000000
228 0.000000
229 0.000000
230 0.000000
231 0.000000
232 0.000000
233 0.000000
234 0.000000
235 0.000000
236 0.000000
237 0.000000
238 0.000000
239 0.000000
240 0.000000
241 0.000000
242 0.000000
243 0.000000
244 0.000000
245 0.000000
246 0.000000
247 0.000000
248 0.000000
249 0.000000
250 0.000000
251 0.000000
252 0.000000
253 0.000000
254 0.000000
255 0.000000
256 0.000000
257 0.000000
258 0.000000
259 0.000000
260 0.000000
261 0.000000
262 0.000000
263 0.000000
264 0.000000
265 0.000000
266 0.000000
267 0.000000
268 0.000000
269 0.000000
270 0.000000
271 0.000000
272 0.000000
273 0.000000
274 0.000000
275 0.000000
276 0.000000
277 0.000000
278 0.000000
279 0.000000
280 0.000000
281 0.000000
282 0.000000
283 0.000000
284 0.000000
285 0.000000
286 0.000000
287 0.000000
288 0.000000
289 0.000000
290 0.000000
291 0.000000
292 0.000000
293 0.000000
294 0.000000
295 0.000000
296 0.000000
297 0.000000
298 0.000000
299 0.000000
300 0.000000
301 0.000000
302 0.000000
303 0.000000
304 0.000000
305 0.000000
306 0.000000
307 0.000000
308 0.000000
309 0.000000
310 0.000000
311 0.000000
312 0.000000
313 0.000000
314 0.000000
315 0.000000
316 0.000000
317 0.000000
318 0.000000
319 0.000000
320 0.000000
321 0.000000
322 0.000000
323 0.000000
324 0.000000
325 0.000000
326 0.000000
327 0.000000
328 0.000000
329 0.000000
330 0.000000
331 0.000000
332 0.000000
333 0.000000
334 0.000000
335 0.000000
336 0.000000
337 0.000000
338 0.000000
339 0.000000
340 0.000000
341 0.000000
342 0.000000
343 0.000000
344 0.000000
345 0.000000
346 0.000000
347 0.000000
348 0.000000
349 0.000000
350 0.000000
351 0.000000
352 0.000000
353 0.000000
354 0.000000
355 0.000000
356 0.000000
357 0.000000
358 0.000000
359 0.000000
360 0.000000
361 0.000000
362 0.000000
363 0.000000
364 0.000000
365 0.000000
366 0.000000
367 0.000000
368 0.000000
369 0.000000
370 0.000000
371 0.000000
372 0.000000
373 0.000000
374 0.000000
375 0.000000
376 0.000000
377 0.000000
378 0.000000
379 0.000000
380 0.000000
381 0.000000
382 0.000000
383 0.000000
384 0.000000
385 0.000000
386 0.000000
387 0.000000
388 0.000000
389 0.000000
390 0.000000
391 0.000000
392 0.000000
393 0.000000
394 0.000000
395 0.000000
396 0.000000
397 0.000000
398 0.000000
399 0.000000
400 0.000000
401 0.000000
402 0.000000
403 0.000000
404 0.000000
405 0.000000
406 0.000000
407 0.000000
408 0.000000
409 0.000000
410 0.000000
411 0.000000
412 0.000000
413 0.000000
414 0.000000
415 0.000000
416 0.000000
417 0.000000
418 0.000000
419 0.000000
420 0.000000
421 0.000000
422 0.000000
423 0.000000
424 0.000000
425 0.000000
426 0.000000
427 0.000000
428 0.000000
429 0.000000
430 0.000000
431 0.000000
432 0.000000
433 0.000000
434 0.000000
435 0.000000
436 0.000000
437 0.000000
438 0.000000
439 0.000000
440 0.000000
441 0.000000
442 0.000000
443 0.000000
444 0.000000
445 0.000000
446 0.000000
447 0.000000
448 0.000000
449 0.000000
450 0.000000
451 0.000000
452 0.000000
453 0.000000
454 0.000000
455 0.000000
456 0.000000
457 0.000000
458 0.000000
459 0.000000
460 0.000000
461 0.000000
462 0.000000
463 0.000000
464 0.000000
465 0.000000
466 0.000000
467 0.000000
468 0.000000
469 0.000000
470 0.000000
471 0.000000
472 0.000000
473 0.000000
474 0.000000
475 0.000000
476 0.000000
477 0.000000
478 0.000000
479 0.000000
480 0.000000
481 0.000000
482 0.000000
483 0.000000
484 0.000000
485 0.000000
486 0.000000
487 0.000000
488 0.000000
489 0.000000
490 0.000000
491 0.000000
492 0.000000
493 0.000000
494 0.000000
495 0.000000
496 0.000000
497 0.000000
498 0.000000
499 0.000000
500 0.000000
