1 inf
2 inf
3 inf
4 inf
5 inf
6 inf
7 inf
8 inf
9 inf
10 inf
11 inf
12 inf
13 inf
14 inf
15 inf
16 inf
17 inf
18 inf
19 inf
20 inf
21 inf
22 inf
23 inf
24 inf
25 inf
26 inf
27 inf
28 inf
29 inf
30 inf
31 inf
32 inf
33 inf
34 inf
35 inf
36 inf
37 inf
38 inf
39 inf
40 inf
41 inf
42 inf
43 inf
44 inf
45 inf
46 inf
47 inf
48 inf
49 inf
50 inf
51 inf
52 inf
53 inf
54 inf
55 inf
56 inf
57 2279183196839150539310131841652196022695848403178384804861034335049567502039116705173060932760464486460761537058759495205929451890739820507139738036849300455925257372804253280887357516996748101096382343070791490207849669602345566221877162904219230667995681983683309690420810684200505532957411947517952655360.000000
58 68024810557753334414830713360025788935617783527146257907334026822065757084574509850221314019221748825945873117658631188383588968343010372589391003067976397502944995429967302328448570581963927599739177084370361559272939374499520949126578670095807639151570193515712460497743979352536650665164800.000000
59 211588600881548486293501967805670080724497868689674372957215630802953191198550421743580914871526437543776825006733161348190929175669718338765492976564803950288544480746114311619955300282782718778604729253810191920227859122774641484885735052698868122723951368862913527808.000000
60 314702308512248245135037298676402231380622451153780082797145800074157951668453068510247178831414759971643880891422675183781876826392045408531628715875271457666284384644876251342300039882847997998880090512297542122673195784207423287899109789587751238107136.000000
61 113821374804937714002909671239180228799652017007902658368269623388491993472840534396844376772174122853093923624563456388895200298569521992984310406493243145778761750425337405206279633182692383440258862361946446274529035449125769838592.000000
62 158670184819797653743424268020501134462208615918599614911714444802652348015315421647333110560508104498855104870569407787025280844446644837168881537857985571751491966277312981100625503439747917507031390108978032261726208.000000
63 206283983701089950238684015513894296031233731507603338196029047550102862490726076362708470053629678071609400244151365552983755405544435585390784521916813477510051295179661122860114618757592131563337809920.000000
64 5898092717471462441422673761321246001976711189700438510497547464449297365955112705731137626722946679569296267463815509046598307134388113673698014611175121421895471012729314695184384.000000
65 8352550550676663234512882149515943536720393648987733413395040525827191629115909902992252392807837376893519048436320530505443179179814413646363768543925151392071680.000000
66 12682911391806296493280537218477837186067533990537996602804498576831364557002765177751698022458672114801742584019608504660018593792.000000
67 158371492481090596858012980331777583063131343877694003403458405830578719094303961073673240589089158274293068118996776124416.000000
68 202770249877264235879378137433293421464729930755879770539703609727515897478398622043160538944658015780864.000000
69 352565597741055375768830255592977556043806604652063795711016009605782472087075830573826048.000000
70 8167270802878308463177028518512638628415479748680858327943479296.000000
71 548904790838838987942444617865229409322293788672.000000
72 1602924030146660429293717018747338752.000000
73 35214715630419660.000000
74 21339.521359
75 18166.536742
76 14243.259424
77 11948.311896
78 10579.369185
79 8920.142299
80 7759.293286
81 6501.050672
82 5637.967079
83 4944.661636
84 4235.319435
85 3694.930327
86 3352.098716
87 2973.008045
88 2661.402763
89 2393.101836
90 2092.979116
91 1878.599605
92 1684.541141
93 1530.177068
94 1341.353706
95 1205.969928
96 1077.646050
97 941.929766
98 834.212429
99 766.453328
100 687.910079
101 613.084989
102 552.503545
103 500.705583
104 450.739345
105 402.370623
106 376.766632
107 343.276421
108 308.775290
109 273.804339
110 250.531533
111 225.297518
112 199.474414
113 181.648999
114 167.815438
115 149.648492
116 135.893469
117 123.772187
118 112.435801
119 100.119632
120 91.977375
121 83.757913
122 75.925440
123 70.724698
124 63.319101
125 58.462886
126 54.422673
127 48.926928
128 45.169673
129 41.420041
130 37.547919
131 34.429356
132 31.839557
133 29.173702
134 27.109782
135 24.787136
136 22.855435
137 20.650735
138 18.959626
139 17.577959
140 16.017118
141 14.633382
142 13.465018
143 12.295921
144 11.327793
145 10.466702
146 9.736918
147 9.064863
148 8.446797
149 7.792220
150 6.914859
151 6.323298
152 5.901922
153 5.468735
154 5.057792
155 4.602086
156 4.219670
157 3.969217
158 3.695456
159 3.431457
160 3.172405
161 2.973978
162 2.751939
163 2.552454
164 2.386896
165 2.233175
166 2.079832
167 1.922520
168 1.816038
169 1.660380
170 1.562961
171 1.469247
172 1.360535
173 1.279177
174 1.191122
175 1.110959
176 1.033173
177 0.983398
178 0.911115
179 0.847997
180 0.798032
181 0.755530
182 0.708892
183 0.662616
184 0.625291
185 0.594565
186 0.557875
187 0.529295
188 0.496334
189 0.462340
190 0.441727
191 0.414108
192 0.391078
193 0.364258
194 0.344925
195 0.321107
196 0.305258
197 0.289394
198 0.273996
199 0.259139
200 0.243208
201 0.229158
202 0.218633
203 0.206113
204 0.195526
205 0.184610
206 0.176218
207 0.167673
208 0.156671
209 0.148999
210 0.140197
211 0.131263
212 0.124973
213 0.120002
214 0.114406
215 0.109275
216 0.104081
217 0.099225
218 0.094369
219 0.090776
220 0.086734
221 0.082741
222 0.078694
223 0.074872
224 0.071874
225 0.069033
226 0.065831
227 0.063236
228 0.060573
229 0.057591
230 0.055490
231 0.053147
232 0.050869
233 0.048782
234 0.046940
235 0.044918
236 0.042931
237 0.040892
238 0.038771
239 0.037433
240 0.036109
241 0.034840
242 0.033187
243 0.031873
244 0.030614
245 0.029334
246 0.028388
247 0.027426
248 0.026475
249 0.025315
250 0.024601
251 0.023664
252 0.022650
253 0.021872
254 0.020960
255 0.020132
256 0.019370
257 0.018634
258 0.017927
259 0.017298
260 0.016831
261 0.016287
262 0.015758
263 0.015137
264 0.014575
265 0.013971
266 0.013476
267 0.012967
268 0.012502
269 0.012150
270 0.011704
271 0.011436
272 0.010997
273 0.010681
274 0.010349
275 0.009961
276 0.009560
277 0.009345
278 0.008998
279 0.008756
280 0.008490
281 0.008171
282 0.007956
283 0.007730
284 0.007410
285 0.007228
286 0.007021
287 0.006776
288 0.006597
289 0.006362
290 0.006183
291 0.006008
292 0.005798
293 0.005670
294 0.005494
295 0.005382
296 0.005214
297 0.005093
298 0.004958
299 0.004810
300 0.004671
301 0.004547
302 0.004417
303 0.004295
304 0.004203
305 0.004107
306 0.003955
307 0.003883
308 0.003792
309 0.003702
310 0.003628
311 0.003522
312 0.003432
313 0.003345
314 0.003271
315 0.003187
316 0.003124
317 0.003045
318 0.002971
319 0.002909
320 0.002842
321 0.002789
322 0.002729
323 0.002672
324 0.002614
325 0.002548
326 0.002493
327 0.002443
328 0.002379
329 0.002321
330 0.002270
331 0.002226
332 0.002173
333 0.002125
334 0.002081
335 0.002039
336 0.002001
337 0.001955
338 0.001917
339 0.001879
340 0.001845
341 0.001811
342 0.001777
343 0.001740
344 0.001707
345 0.001674
346 0.001642
347 0.001613
348 0.001585
349 0.001550
350 0.001522
351 0.001494
352 0.001465
353 0.001440
354 0.001417
355 0.001393
356 0.001373
357 0.001349
358 0.001327
359 0.001305
360 0.001283
361 0.001255
362 0.001237
363 0.001220
364 0.001202
365 0.001183
366 0.001167
367 0.001148
368 0.001126
369 0.001107
370 0.001088
371 0.001074
372 0.001058
373 0.001045
374 0.001029
375 0.001014
376 0.000999
377 0.000987
378 0.000974
379 0.000960
380 0.000946
381 0.000933
382 0.000920
383 0.000907
384 0.000895
385 0.000884
386 0.000875
387 0.000863
388 0.000850
389 0.000838
390 0.000826
391 0.000818
392 0.000807
393 0.000798
394 0.000789
395 0.000779
396 0.000769
397 0.000760
398 0.000753
399 0.000742
400 0.000735
401 0.000726
402 0.000718
403 0.000711
404 0.000702
405 0.000695
406 0.000686
407 0.000679
408 0.000673
409 0.000665
410 0.000658
411 0.000651
412 0.000645
413 0.000638
414 0.000632
415 0.000626
416 0.000621
417 0.000615
418 0.000609
419 0.000603
420 0.000597
421 0.000592
422 0.000586
423 0.000581
424 0.000576
425 0.000570
426 0.000566
427 0.000559
428 0.000556
429 0.000552
430 0.000548
431 0.000544
432 0.000540
433 0.000534
434 0.000531
435 0.000525
436 0.000522
437 0.000518
438 0.000515
439 0.000511
440 0.000508
441 0.000504
442 0.000500
443 0.000497
444 0.000494
445 0.000491
446 0.000489
447 0.000486
448 0.000483
449 0.000480
450 0.000478
451 0.000475
452 0.000472
453 0.000470
454 0.000468
455 0.000465
456 0.000462
457 0.000460
458 0.000457
459 0.000456
460 0.000454
461 0.000452
462 0.000450
463 0.000448
464 0.000446
465 0.000444
466 0.000442
467 0.000441
468 0.000439
469 0.000438
470 0.000436
471 0.000435
472 0.000433
473 0.000432
474 0.000431
475 0.000430
476 0.000429
477 0.000427
478 0.000426
479 0.000425
480 0.000424
481 0.000423
482 0.000422
483 0.000422
484 0.000421
485 0.000420
486 0.000420
487 0.000419
488 0.000419
489 0.000418
490 0.000418
491 0.000417
492 0.000417
493 0.000416
494 0.000416
495 0.000416
496 0.000416
497 0.000415
498 0.000415
499 0.000415
500 0.000415
