1 75386293.399384
2 158427617.344519
3 293068147.426312
4 747145073.911606
5 878039389.959226
6 1186695774.980710
7 1625938978.741239
8 2639872279.975072
9 5112549327.025107
10 8574480097.266075
11 15034394223.592777
12 15465607382.181707
13 17537977363.169075
14 44249802902.116814
15 53856227336.321274
16 117048314277.986038
17 222554091436.745056
18 401188176033.456482
19 677741850839.929199
20 767403800427.851074
21 1337323166501.255859
22 2156702914057.122803
23 4647131480652.854492
24 6573689501884.761719
25 5313321369111.967773
26 7855666520125.835938
27 10280990459469.351562
28 11746036684528.136719
29 20056059306228.859375
30 27455231169838.476562
31 44448539437182.765625
32 56555957217667.867188
33 82091578701720.968750
34 108781806096594.218750
35 113841108616341.953125
36 170343133685056.187500
37 183141808444632.812500
38 359293470386381.375000
39 534675436980533.625000
40 723144476300403.625000
41 1275753964325985.000000
42 1714345318227347.500000
43 2295947419521651.500000
44 2768342270823140.500000
45 3924968997531243.500000
46 6234615480061427.000000
47 11392413701266086.000000
48 9647525630655892.000000
49 11511405568968122.000000
50 17217336146759382.000000
51 26481138403293312.000000
52 26086350172862572.000000
53 52015953105762848.000000
54 61204175826171824.000000
55 57461991994826936.000000
56 98929215391551456.000000
57 128065233006359120.000000
58 121188111703055904.000000
59 179309797157706048.000000
60 203466562510522048.000000
61 310054690296494784.000000
62 297784449707786752.000000
63 311449940689717888.000000
64 321743286072274368.000000
65 540079758424174592.000000
66 506720977361909504.000000
67 446461645395677120.000000
68 781925595732825600.000000
69 1193507875931051776.000000
70 1296609790939007232.000000
71 2456214305977718784.000000
72 2331035283675260928.000000
73 1865063051946073600.000000
74 2776741689693919232.000000
75 3644773391469734912.000000
76 5488871813259746304.000000
77 6115994407077072896.000000
78 7464332734484878336.000000
79 10615010004303316992.000000
80 9539993728130052096.000000
81 10859129988487436288.000000
82 9717584590493452288.000000
83 14976226085554309120.000000
84 13215773210544463872.000000
85 17307545350927024128.000000
86 20499927252347879424.000000
87 19092237362623250432.000000
88 26338151110909874176.000000
89 33078243471367815168.000000
90 17114450170442838016.000000
91 30034452010244186112.000000
92 25786278034049855488.000000
93 51493856139600338944.000000
94 45251088579348520960.000000
95 31060150263074304000.000000
96 35493566082298920960.000000
97 58052594934597009408.000000
98 88884416422169182208.000000
99 92905724624675078144.000000
100 105034981344651247616.000000
101 63937849812796424192.000000
102 68076667731596165120.000000
103 78072833226674520064.000000
104 70307795755795169280.000000
105 110341094100469268480.000000
106 105423214598363447296.000000
107 113132123064526307328.000000
108 120434127424913260544.000000
109 139162321222578208768.000000
110 131320004960024248320.000000
111 137339719092287258624.000000
112 181443823656014217216.000000
113 164007445978009894912.000000
114 136716506115791405056.000000
115 141302061859938533376.000000
116 160821507898917683200.000000
117 186835688660115456000.000000
118 240591040480140918784.000000
119 242196615412991557632.000000
120 235885894436959027200.000000
121 250126054063809691648.000000
122 224289681589609070592.000000
123 152930646238995972096.000000
124 225908816479774801920.000000
125 199131799956921253888.000000
126 144802630790014550016.000000
127 116387415534301921280.000000
128 60756892222566416384.000000
129 55817127817396191232.000000
130 49100141505275076608.000000
131 49419402677717827584.000000
132 57868751136462872576.000000
133 42575122804080320512.000000
134 29488297910103474176.000000
135 34473068591091912704.000000
136 37134454849131560960.000000
137 27382069297442742272.000000
138 18814361223502958592.000000
139 18020905527215572992.000000
140 12725456494150459392.000000
141 7987810457640663040.000000
142 10997062523178663936.000000
143 7464864554976079872.000000
144 10283344489922920448.000000
145 8531495476169069568.000000
146 6455235908785622016.000000
147 3841027922413370880.000000
148 2560518042780523520.000000
149 2211472541053102848.000000
150 2056559564125300736.000000
151 1924296303201959680.000000
152 1310090220093396736.000000
153 1205872451981582848.000000
154 1948680698771390208.000000
155 1479222717899265792.000000
156 1366936168815509248.000000
157 1100626634934320384.000000
158 1037465656633617152.000000
159 1034954479686952832.000000
160 596948043657098368.000000
161 461081249224309376.000000
162 491165470729206976.000000
163 334759250147111808.000000
164 294408152675395072.000000
165 255487890587073376.000000
166 245232628037040832.000000
167 199822845963495392.000000
168 181131847794058112.000000
169 156706056517987328.000000
170 144467277045143488.000000
171 109041404134660928.000000
172 103241194571573344.000000
173 88443489391901968.000000
174 81934702910501856.000000
175 66440798004490584.000000
176 41003558663326224.000000
177 37936815896296312.000000
178 31497261280101916.000000
179 24139686567029516.000000
180 13604671598401086.000000
181 13889655265798474.000000
182 13388426259011986.000000
183 8226650806002770.000000
184 6000508484018187.000000
185 4573687841836444.000000
186 3912565142207138.500000
187 3800586650185201.000000
188 1849694601798725.250000
189 1769225388734353.250000
190 1103273862068627.625000
191 881351720726006.125000
192 1026800749524921.750000
193 972965401121552.125000
194 614815487144967.000000
195 488274889040543.187500
196 372275157329703.000000
197 230609699552549.125000
198 135869443542008.328125
199 152543127808226.000000
200 105451013083261.328125
201 85012601674252.328125
202 78135262910588.312500
203 68950316367025.890625
204 58908449472285.132812
205 52687143679748.570312
206 43517423099515.914062
207 28543095885420.085938
208 19496286806247.671875
209 19174853158600.957031
210 12649312921383.517578
211 9028933875322.988281
212 6151525821661.730469
213 4285679369858.269043
214 3275120881503.002441
215 2566770807514.514648
216 1677213310336.799316
217 950949233722.804077
218 945654508550.191162
219 859898359176.186890
220 652978664477.616089
221 463823119671.494629
222 286851650244.424438
223 248354522406.795746
224 179248416481.899323
225 131261944029.955795
226 60073048996.482964
227 40936257197.216293
228 29604495224.934349
229 19875625570.144447
230 17352009046.955383
231 12874655533.193668
232 7952020537.818478
233 7313625301.348911
234 5236483691.293361
235 3395972250.073248
236 2515176420.362599
237 1385714902.573746
238 1055945284.077072
239 756345663.299242
240 660587765.532845
241 577688587.313928
242 346857613.080204
243 330160334.769244
244 199235741.342319
245 122005924.464394
246 87113951.976520
247 59656007.486557
248 31761487.108814
249 18870620.634738
250 19612541.233633
251 13235939.484263
252 7285599.335054
253 4372427.187510
254 3201256.767816
255 2500096.624404
256 933904.010722
257 756353.712491
258 636985.879306
259 500992.505348
260 331472.477191
261 218574.012426
262 120549.655383
263 84215.691167
264 44282.982462
265 25963.937440
266 21186.113619
267 10162.060410
268 6945.184374
269 2935.843353
270 2345.600401
271 1435.525717
272 656.043882
273 387.620105
274 281.717383
275 202.681071
276 128.951474
277 86.285866
278 59.336873
279 34.148201
280 25.347868
281 21.771571
282 11.981947
283 5.850402
284 3.955986
285 2.808690
286 1.461113
287 0.840464
288 0.468853
289 0.348842
290 0.256595
291 0.159670
292 0.101505
293 0.056981
294 0.034805
295 0.017447
296 0.007252
297 0.004645
298 0.003299
299 0.002456
300 0.001494
301 0.000896
302 0.000520
303 0.000354
304 0.000226
305 0.000147
306 0.000084
307 0.000061
308 0.000033
309 0.000019
310 0.000009
311 0.000005
312 0.000003
313 0.000002
314 0.000001
315 0.000001
316 0.000000
317 0.000000
318 0.000000
319 0.000000
320 0.000000
321 0.000000
322 0.000000
323 0.000000
324 0.000000
325 0.000000
326 0.000000
327 0.000000
328 0.000000
329 0.000000
330 0.000000
331 0.000000
332 0.000000
333 0.000000
334 0.000000
335 0.000000
336 0.000000
337 0.000000
338 0.000000
339 0.000000
340 0.000000
341 0.000000
342 0.000000
343 0.000000
344 0.000000
345 0.000000
346 0.000000
347 0.000000
348 0.000000
349 0.000000
350 0.000000
351 0.000000
352 0.000000
353 0.000000
354 0.000000
355 0.000000
356 0.000000
357 0.000000
358 0.000000
359 0.000000
360 0.000000
361 0.000000
362 0.000000
363 0.000000
364 0.000000
365 0.000000
366 0.000000
367 0.000000
368 0.000000
369 0.000000
370 0.000000
371 0.000000
372 0.000000
373 0.000000
374 0.000000
375 0.000000
376 0.000000
377 0.000000
378 0.000000
379 0.000000
380 0.000000
381 0.000000
382 0.000000
383 0.000000
384 0.000000
385 0.000000
386 0.000000
387 0.000000
388 0.000000
389 0.000000
390 0.000000
391 0.000000
392 0.000000
393 0.000000
394 0.000000
395 0.000000
396 0.000000
397 0.000000
398 0.000000
399 0.000000
400 0.000000
401 0.000000
402 0.000000
403 0.000000
404 0.000000
405 0.000000
406 0.000000
407 0.000000
408 0.000000
409 0.000000
410 0.000000
411 0.000000
412 0.000000
413 0.000000
414 0.000000
415 0.000000
416 0.000000
417 0.000000
418 0.000000
419 0.000000
420 0.000000
421 0.000000
422 0.000000
423 0.000000
424 0.000000
425 0.000000
426 0.000000
427 0.000000
428 0.000000
429 0.000000
430 0.000000
431 0.000000
432 0.000000
433 0.000000
434 0.000000
435 0.000000
436 0.000000
437 0.000000
438 0.000000
439 0.000000
440 0.000000
441 0.000000
442 0.000000
443 0.000000
444 0.000000
445 0.000000
446 0.000000
447 0.000000
448 0.000000
449 0.000000
450 0.000000
451 0.000000
452 0.000000
453 0.000000
454 0.000000
455 0.000000
456 0.000000
457 0.000000
458 0.000000
459 0.000000
460 0.000000
461 0.000000
462 0.000000
463 0.000000
464 0.000000
465 0.000000
466 0.000000
467 0.000000
468 0.000000
469 0.000000
470 0.000000
471 0.000000
472 0.000000
473 0.000000
474 0.000000
475 0.000000
476 0.000000
477 0.000000
478 0.000000
479 0.000000
480 0.000000
481 0.000000
482 0.000000
483 0.000000
484 0.000000
485 0.000000
486 0.000000
487 0.000000
488 0.000000
489 0.000000
490 0.000000
491 0.000000
492 0.000000
493 0.000000
494 0.000000
495 0.000000
496 0.000000
497 0.000000
498 0.000000
499 0.000000
500 0.000000
