1 80372532.663503
2 75481261.453270
3 103410365.545851
4 107443531.537684
5 115241455.633639
6 165783913.716671
7 168691003.808382
8 213805532.995043
9 232809168.304144
10 269096994.151224
11 291403522.247526
12 453639040.916043
13 499134752.001180
14 490686631.980419
15 525068038.690703
16 502545399.290614
17 486988870.640131
18 682678193.858876
19 764808608.331155
20 768869764.837601
21 1277767258.157106
22 1071086954.288791
23 1117681459.956949
24 933079395.808016
25 1269221490.043093
26 1755770604.432840
27 1394017052.621999
28 1460777241.305187
29 2165660963.152370
30 1917740943.472337
31 2160501052.927475
32 2079914313.762227
33 2632024010.229155
34 2921330852.485956
35 3287460709.449067
36 3182283759.666708
37 3498423253.932761
38 3365256961.868555
39 4638343683.480738
40 4377069374.767374
41 4046332438.396137
42 3690575094.387064
43 3530879801.741424
44 4663560521.334819
45 4336606924.074518
46 5416663293.100544
47 5514750595.434457
48 5807594095.341218
49 5882678256.214771
50 5892446389.878021
51 5649932260.586053
52 6286376289.085063
53 8067197403.456965
54 5468180894.054399
55 5124370574.390926
56 5539925591.657157
57 5420855816.933404
58 5608518376.733345
59 6290629154.607976
60 7432030245.482790
61 8582239486.749973
62 6898179922.134439
63 8313077008.202697
64 8483303845.477558
65 7823463356.250858
66 9991989763.670000
67 9758075985.863642
68 8695901641.296152
69 6820923540.821780
70 10610548938.409645
71 9572194920.322834
72 9009965888.586300
73 10768003664.497511
74 9092965230.862808
75 10735725274.070805
76 10593346841.476620
77 9836549522.900616
78 11514794604.983515
79 10547926495.493271
80 7787898811.146171
81 8929252766.542715
82 9008760046.995920
83 8299994441.782273
84 6730960184.853854
85 7606577330.413229
86 7974654521.938928
87 7141246166.975560
88 7134225614.607645
89 8435406862.251939
90 9737692768.506159
91 9587409241.953638
92 9063939521.503607
93 9393337276.899643
94 7135088445.234304
95 8126930558.460950
96 7990218070.207975
97 4974974059.779750
98 6059146448.456086
99 6157960713.616149
100 5270700607.629070
101 7347279311.617720
102 6491526049.316689
103 6358699115.057058
104 5586689256.431102
105 5501148234.611003
106 4633812079.348237
107 5007985972.695046
108 4527300573.911682
109 4646053985.512286
110 5016239006.292423
111 4167832174.398900
112 4425052967.583823
113 4390706690.888178
114 3666683253.594142
115 4827893693.725997
116 4380112812.033520
117 4408947299.441360
118 3848305115.460424
119 4422616596.502616
120 4305844590.835459
121 3739865665.025640
122 3599338751.327042
123 2916603654.976504
124 3327677313.873305
125 3887057141.280488
126 2927853275.066740
127 2622857224.993070
128 2162780649.743063
129 2040338798.937416
130 1333523824.256964
131 1542527961.033148
132 2011818606.312335
133 2050809745.368488
134 1864688559.808811
135 1673929095.984078
136 1799146866.161663
137 1753339114.549450
138 1758830093.085602
139 1484332397.327006
140 1677456300.576797
141 1966084703.673080
142 2166266562.248947
143 1955792266.575021
144 1989658528.271223
145 1550968600.719167
146 1317686388.787013
147 1037824551.554161
148 892337380.019928
149 1027089854.103861
150 965640459.203085
151 1139987412.851596
152 1387289226.201225
153 1031564330.580807
154 989797087.289362
155 999209968.822496
156 1130140502.821071
157 880860258.656546
158 848147429.763464
159 980878018.373328
160 926631728.008812
161 1001685884.672033
162 1067953697.745218
163 884454036.522654
164 885359717.584278
165 834917243.003886
166 725947750.133850
167 744985720.009959
168 692907982.209521
169 728624044.650621
170 691117968.752967
171 674067165.895355
172 559203891.758427
173 620348991.446314
174 496785487.756072
175 549501134.461881
176 605297466.069212
177 594526748.353829
178 641975668.993801
179 584160004.328296
180 528857360.699571
181 509288189.323448
182 467054184.057202
183 474361408.928262
184 442289804.047855
185 385457801.590731
186 314785709.001648
187 293198445.131933
188 341224239.735587
189 288203728.105157
190 286973708.254843
191 301554439.398698
192 306314929.398092
193 294966368.796251
194 311567910.416887
195 306921013.363268
196 282984086.400061
197 262516893.087800
198 226438766.236429
199 214675830.909994
200 153655620.561988
201 177441065.422827
202 175718880.757250
203 177580860.657854
204 195869659.279976
205 170550497.500719
206 158928094.341786
207 151870872.165924
208 162015337.124035
209 161514726.312201
210 171652959.076077
211 203032760.530271
212 161685116.953332
213 160743734.619858
214 166085918.671208
215 126606013.588807
216 133979624.422454
217 117241022.599360
218 121591669.907295
219 108773502.110350
220 91826559.950374
221 102326003.519974
222 92444837.238122
223 81424591.993416
224 82188393.220839
225 91455498.685822
226 87527100.638068
227 88065905.514629
228 77232361.646607
229 78229776.726594
230 72954306.576719
231 74630536.395687
232 77399037.632018
233 72003448.921122
234 55052620.438780
235 60531968.745953
236 57851619.255671
237 58414475.389485
238 62439611.008310
239 50874841.109745
240 54090363.846617
241 56673881.650719
242 51409454.953997
243 51925009.970099
244 46122668.886307
245 50247106.817800
246 49679119.391846
247 47941856.399471
248 38979655.239276
249 47014016.445153
250 42471876.353236
251 46756847.082227
252 43161632.803634
253 38296997.721420
254 39395740.067174
255 42199869.624540
256 41774041.539084
257 40057028.710143
258 32404938.990958
259 28520843.851643
260 29767416.406433
261 29452105.377609
262 28480665.613339
263 29173833.992694
264 26782315.338073
265 24525311.276459
266 25081931.044925
267 24580257.601380
268 26414763.876205
269 25958920.486574
270 22255567.596473
271 23915869.428082
272 23929923.152337
273 22110802.095546
274 22064168.622780
275 20681185.791181
276 21144410.455775
277 20980022.522356
278 22623687.245182
279 22888921.899719
280 23029495.923353
281 20337198.208945
282 22580966.324198
283 21828798.440799
284 22297339.865969
285 17869604.278478
286 19250209.603776
287 15672035.419313
288 16286880.877977
289 16947496.631100
290 16369289.675744
291 16090463.375556
292 14197693.234565
293 15316842.071381
294 14617192.848361
295 13926566.446417
296 14471043.323574
297 11529737.271748
298 12072406.505451
299 11854381.432951
300 13192345.495912
301 12537315.953028
302 12227464.827211
303 12564786.366527
304 12109440.707007
305 10140064.725000
306 11343378.339423
307 10969884.492286
308 10382676.628954
309 9784051.129866
310 9971345.358070
311 9387638.675250
312 9825072.913980
313 9200904.343843
314 8738669.723325
315 8959672.318770
316 8765512.763423
317 9232990.500608
318 8831679.300825
319 8776864.099820
320 8410328.801931
321 8130504.435381
322 8011757.156733
323 8047525.125965
324 7642529.425768
325 7439929.694345
326 7188135.888323
327 7907309.371696
328 7501962.622800
329 7826153.300528
330 7867315.434978
331 7349448.577844
332 7202092.629531
333 6982480.056822
334 6939685.968273
335 6725195.004345
336 6891939.853401
337 6426959.129089
338 6317866.117710
339 6364309.642230
340 6566958.299374
341 6441370.365755
342 6202590.217458
343 6455095.083134
344 6046229.488858
345 5720651.963010
346 5918757.672513
347 5641388.668807
348 5360569.793902
349 5512796.651126
350 5363465.648959
351 5708568.133040
352 5183464.768796
353 5102085.936461
354 5497048.129245
355 5158948.584486
356 5308945.852304
357 5080501.331398
358 4645370.980442
359 4743607.774050
360 4451824.778111
361 4713704.495348
362 4875636.182680
363 4657767.003485
364 4741207.567763
365 4543381.004437
366 4245238.648806
367 4302168.413403
368 4298880.081689
369 4425336.991080
370 4311488.749420
371 4259582.176235
372 4166263.560066
373 4033931.737616
374 3787730.246167
375 3997260.175044
376 3874220.847129
377 3714130.524397
378 3659877.977444
379 3414930.433222
380 3323631.044499
381 3434670.211212
382 3391033.841307
383 3276793.370020
384 3130032.489143
385 3212795.238313
386 3099911.327353
387 3022731.319539
388 3157134.013266
389 3029772.759399
390 2989129.383661
391 3037650.947522
392 2859267.620299
393 2748351.818433
394 2755844.986812
395 2699982.559484
396 2653757.905771
397 2646567.331445
398 2595450.037287
399 2556768.520648
400 2470810.122817
401 2502285.068591
402 2494482.448759
403 2406170.539865
404 2368828.436537
405 2336389.869406
406 2332492.225247
407 2294651.225250
408 2276864.794624
409 2299015.321863
410 2253882.634072
411 2266610.804577
412 2213455.953522
413 2182144.051941
414 2158384.605355
415 2166213.408045
416 2161255.911468
417 2121230.209802
418 2063911.392918
419 2028280.804353
420 1995470.203565
421 1994998.568521
422 1894850.201178
423 1895876.312516
424 1867922.156307
425 1861252.814242
426 1809029.535081
427 1802132.571436
428 1748965.574046
429 1763842.978175
430 1727632.555885
431 1709412.245605
432 1746358.521899
433 1690255.007604
434 1696274.894562
435 1672888.647344
436 1653753.262494
437 1625148.324565
438 1593267.825197
439 1553756.725634
440 1533851.861989
441 1536122.890860
442 1530769.871241
443 1528457.869065
444 1498186.320461
445 1481836.243314
446 1458027.095222
447 1434572.992801
448 1424836.114034
449 1427126.953547
450 1401123.538035
451 1387088.697520
452 1375014.683302
453 1361526.034523
454 1362682.551772
455 1345544.676755
456 1327317.557594
457 1297602.116281
458 1298975.564041
459 1285510.912414
460 1272686.741346
461 1266998.176771
462 1254579.352207
463 1251075.912395
464 1247183.240814
465 1232887.769327
466 1229738.766661
467 1214287.383475
468 1201588.214447
469 1200033.891954
470 1190193.725620
471 1185358.469179
472 1175943.403999
473 1168120.015272
474 1158673.170642
475 1146365.080517
476 1137148.529400
477 1131522.577089
478 1119129.069070
479 1109345.013691
480 1105066.050952
481 1098161.930472
482 1095289.921238
483 1092150.210986
484 1087687.050958
485 1083749.579107
486 1076933.206233
487 1072691.757861
488 1067718.859803
489 1063359.720062
490 1058229.346327
491 1054078.827807
492 1050719.725600
493 1047898.205897
494 1044879.900452
495 1041859.320930
496 1040073.279306
497 1038239.337054
498 1037005.404009
499 1036218.080770
500 1035580.528996
