1 22657539.150453
2 21605602.016420
3 28809715.550582
4 30496614.074086
5 22786869.799658
6 45312241.319205
7 34128358.369951
8 54916924.672764
9 50353147.291950
10 59358428.033020
11 75411547.373322
12 67710732.126836
13 77277211.594207
14 65827588.354886
15 85682093.335971
16 78178803.042045
17 117893724.225812
18 134909502.301897
19 164172947.097121
20 176835730.688462
21 222683322.981012
22 213203803.939457
23 256337073.977591
24 291300637.471707
25 273539544.745374
26 343783574.090028
27 173962775.878944
28 235038144.992930
29 322059341.486801
30 298996011.568705
31 210699078.101051
32 290755147.677481
33 198355714.046089
34 251652998.706213
35 221914104.117061
36 236784497.059882
37 316783586.076560
38 295378854.856180
39 278367035.371943
40 241522532.084240
41 254702460.235812
42 312943265.007945
43 277525048.906008
44 306453821.360034
45 347164772.585371
46 456120172.763400
47 428752400.962039
48 347874950.089990
49 442905882.393707
50 518701466.926807
51 483391831.016803
52 480313063.756946
53 451471191.232411
54 503301338.375539
55 485136608.559948
56 449593207.199072
57 525142180.437223
58 508598015.404275
59 457248726.939410
60 538249063.659763
61 516360233.062266
62 489482440.917925
63 480768796.989837
64 594213341.725955
65 517147961.338713
66 644044093.220275
67 473270046.437764
68 540015209.158605
69 621063719.293508
70 633567488.164712
71 421146128.106997
72 317378744.796219
73 349061161.845987
74 482130309.051762
75 412983749.399265
76 381124900.876923
77 324255763.966405
78 291932911.144290
79 258544576.610510
80 205866173.329020
81 230316738.148480
82 269280777.392636
83 328791252.179224
84 271577778.107985
85 322575814.793330
86 231495952.388723
87 188113132.474908
88 251382456.203300
89 221838821.528466
90 211004171.090996
91 210826836.422383
92 239545669.999909
93 218411757.796611
94 205500899.978182
95 217938120.423149
96 208830413.569187
97 175254360.822934
98 164280542.365817
99 146968423.091160
100 169175757.072759
101 160627815.061645
102 153408850.894990
103 128569591.813264
104 131391120.324833
105 114101232.133991
106 119955946.684037
107 102003018.817049
108 82960084.726612
109 74954457.327218
110 81374101.913991
111 82634545.555831
112 74271106.245690
113 74059984.465598
114 75910854.027176
115 79585214.655727
116 80060297.212535
117 100234031.316183
118 91250403.299348
119 79252704.572319
120 86375314.081900
121 70851765.535549
122 64567099.552684
123 65970546.248373
124 58815171.243062
125 53707103.504475
126 44699897.925542
127 48409801.314740
128 39186188.965248
129 34558887.463495
130 38922895.150539
131 34434622.101580
132 34059624.265640
133 23047118.710689
134 24068690.366589
135 21612022.449321
136 19094371.014231
137 17884507.498955
138 16283273.648154
139 18524770.669999
140 14585672.758648
141 16596520.091784
142 14503362.985085
143 13439740.936858
144 15260051.332891
145 14697618.195456
146 11295663.007518
147 13918899.161486
148 13354630.692645
149 11425996.219252
150 11194824.216871
151 13392629.316098
152 12681238.957946
153 10774726.289738
154 10948124.526140
155 8693468.329731
156 7712087.745278
157 9139508.115689
158 6299832.063217
159 8002262.520437
160 5745670.404062
161 7533010.516558
162 6870204.361518
163 5874915.170464
164 5979651.848054
165 5247895.848774
166 4373426.428879
167 4641018.988996
168 3792304.839178
169 4179448.503525
170 4188463.566592
171 3414464.460969
172 4043370.297032
173 4793473.975670
174 3492219.942731
175 2849114.060212
176 3426660.966491
177 3236409.823009
178 2923466.754945
179 2448744.277745
180 2499680.330944
181 2453278.913334
182 2282967.383690
183 2122430.836048
184 2000803.147062
185 1713299.277727
186 2285977.855981
187 2065411.546928
188 1978362.365357
189 1820742.196361
190 1778704.118317
191 1506295.077372
192 1632454.545008
193 1320451.017711
194 1412388.014177
195 1410711.981320
196 1506382.397824
197 1484396.564765
198 1395161.767446
199 1299633.887127
200 1088401.794327
201 930770.254696
202 985370.338636
203 907403.909909
204 792678.702543
205 987761.175600
206 774903.122851
207 810044.983021
208 768177.581393
209 824950.431960
210 899688.841146
211 753404.888643
212 667228.699250
213 664321.307147
214 626352.848525
215 495964.136844
216 555229.881125
217 554679.122208
218 508541.803339
219 478281.298714
220 487837.907921
221 446923.084717
222 428128.196276
223 461394.901195
224 336419.647453
225 455792.914603
226 371606.667204
227 385893.846894
228 386370.234356
229 324869.604228
230 363280.160971
231 352768.466201
232 346951.807057
233 371169.516934
234 296295.091498
235 312618.245048
236 274917.667812
237 247744.651081
238 223068.091250
239 226187.490185
240 225106.983225
241 243689.070388
242 202104.029102
243 216386.969545
244 198648.304820
245 238521.934905
246 243480.651636
247 237569.859634
248 223994.987018
249 234658.850006
250 221101.233900
251 204368.421916
252 201786.039670
253 182268.437053
254 200253.922878
255 215282.632547
256 187089.964080
257 191782.405628
258 188189.304079
259 205528.052297
260 180005.222618
261 181193.221391
262 192870.108166
263 173290.747475
264 155675.451744
265 140559.162907
266 141790.490190
267 137471.189688
268 138581.372196
269 136528.709804
270 118764.349468
271 119926.094042
272 110185.281084
273 123023.097150
274 111932.509907
275 108571.248598
276 117189.519369
277 106016.448920
278 108570.328658
279 96746.807626
280 88214.015960
281 92998.441247
282 91317.246968
283 84963.478247
284 85762.990816
285 79191.023914
286 81018.578548
287 73740.994855
288 78085.649510
289 68289.625573
290 74116.737087
291 74280.634041
292 65841.390613
293 67670.811164
294 67378.837375
295 59671.084687
296 64936.377219
297 72176.129047
298 66740.380997
299 65359.914288
300 65151.153657
301 62902.086361
302 57981.757838
303 59831.968322
304 54425.088228
305 58171.662012
306 57615.804201
307 54244.326059
308 55913.802736
309 52136.864019
310 52153.582297
311 51594.043799
312 48610.636572
313 48549.501066
314 45735.678200
315 40645.083429
316 45687.856072
317 38980.619702
318 40528.703612
319 40120.080472
320 42449.102757
321 38702.112081
322 40671.560995
323 39753.441900
324 36027.128940
325 37227.180199
326 36649.496728
327 35735.370005
328 32852.183324
329 34010.618376
330 30789.798455
331 31576.936362
332 30482.283559
333 30959.630828
334 29559.896160
335 29948.279496
336 27295.106503
337 26333.965499
338 26948.088589
339 28774.308161
340 27485.426756
341 26673.838801
342 26070.801656
343 27311.158102
344 27741.237267
345 25810.003439
346 25729.286792
347 24889.235077
348 23559.866911
349 24884.330716
350 24791.173782
351 24175.964674
352 23137.219115
353 22546.467804
354 22693.703790
355 22237.796197
356 21179.304141
357 22122.734662
358 21215.371303
359 19229.803327
360 19468.749557
361 18377.612010
362 18498.103146
363 18459.906437
364 17762.303561
365 18421.558301
366 16462.639838
367 16612.011938
368 15814.834829
369 16495.084501
370 14627.283640
371 14018.784123
372 14508.901957
373 14378.147149
374 14230.622097
375 13641.202831
376 14190.979937
377 14670.992892
378 14808.493127
379 13900.741838
380 14158.663869
381 14215.967002
382 13716.713991
383 13747.809093
384 13017.081039
385 13703.498467
386 13368.147300
387 12757.346562
388 12742.912670
389 13041.939858
390 12667.898169
391 12040.967376
392 11937.304008
393 11811.817924
394 11608.841344
395 11203.657691
396 11045.749592
397 11029.895076
398 10516.101725
399 10473.855774
400 10043.892719
401 10109.573515
402 9945.545933
403 10207.185008
404 10140.226952
405 10026.785486
406 9704.810398
407 9404.022434
408 9404.790585
409 9242.778988
410 9174.410355
411 8810.706499
412 8895.120938
413 8537.332195
414 8479.204077
415 8418.972287
416 8303.864985
417 8073.519583
418 7757.531094
419 7698.259600
420 7697.914386
421 7618.111517
422 7423.794899
423 7168.116353
424 7138.619085
425 6989.227874
426 6930.038379
427 6756.598703
428 6739.815537
429 6648.971893
430 6554.513662
431 6391.069514
432 6404.954795
433 6466.562661
434 6358.420363
435 6138.310619
436 6123.738791
437 6103.861355
438 6067.052126
439 5969.980827
440 5995.212351
441 5907.618237
442 5827.985812
443 5848.104420
444 5785.067029
445 5642.125172
446 5627.844035
447 5481.029721
448 5415.882468
449 5294.688701
450 5269.826349
451 5207.172376
452 5195.013665
453 5084.795111
454 5019.255929
455 4990.317740
456 4956.767661
457 4922.878824
458 4895.593248
459 4826.168665
460 4801.678527
461 4715.324103
462 4674.065425
463 4649.238948
464 4606.509024
465 4598.679747
466 4509.818734
467 4484.048601
468 4461.244290
469 4427.230713
470 4428.350759
471 4372.654960
472 4375.048184
473 4331.040581
474 4318.652503
475 4282.575816
476 4243.623687
477 4225.660450
478 4198.018370
479 4173.454494
480 4149.500821
481 4120.791313
482 4086.588894
483 4055.609725
484 4040.183146
485 4024.144701
486 4010.032035
487 3994.806474
488 3980.241815
489 3960.674112
490 3944.088462
491 3933.335588
492 3922.435856
493 3911.355791
494 3905.235913
495 3892.956744
496 3885.486581
497 3878.720472
498 3874.396312
499 3871.630075
500 3869.642263
