1 1504997.346398
2 1653704.343788
3 1757836.242118
4 1881360.110819
5 1888837.521968
6 1875288.186470
7 1979411.263511
8 2062202.451005
9 1998004.655609
10 2284579.390076
11 2187571.432400
12 2383849.666166
13 2198619.826870
14 2117802.447791
15 2027913.952466
16 1879527.267129
17 1946688.484484
18 2095988.569781
19 2029853.330940
20 1916539.410362
21 1856874.261833
22 1883443.977713
23 1639487.318167
24 1519303.477749
25 1495631.331063
26 1303321.198342
27 1189486.869006
28 946417.430710
29 964922.226726
30 864165.955980
31 856242.543916
32 749163.226500
33 627411.342275
34 687854.284810
35 609873.389485
36 581001.439466
37 507404.252381
38 440937.699199
39 432277.262395
40 369823.851651
41 314642.347504
42 306200.093106
43 295249.880918
44 269651.225196
45 237013.934219
46 204664.446450
47 175633.379725
48 170601.952231
49 177638.309118
50 156865.344399
51 124227.932448
52 132666.056995
53 119489.854781
54 111258.522273
55 96465.665335
56 97658.671678
57 85092.385030
58 78524.962843
59 65860.600916
60 60932.603921
61 54236.087686
62 50675.920167
63 43192.696464
64 41234.567287
65 35340.365905
66 32149.424072
67 31141.756930
68 27172.201849
69 24756.379367
70 21883.333387
71 19868.314597
72 18084.209039
73 16312.133146
74 14613.807040
75 12583.274441
76 10651.738691
77 9530.909648
78 8814.702334
79 7678.622760
80 6942.433335
81 5773.904243
82 5408.497846
83 4619.960313
84 4241.567920
85 3540.053805
86 3422.969908
87 2908.305954
88 2659.331736
89 2312.257013
90 2000.402231
91 1736.236535
92 1538.509785
93 1306.889739
94 1142.051549
95 1024.075644
96 900.323232
97 784.499701
98 651.128334
99 560.352031
100 474.610106
101 406.561026
102 394.250202
103 328.177521
104 287.594732
105 259.557330
106 224.012592
107 196.957741
108 157.088932
109 149.279482
110 132.716806
111 107.598785
112 94.249997
113 83.032139
114 74.985827
115 64.513273
116 56.703098
117 50.996253
118 44.841668
119 43.979039
120 38.147407
121 31.865862
122 27.658550
123 27.007349
124 22.741958
125 21.331539
126 17.279979
127 16.523569
128 13.545717
129 12.518491
130 11.009120
131 10.474629
132 9.277427
133 7.762331
134 7.527148
135 6.345729
136 5.711062
137 4.840746
138 3.566493
139 3.538916
140 3.113002
141 2.715646
142 2.478302
143 2.101103
144 1.828332
145 1.648893
146 1.525439
147 1.372383
148 1.150071
149 1.074613
150 0.989810
151 0.869865
152 0.805220
153 0.741190
154 0.660608
155 0.581913
156 0.504215
157 0.395215
158 0.372759
159 0.331875
160 0.299221
161 0.254265
162 0.221972
163 0.199103
164 0.168869
165 0.153987
166 0.138861
167 0.125735
168 0.104743
169 0.089654
170 0.086900
171 0.076470
172 0.068063
173 0.060280
174 0.050261
175 0.047912
176 0.042887
177 0.038189
178 0.034498
179 0.030089
180 0.026316
181 0.023132
182 0.020525
183 0.018258
184 0.016365
185 0.015126
186 0.012986
187 0.011919
188 0.010604
189 0.009698
190 0.008509
191 0.007954
192 0.007293
193 0.006689
194 0.005814
195 0.005634
196 0.005010
197 0.004519
198 0.004133
199 0.003644
200 0.003159
201 0.002764
202 0.002343
203 0.002291
204 0.002026
205 0.001851
206 0.001683
207 0.001523
208 0.001449
209 0.001309
210 0.001236
211 0.001072
212 0.000954
213 0.000888
214 0.000803
215 0.000718
216 0.000655
217 0.000605
218 0.000548
219 0.000495
220 0.000443
221 0.000390
222 0.000362
223 0.000325
224 0.000298
225 0.000279
226 0.000235
227 0.000221
228 0.000203
229 0.000186
230 0.000169
231 0.000153
232 0.000139
233 0.000125
234 0.000115
235 0.000106
236 0.000099
237 0.000091
238 0.000083
239 0.000072
240 0.000068
241 0.000063
242 0.000057
243 0.000053
244 0.000048
245 0.000045
246 0.000042
247 0.000039
248 0.000035
249 0.000033
250 0.000031
251 0.000028
252 0.000026
253 0.000024
254 0.000022
255 0.000021
256 0.000019
257 0.000018
258 0.000017
259 0.000016
260 0.000014
261 0.000013
262 0.000013
263 0.000012
264 0.000011
265 0.000010
266 0.000010
267 0.000009
268 0.000009
269 0.000008
270 0.000008
271 0.000007
272 0.000007
273 0.000006
274 0.000006
275 0.000005
276 0.000005
277 0.000005
278 0.000004
279 0.000004
280 0.000004
281 0.000004
282 0.000003
283 0.000003
284 0.000003
285 0.000003
286 0.000003
287 0.000003
288 0.000002
289 0.000002
290 0.000002
291 0.000002
292 0.000002
293 0.000002
294 0.000002
295 0.000002
296 0.000001
297 0.000001
298 0.000001
299 0.000001
300 0.000001
301 0.000001
302 0.000001
303 0.000001
304 0.000001
305 0.000001
306 0.000001
307 0.000001
308 0.000001
309 0.000001
310 0.000001
311 0.000001
312 0.000001
313 0.000001
314 0.000001
315 0.000001
316 0.000001
317 0.000000
318 0.000000
319 0.000000
320 0.000000
321 0.000000
322 0.000000
323 0.000000
324 0.000000
325 0.000000
326 0.000000
327 0.000000
328 0.000000
329 0.000000
330 0.000000
331 0.000000
332 0.000000
333 0.000000
334 0.000000
335 0.000000
336 0.000000
337 0.000000
338 0.000000
339 0.000000
340 0.000000
341 0.000000
342 0.000000
343 0.000000
344 0.000000
345 0.000000
346 0.000000
347 0.000000
348 0.000000
349 0.000000
350 0.000000
351 0.000000
352 0.000000
353 0.000000
354 0.000000
355 0.000000
356 0.000000
357 0.000000
358 0.000000
359 0.000000
360 0.000000
361 0.000000
362 0.000000
363 0.000000
364 0.000000
365 0.000000
366 0.000000
367 0.000000
368 0.000000
369 0.000000
370 0.000000
371 0.000000
372 0.000000
373 0.000000
374 0.000000
375 0.000000
376 0.000000
377 0.000000
378 0.000000
379 0.000000
380 0.000000
381 0.000000
382 0.000000
383 0.000000
384 0.000000
385 0.000000
386 0.000000
387 0.000000
388 0.000000
389 0.000000
390 0.000000
391 0.000000
392 0.000000
393 0.000000
394 0.000000
395 0.000000
396 0.000000
397 0.000000
398 0.000000
399 0.000000
400 0.000000
401 0.000000
402 0.000000
403 0.000000
404 0.000000
405 0.000000
406 0.000000
407 0.000000
408 0.000000
409 0.000000
410 0.000000
411 0.000000
412 0.000000
413 0.000000
414 0.000000
415 0.000000
416 0.000000
417 0.000000
418 0.000000
419 0.000000
420 0.000000
421 0.000000
422 0.000000
423 0.000000
424 0.000000
425 0.000000
426 0.000000
427 0.000000
428 0.000000
429 0.000000
430 0.000000
431 0.000000
432 0.000000
433 0.000000
434 0.000000
435 0.000000
436 0.000000
437 0.000000
438 0.000000
439 0.000000
440 0.000000
441 0.000000
442 0.000000
443 0.000000
444 0.000000
445 0.000000
446 0.000000
447 0.000000
448 0.000000
449 0.000000
450 0.000000
451 0.000000
452 0.000000
453 0.000000
454 0.000000
455 0.000000
456 0.000000
457 0.000000
458 0.000000
459 0.000000
460 0.000000
461 0.000000
462 0.000000
463 0.000000
464 0.000000
465 0.000000
466 0.000000
467 0.000000
468 0.000000
469 0.000000
470 0.000000
471 0.000000
472 0.000000
473 0.000000
474 0.000000
475 0.000000
476 0.000000
477 0.000000
478 0.000000
479 0.000000
480 0.000000
481 0.000000
482 0.000000
483 0.000000
484 0.000000
485 0.000000
486 0.000000
487 0.000000
488 0.000000
489 0.000000
490 0.000000
491 0.000000
492 0.000000
493 0.000000
494 0.000000
495 0.000000
496 0.000000
497 0.000000
498 0.000000
499 0.000000
500 0.000000
