1 22947253.061743
2 47499208.747841
3 88168538.085215
4 159823112.274519
5 244425897.080151
6 407812275.932499
7 1132369554.201726
8 1070479160.395927
9 2433103964.252024
10 4122744673.026525
11 9343590665.119455
12 9139739438.455322
13 10910262118.934654
14 12830895642.925220
15 17828204366.680927
16 38073619570.735214
17 62617011340.374832
18 78211682886.300186
19 142342368795.884216
20 212756246168.362335
21 309731381736.698181
22 421167118764.420532
23 718013330884.260376
24 1129965568103.359131
25 1990146516044.903564
26 2313919743923.640625
27 3952439462000.828125
28 7319815196820.785156
29 11534754563773.914062
30 12636021966911.521484
31 22324022363246.441406
32 25562327868893.050781
33 34740929888269.382812
34 42296663093416.328125
35 77829656489685.953125
36 52349774197625.484375
37 136284797448694.781250
38 112776223630908.625000
39 182480020245709.406250
40 266153759001293.031250
41 420714352652755.312500
42 500790345532558.875000
43 660419718040877.500000
44 854407658473082.125000
45 1337954324104709.000000
46 1979697781934838.000000
47 2266926971053879.000000
48 2574475647518909.000000
49 4329349939080325.000000
50 5413074871060811.000000
51 5859923669464908.000000
52 7308085835360108.000000
53 10780423383259752.000000
54 10742914672399636.000000
55 10395019522693880.000000
56 19821870385272860.000000
57 19925173812453116.000000
58 24968070285661360.000000
59 30508508949243680.000000
60 32559179520638232.000000
61 52590937708016352.000000
62 88337121612950144.000000
63 107218164716332880.000000
64 78376546273459872.000000
65 127706411252687888.000000
66 135671387345135776.000000
67 211049675325128544.000000
68 226412456957980640.000000
69 302538236083064576.000000
70 393065316971793152.000000
71 483083119190521856.000000
72 400986345574011136.000000
73 448871635829706304.000000
74 424326117841626432.000000
75 498761494793790016.000000
76 565544714151587200.000000
77 640684514871954560.000000
78 756847830582937088.000000
79 860434553587695104.000000
80 1019146669578615040.000000
81 732767772609061376.000000
82 1053183024903048576.000000
83 903366774932567168.000000
84 1110693750425647616.000000
85 1541789936429633536.000000
86 1845472454607357952.000000
87 2580597973171836928.000000
88 3438029527841672704.000000
89 3451543950716163584.000000
90 3330399845120954368.000000
91 3438138488444394496.000000
92 3628616842803813888.000000
93 5212880156605745152.000000
94 4775947784630576128.000000
95 5968583489543414784.000000
96 8519804810074868736.000000
97 11117474028847620096.000000
98 13194973096889661440.000000
99 14292909906171006976.000000
100 9233357355625093120.000000
101 10609105644556290048.000000
102 19379946205215698944.000000
103 22872696686321790976.000000
104 18657044194667593728.000000
105 17214556957095405568.000000
106 17089750726037202944.000000
107 13431965901691691008.000000
108 12944680090461542400.000000
109 17283915678236964864.000000
110 18072274815540527104.000000
111 16511940086132213760.000000
112 17482638498770751488.000000
113 21818449922499932160.000000
114 17207454210399524864.000000
115 25626260390033309696.000000
116 34828774043807592448.000000
117 25566421977915359232.000000
118 36797847981664538624.000000
119 42160664146657951744.000000
120 39425494396545417216.000000
121 58110823226462412800.000000
122 46551317279060566016.000000
123 43817942442874716160.000000
124 47306388565371633664.000000
125 52965176662278217728.000000
126 52184688184066678784.000000
127 48793165960994463744.000000
128 53183269326316773376.000000
129 64423321172624056320.000000
130 82421870037906833408.000000
131 70060473878727041024.000000
132 48319290389370109952.000000
133 66124810430622990336.000000
134 69112337980843155456.000000
135 69842603440680140800.000000
136 81817961870536196096.000000
137 67572400548281589760.000000
138 82688563409082597376.000000
139 95624720663384768512.000000
140 85153453151279153152.000000
141 70950348789431590912.000000
142 83730574726765281280.000000
143 65510308466020294656.000000
144 83323731314695700480.000000
145 74613706077298163712.000000
146 67598570953812672512.000000
147 54207475843134775296.000000
148 31001534033904803840.000000
149 27459939029821190144.000000
150 23325065181347426304.000000
151 21635363960373596160.000000
152 16327274454509938688.000000
153 14640334758118692864.000000
154 12972838919565387776.000000
155 13163099559374071808.000000
156 9518549621837162496.000000
157 12179505005830361088.000000
158 10026907300401262592.000000
159 13396712281712224256.000000
160 13213638569973985280.000000
161 11903792697392390144.000000
162 8157391227692255232.000000
163 8816104895372217344.000000
164 6519031131089608704.000000
165 6888235615546022912.000000
166 5947254591876406272.000000
167 6663246577710898176.000000
168 6690246360984564736.000000
169 6884067358686556160.000000
170 5076407932670653440.000000
171 4263212528727994880.000000
172 4136808652975805952.000000
173 3174512788399229952.000000
174 3617432221896629760.000000
175 2490634567115171328.000000
176 1727093421372981504.000000
177 1549207625146314752.000000
178 1513231066729671424.000000
179 954362399181136000.000000
180 1146263390928208768.000000
181 781627310151646336.000000
182 776714770217706880.000000
183 856655816715873664.000000
184 721464446582181376.000000
185 719901350709172224.000000
186 779345995426033792.000000
187 450503552337644736.000000
188 467937996783164224.000000
189 427593396940772864.000000
190 230316508503037440.000000
191 242858532397573088.000000
192 196652794956742848.000000
193 170736893184128576.000000
194 166972659137617696.000000
195 136033108979404688.000000
196 103290145140897392.000000
197 88527940555296704.000000
198 67939007678845008.000000
199 65924914078339376.000000
200 68471415816130472.000000
201 54640155906437656.000000
202 48464806402981464.000000
203 44405898757147360.000000
204 29750857890384816.000000
205 28577193847098128.000000
206 21779055995566368.000000
207 14210779531064846.000000
208 14520580613726904.000000
209 8623406044193935.000000
210 7999605458620716.000000
211 6018654053095400.000000
212 5455279916413089.000000
213 3610535091744492.000000
214 3018093823655425.500000
215 1965288524305460.000000
216 1586809187816995.750000
217 1371427942296198.000000
218 1226647117500142.000000
219 1116684107599391.000000
220 928844944284437.625000
221 763881595368558.500000
222 494560812879768.875000
223 422544565511245.562500
224 245297608542472.218750
225 205633877233563.218750
226 219235789011391.312500
227 180226793448864.375000
228 155628179072607.781250
229 109690401272382.718750
230 81455979263705.906250
231 65041378908289.179688
232 60209531518856.195312
233 43651351740277.078125
234 44378489326755.734375
235 28134286351818.843750
236 21210704469315.593750
237 14729118718844.507812
238 8758016259020.893555
239 6880853911692.516602
240 5751724489367.387695
241 3753671146740.500977
242 3263528142391.926758
243 2684042088822.381836
244 2308535238458.587891
245 1696315687389.716309
246 1281257816497.638672
247 995580531569.575317
248 605666465762.807129
249 502931034157.753906
250 426344236125.006348
251 306529625453.243225
252 251430944990.043915
253 200253444431.879364
254 155834905298.687836
255 114120089705.036682
256 86431336708.537292
257 56609844184.191963
258 57395612149.344719
259 37011477284.010063
260 22241318818.645756
261 22822094357.656090
262 15115937992.781242
263 15282956433.737904
264 9787288060.173441
265 7689839868.240454
266 6993307919.314386
267 5470760753.542332
268 4912092217.258049
269 3179850034.700798
270 2470862527.661954
271 1623658762.084815
272 1250443586.181202
273 1067405222.410129
274 904303826.690382
275 724367478.131247
276 708416977.614720
277 397246143.882233
278 285749724.915342
279 257993180.482527
280 188617606.775671
281 135652332.906245
282 128424864.134983
283 84163904.115145
284 80773124.289730
285 61293152.103564
286 44247319.878916
287 35899428.893812
288 28760177.834408
289 20456310.785918
290 17522972.974994
291 12008213.018377
292 10241147.014890
293 8769123.226528
294 6345042.179047
295 5082780.582487
296 4653885.770752
297 3370757.703449
298 2797895.145712
299 2137189.956694
300 1520068.889630
301 1306584.511146
302 869493.796254
303 672696.466253
304 609360.793037
305 508050.630559
306 348114.688812
307 298355.000605
308 211532.138589
309 193641.953733
310 143221.954556
311 128415.248959
312 95643.911596
313 73363.121994
314 56849.791543
315 37363.558964
316 29431.423750
317 24448.610799
318 17166.943073
319 14735.302218
320 11644.519444
321 9667.652812
322 8843.731693
323 6285.074707
324 4635.086142
325 4122.927015
326 3403.406238
327 2540.838464
328 2158.913014
329 1645.411301
330 1427.984819
331 928.610873
332 753.970424
333 619.604245
334 500.737742
335 337.824187
336 266.595725
337 201.813661
338 152.697760
339 116.086316
340 91.527076
341 72.350489
342 53.197711
343 37.797064
344 30.437010
345 24.266970
346 19.599143
347 15.134715
348 12.453411
349 10.451435
350 8.286183
351 6.073618
352 4.780675
353 3.677618
354 2.754972
355 2.114397
356 1.565607
357 1.399465
358 1.161379
359 0.938975
360 0.642337
361 0.447775
362 0.369831
363 0.333255
364 0.243693
365 0.207926
366 0.147938
367 0.128146
368 0.099245
369 0.091375
370 0.074127
371 0.058402
372 0.043524
373 0.032894
374 0.026010
375 0.020678
376 0.015569
377 0.013854
378 0.011459
379 0.009111
380 0.007649
381 0.006055
382 0.004806
383 0.003654
384 0.002883
385 0.002258
386 0.001902
387 0.001300
388 0.001035
389 0.000770
390 0.000658
391 0.000465
392 0.000389
393 0.000299
394 0.000236
395 0.000190
396 0.000163
397 0.000123
398 0.000107
399 0.000082
400 0.000062
401 0.000051
402 0.000042
403 0.000033
404 0.000028
405 0.000022
406 0.000017
407 0.000013
408 0.000009
409 0.000008
410 0.000006
411 0.000005
412 0.000004
413 0.000003
414 0.000003
415 0.000002
416 0.000002
417 0.000001
418 0.000001
419 0.000001
420 0.000001
421 0.000001
422 0.000000
423 0.000000
424 0.000000
425 0.000000
426 0.000000
427 0.000000
428 0.000000
429 0.000000
430 0.000000
431 0.000000
432 0.000000
433 0.000000
434 0.000000
435 0.000000
436 0.000000
437 0.000000
438 0.000000
439 0.000000
440 0.000000
441 0.000000
442 0.000000
443 0.000000
444 0.000000
445 0.000000
446 0.000000
447 0.000000
448 0.000000
449 0.000000
450 0.000000
451 0.000000
452 0.000000
453 0.000000
454 0.000000
455 0.000000
456 0.000000
457 0.000000
458 0.000000
459 0.000000
460 0.000000
461 0.000000
462 0.000000
463 0.000000
464 0.000000
465 0.000000
466 0.000000
467 0.000000
468 0.000000
469 0.000000
470 0.000000
471 0.000000
472 0.000000
473 0.000000
474 0.000000
475 0.000000
476 0.000000
477 0.000000
478 0.000000
479 0.000000
480 0.000000
481 0.000000
482 0.000000
483 0.000000
484 0.000000
485 0.000000
486 0.000000
487 0.000000
488 0.000000
489 0.000000
490 0.000000
491 0.000000
492 0.000000
493 0.000000
494 0.000000
495 0.000000
496 0.000000
497 0.000000
498 0.000000
499 0.000000
500 0.000000
