1 3121913.324106
2 3460134.461225
3 3613734.405940
4 3327474.672147
5 3245379.812422
6 3584916.463426
7 3073081.623517
8 4686924.201149
9 4800039.542137
10 5301214.477202
11 5127306.430282
12 5320276.773650
13 6101299.263110
14 3041075.069608
15 2928114.134846
16 2876916.503128
17 3705693.810813
18 3939459.883220
19 2889111.801856
20 4113447.340805
21 5554419.231187
22 6240297.259638
23 4780037.298037
24 4685222.932484
25 5110225.118073
26 5651172.069224
27 4508903.396042
28 4426618.774660
29 5469268.668697
30 7170329.549529
31 5151110.643597
32 5912899.562239
33 4704270.681791
34 4654645.255575
35 4926115.255953
36 4019601.300633
37 4015403.577226
38 5189733.339023
39 5919896.189395
40 5100330.843529
41 4228927.661831
42 4411800.587001
43 3575624.188449
44 3049010.948000
45 3393758.023569
46 2925087.622957
47 2578898.526644
48 2791505.655201
49 2878658.261149
50 2514216.205278
51 2662748.703317
52 2754120.007728
53 3061705.240762
54 2444607.983024
55 2039937.506281
56 1647904.501061
57 1199511.422848
58 1182865.871453
59 800758.275385
60 712252.018402
61 599937.229589
62 481235.707411
63 403121.593914
64 455768.512227
65 395639.042767
66 389779.763030
67 386021.533059
68 405346.547664
69 386880.385437
70 358338.989453
71 340891.527650
72 272222.980645
73 303813.097789
74 300333.655756
75 329245.912332
76 276906.461378
77 193451.619211
78 212575.256226
79 191572.984118
80 177020.458305
81 120255.674568
82 128356.228970
83 116824.374603
84 114667.870534
85 103169.481343
86 88787.830597
87 71058.952951
88 69270.019248
89 63134.134936
90 61632.433846
91 52049.617332
92 49001.508434
93 56737.561145
94 51281.749591
95 49174.181664
96 52278.554657
97 49202.609801
98 49886.061367
99 42779.644121
100 41893.869288
101 36126.824211
102 35885.061019
103 36504.445223
104 31181.361393
105 30687.954825
106 27415.593882
107 23459.924970
108 21341.461762
109 19127.225622
110 17925.494848
111 14773.052530
112 13790.684685
113 11276.281778
114 9785.514101
115 9791.827872
116 9270.550642
117 6706.859064
118 5961.259833
119 4869.072478
120 4060.637624
121 3579.418900
122 3139.588056
123 2773.147706
124 2383.260882
125 2225.131769
126 1744.442182
127 1744.369726
128 1235.253947
129 1229.869263
130 984.575232
131 805.947325
132 732.140748
133 656.263670
134 574.151307
135 566.270586
136 536.039266
137 491.489743
138 504.731283
139 340.050953
140 350.991299
141 308.117609
142 284.701123
143 260.197888
144 211.491085
145 199.171741
146 173.663584
147 155.177106
148 137.172910
149 111.140822
150 95.633013
151 85.990863
152 69.385984
153 54.421053
154 48.539511
155 41.277403
156 35.621179
157 28.414654
158 25.293256
159 21.911213
160 20.307755
161 17.308761
162 15.287316
163 13.113946
164 11.909970
165 9.751503
166 8.124333
167 6.596414
168 5.755170
169 4.951392
170 4.113106
171 3.096089
172 2.752901
173 2.130592
174 1.791897
175 1.277160
176 1.135769
177 0.974896
178 0.748289
179 0.604471
180 0.437250
181 0.345623
182 0.282305
183 0.218522
184 0.187700
185 0.159759
186 0.137485
187 0.108208
188 0.087066
189 0.070630
190 0.058729
191 0.049801
192 0.040795
193 0.033437
194 0.026445
195 0.021156
196 0.017366
197 0.014091
198 0.012048
199 0.010142
200 0.008267
201 0.006026
202 0.004870
203 0.003920
204 0.002992
205 0.002441
206 0.001877
207 0.001589
208 0.001290
209 0.001067
210 0.000837
211 0.000587
212 0.000505
213 0.000389
214 0.000325
215 0.000252
216 0.000189
217 0.000143
218 0.000105
219 0.000085
220 0.000064
221 0.000050
222 0.000040
223 0.000029
224 0.000022
225 0.000017
226 0.000013
227 0.000010
228 0.000008
229 0.000006
230 0.000005
231 0.000004
232 0.000003
233 0.000002
234 0.000001
235 0.000001
236 0.000001
237 0.000001
238 0.000000
239 0.000000
240 0.000000
241 0.000000
242 0.000000
243 0.000000
244 0.000000
245 0.000000
246 0.000000
247 0.000000
248 0.000000
249 0.000000
250 0.000000
251 0.000000
252 0.000000
253 0.000000
254 0.000000
255 0.000000
256 0.000000
257 0.000000
258 0.000000
259 0.000000
260 0.000000
261 0.000000
262 0.000000
263 0.000000
264 0.000000
265 0.000000
266 0.000000
267 0.000000
268 0.000000
269 0.000000
270 0.000000
271 0.000000
272 0.000000
273 0.000000
274 0.000000
275 0.000000
276 0.000000
277 0.000000
278 0.000000
279 0.000000
280 0.000000
281 0.000000
282 0.000000
283 0.000000
284 0.000000
285 0.000000
286 0.000000
287 0.000000
288 0.000000
289 0.000000
290 0.000000
291 0.000000
292 0.000000
293 0.000000
294 0.000000
295 0.000000
296 0.000000
297 0.000000
298 0.000000
299 0.000000
300 0.000000
301 0.000000
302 0.000000
303 0.000000
304 0.000000
305 0.000000
306 0.000000
307 0.000000
308 0.000000
309 0.000000
310 0.000000
311 0.000000
312 0.000000
313 0.000000
314 0.000000
315 0.000000
316 0.000000
317 0.000000
318 0.000000
319 0.000000
320 0.000000
321 0.000000
322 0.000000
323 0.000000
324 0.000000
325 0.000000
326 0.000000
327 0.000000
328 0.000000
329 0.000000
330 0.000000
331 0.000000
332 0.000000
333 0.000000
334 0.000000
335 0.000000
336 0.000000
337 0.000000
338 0.000000
339 0.000000
340 0.000000
341 0.000000
342 0.000000
343 0.000000
344 0.000000
345 0.000000
346 0.000000
347 0.000000
348 0.000000
349 0.000000
350 0.000000
351 0.000000
352 0.000000
353 0.000000
354 0.000000
355 0.000000
356 0.000000
357 0.000000
358 0.000000
359 0.000000
360 0.000000
361 0.000000
362 0.000000
363 0.000000
364 0.000000
365 0.000000
366 0.000000
367 0.000000
368 0.000000
369 0.000000
370 0.000000
371 0.000000
372 0.000000
373 0.000000
374 0.000000
375 0.000000
376 0.000000
377 0.000000
378 0.000000
379 0.000000
380 0.000000
381 0.000000
382 0.000000
383 0.000000
384 0.000000
385 0.000000
386 0.000000
387 0.000000
388 0.000000
389 0.000000
390 0.000000
391 0.000000
392 0.000000
393 0.000000
394 0.000000
395 0.000000
396 0.000000
397 0.000000
398 0.000000
399 0.000000
400 0.000000
401 0.000000
402 0.000000
403 0.000000
404 0.000000
405 0.000000
406 0.000000
407 0.000000
408 0.000000
409 0.000000
410 0.000000
411 0.000000
412 0.000000
413 0.000000
414 0.000000
415 0.000000
416 0.000000
417 0.000000
418 0.000000
419 0.000000
420 0.000000
421 0.000000
422 0.000000
423 0.000000
424 0.000000
425 0.000000
426 0.000000
427 0.000000
428 0.000000
429 0.000000
430 0.000000
431 0.000000
432 0.000000
433 0.000000
434 0.000000
435 0.000000
436 0.000000
437 0.000000
438 0.000000
439 0.000000
440 0.000000
441 0.000000
442 0.000000
443 0.000000
444 0.000000
445 0.000000
446 0.000000
447 0.000000
448 0.000000
449 0.000000
450 0.000000
451 0.000000
452 0.000000
453 0.000000
454 0.000000
455 0.000000
456 0.000000
457 0.000000
458 0.000000
459 0.000000
460 0.000000
461 0.000000
462 0.000000
463 0.000000
464 0.000000
465 0.000000
466 0.000000
467 0.000000
468 0.000000
469 0.000000
470 0.000000
471 0.000000
472 0.000000
473 0.000000
474 0.000000
475 0.000000
476 0.000000
477 0.000000
478 0.000000
479 0.000000
480 0.000000
481 0.000000
482 0.000000
483 0.000000
484 0.000000
485 0.000000
486 0.000000
487 0.000000
488 0.000000
489 0.000000
490 0.000000
491 0.000000
492 0.000000
493 0.000000
494 0.000000
495 0.000000
496 0.000000
497 0.000000
498 0.000000
499 0.000000
500 0.000000
