1 inf
2 inf
3 inf
4 inf
5 inf
6 inf
7 inf
8 inf
9 inf
10 inf
11 inf
12 inf
13 inf
14 inf
15 inf
16 inf
17 inf
18 inf
19 inf
20 inf
21 inf
22 inf
23 inf
24 inf
25 inf
26 inf
27 inf
28 inf
29 inf
30 inf
31 inf
32 inf
33 inf
34 inf
35 inf
36 inf
37 inf
38 inf
39 inf
40 inf
41 inf
42 inf
43 inf
44 inf
45 inf
46 inf
47 inf
48 inf
49 inf
50 inf
51 inf
52 inf
53 inf
54 inf
55 inf
56 inf
57 inf
58 inf
59 inf
60 inf
61 inf
62 inf
63 inf
64 inf
65 inf
66 inf
67 inf
68 301698118517350445556172213283973461467021922395363197720248938154549792475925397594455078764788083551860230419327257236621344517572494858194640328215373759879903437109738244890746084791023936503205684801732651348222604286094309861269470161393339358874027820835698257165910533979709921038182645760.000000
69 13583834647460434527582083023104819580185101313483690722214433005662626996422118481166279346360533037948547495032999687059428459735266980671038063529628497150735355522833362984159404854752446257641553324582051372191989970963447144095587164775168884407795712.000000
70 634215828036924088416473452616893476071348278985516784351014457040174604366059482481279942079726604701576825691645245276552810529283495933841603984689188841376356697415815920533573485247772234113260671096584359022209670053755527102464.000000
71 11471129412385209319363313918697918365673316241468627709053258615216322860079856806568782634466341694344426997932223702358703090520313182963053802267758773189413614593390738360592519283459106013184.000000
72 7314997084450585589524383427237617996170460194544510758332186340725545371516131936757961666234690524624497285896259908534196561981360087386863714698826612736.000000
73 13576988222145150340551810157597040889843130672449787397829755317868479941217787626877282906250457011673497621005074432.000000
74 103923790680832413324367907490072912492796403321800551879637862692881934793372975323152384.000000
75 16462807684484227440103730594905100627351260228485120.000000
76 771256698905705984.000000
77 70617.084170
78 52265.679997
79 43504.991618
80 35410.405469
81 28719.770316
82 25854.970605
83 22364.929801
84 19881.175178
85 17652.560228
86 15516.673013
87 13597.150477
88 12233.347116
89 10444.308116
90 9912.233532
91 8448.011085
92 7834.247303
93 7121.151533
94 6386.812008
95 5885.596744
96 5440.678072
97 4934.565314
98 4489.008883
99 4136.940947
100 3808.338561
101 3446.893751
102 3179.890329
103 2919.055072
104 2714.125694
105 2500.897636
106 2316.047298
107 2123.329621
108 1922.240220
109 1785.288832
110 1641.283945
111 1532.015560
112 1392.707402
113 1298.054836
114 1203.487874
115 1098.645601
116 1027.141159
117 955.112667
118 878.007265
119 805.071272
120 732.892351
121 681.151007
122 635.842969
123 591.048117
124 540.798679
125 497.579798
126 464.115041
127 433.252938
128 403.421112
129 373.865473
130 338.240678
131 322.416286
132 300.239798
133 278.522921
134 254.683552
135 239.281309
136 217.680493
137 210.128273
138 198.755754
139 185.641176
140 177.209261
141 166.477277
142 154.338976
143 146.879385
144 136.536424
145 127.792870
146 119.378944
147 110.568764
148 104.619512
149 96.154758
150 90.730260
151 84.397054
152 78.172621
153 74.899319
154 70.711527
155 66.669351
156 63.032127
157 59.733947
158 56.392202
159 53.519925
160 50.490765
161 47.610152
162 45.258330
163 42.872572
164 40.335128
165 38.603507
166 36.719865
167 34.448904
168 32.575984
169 30.941040
170 29.237992
171 27.797594
172 25.794159
173 24.538824
174 23.082397
175 22.063745
176 21.044922
177 19.658609
178 18.938786
179 18.029579
180 17.019200
181 16.240084
182 15.378678
183 14.600559
184 13.884273
185 13.121250
186 12.620123
187 11.967501
188 11.410217
189 10.817116
190 10.354845
191 9.935063
192 9.436769
193 9.032092
194 8.619879
195 8.211227
196 7.758420
197 7.465962
198 7.046566
199 6.783127
200 6.466601
201 6.142278
202 5.890215
203 5.659340
204 5.393311
205 5.134407
206 4.897199
207 4.696682
208 4.454695
209 4.294365
210 4.128727
211 3.935693
212 3.771895
213 3.602491
214 3.462651
215 3.264142
216 3.131608
217 3.030377
218 2.894739
219 2.795697
220 2.693690
221 2.595902
222 2.500818
223 2.397428
224 2.322784
225 2.196012
226 2.134854
227 2.056443
228 1.993493
229 1.924663
230 1.863245
231 1.803919
232 1.744313
233 1.675654
234 1.622723
235 1.559334
236 1.515709
237 1.462444
238 1.409895
239 1.364413
240 1.324426
241 1.282217
242 1.244140
243 1.207577
244 1.163241
245 1.129860
246 1.094276
247 1.060191
248 1.029992
249 1.001600
250 0.971895
251 0.944156
252 0.910933
253 0.887269
254 0.857688
255 0.833306
256 0.809373
257 0.789224
258 0.765840
259 0.741230
260 0.720075
261 0.701504
262 0.682241
263 0.660525
264 0.639060
265 0.624479
266 0.610598
267 0.596442
268 0.575592
269 0.564964
270 0.549369
271 0.534972
272 0.521341
273 0.509334
274 0.493669
275 0.482262
276 0.471308
277 0.461374
278 0.450851
279 0.439205
280 0.426180
281 0.419748
282 0.409402
283 0.396894
284 0.389465
285 0.379590
286 0.371996
287 0.363185
288 0.355082
289 0.347746
290 0.340201
291 0.333515
292 0.326257
293 0.317577
294 0.309857
295 0.302423
296 0.296519
297 0.290354
298 0.284146
299 0.276531
300 0.271389
301 0.265788
302 0.260325
303 0.254767
304 0.249370
305 0.244711
306 0.240136
307 0.234737
308 0.230807
309 0.225585
310 0.220784
311 0.216899
312 0.212391
313 0.207957
314 0.204004
315 0.200666
316 0.195884
317 0.193468
318 0.189180
319 0.185271
320 0.182433
321 0.179314
322 0.176580
323 0.173262
324 0.170773
325 0.168103
326 0.165265
327 0.161674
328 0.159275
329 0.156052
330 0.153918
331 0.151144
332 0.148324
333 0.146127
334 0.143967
335 0.141525
336 0.139244
337 0.137354
338 0.135304
339 0.133363
340 0.131400
341 0.128917
342 0.127099
343 0.124793
344 0.122994
345 0.121327
346 0.119566
347 0.117629
348 0.115668
349 0.114301
350 0.112784
351 0.111286
352 0.109375
353 0.107970
354 0.106134
355 0.104874
356 0.103302
357 0.102067
358 0.100665
359 0.099408
360 0.098012
361 0.096813
362 0.095463
363 0.094248
364 0.093139
365 0.092057
366 0.090965
367 0.089566
368 0.088336
369 0.087379
370 0.086473
371 0.085410
372 0.084406
373 0.083542
374 0.082615
375 0.081624
376 0.080730
377 0.079758
378 0.078851
379 0.077997
380 0.077119
381 0.076217
382 0.075520
383 0.074714
384 0.073875
385 0.073051
386 0.072297
387 0.071418
388 0.070766
389 0.070009
390 0.069457
391 0.068740
392 0.068074
393 0.067462
394 0.066831
395 0.066266
396 0.065626
397 0.065026
398 0.064482
399 0.063933
400 0.063314
401 0.062743
402 0.062141
403 0.061686
404 0.061016
405 0.060608
406 0.060140
407 0.059657
408 0.059220
409 0.058592
410 0.058153
411 0.057617
412 0.057188
413 0.056710
414 0.056428
415 0.055960
416 0.055565
417 0.055215
418 0.054826
419 0.054428
420 0.054093
421 0.053722
422 0.053353
423 0.052912
424 0.052576
425 0.052179
426 0.051858
427 0.051531
428 0.051109
429 0.050808
430 0.050493
431 0.050188
432 0.049868
433 0.049579
434 0.049349
435 0.049072
436 0.048801
437 0.048534
438 0.048212
439 0.048021
440 0.047756
441 0.047516
442 0.047252
443 0.046944
444 0.046721
445 0.046470
446 0.046237
447 0.046034
448 0.045862
449 0.045636
450 0.045432
451 0.045256
452 0.045015
453 0.044815
454 0.044661
455 0.044513
456 0.044351
457 0.044174
458 0.044034
459 0.043864
460 0.043708
461 0.043541
462 0.043414
463 0.043275
464 0.043139
465 0.042992
466 0.042885
467 0.042762
468 0.042659
469 0.042547
470 0.042439
471 0.042297
472 0.042243
473 0.042141
474 0.042053
475 0.041966
476 0.041877
477 0.041791
478 0.041698
479 0.041631
480 0.041568
481 0.041494
482 0.041436
483 0.041359
484 0.041313
485 0.041251
486 0.041207
487 0.041161
488 0.041114
489 0.041074
490 0.041036
491 0.041002
492 0.040974
493 0.040950
494 0.040925
495 0.040905
496 0.040884
497 0.040873
498 0.040863
499 0.040856
500 0.040853
