1 inf
2 inf
3 inf
4 inf
5 inf
6 inf
7 inf
8 inf
9 inf
10 inf
11 inf
12 inf
13 170728937833931440342319744324114146806367026584333744988404063039044266251422147056750478732718785673306128358327130946821883286520526289402603173549537154400373002645140793992364711697610224659327576231098993694987558495335177169069465627356901185203514340173597038583731175844001016168244770607577996197888.000000
14 1605942078550054680057326583274079539421522104420397989383019945939418615658687148904260230021654409148649501638106967597120831429943051904420071892218759646963083455313801396743639224558272405046298965099737041493498229270456629141695875753290368963952084921947843298472661609216998953733310522589184.000000
15 185543314598355703756700471829219953039158225044115268238042210919256799633408616169122064545354204129376606710907510191186376444036739089991488272167579149288907737535244457175038848788049453204503941870804352487110089556828795747320248412342553701554978505003127974431254908225963687936.000000
16 9296471243647717043510848987483248299266753758588675191269746059379598369402754876756298822200244154672377406370272570555218146636745490373298491139409544182855976828171542063271431135158727479335022909106947390494687412486633989682075519988707820976161596038213565638611304448.000000
17 98237238882127641010474302397217487442946959377521066833305157499683238295809615489793077971538563019330264101026652328403197710169628051452381361880708921118776535036964733073924257498286214475522328274740969849125799371002379437692084415657277904791094266124571692563955712.000000
18 22564628531411980236536100518518258560520618128343866087635059352847679266326126037185720610209329217269817233442282142816997084547896680118379637304735748168243520501499741993952893139373966495857291560620269680154551418127920960299345626024281381682383828846053865553920.000000
19 622818346635226950192915452847072923530239199723682346649579502392103924336544926149001068298145897749854992072319376526362636244962447620371759966974081626221376262651019421080683636026864222105237499332350467560414657088973913103649537283744376333620609535705088.000000
20 99647248131328284274195990145639154984620671020238455262474613890416999550361544248093274007873488686955986472669537146483023332355831672948358173782819008092732618880278242156093162149808180593275227761326920359873700250623641026134501697786491174912.000000
21 5879350207698840116626869578853940949298565425152348553829985310676816035286398509061844825108440570118235047686852986227357285975210910576986213294719078575816717380243862471415991631106794285369506594347066829925431204746792236488755892977664.000000
22 8384066045259538982622263138384457763969819881462490208833856784232121635210442912977479474662236000157270225094446026061687086865229500314148333877973216504355553728036647203652894939906644114294077813261209152245344255377156488728412160.000000
23 15037778199626947690398257680753539297324833712716634514953006941044942821791833543728064389985294692820794844534860440573723493435122613277817664112941534912210817362207230819913404353649642254932894340326918602345448039572832256.000000
24 10579714067929510720247895893846900596398895587466791511577027205069290722317597697400542089058830544686383447350232021165831057202264977723151408326063924067790039891745865459796381951131517400462213436327227031552.000000
25 22195834629274941040054848491303827974268199043098589000988030231898591929337838154121875299369310189301173835699448281944195056499580803294514917455842216748223815450859545782815997893063310446747816296448.000000
26 179665991412194602624489833773610972958261862100844154237197538061695698574307782386791639261328806997545233806300361806988767272429104242183436040604217784391674778040338771275280752771009085440.000000
27 290792502646533699282176630310766594325837182687527648805127066745209334872538889839903239755255754447295303323878235592737953087360204658588915572767251936253527855139721952299450980368384.000000
28 227976545971220393021752243375922654042724590727667170554686775462246188862506537863564721273689517808499124675860363895996976425558843030524623193338975161883191400122498563440640.000000
29 1154122178795180517105225253450196499885954967692557269636704381484116111193642506166643669573019644388013654692288255564577618633397562897216550474343257236079857320853504.000000
30 9090942588770459791060691344862299999716561316431985716869127741404119722991047939114155959152021688029145189942023938856341292306918708936038329550630763364352.000000
31 1287145122834477232090009311415983035789332049456926201826914818397780255412282419904504788278466180468161216838685567617648261855457681204031030034432.000000
32 249311108237236345558552787180659907141343315925664800291294324618381415515851214237632228498418077235971672352037705149100665462315924833959936.000000
33 43536300424667822435494614697412962349967972703020232428858667297226549490324302495840329810807711155885640005027381139071779783835648.000000
34 17390107317074871261832461771771930081307977589045456588731080725791964744198634667860564884898723552364891684471813852626944.000000
35 599857365033737942020827456634017889921200567074646405351102649361721905948427406461629667406290270872951073013760.000000
36 509631548458706165963283363693164590950128037669646468509516472291013615891433012372106190076193538048.000000
37 70285537800504760566053247280613248780530537471763646146726783795940882215606552652982017983512576.000000
38 2466350003147762672381176592053014007593648242552892469679393598369666370012534800384.000000
39 81370664427106558607889898849328347414303904161343662307254648877656911642624.000000
40 1101886139000955828783561684174381781615976309691356677788418441216.000000
41 22450337209096381482628425071134322877787579451703296.000000
42 851591434392010340176806198362089761800192.000000
43 29872378754198325126106355139763765248.000000
44 270842144615311908957847552.000000
45 89181156144953632.000000
46 429669.344523
47 3555.904663
48 2516.221282
49 2185.845024
50 1894.075828
51 1622.091995
52 1307.260885
53 1147.010000
54 936.573775
55 861.191514
56 756.639323
57 658.288095
58 600.532292
59 479.588021
60 425.156690
61 381.819366
62 326.761247
63 294.882763
64 267.747587
65 242.231366
66 215.006129
67 193.294737
68 170.082381
69 150.189012
70 131.586556
71 118.993675
72 108.924839
73 94.533743
74 81.577014
75 74.605007
76 67.244000
77 60.099897
78 51.163720
79 45.631022
80 40.687500
81 36.609021
82 33.281628
83 29.089125
84 26.663486
85 22.630118
86 20.310931
87 17.624942
88 15.558882
89 13.656054
90 12.260397
91 11.148694
92 9.903767
93 8.433084
94 7.412409
95 6.737637
96 6.048100
97 5.262137
98 4.665730
99 4.068380
100 3.663761
101 3.192897
102 2.926032
103 2.568035
104 2.275335
105 2.088216
106 1.843184
107 1.592433
108 1.376530
109 1.258972
110 1.076995
111 0.986649
112 0.886198
113 0.781458
114 0.691095
115 0.630972
116 0.565546
117 0.494703
118 0.452133
119 0.402766
120 0.357975
121 0.321632
122 0.281183
123 0.242356
124 0.223067
125 0.195693
126 0.176699
127 0.162549
128 0.145769
129 0.131782
130 0.117474
131 0.106200
132 0.096696
133 0.083514
134 0.077294
135 0.068411
136 0.061562
137 0.052820
138 0.049148
139 0.044286
140 0.040514
141 0.036558
142 0.033755
143 0.029978
144 0.027417
145 0.024482
146 0.021476
147 0.019725
148 0.017693
149 0.016009
150 0.014467
151 0.013117
152 0.011678
153 0.010495
154 0.009575
155 0.008656
156 0.007845
157 0.007031
158 0.006409
159 0.005926
160 0.005442
161 0.004953
162 0.004540
163 0.004127
164 0.003813
165 0.003497
166 0.003196
167 0.002889
168 0.002696
169 0.002490
170 0.002316
171 0.002101
172 0.001921
173 0.001751
174 0.001593
175 0.001450
176 0.001341
177 0.001222
178 0.001141
179 0.001034
180 0.000947
181 0.000873
182 0.000806
183 0.000736
184 0.000687
185 0.000637
186 0.000586
187 0.000544
188 0.000507
189 0.000465
190 0.000431
191 0.000405
192 0.000375
193 0.000344
194 0.000325
195 0.000302
196 0.000281
197 0.000261
198 0.000241
199 0.000220
200 0.000204
201 0.000191
202 0.000176
203 0.000164
204 0.000153
205 0.000144
206 0.000132
207 0.000124
208 0.000117
209 0.000108
210 0.000098
211 0.000090
212 0.000086
213 0.000081
214 0.000074
215 0.000070
216 0.000066
217 0.000061
218 0.000058
219 0.000055
220 0.000051
221 0.000048
222 0.000045
223 0.000042
224 0.000040
225 0.000037
226 0.000034
227 0.000033
228 0.000031
229 0.000029
230 0.000027
231 0.000026
232 0.000024
233 0.000023
234 0.000021
235 0.000020
236 0.000019
237 0.000018
238 0.000017
239 0.000016
240 0.000015
241 0.000015
242 0.000014
243 0.000013
244 0.000012
245 0.000012
246 0.000011
247 0.000010
248 0.000010
249 0.000009
250 0.000009
251 0.000009
252 0.000008
253 0.000008
254 0.000007
255 0.000007
256 0.000007
257 0.000006
258 0.000006
259 0.000006
260 0.000005
261 0.000005
262 0.000005
263 0.000005
264 0.000004
265 0.000004
266 0.000004
267 0.000004
268 0.000004
269 0.000003
270 0.000003
271 0.000003
272 0.000003
273 0.000003
274 0.000003
275 0.000003
276 0.000003
277 0.000002
278 0.000002
279 0.000002
280 0.000002
281 0.000002
282 0.000002
283 0.000002
284 0.000002
285 0.000002
286 0.000002
287 0.000002
288 0.000002
289 0.000002
290 0.000001
291 0.000001
292 0.000001
293 0.000001
294 0.000001
295 0.000001
296 0.000001
297 0.000001
298 0.000001
299 0.000001
300 0.000001
301 0.000001
302 0.000001
303 0.000001
304 0.000001
305 0.000001
306 0.000001
307 0.000001
308 0.000001
309 0.000001
310 0.000001
311 0.000001
312 0.000001
313 0.000001
314 0.000001
315 0.000001
316 0.000001
317 0.000001
318 0.000001
319 0.000001
320 0.000001
321 0.000001
322 0.000000
323 0.000000
324 0.000000
325 0.000000
326 0.000000
327 0.000000
328 0.000000
329 0.000000
330 0.000000
331 0.000000
332 0.000000
333 0.000000
334 0.000000
335 0.000000
336 0.000000
337 0.000000
338 0.000000
339 0.000000
340 0.000000
341 0.000000
342 0.000000
343 0.000000
344 0.000000
345 0.000000
346 0.000000
347 0.000000
348 0.000000
349 0.000000
350 0.000000
351 0.000000
352 0.000000
353 0.000000
354 0.000000
355 0.000000
356 0.000000
357 0.000000
358 0.000000
359 0.000000
360 0.000000
361 0.000000
362 0.000000
363 0.000000
364 0.000000
365 0.000000
366 0.000000
367 0.000000
368 0.000000
369 0.000000
370 0.000000
371 0.000000
372 0.000000
373 0.000000
374 0.000000
375 0.000000
376 0.000000
377 0.000000
378 0.000000
379 0.000000
380 0.000000
381 0.000000
382 0.000000
383 0.000000
384 0.000000
385 0.000000
386 0.000000
387 0.000000
388 0.000000
389 0.000000
390 0.000000
391 0.000000
392 0.000000
393 0.000000
394 0.000000
395 0.000000
396 0.000000
397 0.000000
398 0.000000
399 0.000000
400 0.000000
401 0.000000
402 0.000000
403 0.000000
404 0.000000
405 0.000000
406 0.000000
407 0.000000
408 0.000000
409 0.000000
410 0.000000
411 0.000000
412 0.000000
413 0.000000
414 0.000000
415 0.000000
416 0.000000
417 0.000000
418 0.000000
419 0.000000
420 0.000000
421 0.000000
422 0.000000
423 0.000000
424 0.000000
425 0.000000
426 0.000000
427 0.000000
428 0.000000
429 0.000000
430 0.000000
431 0.000000
432 0.000000
433 0.000000
434 0.000000
435 0.000000
436 0.000000
437 0.000000
438 0.000000
439 0.000000
440 0.000000
441 0.000000
442 0.000000
443 0.000000
444 0.000000
445 0.000000
446 0.000000
447 0.000000
448 0.000000
449 0.000000
450 0.000000
451 0.000000
452 0.000000
453 0.000000
454 0.000000
455 0.000000
456 0.000000
457 0.000000
458 0.000000
459 0.000000
460 0.000000
461 0.000000
462 0.000000
463 0.000000
464 0.000000
465 0.000000
466 0.000000
467 0.000000
468 0.000000
469 0.000000
470 0.000000
471 0.000000
472 0.000000
473 0.000000
474 0.000000
475 0.000000
476 0.000000
477 0.000000
478 0.000000
479 0.000000
480 0.000000
481 0.000000
482 0.000000
483 0.000000
484 0.000000
485 0.000000
486 0.000000
487 0.000000
488 0.000000
489 0.000000
490 0.000000
491 0.000000
492 0.000000
493 0.000000
494 0.000000
495 0.000000
496 0.000000
497 0.000000
498 0.000000
499 0.000000
500 0.000000
