1 711025.427080
2 683188.530056
3 686104.459913
4 675987.321449
5 694178.619362
6 578718.179041
7 595680.028341
8 525880.403105
9 485867.176492
10 465577.901652
11 398879.235386
12 343453.908546
13 313758.962526
14 293452.613332
15 266848.841242
16 242455.463484
17 197952.742412
18 194361.513124
19 176361.535763
20 158075.057628
21 138559.634112
22 116938.083947
23 109171.738644
24 98391.263063
25 86709.580484
26 80397.972550
27 64369.624494
28 56314.473772
29 50848.180548
30 46218.677216
31 38792.477183
32 29517.365996
33 28332.466364
34 26200.896707
35 22471.068731
36 20682.813019
37 17100.005842
38 14288.002794
39 12763.533220
40 11054.273424
41 9263.182760
42 8244.977008
43 7370.658699
44 6398.137173
45 5361.607036
46 4833.507298
47 3939.388796
48 3037.332247
49 2807.704791
50 2498.432036
51 2224.761601
52 1876.910426
53 1670.535158
54 1345.309283
55 1193.731993
56 1034.296326
57 864.352166
58 776.585780
59 644.125826
60 483.890185
61 474.826238
62 405.718831
63 331.474478
64 289.271182
65 250.709347
66 197.889719
67 174.403795
68 141.659743
69 117.579813
70 91.234739
71 79.601288
72 67.997218
73 55.896711
74 47.925537
75 38.015174
76 31.708160
77 27.916618
78 23.569943
79 20.233827
80 17.875370
81 14.655513
82 11.987833
83 9.709066
84 7.807339
85 6.434473
86 5.385423
87 4.431859
88 3.869810
89 3.257367
90 2.769228
91 2.412735
92 2.026004
93 1.680330
94 1.462571
95 1.249211
96 1.021691
97 0.827059
98 0.668220
99 0.560049
100 0.468852
101 0.375084
102 0.294675
103 0.250433
104 0.211935
105 0.167365
106 0.139698
107 0.113165
108 0.094470
109 0.071948
110 0.060810
111 0.047783
112 0.041431
113 0.035242
114 0.030382
115 0.025610
116 0.020715
117 0.017827
118 0.014498
119 0.011517
120 0.009618
121 0.007983
122 0.006464
123 0.005692
124 0.004634
125 0.003864
126 0.003173
127 0.002767
128 0.002249
129 0.001899
130 0.001499
131 0.001297
132 0.001025
133 0.000897
134 0.000777
135 0.000633
136 0.000517
137 0.000445
138 0.000374
139 0.000318
140 0.000260
141 0.000215
142 0.000179
143 0.000147
144 0.000124
145 0.000095
146 0.000080
147 0.000068
148 0.000058
149 0.000050
150 0.000038
151 0.000032
152 0.000026
153 0.000023
154 0.000019
155 0.000016
156 0.000014
157 0.000011
158 0.000010
159 0.000008
160 0.000007
161 0.000006
162 0.000005
163 0.000004
164 0.000004
165 0.000003
166 0.000003
167 0.000002
168 0.000002
169 0.000002
170 0.000001
171 0.000001
172 0.000001
173 0.000001
174 0.000001
175 0.000001
176 0.000001
177 0.000000
178 0.000000
179 0.000000
180 0.000000
181 0.000000
182 0.000000
183 0.000000
184 0.000000
185 0.000000
186 0.000000
187 0.000000
188 0.000000
189 0.000000
190 0.000000
191 0.000000
192 0.000000
193 0.000000
194 0.000000
195 0.000000
196 0.000000
197 0.000000
198 0.000000
199 0.000000
200 0.000000
201 0.000000
202 0.000000
203 0.000000
204 0.000000
205 0.000000
206 0.000000
207 0.000000
208 0.000000
209 0.000000
210 0.000000
211 0.000000
212 0.000000
213 0.000000
214 0.000000
215 0.000000
216 0.000000
217 0.000000
218 0.000000
219 0.000000
220 0.000000
221 0.000000
222 0.000000
223 0.000000
224 0.000000
225 0.000000
226 0.000000
227 0.000000
228 0.000000
229 0.000000
230 0.000000
231 0.000000
232 0.000000
233 0.000000
234 0.000000
235 0.000000
236 0.000000
237 0.000000
238 0.000000
239 0.000000
240 0.000000
241 0.000000
242 0.000000
243 0.000000
244 0.000000
245 0.000000
246 0.000000
247 0.000000
248 0.000000
249 0.000000
250 0.000000
251 0.000000
252 0.000000
253 0.000000
254 0.000000
255 0.000000
256 0.000000
257 0.000000
258 0.000000
259 0.000000
260 0.000000
261 0.000000
262 0.000000
263 0.000000
264 0.000000
265 0.000000
266 0.000000
267 0.000000
268 0.000000
269 0.000000
270 0.000000
271 0.000000
272 0.000000
273 0.000000
274 0.000000
275 0.000000
276 0.000000
277 0.000000
278 0.000000
279 0.000000
280 0.000000
281 0.000000
282 0.000000
283 0.000000
284 0.000000
285 0.000000
286 0.000000
287 0.000000
288 0.000000
289 0.000000
290 0.000000
291 0.000000
292 0.000000
293 0.000000
294 0.000000
295 0.000000
296 0.000000
297 0.000000
298 0.000000
299 0.000000
300 0.000000
301 0.000000
302 0.000000
303 0.000000
304 0.000000
305 0.000000
306 0.000000
307 0.000000
308 0.000000
309 0.000000
310 0.000000
311 0.000000
312 0.000000
313 0.000000
314 0.000000
315 0.000000
316 0.000000
317 0.000000
318 0.000000
319 0.000000
320 0.000000
321 0.000000
322 0.000000
323 0.000000
324 0.000000
325 0.000000
326 0.000000
327 0.000000
328 0.000000
329 0.000000
330 0.000000
331 0.000000
332 0.000000
333 0.000000
334 0.000000
335 0.000000
336 0.000000
337 0.000000
338 0.000000
339 0.000000
340 0.000000
341 0.000000
342 0.000000
343 0.000000
344 0.000000
345 0.000000
346 0.000000
347 0.000000
348 0.000000
349 0.000000
350 0.000000
351 0.000000
352 0.000000
353 0.000000
354 0.000000
355 0.000000
356 0.000000
357 0.000000
358 0.000000
359 0.000000
360 0.000000
361 0.000000
362 0.000000
363 0.000000
364 0.000000
365 0.000000
366 0.000000
367 0.000000
368 0.000000
369 0.000000
370 0.000000
371 0.000000
372 0.000000
373 0.000000
374 0.000000
375 0.000000
376 0.000000
377 0.000000
378 0.000000
379 0.000000
380 0.000000
381 0.000000
382 0.000000
383 0.000000
384 0.000000
385 0.000000
386 0.000000
387 0.000000
388 0.000000
389 0.000000
390 0.000000
391 0.000000
392 0.000000
393 0.000000
394 0.000000
395 0.000000
396 0.000000
397 0.000000
398 0.000000
399 0.000000
400 0.000000
401 0.000000
402 0.000000
403 0.000000
404 0.000000
405 0.000000
406 0.000000
407 0.000000
408 0.000000
409 0.000000
410 0.000000
411 0.000000
412 0.000000
413 0.000000
414 0.000000
415 0.000000
416 0.000000
417 0.000000
418 0.000000
419 0.000000
420 0.000000
421 0.000000
422 0.000000
423 0.000000
424 0.000000
425 0.000000
426 0.000000
427 0.000000
428 0.000000
429 0.000000
430 0.000000
431 0.000000
432 0.000000
433 0.000000
434 0.000000
435 0.000000
436 0.000000
437 0.000000
438 0.000000
439 0.000000
440 0.000000
441 0.000000
442 0.000000
443 0.000000
444 0.000000
445 0.000000
446 0.000000
447 0.000000
448 0.000000
449 0.000000
450 0.000000
451 0.000000
452 0.000000
453 0.000000
454 0.000000
455 0.000000
456 0.000000
457 0.000000
458 0.000000
459 0.000000
460 0.000000
461 0.000000
462 0.000000
463 0.000000
464 0.000000
465 0.000000
466 0.000000
467 0.000000
468 0.000000
469 0.000000
470 0.000000
471 0.000000
472 0.000000
473 0.000000
474 0.000000
475 0.000000
476 0.000000
477 0.000000
478 0.000000
479 0.000000
480 0.000000
481 0.000000
482 0.000000
483 0.000000
484 0.000000
485 0.000000
486 0.000000
487 0.000000
488 0.000000
489 0.000000
490 0.000000
491 0.000000
492 0.000000
493 0.000000
494 0.000000
495 0.000000
496 0.000000
497 0.000000
498 0.000000
499 0.000000
500 0.000000
