1 719779.780188
2 708170.930349
3 642146.356926
4 605525.050970
5 621886.819659
6 585682.147418
7 537355.879853
8 504080.090503
9 482222.421441
10 451406.145435
11 440945.487069
12 381363.749266
13 344000.174620
14 334976.406987
15 285821.159861
16 261255.440206
17 226663.970997
18 200141.024924
19 180949.908712
20 151247.086419
21 143294.053202
22 129373.639785
23 107564.670040
24 104054.985203
25 91118.607800
26 83642.851889
27 74717.591565
28 67423.650701
29 57373.684623
30 53361.191212
31 44975.727065
32 41326.786254
33 37528.987511
34 31258.583751
35 29330.600289
36 22971.408824
37 20298.753934
38 18200.404060
39 14365.142205
40 13459.829255
41 12028.381933
42 10273.622257
43 8835.996312
44 7040.009144
45 6367.797088
46 5550.886002
47 4606.691199
48 3867.538654
49 3334.258366
50 2776.092662
51 2359.294345
52 2075.132189
53 1732.562443
54 1656.408908
55 1388.942738
56 1008.408388
57 767.987578
58 728.730455
59 613.489858
60 513.769896
61 419.910581
62 349.222595
63 283.494277
64 246.717234
65 204.117798
66 171.598117
67 146.615091
68 130.741588
69 103.355548
70 86.668180
71 72.875617
72 63.823200
73 50.192052
74 41.338371
75 35.786160
76 29.502351
77 24.565972
78 20.877083
79 16.502169
80 13.807661
81 11.035135
82 8.818068
83 7.440918
84 6.253941
85 5.076909
86 4.205712
87 3.435702
88 2.990288
89 2.459833
90 2.043045
91 1.614523
92 1.313489
93 0.994255
94 0.856211
95 0.661660
96 0.567788
97 0.483126
98 0.407052
99 0.321010
100 0.264531
101 0.208272
102 0.185423
103 0.145282
104 0.118143
105 0.099279
106 0.085931
107 0.070101
108 0.056706
109 0.047194
110 0.040155
111 0.033421
112 0.028843
113 0.023834
114 0.019864
115 0.017126
116 0.013968
117 0.011994
118 0.009309
119 0.007186
120 0.006620
121 0.005686
122 0.004563
123 0.003711
124 0.003116
125 0.002596
126 0.002086
127 0.001666
128 0.001469
129 0.001307
130 0.001074
131 0.000913
132 0.000742
133 0.000609
134 0.000505
135 0.000414
136 0.000356
137 0.000270
138 0.000245
139 0.000209
140 0.000176
141 0.000144
142 0.000125
143 0.000102
144 0.000088
145 0.000077
146 0.000067
147 0.000057
148 0.000049
149 0.000041
150 0.000035
151 0.000030
152 0.000026
153 0.000022
154 0.000018
155 0.000015
156 0.000013
157 0.000011
158 0.000010
159 0.000008
160 0.000007
161 0.000006
162 0.000005
163 0.000005
164 0.000004
165 0.000003
166 0.000003
167 0.000002
168 0.000002
169 0.000002
170 0.000002
171 0.000001
172 0.000001
173 0.000001
174 0.000001
175 0.000001
176 0.000001
177 0.000001
178 0.000000
179 0.000000
180 0.000000
181 0.000000
182 0.000000
183 0.000000
184 0.000000
185 0.000000
186 0.000000
187 0.000000
188 0.000000
189 0.000000
190 0.000000
191 0.000000
192 0.000000
193 0.000000
194 0.000000
195 0.000000
196 0.000000
197 0.000000
198 0.000000
199 0.000000
200 0.000000
201 0.000000
202 0.000000
203 0.000000
204 0.000000
205 0.000000
206 0.000000
207 0.000000
208 0.000000
209 0.000000
210 0.000000
211 0.000000
212 0.000000
213 0.000000
214 0.000000
215 0.000000
216 0.000000
217 0.000000
218 0.000000
219 0.000000
220 0.000000
221 0.000000
222 0.000000
223 0.000000
224 0.000000
225 0.000000
226 0.000000
227 0.000000
228 0.000000
229 0.000000
230 0.000000
231 0.000000
232 0.000000
233 0.000000
234 0.000000
235 0.000000
236 0.000000
237 0.000000
238 0.000000
239 0.000000
240 0.000000
241 0.000000
242 0.000000
243 0.000000
244 0.000000
245 0.000000
246 0.000000
247 0.000000
248 0.000000
249 0.000000
250 0.000000
251 0.000000
252 0.000000
253 0.000000
254 0.000000
255 0.000000
256 0.000000
257 0.000000
258 0.000000
259 0.000000
260 0.000000
261 0.000000
262 0.000000
263 0.000000
264 0.000000
265 0.000000
266 0.000000
267 0.000000
268 0.000000
269 0.000000
270 0.000000
271 0.000000
272 0.000000
273 0.000000
274 0.000000
275 0.000000
276 0.000000
277 0.000000
278 0.000000
279 0.000000
280 0.000000
281 0.000000
282 0.000000
283 0.000000
284 0.000000
285 0.000000
286 0.000000
287 0.000000
288 0.000000
289 0.000000
290 0.000000
291 0.000000
292 0.000000
293 0.000000
294 0.000000
295 0.000000
296 0.000000
297 0.000000
298 0.000000
299 0.000000
300 0.000000
301 0.000000
302 0.000000
303 0.000000
304 0.000000
305 0.000000
306 0.000000
307 0.000000
308 0.000000
309 0.000000
310 0.000000
311 0.000000
312 0.000000
313 0.000000
314 0.000000
315 0.000000
316 0.000000
317 0.000000
318 0.000000
319 0.000000
320 0.000000
321 0.000000
322 0.000000
323 0.000000
324 0.000000
325 0.000000
326 0.000000
327 0.000000
328 0.000000
329 0.000000
330 0.000000
331 0.000000
332 0.000000
333 0.000000
334 0.000000
335 0.000000
336 0.000000
337 0.000000
338 0.000000
339 0.000000
340 0.000000
341 0.000000
342 0.000000
343 0.000000
344 0.000000
345 0.000000
346 0.000000
347 0.000000
348 0.000000
349 0.000000
350 0.000000
351 0.000000
352 0.000000
353 0.000000
354 0.000000
355 0.000000
356 0.000000
357 0.000000
358 0.000000
359 0.000000
360 0.000000
361 0.000000
362 0.000000
363 0.000000
364 0.000000
365 0.000000
366 0.000000
367 0.000000
368 0.000000
369 0.000000
370 0.000000
371 0.000000
372 0.000000
373 0.000000
374 0.000000
375 0.000000
376 0.000000
377 0.000000
378 0.000000
379 0.000000
380 0.000000
381 0.000000
382 0.000000
383 0.000000
384 0.000000
385 0.000000
386 0.000000
387 0.000000
388 0.000000
389 0.000000
390 0.000000
391 0.000000
392 0.000000
393 0.000000
394 0.000000
395 0.000000
396 0.000000
397 0.000000
398 0.000000
399 0.000000
400 0.000000
401 0.000000
402 0.000000
403 0.000000
404 0.000000
405 0.000000
406 0.000000
407 0.000000
408 0.000000
409 0.000000
410 0.000000
411 0.000000
412 0.000000
413 0.000000
414 0.000000
415 0.000000
416 0.000000
417 0.000000
418 0.000000
419 0.000000
420 0.000000
421 0.000000
422 0.000000
423 0.000000
424 0.000000
425 0.000000
426 0.000000
427 0.000000
428 0.000000
429 0.000000
430 0.000000
431 0.000000
432 0.000000
433 0.000000
434 0.000000
435 0.000000
436 0.000000
437 0.000000
438 0.000000
439 0.000000
440 0.000000
441 0.000000
442 0.000000
443 0.000000
444 0.000000
445 0.000000
446 0.000000
447 0.000000
448 0.000000
449 0.000000
450 0.000000
451 0.000000
452 0.000000
453 0.000000
454 0.000000
455 0.000000
456 0.000000
457 0.000000
458 0.000000
459 0.000000
460 0.000000
461 0.000000
462 0.000000
463 0.000000
464 0.000000
465 0.000000
466 0.000000
467 0.000000
468 0.000000
469 0.000000
470 0.000000
471 0.000000
472 0.000000
473 0.000000
474 0.000000
475 0.000000
476 0.000000
477 0.000000
478 0.000000
479 0.000000
480 0.000000
481 0.000000
482 0.000000
483 0.000000
484 0.000000
485 0.000000
486 0.000000
487 0.000000
488 0.000000
489 0.000000
490 0.000000
491 0.000000
492 0.000000
493 0.000000
494 0.000000
495 0.000000
496 0.000000
497 0.000000
498 0.000000
499 0.000000
500 0.000000
