1 inf
2 inf
3 inf
4 inf
5 inf
6 inf
7 inf
8 inf
9 inf
10 inf
11 inf
12 inf
13 inf
14 inf
15 inf
16 inf
17 inf
18 inf
19 inf
20 inf
21 inf
22 inf
23 inf
24 inf
25 inf
26 inf
27 inf
28 inf
29 inf
30 inf
31 inf
32 inf
33 inf
34 inf
35 inf
36 inf
37 inf
38 inf
39 inf
40 inf
41 inf
42 inf
43 inf
44 inf
45 inf
46 inf
47 inf
48 inf
49 inf
50 inf
51 inf
52 inf
53 inf
54 inf
55 inf
56 inf
57 inf
58 inf
59 inf
60 inf
61 inf
62 inf
63 inf
64 inf
65 inf
66 inf
67 159099332652111060898766338892021580763075733952851994407270581014674710366539141115906960498650036762183360034681499503583268282386803569173515461221301306318119276364525125309155693487609408294453237663320120255836965053012336052189695165632780116944918891384417870476771980214272.000000
68 349063487600427260056206479200282441238879350755422740254678500982864586963049638404480044013202926499340269383662166817531356646927774651738214859227588638890019372906698292796242495341147443233202975462154742786029627898336152968873463775232.000000
69 184209924953425180867670326851115472971147293514723222532529613793976114436975510047257822348631938587624972306184799618959179022782927354868437978478140209014575903336016533153480375769313958630156135016779743232.000000
70 20499763790761350882082356316435177560128289105394416365021641179937715958041628146549392098994600381726461494333632971564642326231650625027511590556498481540795353395680509952.000000
71 2498503698425466278647246450645192798265180736719459276761624365705082397503315903210517961372637154854212168737575645902940714065090890345153707376640.000000
72 579320503699015490820162192862551522781309097898215149174054258814406920822148962223330355017351897142795964514304.000000
73 82697108922129318368767833567694193854958517654873206904082247565076197716789297152.000000
74 12767054599118447902016793882560030262700290134874521600.000000
75 458391472543067735093936128.000000
76 51258.334881
77 44146.782400
78 37580.165003
79 33063.834656
80 27159.617577
81 24569.717952
82 20999.233310
83 18551.968018
84 16610.811034
85 15042.634474
86 13413.493727
87 12228.862100
88 11004.554183
89 10352.208316
90 9495.351021
91 8429.486922
92 7365.984555
93 6991.624564
94 6343.871716
95 5793.392894
96 5328.014923
97 4888.832958
98 4589.346951
99 4198.744044
100 3911.321737
101 3588.270867
102 3322.092053
103 3026.862604
104 2804.116786
105 2508.699668
106 2353.143484
107 2157.077110
108 1924.522795
109 1729.278648
110 1654.682460
111 1522.408666
112 1397.381314
113 1279.550844
114 1186.292619
115 1112.017747
116 1034.214643
117 948.735532
118 885.111023
119 815.927336
120 742.551200
121 699.329801
122 641.446523
123 605.787381
124 553.582874
125 510.701495
126 476.121375
127 442.400270
128 405.844102
129 376.941187
130 354.224592
131 331.466096
132 311.324373
133 283.979606
134 268.334023
135 247.176940
136 233.593690
137 219.850334
138 207.362544
139 193.602860
140 181.736357
141 171.796598
142 157.109766
143 149.754399
144 138.222652
145 130.229907
146 122.125261
147 116.161739
148 109.575109
149 101.373366
150 96.867269
151 90.238419
152 84.384580
153 79.103782
154 74.450875
155 69.962600
156 64.909598
157 61.232504
158 58.097897
159 54.509274
160 51.253409
161 48.006143
162 45.405577
163 42.530283
164 39.641813
165 37.323269
166 35.157812
167 33.003013
168 31.308915
169 29.734014
170 28.078020
171 26.477060
172 24.952172
173 23.734184
174 22.438929
175 21.457549
176 20.033380
177 19.446807
178 18.364214
179 17.574935
180 16.686824
181 15.929024
182 15.140211
183 14.466599
184 13.762770
185 13.107395
186 12.245506
187 11.672927
188 11.119413
189 10.623606
190 10.068162
191 9.662101
192 9.267152
193 8.723359
194 8.445601
195 8.025888
196 7.705867
197 7.360387
198 6.994298
199 6.719202
200 6.391909
201 6.068815
202 5.794612
203 5.577170
204 5.312911
205 5.104734
206 4.899746
207 4.706913
208 4.498712
209 4.353560
210 4.152842
211 3.950828
212 3.837603
213 3.663580
214 3.526668
215 3.359410
216 3.243875
217 3.136463
218 3.009419
219 2.888516
220 2.764475
221 2.644662
222 2.558148
223 2.456087
224 2.333289
225 2.254013
226 2.177957
227 2.107053
228 2.037633
229 1.967909
230 1.900786
231 1.829628
232 1.770049
233 1.711499
234 1.654917
235 1.601086
236 1.540194
237 1.500806
238 1.449704
239 1.408910
240 1.356953
241 1.310681
242 1.274085
243 1.223534
244 1.185421
245 1.154824
246 1.119684
247 1.087322
248 1.053064
249 1.009982
250 0.984758
251 0.950939
252 0.925390
253 0.891814
254 0.865151
255 0.841638
256 0.808227
257 0.788750
258 0.762884
259 0.743582
260 0.723848
261 0.702384
262 0.678404
263 0.653563
264 0.639987
265 0.622856
266 0.606887
267 0.592492
268 0.578351
269 0.565845
270 0.552092
271 0.537840
272 0.521756
273 0.511083
274 0.496980
275 0.485273
276 0.474144
277 0.462039
278 0.452904
279 0.441483
280 0.431021
281 0.421030
282 0.409964
283 0.399367
284 0.389482
285 0.379992
286 0.371508
287 0.362784
288 0.353582
289 0.346432
290 0.338308
291 0.331574
292 0.323135
293 0.317146
294 0.309511
295 0.302703
296 0.296397
297 0.290098
298 0.282956
299 0.275565
300 0.271571
301 0.265882
302 0.260974
303 0.254572
304 0.250328
305 0.245051
306 0.240621
307 0.233772
308 0.230431
309 0.226232
310 0.221859
311 0.217154
312 0.213998
313 0.209651
314 0.205920
315 0.200992
316 0.197901
317 0.194025
318 0.191095
319 0.187437
320 0.184151
321 0.180817
322 0.177652
323 0.174363
324 0.171158
325 0.168396
326 0.165326
327 0.162706
328 0.160401
329 0.157882
330 0.155181
331 0.152587
332 0.150103
333 0.147612
334 0.145461
335 0.143320
336 0.141324
337 0.139215
338 0.136700
339 0.134883
340 0.132897
341 0.131017
342 0.128343
343 0.126724
344 0.124859
345 0.122639
346 0.121295
347 0.119699
348 0.117749
349 0.116096
350 0.114296
351 0.112401
352 0.110989
353 0.109475
354 0.107724
355 0.106323
356 0.104785
357 0.103472
358 0.102300
359 0.101006
360 0.099745
361 0.098199
362 0.097204
363 0.095875
364 0.094596
365 0.093497
366 0.092170
367 0.091300
368 0.090341
369 0.089162
370 0.087995
371 0.087078
372 0.086103
373 0.085224
374 0.083923
375 0.082918
376 0.081730
377 0.081017
378 0.079992
379 0.079174
380 0.078190
381 0.077437
382 0.076497
383 0.075853
384 0.074853
385 0.074311
386 0.073589
387 0.072917
388 0.072070
389 0.071551
390 0.070852
391 0.070197
392 0.069578
393 0.068840
394 0.068091
395 0.067455
396 0.067011
397 0.066309
398 0.065666
399 0.065188
400 0.064646
401 0.064031
402 0.063488
403 0.062989
404 0.062537
405 0.062006
406 0.061472
407 0.060982
408 0.060587
409 0.060122
410 0.059621
411 0.059140
412 0.058714
413 0.058217
414 0.057756
415 0.057355
416 0.056940
417 0.056532
418 0.056118
419 0.055644
420 0.055215
421 0.054860
422 0.054510
423 0.054166
424 0.053812
425 0.053448
426 0.053119
427 0.052760
428 0.052376
429 0.052132
430 0.051798
431 0.051519
432 0.051134
433 0.050837
434 0.050596
435 0.050246
436 0.050020
437 0.049651
438 0.049428
439 0.049147
440 0.048881
441 0.048644
442 0.048404
443 0.048198
444 0.047915
445 0.047730
446 0.047506
447 0.047293
448 0.047112
449 0.046873
450 0.046629
451 0.046462
452 0.046263
453 0.046089
454 0.045902
455 0.045718
456 0.045522
457 0.045370
458 0.045177
459 0.045063
460 0.044893
461 0.044748
462 0.044626
463 0.044477
464 0.044348
465 0.044226
466 0.044058
467 0.043938
468 0.043804
469 0.043705
470 0.043588
471 0.043465
472 0.043385
473 0.043272
474 0.043175
475 0.043055
476 0.042976
477 0.042881
478 0.042815
479 0.042747
480 0.042678
481 0.042613
482 0.042555
483 0.042482
484 0.042428
485 0.042366
486 0.042315
487 0.042269
488 0.042215
489 0.042179
490 0.042139
491 0.042101
492 0.042077
493 0.042045
494 0.042017
495 0.042001
496 0.041984
497 0.041971
498 0.041960
499 0.041955
500 0.041952
