1 inf
2 inf
3 inf
4 inf
5 inf
6 inf
7 inf
8 inf
9 inf
10 inf
11 inf
12 inf
13 inf
14 inf
15 inf
16 inf
17 inf
18 inf
19 inf
20 inf
21 inf
22 inf
23 inf
24 inf
25 inf
26 inf
27 inf
28 inf
29 inf
30 inf
31 inf
32 inf
33 inf
34 inf
35 inf
36 inf
37 inf
38 inf
39 inf
40 inf
41 inf
42 inf
43 inf
44 inf
45 inf
46 inf
47 inf
48 inf
49 inf
50 inf
51 inf
52 inf
53 inf
54 inf
55 inf
56 inf
57 inf
58 inf
59 inf
60 inf
61 inf
62 inf
63 inf
64 inf
65 inf
66 inf
67 inf
68 5655433094181171252272898608312786939046016210371312469236149069477358000082171933350040338059723551959513321276771374038120974541819495309972560138331527812874590397209522155153885155249090850056818382658104718428332547809590649892216989146203850054961703627291065339219994986176772717974790047006720.000000
69 159931748236377363615160406409253930950139038437315002513335918669443554085437910159262136259262802603203537918896273152174964498717784373195791486736703801608726552268167356207149761815604561894924384276150715232881956618898030161014647346890430332611344476405760.000000
70 2221079055862525111506362649010811190387345695764284682688399598021335891686955436254481149722770783685700870975630905219189963254256439824235860305780715807752156342927063803859698695820777711530948803209324102942720.000000
71 58306430424778981954710842287825667160267045908111101503587249396326950601418453010917916333480495724189113319220943845742346248327448145503313483355540700456363102898656111264524592777212723200.000000
72 34756311635034114510548077551451623451707641634254531362761170266661439588343341582325413652955923895921146324785073942661043294032158871714236917419290376705933312.000000
73 7731024490323717234674906091638161648156440974207973607374274674793329514379119836852274680156310771681527980457545393242112.000000
74 73642199741582153734698543703094117937968261390058326368743780345964002302472164394072069373952.000000
75 31288316921078191301325329012316415524334841811180978421553442204942336.000000
76 14543448074522662268024321586516745001107456.000000
77 93460.567851
78 58512.840821
79 44590.679521
80 32864.944186
81 27531.726248
82 24407.738376
83 21795.106520
84 18621.955336
85 16446.194571
86 14023.343895
87 13003.549843
88 11459.730281
89 10467.421530
90 9459.008180
91 8521.348639
92 7738.777211
93 7095.627171
94 6363.319061
95 5837.168019
96 5340.540469
97 4882.951958
98 4394.244815
99 4021.761939
100 3690.053746
101 3393.507039
102 3075.491726
103 2821.379444
104 2608.162664
105 2414.583619
106 2232.484320
107 2057.396831
108 1929.324419
109 1801.294590
110 1635.200826
111 1553.639621
112 1433.410000
113 1331.436524
114 1233.594953
115 1130.436403
116 1030.609331
117 963.316939
118 897.803289
119 829.830582
120 767.070805
121 694.573149
122 646.804590
123 603.638170
124 567.363053
125 523.558235
126 477.208454
127 454.420032
128 428.656485
129 396.198300
130 375.759675
131 352.677766
132 322.042823
133 300.742442
134 280.043170
135 260.320276
136 242.752678
137 230.639527
138 213.942098
139 197.640233
140 184.975084
141 171.522304
142 161.467681
143 149.927697
144 143.249969
145 134.394110
146 126.223125
147 117.066341
148 109.285414
149 101.915083
150 95.509996
151 88.701626
152 84.021924
153 78.216214
154 73.113386
155 69.193234
156 63.667741
157 60.221196
158 55.508913
159 52.428614
160 49.142542
161 46.357115
162 43.685377
163 41.451991
164 39.167655
165 36.704225
166 34.483150
167 32.713266
168 31.097184
169 29.086577
170 27.865430
171 26.274349
172 24.616078
173 23.378435
174 22.168287
175 20.937803
176 19.907663
177 18.929176
178 17.840064
179 17.023282
180 16.053758
181 15.122238
182 14.325660
183 13.477460
184 12.984121
185 12.218292
186 11.718910
187 11.158777
188 10.542227
189 10.096764
190 9.531291
191 9.013892
192 8.567726
193 8.177492
194 7.730639
195 7.331199
196 7.083844
197 6.725861
198 6.388144
199 6.094846
200 5.797924
201 5.606439
202 5.360406
203 5.089121
204 4.876203
205 4.631253
206 4.437325
207 4.267376
208 4.051578
209 3.869098
210 3.707409
211 3.540581
212 3.395648
213 3.287727
214 3.152286
215 3.033000
216 2.898736
217 2.768917
218 2.660966
219 2.557548
220 2.446448
221 2.370008
222 2.286140
223 2.196685
224 2.122232
225 2.027560
226 1.968167
227 1.897321
228 1.831306
229 1.765120
230 1.700208
231 1.650907
232 1.593291
233 1.534502
234 1.488771
235 1.438279
236 1.390580
237 1.351192
238 1.300863
239 1.256197
240 1.211780
241 1.183566
242 1.141585
243 1.104818
244 1.064860
245 1.033607
246 1.000860
247 0.966674
248 0.943446
249 0.912871
250 0.890015
251 0.861462
252 0.837701
253 0.812297
254 0.788000
255 0.767884
256 0.747739
257 0.726376
258 0.706400
259 0.687723
260 0.669478
261 0.651251
262 0.633757
263 0.613687
264 0.599138
265 0.583107
266 0.567753
267 0.552670
268 0.538945
269 0.526314
270 0.512331
271 0.494731
272 0.486025
273 0.474231
274 0.460759
275 0.449907
276 0.438080
277 0.427939
278 0.418080
279 0.407210
280 0.397589
281 0.388167
282 0.378457
283 0.370834
284 0.360507
285 0.352615
286 0.344295
287 0.335970
288 0.325708
289 0.319755
290 0.312399
291 0.305893
292 0.298868
293 0.292756
294 0.286069
295 0.280063
296 0.274229
297 0.267725
298 0.262803
299 0.256428
300 0.252197
301 0.247055
302 0.242211
303 0.235047
304 0.231725
305 0.227590
306 0.222822
307 0.219059
308 0.214195
309 0.209528
310 0.205762
311 0.200983
312 0.196920
313 0.193652
314 0.189805
315 0.186798
316 0.183019
317 0.179570
318 0.176415
319 0.173504
320 0.169867
321 0.167262
322 0.163714
323 0.160475
324 0.157993
325 0.154523
326 0.152782
327 0.150091
328 0.147671
329 0.144740
330 0.142611
331 0.140343
332 0.137861
333 0.135849
334 0.133684
335 0.131748
336 0.129620
337 0.127504
338 0.125230
339 0.123008
340 0.121542
341 0.119450
342 0.117933
343 0.115707
344 0.114308
345 0.112596
346 0.110951
347 0.109297
348 0.107730
349 0.105828
350 0.104276
351 0.102579
352 0.101270
353 0.100036
354 0.098755
355 0.097324
356 0.096215
357 0.095154
358 0.093691
359 0.092742
360 0.091545
361 0.090496
362 0.089328
363 0.088164
364 0.086893
365 0.085660
366 0.084494
367 0.083584
368 0.082505
369 0.081435
370 0.080567
371 0.079445
372 0.078308
373 0.077534
374 0.076676
375 0.075686
376 0.074641
377 0.073934
378 0.073172
379 0.072423
380 0.071607
381 0.070755
382 0.070101
383 0.069219
384 0.068588
385 0.068030
386 0.067303
387 0.066531
388 0.065841
389 0.065237
390 0.064587
391 0.063912
392 0.063324
393 0.062742
394 0.062189
395 0.061463
396 0.060840
397 0.060268
398 0.059636
399 0.059116
400 0.058636
401 0.058097
402 0.057612
403 0.057115
404 0.056657
405 0.056297
406 0.055865
407 0.055427
408 0.055006
409 0.054509
410 0.054014
411 0.053587
412 0.053219
413 0.052827
414 0.052387
415 0.052059
416 0.051605
417 0.051273
418 0.050807
419 0.050545
420 0.050141
421 0.049840
422 0.049510
423 0.049219
424 0.048870
425 0.048495
426 0.048106
427 0.047866
428 0.047498
429 0.047263
430 0.047014
431 0.046742
432 0.046382
433 0.046120
434 0.045854
435 0.045579
436 0.045264
437 0.045016
438 0.044812
439 0.044574
440 0.044355
441 0.044095
442 0.043826
443 0.043602
444 0.043429
445 0.043241
446 0.043041
447 0.042810
448 0.042634
449 0.042452
450 0.042265
451 0.042099
452 0.041930
453 0.041743
454 0.041578
455 0.041422
456 0.041264
457 0.041076
458 0.040947
459 0.040790
460 0.040670
461 0.040506
462 0.040376
463 0.040223
464 0.040092
465 0.039998
466 0.039851
467 0.039749
468 0.039630
469 0.039533
470 0.039433
471 0.039333
472 0.039213
473 0.039135
474 0.039044
475 0.038961
476 0.038876
477 0.038820
478 0.038734
479 0.038665
480 0.038605
481 0.038536
482 0.038470
483 0.038414
484 0.038360
485 0.038307
486 0.038264
487 0.038213
488 0.038179
489 0.038137
490 0.038101
491 0.038076
492 0.038052
493 0.038027
494 0.038003
495 0.037987
496 0.037972
497 0.037960
498 0.037949
499 0.037944
500 0.037941
