1 714556.233887
2 700389.864493
3 712617.115700
4 715227.978028
5 642034.030299
6 675471.727350
7 613960.279127
8 596688.552725
9 577396.855753
10 494518.690960
11 473041.886071
12 448456.721513
13 426318.580143
14 374128.685872
15 353951.416891
16 316908.500077
17 262968.285496
18 242837.106581
19 219083.495382
20 203749.417667
21 179463.696186
22 167043.356142
23 140951.398591
24 127729.656138
25 110773.789068
26 96048.358544
27 82071.783535
28 78873.594201
29 67847.388035
30 60476.875197
31 54519.954903
32 50042.859411
33 45685.741966
34 41014.266827
35 34838.392958
36 30930.112394
37 28279.933082
38 22283.136018
39 17397.804496
40 17100.998396
41 14503.108703
42 12382.068075
43 10805.576886
44 8526.116075
45 7918.198839
46 6602.205692
47 5641.165811
48 4970.463767
49 4463.235342
50 3687.109824
51 3248.197753
52 2604.605661
53 2169.295051
54 1780.547084
55 1436.583394
56 1154.099767
57 1000.500770
58 827.332723
59 688.976545
60 629.697796
61 539.334739
62 477.721634
63 383.276867
64 337.858951
65 288.637979
66 236.253650
67 192.055103
68 157.886200
69 129.353131
70 106.955112
71 93.153503
72 82.200668
73 64.261793
74 55.341116
75 45.708426
76 36.704323
77 29.184667
78 25.434016
79 20.991606
80 16.788310
81 13.842568
82 11.692237
83 9.521124
84 7.904700
85 5.723534
86 5.077480
87 3.971065
88 3.007576
89 2.522856
90 2.137406
91 1.711454
92 1.384906
93 1.167668
94 0.920227
95 0.706169
96 0.591753
97 0.474844
98 0.408634
99 0.341945
100 0.296788
101 0.227813
102 0.173309
103 0.149878
104 0.125612
105 0.098639
106 0.078689
107 0.060027
108 0.049751
109 0.043741
110 0.036846
111 0.030825
112 0.026198
113 0.022077
114 0.018882
115 0.015271
116 0.012232
117 0.010385
118 0.008770
119 0.007193
120 0.005839
121 0.004794
122 0.004050
123 0.003044
124 0.002533
125 0.001985
126 0.001675
127 0.001379
128 0.001139
129 0.000930
130 0.000791
131 0.000654
132 0.000550
133 0.000461
134 0.000380
135 0.000323
136 0.000270
137 0.000233
138 0.000185
139 0.000162
140 0.000130
141 0.000111
142 0.000092
143 0.000077
144 0.000066
145 0.000053
146 0.000046
147 0.000039
148 0.000031
149 0.000025
150 0.000022
151 0.000018
152 0.000015
153 0.000013
154 0.000011
155 0.000010
156 0.000008
157 0.000006
158 0.000006
159 0.000005
160 0.000004
161 0.000003
162 0.000003
163 0.000002
164 0.000002
165 0.000002
166 0.000002
167 0.000001
168 0.000001
169 0.000001
170 0.000001
171 0.000001
172 0.000001
173 0.000001
174 0.000000
175 0.000000
176 0.000000
177 0.000000
178 0.000000
179 0.000000
180 0.000000
181 0.000000
182 0.000000
183 0.000000
184 0.000000
185 0.000000
186 0.000000
187 0.000000
188 0.000000
189 0.000000
190 0.000000
191 0.000000
192 0.000000
193 0.000000
194 0.000000
195 0.000000
196 0.000000
197 0.000000
198 0.000000
199 0.000000
200 0.000000
201 0.000000
202 0.000000
203 0.000000
204 0.000000
205 0.000000
206 0.000000
207 0.000000
208 0.000000
209 0.000000
210 0.000000
211 0.000000
212 0.000000
213 0.000000
214 0.000000
215 0.000000
216 0.000000
217 0.000000
218 0.000000
219 0.000000
220 0.000000
221 0.000000
222 0.000000
223 0.000000
224 0.000000
225 0.000000
226 0.000000
227 0.000000
228 0.000000
229 0.000000
230 0.000000
231 0.000000
232 0.000000
233 0.000000
234 0.000000
235 0.000000
236 0.000000
237 0.000000
238 0.000000
239 0.000000
240 0.000000
241 0.000000
242 0.000000
243 0.000000
244 0.000000
245 0.000000
246 0.000000
247 0.000000
248 0.000000
249 0.000000
250 0.000000
251 0.000000
252 0.000000
253 0.000000
254 0.000000
255 0.000000
256 0.000000
257 0.000000
258 0.000000
259 0.000000
260 0.000000
261 0.000000
262 0.000000
263 0.000000
264 0.000000
265 0.000000
266 0.000000
267 0.000000
268 0.000000
269 0.000000
270 0.000000
271 0.000000
272 0.000000
273 0.000000
274 0.000000
275 0.000000
276 0.000000
277 0.000000
278 0.000000
279 0.000000
280 0.000000
281 0.000000
282 0.000000
283 0.000000
284 0.000000
285 0.000000
286 0.000000
287 0.000000
288 0.000000
289 0.000000
290 0.000000
291 0.000000
292 0.000000
293 0.000000
294 0.000000
295 0.000000
296 0.000000
297 0.000000
298 0.000000
299 0.000000
300 0.000000
301 0.000000
302 0.000000
303 0.000000
304 0.000000
305 0.000000
306 0.000000
307 0.000000
308 0.000000
309 0.000000
310 0.000000
311 0.000000
312 0.000000
313 0.000000
314 0.000000
315 0.000000
316 0.000000
317 0.000000
318 0.000000
319 0.000000
320 0.000000
321 0.000000
322 0.000000
323 0.000000
324 0.000000
325 0.000000
326 0.000000
327 0.000000
328 0.000000
329 0.000000
330 0.000000
331 0.000000
332 0.000000
333 0.000000
334 0.000000
335 0.000000
336 0.000000
337 0.000000
338 0.000000
339 0.000000
340 0.000000
341 0.000000
342 0.000000
343 0.000000
344 0.000000
345 0.000000
346 0.000000
347 0.000000
348 0.000000
349 0.000000
350 0.000000
351 0.000000
352 0.000000
353 0.000000
354 0.000000
355 0.000000
356 0.000000
357 0.000000
358 0.000000
359 0.000000
360 0.000000
361 0.000000
362 0.000000
363 0.000000
364 0.000000
365 0.000000
366 0.000000
367 0.000000
368 0.000000
369 0.000000
370 0.000000
371 0.000000
372 0.000000
373 0.000000
374 0.000000
375 0.000000
376 0.000000
377 0.000000
378 0.000000
379 0.000000
380 0.000000
381 0.000000
382 0.000000
383 0.000000
384 0.000000
385 0.000000
386 0.000000
387 0.000000
388 0.000000
389 0.000000
390 0.000000
391 0.000000
392 0.000000
393 0.000000
394 0.000000
395 0.000000
396 0.000000
397 0.000000
398 0.000000
399 0.000000
400 0.000000
401 0.000000
402 0.000000
403 0.000000
404 0.000000
405 0.000000
406 0.000000
407 0.000000
408 0.000000
409 0.000000
410 0.000000
411 0.000000
412 0.000000
413 0.000000
414 0.000000
415 0.000000
416 0.000000
417 0.000000
418 0.000000
419 0.000000
420 0.000000
421 0.000000
422 0.000000
423 0.000000
424 0.000000
425 0.000000
426 0.000000
427 0.000000
428 0.000000
429 0.000000
430 0.000000
431 0.000000
432 0.000000
433 0.000000
434 0.000000
435 0.000000
436 0.000000
437 0.000000
438 0.000000
439 0.000000
440 0.000000
441 0.000000
442 0.000000
443 0.000000
444 0.000000
445 0.000000
446 0.000000
447 0.000000
448 0.000000
449 0.000000
450 0.000000
451 0.000000
452 0.000000
453 0.000000
454 0.000000
455 0.000000
456 0.000000
457 0.000000
458 0.000000
459 0.000000
460 0.000000
461 0.000000
462 0.000000
463 0.000000
464 0.000000
465 0.000000
466 0.000000
467 0.000000
468 0.000000
469 0.000000
470 0.000000
471 0.000000
472 0.000000
473 0.000000
474 0.000000
475 0.000000
476 0.000000
477 0.000000
478 0.000000
479 0.000000
480 0.000000
481 0.000000
482 0.000000
483 0.000000
484 0.000000
485 0.000000
486 0.000000
487 0.000000
488 0.000000
489 0.000000
490 0.000000
491 0.000000
492 0.000000
493 0.000000
494 0.000000
495 0.000000
496 0.000000
497 0.000000
498 0.000000
499 0.000000
500 0.000000
1 717550.480826
2 716387.760551
3 731854.625418
4 745504.738992
5 749887.794434
6 732741.589646
7 715016.837526
8 700230.595763
9 646241.819763
10 598586.792719
11 497178.219683
12 530460.947672
13 455226.975978
14 406556.696103
15 359222.628281
16 355107.987244
17 347655.619134
18 340265.025642
19 303982.270940
20 271807.688782
21 239819.241771
22 226238.407048
23 202929.763323
24 178113.153972
25 151736.206839
26 131903.055873
27 118197.036574
28 102637.153284
29 98599.838037
30 83532.164320
31 77695.747739
32 66592.134842
33 60273.111880
34 50595.684885
35 43613.607592
36 36685.549993
37 32498.158969
38 28596.310433
39 25433.061825
40 22195.872915
41 18402.068242
42 17818.789018
43 13497.920214
44 12101.530694
45 10252.991140
46 8610.361823
47 7496.273990
48 6554.553728
49 5616.909434
50 4835.263300
51 3939.724069
52 3526.073479
53 3059.631440
54 2664.892636
55 2181.520044
56 1711.493442
57 1547.613670
58 1295.158861
59 1198.623284
60 996.787125
61 836.364069
62 716.669367
63 629.308420
64 524.098140
65 434.690188
66 391.583869
67 337.792597
68 277.475921
69 234.519466
70 187.074927
71 163.549740
72 131.395178
73 117.842971
74 97.922368
75 83.891486
76 69.559543
77 60.849067
78 48.882924
79 42.885637
80 35.092780
81 29.807727
82 24.697646
83 19.844811
84 15.103829
85 12.869347
86 11.838340
87 10.035305
88 8.753666
89 7.231194
90 5.874271
91 4.830160
92 3.997635
93 3.414733
94 2.809280
95 2.246642
96 1.918279
97 1.474711
98 1.205404
99 1.022270
100 0.897303
101 0.746838
102 0.626754
103 0.481806
104 0.394795
105 0.293973
106 0.249489
107 0.212025
108 0.182107
109 0.140734
110 0.114845
111 0.100156
112 0.081301
113 0.060110
114 0.052794
115 0.043454
116 0.032919
117 0.029898
118 0.023560
119 0.018524
120 0.014361
121 0.012274
122 0.010350
123 0.008929
124 0.007183
125 0.006037
126 0.004816
127 0.004112
128 0.003039
129 0.002666
130 0.002231
131 0.001907
132 0.001509
133 0.001361
134 0.001141
135 0.000974
136 0.000823
137 0.000717
138 0.000612
139 0.000524
140 0.000436
141 0.000376
142 0.000318
143 0.000262
144 0.000225
145 0.000195
146 0.000160
147 0.000134
148 0.000111
149 0.000089
150 0.000076
151 0.000063
152 0.000051
153 0.000045
154 0.000038
155 0.000032
156 0.000028
157 0.000023
158 0.000019
159 0.000016
160 0.000014
161 0.000012
162 0.000010
163 0.000008
164 0.000007
165 0.000006
166 0.000005
167 0.000004
168 0.000004
169 0.000003
170 0.000002
171 0.000002
172 0.000002
173 0.000002
174 0.000001
175 0.000001
176 0.000001
177 0.000001
178 0.000001
179 0.000001
180 0.000001
181 0.000000
182 0.000000
183 0.000000
184 0.000000
185 0.000000
186 0.000000
187 0.000000
188 0.000000
189 0.000000
190 0.000000
191 0.000000
192 0.000000
193 0.000000
194 0.000000
195 0.000000
196 0.000000
197 0.000000
198 0.000000
199 0.000000
200 0.000000
201 0.000000
202 0.000000
203 0.000000
204 0.000000
205 0.000000
206 0.000000
207 0.000000
208 0.000000
209 0.000000
210 0.000000
211 0.000000
212 0.000000
213 0.000000
214 0.000000
215 0.000000
216 0.000000
217 0.000000
218 0.000000
219 0.000000
220 0.000000
221 0.000000
222 0.000000
223 0.000000
224 0.000000
225 0.000000
226 0.000000
227 0.000000
228 0.000000
229 0.000000
230 0.000000
231 0.000000
232 0.000000
233 0.000000
234 0.000000
235 0.000000
236 0.000000
237 0.000000
238 0.000000
239 0.000000
240 0.000000
241 0.000000
242 0.000000
243 0.000000
244 0.000000
245 0.000000
246 0.000000
247 0.000000
248 0.000000
249 0.000000
250 0.000000
251 0.000000
252 0.000000
253 0.000000
254 0.000000
255 0.000000
256 0.000000
257 0.000000
258 0.000000
259 0.000000
260 0.000000
261 0.000000
262 0.000000
263 0.000000
264 0.000000
265 0.000000
266 0.000000
267 0.000000
268 0.000000
269 0.000000
270 0.000000
271 0.000000
272 0.000000
273 0.000000
274 0.000000
275 0.000000
276 0.000000
277 0.000000
278 0.000000
279 0.000000
280 0.000000
281 0.000000
282 0.000000
283 0.000000
284 0.000000
285 0.000000
286 0.000000
287 0.000000
288 0.000000
289 0.000000
290 0.000000
291 0.000000
292 0.000000
293 0.000000
294 0.000000
295 0.000000
296 0.000000
297 0.000000
298 0.000000
299 0.000000
300 0.000000
301 0.000000
302 0.000000
303 0.000000
304 0.000000
305 0.000000
306 0.000000
307 0.000000
308 0.000000
309 0.000000
310 0.000000
311 0.000000
312 0.000000
313 0.000000
314 0.000000
315 0.000000
316 0.000000
317 0.000000
318 0.000000
319 0.000000
320 0.000000
321 0.000000
322 0.000000
323 0.000000
324 0.000000
325 0.000000
326 0.000000
327 0.000000
328 0.000000
329 0.000000
330 0.000000
331 0.000000
332 0.000000
333 0.000000
334 0.000000
335 0.000000
336 0.000000
337 0.000000
338 0.000000
339 0.000000
340 0.000000
341 0.000000
342 0.000000
343 0.000000
344 0.000000
345 0.000000
346 0.000000
347 0.000000
348 0.000000
349 0.000000
350 0.000000
351 0.000000
352 0.000000
353 0.000000
354 0.000000
355 0.000000
356 0.000000
357 0.000000
358 0.000000
359 0.000000
360 0.000000
361 0.000000
362 0.000000
363 0.000000
364 0.000000
365 0.000000
366 0.000000
367 0.000000
368 0.000000
369 0.000000
370 0.000000
371 0.000000
372 0.000000
373 0.000000
374 0.000000
375 0.000000
376 0.000000
377 0.000000
378 0.000000
379 0.000000
380 0.000000
381 0.000000
382 0.000000
383 0.000000
384 0.000000
385 0.000000
386 0.000000
387 0.000000
388 0.000000
389 0.000000
390 0.000000
391 0.000000
392 0.000000
393 0.000000
394 0.000000
395 0.000000
396 0.000000
397 0.000000
398 0.000000
399 0.000000
400 0.000000
401 0.000000
402 0.000000
403 0.000000
404 0.000000
405 0.000000
406 0.000000
407 0.000000
408 0.000000
409 0.000000
410 0.000000
411 0.000000
412 0.000000
413 0.000000
414 0.000000
415 0.000000
416 0.000000
417 0.000000
418 0.000000
419 0.000000
420 0.000000
421 0.000000
422 0.000000
423 0.000000
424 0.000000
425 0.000000
426 0.000000
427 0.000000
428 0.000000
429 0.000000
430 0.000000
431 0.000000
432 0.000000
433 0.000000
434 0.000000
435 0.000000
436 0.000000
437 0.000000
438 0.000000
439 0.000000
440 0.000000
441 0.000000
442 0.000000
443 0.000000
444 0.000000
445 0.000000
446 0.000000
447 0.000000
448 0.000000
449 0.000000
450 0.000000
451 0.000000
452 0.000000
453 0.000000
454 0.000000
455 0.000000
456 0.000000
457 0.000000
458 0.000000
459 0.000000
460 0.000000
461 0.000000
462 0.000000
463 0.000000
464 0.000000
465 0.000000
466 0.000000
467 0.000000
468 0.000000
469 0.000000
470 0.000000
471 0.000000
472 0.000000
473 0.000000
474 0.000000
475 0.000000
476 0.000000
477 0.000000
478 0.000000
479 0.000000
480 0.000000
481 0.000000
482 0.000000
483 0.000000
484 0.000000
485 0.000000
486 0.000000
487 0.000000
488 0.000000
489 0.000000
490 0.000000
491 0.000000
492 0.000000
493 0.000000
494 0.000000
495 0.000000
496 0.000000
497 0.000000
498 0.000000
499 0.000000
500 0.000000
