1 5025475.167480
2 6199606.384026
3 7212570.863952
4 7469805.314007
5 7797301.875667
6 7916411.513696
7 8215051.588340
8 10815504.407602
9 14378602.443659
10 15690094.739404
11 12762733.208886
12 19313172.050996
13 21189725.776081
14 24638665.610232
15 26301369.507652
16 23237950.763155
17 34798116.438993
18 32843472.099386
19 29561147.650580
20 25183105.663974
21 31864286.377174
22 26708231.241630
23 32130931.390666
24 30948194.802297
25 41245350.874212
26 34489292.419741
27 43657806.466698
28 38637334.489429
29 30150320.213421
30 40677263.595072
31 44234748.844338
32 41260635.984335
33 41298102.088202
34 33919404.851312
35 38179624.285991
36 44107014.699008
37 49153975.301471
38 32423702.206863
39 34870119.949914
40 35713892.726815
41 32170636.174599
42 36993412.720410
43 38462867.554795
44 37276501.863287
45 41751041.688064
46 41743478.429417
47 27879238.317920
48 20737198.000226
49 14505636.405453
50 30301470.844902
51 24722835.315011
52 20379957.662975
53 26415609.649413
54 25954572.802379
55 28337207.807715
56 20448848.483424
57 25485104.035026
58 23937902.207694
59 23145647.216935
60 27836469.477168
61 25093206.137392
62 28820190.223178
63 30049012.670517
64 24920110.636099
65 25323225.884008
66 20725027.879252
67 20639152.362087
68 23243640.654732
69 20388346.852002
70 16113933.274460
71 17556082.138243
72 15563241.966933
73 16807743.307034
74 13924334.585822
75 15301075.074292
76 11506164.939090
77 14453915.491328
78 15376010.551317
79 14454254.029118
80 10272318.591534
81 12497606.666672
82 14755395.569735
83 12952632.424106
84 11593313.477757
85 11319024.517009
86 11028138.566386
87 9028907.971128
88 10818083.571809
89 9416027.819095
90 7645049.960580
91 6952614.916491
92 7620321.367416
93 5641829.545543
94 5937750.442109
95 6527454.891958
96 5856519.788688
97 5478399.744238
98 3610572.576912
99 5442135.208278
100 4172894.760438
101 5461328.374520
102 4550939.712435
103 4622804.688421
104 4213077.611689
105 3761666.447136
106 2745198.934316
107 3325104.599068
108 3699147.071378
109 4386382.629150
110 3651754.595476
111 4075687.500482
112 3573799.840869
113 3645563.133573
114 3834426.398947
115 3503173.530581
116 4275103.097275
117 3769567.029590
118 3049538.529930
119 3208735.436247
120 2728392.371680
121 2433736.511958
122 2223277.753178
123 2294174.222458
124 1932964.593548
125 2455568.707874
126 1714019.458861
127 1473096.789619
128 1532237.801676
129 1308952.126947
130 1284110.564971
131 1244682.135634
132 1177362.179168
133 1226070.671630
134 1146905.832773
135 931921.172009
136 979539.916611
137 1011393.680758
138 813165.385214
139 656083.047326
140 691917.015051
141 622652.016245
142 620751.050191
143 550869.472505
144 579712.907620
145 560006.540583
146 494347.636783
147 290124.276889
148 441852.857417
149 283946.110188
150 316756.367835
151 279344.387363
152 265359.492359
153 264978.067053
154 252712.103580
155 263288.513680
156 200989.691504
157 232127.635167
158 182594.574988
159 155569.404094
160 170265.834712
161 149644.237207
162 166593.707243
163 155295.629125
164 136406.290215
165 119329.773165
166 101589.988638
167 89857.869870
168 87212.637894
169 74623.659745
170 86458.569265
171 83369.422504
172 64056.478169
173 65504.308094
174 51032.723284
175 50898.348766
176 55852.688604
177 46902.374214
178 41884.553870
179 37267.108597
180 44781.437741
181 39935.156741
182 38580.673375
183 34677.798771
184 33079.958208
185 30517.114140
186 30183.613527
187 35834.870946
188 33640.367155
189 31305.921809
190 30949.507030
191 26707.221094
192 29439.898460
193 29153.669077
194 25397.842262
195 24238.134634
196 18800.381956
197 18575.644440
198 21971.933963
199 16553.653870
200 19217.456829
201 16535.379583
202 15867.889146
203 14316.224167
204 12123.077316
205 12627.801291
206 11315.770087
207 11716.190282
208 11043.114114
209 10516.140827
210 9446.065875
211 8543.693179
212 8907.559767
213 7622.367186
214 8162.751830
215 7256.652587
216 7506.935283
217 7237.580662
218 6397.252538
219 4882.887587
220 5356.236305
221 4805.358224
222 4998.090111
223 4477.715698
224 4118.897600
225 3405.419886
226 3440.277917
227 3817.366538
228 3563.458661
229 3889.685293
230 3599.703591
231 3654.754837
232 3169.801432
233 3468.407863
234 3202.858319
235 3045.165610
236 2964.518057
237 3171.571452
238 2829.791313
239 2729.712863
240 2749.807238
241 2939.151581
242 2803.255547
243 2333.256655
244 2401.046957
245 2310.981836
246 2274.954094
247 1769.598289
248 1938.735698
249 1785.578842
250 1832.769794
251 1730.979930
252 1691.080059
253 1638.727807
254 1307.939429
255 1376.833441
256 1302.315058
257 1409.062200
258 1387.103746
259 1266.223710
260 1142.158160
261 1171.708541
262 958.755369
263 869.186376
264 882.912397
265 778.798690
266 876.147669
267 805.467153
268 782.725603
269 733.581244
270 737.098628
271 740.914871
272 657.196782
273 601.643571
274 592.683663
275 588.532836
276 597.993533
277 534.826736
278 571.310082
279 536.580467
280 505.793046
281 508.169059
282 488.826932
283 464.805763
284 476.854957
285 450.031434
286 436.010873
287 447.010999
288 422.976365
289 391.446189
290 415.325761
291 373.306078
292 377.223490
293 399.052793
294 376.267424
295 357.104971
296 331.515590
297 308.449966
298 322.390769
299 345.584155
300 350.762422
301 318.522127
302 313.035213
303 316.212037
304 323.384281
305 298.427354
306 288.071446
307 284.558798
308 293.118456
309 296.940181
310 260.176084
311 234.249787
312 243.193520
313 217.779582
314 220.816454
315 214.225823
316 209.031937
317 205.068778
318 192.237104
319 190.599330
320 187.305503
321 178.952677
322 179.482557
323 165.717091
324 170.789061
325 164.117926
326 170.185277
327 159.693722
328 158.665041
329 153.245616
330 143.475285
331 154.462941
332 145.954127
333 144.968069
334 141.058741
335 129.938410
336 133.367728
337 131.789484
338 118.422058
339 128.534254
340 119.067545
341 113.372577
342 117.879338
343 116.437369
344 116.734768
345 118.644580
346 110.702135
347 109.977515
348 105.535177
349 102.085411
350 106.327325
351 104.263728
352 100.968784
353 99.950085
354 97.210220
355 98.903764
356 98.293323
357 99.854118
358 94.123419
359 88.883075
360 91.979043
361 90.836262
362 86.781012
363 81.820547
364 88.073636
365 82.292431
366 77.641449
367 78.725611
368 75.065443
369 75.901407
370 75.205031
371 73.310913
372 75.356417
373 72.073959
374 66.563372
375 62.135821
376 61.631039
377 62.344957
378 60.981980
379 62.621823
380 63.305179
381 62.051530
382 59.834636
383 59.497561
384 57.509350
385 56.509932
386 57.839695
387 55.574954
388 55.881194
389 57.441731
390 54.629262
391 53.663168
392 53.588100
393 52.391334
394 50.741959
395 48.873864
396 49.045083
397 48.514269
398 47.217897
399 46.367438
400 46.442616
401 45.207801
402 43.450090
403 42.667927
404 43.348381
405 41.182843
406 40.605861
407 39.347957
408 39.318611
409 38.673004
410 38.291274
411 37.618152
412 36.458922
413 35.736368
414 35.166579
415 34.283838
416 34.346174
417 33.062872
418 32.931747
419 33.023919
420 32.311426
421 31.519463
422 31.571525
423 30.793421
424 30.171578
425 29.211945
426 28.910818
427 28.563212
428 27.397804
429 27.430949
430 27.146894
431 26.660528
432 26.223868
433 25.751206
434 25.287726
435 24.609097
436 24.530263
437 23.817192
438 23.914181
439 23.871277
440 23.724865
441 23.470254
442 23.273173
443 22.805477
444 22.489108
445 22.044674
446 21.949341
447 21.539310
448 21.427107
449 21.175451
450 20.710546
451 20.737251
452 20.385904
453 20.240739
454 20.017874
455 19.826546
456 19.597425
457 19.456926
458 19.393041
459 19.167068
460 18.953895
461 18.779364
462 18.571335
463 18.413594
464 18.172734
465 17.978918
466 17.885581
467 17.774136
468 17.547547
469 17.454782
470 17.273044
471 17.204991
472 16.971545
473 16.712418
474 16.613203
475 16.533148
476 16.426845
477 16.314965
478 16.191745
479 16.078524
480 16.009226
481 15.896823
482 15.788756
483 15.659371
484 15.538163
485 15.496321
486 15.422153
487 15.332048
488 15.233052
489 15.165822
490 15.095120
491 15.036671
492 14.993556
493 14.935612
494 14.893710
495 14.868253
496 14.834955
497 14.802120
498 14.790854
499 14.776365
500 14.768821
