1 13605069.821211
2 34574668.470927
3 109786647.151029
4 186065014.095435
5 293958611.522960
6 617160359.722577
7 1482707571.136883
8 1932307518.761973
9 2366902403.490770
10 3840918098.097485
11 8825526860.492592
12 11602681353.149454
13 7934745894.060684
14 17026992869.678926
15 20244219049.770531
16 30469153443.253826
17 39304602225.676102
18 51367149072.586266
19 92477257159.725739
20 192853764461.468262
21 190819354158.870361
22 358695007037.658813
23 630123343108.326538
24 717259212841.562134
25 1053445097610.820679
26 1266829446698.734131
27 2463041821597.618164
28 2546023654127.153809
29 4759976973279.837891
30 8641379551406.215820
31 13705282984708.734375
32 12832925272975.414062
33 23132357400758.500000
34 21889490939987.113281
35 23809311151725.109375
36 23265230023613.949219
37 36520468331921.406250
38 58753458359145.625000
39 65216735523112.007812
40 73860063189678.859375
41 115200291238546.625000
42 61764609263727.539062
43 127687246239365.234375
44 215483728431520.375000
45 285342850894288.125000
46 372935367931898.937500
47 748064426742808.875000
48 722954669168589.250000
49 746125693975039.875000
50 1270721403653155.500000
51 1801633235915510.750000
52 2104957120081405.000000
53 2752918753882255.000000
54 2988630134835303.000000
55 4859813430474171.000000
56 4940398921639626.000000
57 6191303083729084.000000
58 8863956213568454.000000
59 10866733739481048.000000
60 13620778973906704.000000
61 17265525101735720.000000
62 21086654672061412.000000
63 17623414924491274.000000
64 11378895642378390.000000
65 18417123576966088.000000
66 28495289942887240.000000
67 28214612633667856.000000
68 37216100351606936.000000
69 45779066554736408.000000
70 43301646828483416.000000
71 67563777741107264.000000
72 79921295582213744.000000
73 121683559401894160.000000
74 144415522289521504.000000
75 173702809194713632.000000
76 112800626413687168.000000
77 163691709755417920.000000
78 223923582637878720.000000
79 238333688420965280.000000
80 192855980542514304.000000
81 226378866366441984.000000
82 206794382030656928.000000
83 249860503355185664.000000
84 310464128824788480.000000
85 265808529710870080.000000
86 292079196877632448.000000
87 321769817940555520.000000
88 408291758677563264.000000
89 585858084036730112.000000
90 566145956447238464.000000
91 779326128038608512.000000
92 482042944172299392.000000
93 592364575963160832.000000
94 782448314561811456.000000
95 798381123761328768.000000
96 886288554722910464.000000
97 1319224680657775872.000000
98 1250640210910211584.000000
99 1350025184724674048.000000
100 1295651401320332544.000000
101 1281221367179756544.000000
102 1391078874094824448.000000
103 1876309789097410304.000000
104 2504463593590116352.000000
105 2961451459572459008.000000
106 3021490864363936256.000000
107 2330920951027104768.000000
108 2005831274081220864.000000
109 2684939836521074688.000000
110 3019395434937812480.000000
111 3516805340058509824.000000
112 3066466420737157120.000000
113 2063211985850366976.000000
114 3363276482034998784.000000
115 3401897591619964928.000000
116 4254577336891347456.000000
117 4259724305227369472.000000
118 5370634787801391104.000000
119 5966247130027889664.000000
120 4057426501052821504.000000
121 5290183174512394240.000000
122 5787753461713082368.000000
123 5544295542386285568.000000
124 5205866702723699712.000000
125 5343331698654789632.000000
126 4643039786422095872.000000
127 4267681017375469568.000000
128 5686279185195860992.000000
129 6010458003537238016.000000
130 7221757685015189504.000000
131 4819093914526453760.000000
132 7032349355502727168.000000
133 8184515545548976128.000000
134 4611671836840763392.000000
135 5349366973457514496.000000
136 6772945883118470144.000000
137 7420180292388702208.000000
138 6496108845321017344.000000
139 7328189013889595392.000000
140 4684613414408236032.000000
141 4021383266493222912.000000
142 3185357730328856064.000000
143 3960854839576280576.000000
144 4019137917217903104.000000
145 1511375376537145088.000000
146 3064031176377983488.000000
147 3715927007763269120.000000
148 3283568862177382912.000000
149 2281985672948617728.000000
150 1766492359444865280.000000
151 1721527467194953216.000000
152 1281038790579957248.000000
153 1815224614766642176.000000
154 1478108690549471232.000000
155 1176517406342657792.000000
156 1411262601098783488.000000
157 1800798002502764032.000000
158 1477113800815048704.000000
159 1554579045239453440.000000
160 1674645497553768448.000000
161 1130329329949346560.000000
162 1294857555143196928.000000
163 832577802693512832.000000
164 921730981569524992.000000
165 888242976167391872.000000
166 684046998338532352.000000
167 838039700913974912.000000
168 590488346324283648.000000
169 719604066227448064.000000
170 591963639502569472.000000
171 593756821170205184.000000
172 426011469399068800.000000
173 388837949357790720.000000
174 389769213323400960.000000
175 333908669536761472.000000
176 236175954110675648.000000
177 195449690866618048.000000
178 204026072269990304.000000
179 160344581791466944.000000
180 187841178895744864.000000
181 128211401046073216.000000
182 113456512062755360.000000
183 106402739308787632.000000
184 98300704843414176.000000
185 88521544418129488.000000
186 65510085288988552.000000
187 56134682640346224.000000
188 38405667413054112.000000
189 47167748306397504.000000
190 42321265416639144.000000
191 27335098755444512.000000
192 24779664339271096.000000
193 25459605887205412.000000
194 19974426571370472.000000
195 24034974506161624.000000
196 17776768554986730.000000
197 18674216206611924.000000
198 14289855509449138.000000
199 13414410364869438.000000
200 10373365720593184.000000
201 6261650926225577.000000
202 6554773275987773.000000
203 5137721328675028.000000
204 3401010532073285.500000
205 3165492224336557.500000
206 2179444999117760.500000
207 1560860478561984.750000
208 1213854085942777.750000
209 959926216109613.875000
210 718807931289155.500000
211 762216561266966.375000
212 610877337046355.625000
213 508542199851225.625000
214 371028562792931.125000
215 262477004806803.312500
216 240215629684992.093750
217 186413364153649.531250
218 151308337234260.125000
219 118522883690365.703125
220 125265345259471.265625
221 89577047044322.781250
222 65032140656814.859375
223 63251395109220.984375
224 48491168523815.578125
225 39781997657694.164062
226 32016372184916.507812
227 21587742724558.542969
228 16689440368950.289062
229 15883670924620.869141
230 13918525186629.476562
231 11228841171553.853516
232 5505173680848.175781
233 5028910943180.137695
234 4249510367298.139648
235 3418625841256.486816
236 2732238651717.946289
237 2058860855630.992188
238 1608374138608.903076
239 1133467365459.498779
240 743258628878.367432
241 622954452275.887451
242 454145456417.908264
243 371846052189.196838
244 256896896248.219849
245 197272610484.677246
246 167342689523.953979
247 136029371322.677704
248 107817194686.762390
249 73764193572.190582
250 54093884813.118759
251 51905562234.060822
252 33847649601.085751
253 21721463086.321461
254 19365669084.638618
255 11910437567.401926
256 9724338029.304449
257 7592505499.576882
258 5491434938.844023
259 4654675132.298438
260 3152854148.657813
261 1817249278.315722
262 1658115568.884790
263 1351187699.982600
264 1172501936.651928
265 813188148.421519
266 697030432.754493
267 501851834.959816
268 416614907.487687
269 272083974.553248
270 251687924.561224
271 183184767.240640
272 154510585.929657
273 139600798.774433
274 115304885.219212
275 95255333.942683
276 64837729.488401
277 56322186.594526
278 41745348.838162
279 30330788.950214
280 26488005.365690
281 18368269.143878
282 14493365.119702
283 8991448.726599
284 7106942.211644
285 4761154.931847
286 3752035.328411
287 3167727.462489
288 2682713.490392
289 2078108.182094
290 1687443.348858
291 1179563.045405
292 812862.427681
293 577303.131261
294 397955.432654
295 297136.188630
296 260072.202511
297 214238.446689
298 145427.299688
299 131782.207117
300 126953.359184
301 78742.822345
302 60783.950396
303 45273.774315
304 34935.687755
305 22717.235375
306 18467.661930
307 14763.076164
308 10052.134161
309 8482.401807
310 6071.966955
311 4893.227557
312 4002.165145
313 2867.007367
314 1675.037762
315 1376.858184
316 1138.570607
317 861.093824
318 592.648333
319 538.647798
320 416.092706
321 353.166275
322 264.629920
323 197.207605
324 159.546461
325 123.346040
326 93.138078
327 76.955902
328 57.621258
329 39.064901
330 32.549439
331 23.518556
332 18.679467
333 14.577289
334 12.085364
335 10.361299
336 7.782818
337 6.568635
338 4.159542
339 3.235964
340 2.785405
341 2.098825
342 1.999530
343 1.514311
344 1.147376
345 0.983174
346 0.639376
347 0.492942
348 0.442413
349 0.303480
350 0.224166
351 0.187208
352 0.140898
353 0.108813
354 0.093880
355 0.073613
356 0.053315
357 0.040728
358 0.031042
359 0.024804
360 0.017098
361 0.013636
362 0.010783
363 0.008051
364 0.006470
365 0.005148
366 0.003998
367 0.003595
368 0.002771
369 0.002313
370 0.001694
371 0.001340
372 0.001074
373 0.000879
374 0.000700
375 0.000539
376 0.000432
377 0.000362
378 0.000280
379 0.000236
380 0.000164
381 0.000118
382 0.000096
383 0.000081
384 0.000059
385 0.000049
386 0.000040
387 0.000031
388 0.000025
389 0.000020
390 0.000016
391 0.000011
392 0.000009
393 0.000007
394 0.000006
395 0.000004
396 0.000003
397 0.000003
398 0.000002
399 0.000002
400 0.000001
401 0.000001
402 0.000001
403 0.000001
404 0.000001
405 0.000000
406 0.000000
407 0.000000
408 0.000000
409 0.000000
410 0.000000
411 0.000000
412 0.000000
413 0.000000
414 0.000000
415 0.000000
416 0.000000
417 0.000000
418 0.000000
419 0.000000
420 0.000000
421 0.000000
422 0.000000
423 0.000000
424 0.000000
425 0.000000
426 0.000000
427 0.000000
428 0.000000
429 0.000000
430 0.000000
431 0.000000
432 0.000000
433 0.000000
434 0.000000
435 0.000000
436 0.000000
437 0.000000
438 0.000000
439 0.000000
440 0.000000
441 0.000000
442 0.000000
443 0.000000
444 0.000000
445 0.000000
446 0.000000
447 0.000000
448 0.000000
449 0.000000
450 0.000000
451 0.000000
452 0.000000
453 0.000000
454 0.000000
455 0.000000
456 0.000000
457 0.000000
458 0.000000
459 0.000000
460 0.000000
461 0.000000
462 0.000000
463 0.000000
464 0.000000
465 0.000000
466 0.000000
467 0.000000
468 0.000000
469 0.000000
470 0.000000
471 0.000000
472 0.000000
473 0.000000
474 0.000000
475 0.000000
476 0.000000
477 0.000000
478 0.000000
479 0.000000
480 0.000000
481 0.000000
482 0.000000
483 0.000000
484 0.000000
485 0.000000
486 0.000000
487 0.000000
488 0.000000
489 0.000000
490 0.000000
491 0.000000
492 0.000000
493 0.000000
494 0.000000
495 0.000000
496 0.000000
497 0.000000
498 0.000000
499 0.000000
500 0.000000
