1 3167002.243175
2 3557107.097713
3 3714088.051714
4 3835630.019367
5 4085653.145257
6 3541701.053442
7 3599113.681390
8 4644926.125272
9 6372250.881887
10 5591875.413818
11 5959362.494901
12 7937448.643714
13 9698787.886884
14 9535825.285788
15 8625566.719416
16 7152893.613602
17 8166172.752418
18 9455700.825975
19 8877218.474960
20 8561865.849771
21 7889358.527807
22 8335172.922592
23 9816575.491965
24 6371632.757419
25 7597140.614207
26 5604577.618681
27 5450475.778430
28 5850616.840111
29 4678295.344349
30 3948031.232854
31 4847481.349413
32 5033123.876159
33 4992202.769953
34 5359697.137060
35 5769784.397811
36 7218738.579185
37 8939521.644266
38 10339348.521523
39 10714301.518986
40 10964934.282688
41 9874387.291766
42 10997530.726327
43 8034364.833497
44 6554006.048021
45 7327284.408952
46 7004557.709438
47 6377229.302179
48 5043723.780179
49 3689847.853420
50 3355397.614048
51 1963637.390693
52 2095665.253013
53 1866972.073926
54 1875401.015575
55 1891615.341863
56 1380960.222991
57 1262536.881060
58 1288242.157448
59 1185733.022229
60 1227469.354139
61 844081.576011
62 1053072.639990
63 681916.977652
64 792948.395975
65 709859.458012
66 623822.067011
67 533744.321735
68 337244.412523
69 220573.865348
70 177405.303567
71 167274.876581
72 143416.550381
73 105255.350887
74 82872.736283
75 74052.003978
76 73572.088595
77 79416.043700
78 81483.505800
79 70295.394490
80 58268.478110
81 49342.593881
82 45287.749379
83 37282.083270
84 34861.539204
85 24248.319802
86 25433.776420
87 22176.089463
88 19442.970445
89 18784.699923
90 16763.224775
91 14088.868375
92 11848.624155
93 10862.594484
94 9895.295436
95 8221.641563
96 7800.684881
97 7103.838279
98 7097.858660
99 6525.269668
100 5621.887689
101 4862.935683
102 4277.657654
103 4260.948179
104 4914.917151
105 4429.017500
106 3891.745256
107 2897.198239
108 2703.425672
109 2499.816607
110 2517.035323
111 2001.572398
112 1868.543135
113 1761.989062
114 1598.437635
115 1382.754263
116 1263.779786
117 1293.202902
118 1280.104353
119 1034.729864
120 997.236935
121 883.730998
122 726.846240
123 540.809058
124 507.868434
125 470.838056
126 463.121175
127 454.908449
128 412.419737
129 380.708727
130 342.097651
131 310.354273
132 258.392810
133 240.046761
134 216.034882
135 195.701883
136 155.838843
137 136.433488
138 125.299003
139 116.465889
140 101.223983
141 84.501427
142 76.110334
143 69.058600
144 59.392640
145 55.316360
146 50.952584
147 42.578111
148 34.334132
149 27.980659
150 24.757973
151 21.632499
152 15.059275
153 12.499291
154 11.032070
155 8.998432
156 7.278609
157 6.495293
158 5.215796
159 4.121689
160 3.788508
161 3.176982
162 2.599134
163 2.061518
164 1.662860
165 1.391335
166 1.252038
167 0.919582
168 0.736826
169 0.591565
170 0.503438
171 0.395649
172 0.329773
173 0.284380
174 0.238260
175 0.195575
176 0.157407
177 0.119805
178 0.096460
179 0.078349
180 0.062997
181 0.051132
182 0.040398
183 0.033228
184 0.026897
185 0.022126
186 0.017491
187 0.014354
188 0.011645
189 0.009378
190 0.007809
191 0.006125
192 0.004934
193 0.004143
194 0.003395
195 0.002777
196 0.002356
197 0.001894
198 0.001347
199 0.001174
200 0.000885
201 0.000739
202 0.000605
203 0.000512
204 0.000424
205 0.000331
206 0.000272
207 0.000215
208 0.000163
209 0.000123
210 0.000093
211 0.000072
212 0.000058
213 0.000045
214 0.000036
215 0.000027
216 0.000022
217 0.000017
218 0.000013
219 0.000010
220 0.000008
221 0.000006
222 0.000005
223 0.000004
224 0.000003
225 0.000002
226 0.000002
227 0.000001
228 0.000001
229 0.000001
230 0.000001
231 0.000000
232 0.000000
233 0.000000
234 0.000000
235 0.000000
236 0.000000
237 0.000000
238 0.000000
239 0.000000
240 0.000000
241 0.000000
242 0.000000
243 0.000000
244 0.000000
245 0.000000
246 0.000000
247 0.000000
248 0.000000
249 0.000000
250 0.000000
251 0.000000
252 0.000000
253 0.000000
254 0.000000
255 0.000000
256 0.000000
257 0.000000
258 0.000000
259 0.000000
260 0.000000
261 0.000000
262 0.000000
263 0.000000
264 0.000000
265 0.000000
266 0.000000
267 0.000000
268 0.000000
269 0.000000
270 0.000000
271 0.000000
272 0.000000
273 0.000000
274 0.000000
275 0.000000
276 0.000000
277 0.000000
278 0.000000
279 0.000000
280 0.000000
281 0.000000
282 0.000000
283 0.000000
284 0.000000
285 0.000000
286 0.000000
287 0.000000
288 0.000000
289 0.000000
290 0.000000
291 0.000000
292 0.000000
293 0.000000
294 0.000000
295 0.000000
296 0.000000
297 0.000000
298 0.000000
299 0.000000
300 0.000000
301 0.000000
302 0.000000
303 0.000000
304 0.000000
305 0.000000
306 0.000000
307 0.000000
308 0.000000
309 0.000000
310 0.000000
311 0.000000
312 0.000000
313 0.000000
314 0.000000
315 0.000000
316 0.000000
317 0.000000
318 0.000000
319 0.000000
320 0.000000
321 0.000000
322 0.000000
323 0.000000
324 0.000000
325 0.000000
326 0.000000
327 0.000000
328 0.000000
329 0.000000
330 0.000000
331 0.000000
332 0.000000
333 0.000000
334 0.000000
335 0.000000
336 0.000000
337 0.000000
338 0.000000
339 0.000000
340 0.000000
341 0.000000
342 0.000000
343 0.000000
344 0.000000
345 0.000000
346 0.000000
347 0.000000
348 0.000000
349 0.000000
350 0.000000
351 0.000000
352 0.000000
353 0.000000
354 0.000000
355 0.000000
356 0.000000
357 0.000000
358 0.000000
359 0.000000
360 0.000000
361 0.000000
362 0.000000
363 0.000000
364 0.000000
365 0.000000
366 0.000000
367 0.000000
368 0.000000
369 0.000000
370 0.000000
371 0.000000
372 0.000000
373 0.000000
374 0.000000
375 0.000000
376 0.000000
377 0.000000
378 0.000000
379 0.000000
380 0.000000
381 0.000000
382 0.000000
383 0.000000
384 0.000000
385 0.000000
386 0.000000
387 0.000000
388 0.000000
389 0.000000
390 0.000000
391 0.000000
392 0.000000
393 0.000000
394 0.000000
395 0.000000
396 0.000000
397 0.000000
398 0.000000
399 0.000000
400 0.000000
401 0.000000
402 0.000000
403 0.000000
404 0.000000
405 0.000000
406 0.000000
407 0.000000
408 0.000000
409 0.000000
410 0.000000
411 0.000000
412 0.000000
413 0.000000
414 0.000000
415 0.000000
416 0.000000
417 0.000000
418 0.000000
419 0.000000
420 0.000000
421 0.000000
422 0.000000
423 0.000000
424 0.000000
425 0.000000
426 0.000000
427 0.000000
428 0.000000
429 0.000000
430 0.000000
431 0.000000
432 0.000000
433 0.000000
434 0.000000
435 0.000000
436 0.000000
437 0.000000
438 0.000000
439 0.000000
440 0.000000
441 0.000000
442 0.000000
443 0.000000
444 0.000000
445 0.000000
446 0.000000
447 0.000000
448 0.000000
449 0.000000
450 0.000000
451 0.000000
452 0.000000
453 0.000000
454 0.000000
455 0.000000
456 0.000000
457 0.000000
458 0.000000
459 0.000000
460 0.000000
461 0.000000
462 0.000000
463 0.000000
464 0.000000
465 0.000000
466 0.000000
467 0.000000
468 0.000000
469 0.000000
470 0.000000
471 0.000000
472 0.000000
473 0.000000
474 0.000000
475 0.000000
476 0.000000
477 0.000000
478 0.000000
479 0.000000
480 0.000000
481 0.000000
482 0.000000
483 0.000000
484 0.000000
485 0.000000
486 0.000000
487 0.000000
488 0.000000
489 0.000000
490 0.000000
491 0.000000
492 0.000000
493 0.000000
494 0.000000
495 0.000000
496 0.000000
497 0.000000
498 0.000000
499 0.000000
500 0.000000
