1 4314451.274335
2 9920160.944385
3 14745200.582326
4 19031475.552974
5 35724034.087611
6 60001708.115156
7 72646820.703739
8 232371254.662191
9 234179570.352343
10 412500065.669916
11 588923966.629830
12 1164165485.633914
13 650554271.996859
14 1939691601.715283
15 2210156378.710508
16 1839342360.224800
17 5896283444.866586
18 7104959238.247604
19 10834111108.059471
20 12415467855.940989
21 13250082716.816528
22 23319930356.125526
23 25816243772.498714
24 51984311219.134560
25 62506270293.339767
26 98595119463.365570
27 132390579863.986710
28 175125494510.075073
29 262471684198.416260
30 412275907138.200317
31 678379439398.179932
32 742775092357.585938
33 1581689147498.791504
34 1869545154110.535156
35 3077807821971.290039
36 3899781970102.818848
37 5820194308769.061523
38 7483374218679.245117
39 8403977679730.949219
40 11850920280986.841797
41 11403408243558.964844
42 9032043891182.148438
43 20746857879535.906250
44 25741774369087.703125
45 47498544696196.406250
46 74095091808847.484375
47 68647561872741.679688
48 81006349243873.281250
49 148169409869910.093750
50 138450001927347.687500
51 244042713851734.562500
52 405081233941025.937500
53 492483672968014.437500
54 828674892326971.625000
55 776833160982979.250000
56 1022510295202004.125000
57 1106861122380255.125000
58 939827203288071.500000
59 1433504168876184.250000
60 1214218608664128.250000
61 2290801449570504.000000
62 3071677440872892.000000
63 3081987482921247.000000
64 4008026557892918.500000
65 2731378728277993.500000
66 5446103360528508.000000
67 5797467233431787.000000
68 7513459900946283.000000
69 7175875322209426.000000
70 11534301792869804.000000
71 18301317273806688.000000
72 12105984460072752.000000
73 20301930971584540.000000
74 17564189183359450.000000
75 17085363212477836.000000
76 16703760790103444.000000
77 15302631352727850.000000
78 17222229310713836.000000
79 20152324231562072.000000
80 33625459810799360.000000
81 16231967506081032.000000
82 28576347162147052.000000
83 44472133596810360.000000
84 42821028008779128.000000
85 63602909445005048.000000
86 61724453912458056.000000
87 128463287009353136.000000
88 135972726566658864.000000
89 158751347670986752.000000
90 154832469573665184.000000
91 258346549425182144.000000
92 172568054616605920.000000
93 200654376435908800.000000
94 207149198369701600.000000
95 188469079611471488.000000
96 278481273211677376.000000
97 278996167078772480.000000
98 213490399688678912.000000
99 266311958909763296.000000
100 299407136584551680.000000
101 121776175853176000.000000
102 165928968163290848.000000
103 223001686201422464.000000
104 183178671898200352.000000
105 118179074540754656.000000
106 79426774582854528.000000
107 102328001790060832.000000
108 194774571954675104.000000
109 217489339973412128.000000
110 216744173362116672.000000
111 158291352836944384.000000
112 195086209126982720.000000
113 267108044354408192.000000
114 245343133894705824.000000
115 236161498789573792.000000
116 226045317199459872.000000
117 286986489421206944.000000
118 240487278659256928.000000
119 353954871429384704.000000
120 218573366750808640.000000
121 297001599300569216.000000
122 300842877522733440.000000
123 332867014344598336.000000
124 211723006866610496.000000
125 252638462426281312.000000
126 238463939603501600.000000
127 266544130002578112.000000
128 284880579911840288.000000
129 203081841855869952.000000
130 147294142648474208.000000
131 264765266773474112.000000
132 312104136386924288.000000
133 271504018834117920.000000
134 260974009675879872.000000
135 304455539359365888.000000
136 288544999941238720.000000
137 265176891121056704.000000
138 207290634338549536.000000
139 235606923679010784.000000
140 227804616742018432.000000
141 222239422379497152.000000
142 147167472489128416.000000
143 199861823588830080.000000
144 129285317446863104.000000
145 104097367295396032.000000
146 135008274430136736.000000
147 104473444408131152.000000
148 142509734184930448.000000
149 158948607364744672.000000
150 120773407526130224.000000
151 164359176826328672.000000
152 77659567330485184.000000
153 65071654506412976.000000
154 81161048914769936.000000
155 52764834327171384.000000
156 49721860048275712.000000
157 43769932623256008.000000
158 45536356017455968.000000
159 43512406712091144.000000
160 41053789094389776.000000
161 44904443642286560.000000
162 27683535222574840.000000
163 27222143712608492.000000
164 29816010035123016.000000
165 28879751715238600.000000
166 21355379643006688.000000
167 18870008470596660.000000
168 20617218554327276.000000
169 16697832082717248.000000
170 10060387973000852.000000
171 11848023721863236.000000
172 7496921865541402.000000
173 8878076164864047.000000
174 9225703075533702.000000
175 8251262491454820.000000
176 6962301071289419.000000
177 5676478885821360.000000
178 3595110811876024.500000
179 3531024463426025.000000
180 2420277039533275.000000
181 1885285645146499.500000
182 1887890071169731.000000
183 1892388899422277.000000
184 1303425185667843.500000
185 1144856668405309.500000
186 940372609748267.875000
187 877399616392934.125000
188 633888915631422.125000
189 439506495498881.375000
190 444261986648243.375000
191 335728247086097.187500
192 279285814415132.281250
193 220481073990529.218750
194 180996411256333.750000
195 198341762896747.281250
196 100836124438290.796875
197 113344505244249.843750
198 89956937631306.078125
199 70486214519904.859375
200 40869953158508.312500
201 39991919154936.437500
202 31457068262283.550781
203 19578251222905.562500
204 15280219372692.298828
205 13377585797726.062500
206 11232755760619.314453
207 9801193183272.138672
208 6062988235367.187500
209 6242564223266.216797
210 3344516265956.302734
211 4328685890061.375000
212 2933178748789.105469
213 1902019606327.416260
214 1329665367826.419922
215 1233458763814.891602
216 1116067143858.844727
217 1170253391830.045654
218 719808936925.798340
219 684097423555.946655
220 717249024365.956543
221 435554070367.945984
222 341037658226.823975
223 369322673537.132507
224 266854385239.570679
225 227514541419.996399
226 171245636411.857605
227 131893303186.337830
228 108003442028.903183
229 95245472606.277252
230 76247294836.566254
231 60087259928.072525
232 50231516174.541229
233 38746124867.164116
234 23614636094.397049
235 20982458333.772591
236 18290425508.753044
237 15998310170.237558
238 11718968968.024603
239 7003883687.794453
240 5722557651.524133
241 3842194224.502791
242 3945542253.246114
243 2553588759.952044
244 1505749329.215982
245 902811749.718959
246 756070350.320069
247 642208403.602351
248 484218466.179372
249 349860879.308883
250 234428263.657171
251 196192914.509456
252 122902040.249024
253 103484545.606026
254 59951856.514884
255 42858575.457845
256 33925674.765270
257 23308991.384356
258 19792636.342587
259 16192293.173537
260 10254458.668837
261 8116412.802637
262 7015434.745992
263 6128754.190403
264 4215428.435393
265 4006631.236005
266 2531012.676193
267 2066840.658952
268 1372771.844866
269 1082334.771165
270 1104343.315894
271 792401.011396
272 500534.911722
273 415736.202046
274 357120.416043
275 212694.714145
276 175337.984838
277 140092.994424
278 101662.723123
279 65002.737711
280 63564.160241
281 43547.683887
282 41200.019639
283 27564.062741
284 19117.099904
285 17262.869750
286 12369.299023
287 9085.977032
288 6666.046396
289 4755.708554
290 3831.674540
291 3086.847653
292 2128.019725
293 1502.943819
294 1038.175335
295 847.377617
296 591.528781
297 456.722812
298 397.153218
299 330.754535
300 230.345456
301 180.566220
302 131.822683
303 88.784103
304 72.528899
305 61.471410
306 37.163649
307 30.165192
308 22.927330
309 18.129831
310 14.221837
311 10.319071
312 7.565816
313 5.928393
314 5.273918
315 4.313295
316 2.999967
317 2.440669
318 1.650153
319 1.430867
320 0.998547
321 0.659534
322 0.457377
323 0.276688
324 0.197634
325 0.179231
326 0.140824
327 0.108064
328 0.087003
329 0.064699
330 0.052707
331 0.041353
332 0.034101
333 0.025050
334 0.020209
335 0.017321
336 0.012873
337 0.008761
338 0.006882
339 0.005708
340 0.004329
341 0.003258
342 0.002447
343 0.001802
344 0.001434
345 0.000981
346 0.000784
347 0.000594
348 0.000452
349 0.000365
350 0.000282
351 0.000222
352 0.000167
353 0.000128
354 0.000092
355 0.000080
356 0.000055
357 0.000048
358 0.000039
359 0.000029
360 0.000022
361 0.000018
362 0.000014
363 0.000011
364 0.000009
365 0.000007
366 0.000005
367 0.000005
368 0.000003
369 0.000003
370 0.000002
371 0.000002
372 0.000001
373 0.000001
374 0.000001
375 0.000001
376 0.000001
377 0.000000
378 0.000000
379 0.000000
380 0.000000
381 0.000000
382 0.000000
383 0.000000
384 0.000000
385 0.000000
386 0.000000
387 0.000000
388 0.000000
389 0.000000
390 0.000000
391 0.000000
392 0.000000
393 0.000000
394 0.000000
395 0.000000
396 0.000000
397 0.000000
398 0.000000
399 0.000000
400 0.000000
401 0.000000
402 0.000000
403 0.000000
404 0.000000
405 0.000000
406 0.000000
407 0.000000
408 0.000000
409 0.000000
410 0.000000
411 0.000000
412 0.000000
413 0.000000
414 0.000000
415 0.000000
416 0.000000
417 0.000000
418 0.000000
419 0.000000
420 0.000000
421 0.000000
422 0.000000
423 0.000000
424 0.000000
425 0.000000
426 0.000000
427 0.000000
428 0.000000
429 0.000000
430 0.000000
431 0.000000
432 0.000000
433 0.000000
434 0.000000
435 0.000000
436 0.000000
437 0.000000
438 0.000000
439 0.000000
440 0.000000
441 0.000000
442 0.000000
443 0.000000
444 0.000000
445 0.000000
446 0.000000
447 0.000000
448 0.000000
449 0.000000
450 0.000000
451 0.000000
452 0.000000
453 0.000000
454 0.000000
455 0.000000
456 0.000000
457 0.000000
458 0.000000
459 0.000000
460 0.000000
461 0.000000
462 0.000000
463 0.000000
464 0.000000
465 0.000000
466 0.000000
467 0.000000
468 0.000000
469 0.000000
470 0.000000
471 0.000000
472 0.000000
473 0.000000
474 0.000000
475 0.000000
476 0.000000
477 0.000000
478 0.000000
479 0.000000
480 0.000000
481 0.000000
482 0.000000
483 0.000000
484 0.000000
485 0.000000
486 0.000000
487 0.000000
488 0.000000
489 0.000000
490 0.000000
491 0.000000
492 0.000000
493 0.000000
494 0.000000
495 0.000000
496 0.000000
497 0.000000
498 0.000000
499 0.000000
500 0.000000
