1 16811814.251443
2 29901504.732065
3 25622558.225228
4 29563132.775693
5 37552922.675088
6 33221315.229355
7 56251583.752233
8 58204583.348473
9 47252107.776704
10 71456782.139221
11 62595986.186787
12 93670752.653200
13 81070953.973254
14 98409408.248310
15 93254002.817325
16 122657235.084549
17 136978830.690086
18 158339941.582768
19 191932857.048158
20 142680481.752014
21 194616737.894180
22 268785167.264552
23 218759554.650584
24 186233961.067312
25 238166094.227317
26 286817505.009550
27 402952126.341050
28 346826858.414065
29 471413206.670524
30 514149991.432126
31 591601835.807296
32 620347525.471737
33 636902190.314036
34 516231424.855923
35 684042015.959510
36 614145543.725999
37 661699038.788830
38 660847538.819240
39 884024923.946078
40 773702386.310335
41 802481197.549971
42 942914575.708149
43 773218937.835497
44 838694429.302804
45 1002509844.686256
46 820863248.038940
47 857234647.176727
48 832755734.750969
49 644466231.927256
50 726502407.034764
51 771450570.760258
52 909824690.188151
53 874623987.876777
54 646349229.180807
55 677178045.741968
56 701565369.242270
57 875566706.936442
58 657717685.925406
59 556799366.019392
60 634378062.701387
61 575099741.405304
62 514982448.634150
63 590798166.741006
64 648533308.347600
65 684533531.410870
66 357874023.857598
67 561893376.444523
68 504424099.961600
69 423026895.336332
70 530971311.987410
71 580535371.313456
72 457871804.541503
73 463754226.635774
74 418760438.408492
75 513746695.689908
76 458615122.722110
77 447109807.591293
78 433723684.894126
79 459374935.110687
80 361210304.126047
81 572372399.457231
82 490295265.350577
83 593621282.695684
84 480350905.368842
85 448112503.222171
86 450683031.962120
87 462995973.488668
88 459820780.464170
89 480370209.582500
90 378460910.656337
91 357874068.712195
92 493687714.054094
93 338608187.492553
94 258061700.080581
95 266011657.135054
96 317969765.747268
97 280384178.269442
98 244967386.526380
99 197526193.238039
100 184108495.699750
101 231507308.090212
102 159210677.029342
103 181342359.829305
104 184856090.320129
105 184828151.496548
106 183700497.887634
107 154039356.364665
108 137100366.070610
109 141274615.529619
110 170391885.280330
111 146340273.233871
112 165637807.761609
113 177532058.487702
114 188865718.563325
115 165224060.362116
116 185226688.580763
117 133822021.421130
118 158687759.091260
119 109666899.768698
120 134712113.371512
121 140618215.174633
122 119594970.455167
123 111516312.558479
124 110952637.411547
125 104889691.685978
126 125467140.547942
127 105524654.914335
128 96315878.785714
129 87455123.210859
130 93916714.394502
131 81475855.875242
132 70685053.034813
133 59042900.568555
134 66754281.574911
135 70433450.864011
136 57614461.234966
137 56820351.675130
138 60989335.586178
139 60084154.526404
140 46512257.260865
141 43154489.642838
142 44465352.554729
143 37656480.282871
144 32225693.649211
145 33417688.814289
146 28433874.020947
147 24721397.318784
148 25498173.036558
149 19088509.662039
150 23082160.339175
151 21174016.090227
152 23968560.603465
153 20952979.887418
154 19010626.186343
155 19149698.945923
156 16596222.288616
157 13384469.967671
158 15583763.173850
159 15391630.400241
160 14193465.367097
161 14153426.297076
162 13842314.057166
163 12834042.660509
164 12625953.557530
165 12066798.991637
166 13500772.635474
167 10698952.160392
168 9396591.369145
169 10732060.113805
170 8928542.192119
171 8687434.770785
172 9633757.137551
173 9493827.587588
174 8539504.867521
175 8206718.402566
176 7526905.724630
177 6931920.719829
178 8030520.294247
179 7681600.464315
180 7562046.921911
181 5803996.893140
182 6044319.407786
183 5503480.529215
184 4625928.325298
185 4086573.529062
186 4282447.065424
187 4015502.080465
188 3640770.625566
189 3321970.941183
190 3688682.126831
191 3210939.645606
192 2640376.232676
193 3590497.804806
194 3212082.152099
195 2648268.387416
196 2958732.146269
197 3055671.962556
198 2859406.677920
199 2749929.039128
200 2140396.051135
201 2360615.933663
202 2259267.113661
203 2391583.309392
204 1940320.634803
205 1777394.334546
206 1627094.896559
207 1555712.743860
208 1563563.449490
209 1375014.307615
210 1227666.000837
211 1383824.433264
212 1318213.919929
213 1310011.157908
214 1219174.561292
215 1273592.451687
216 1266019.058444
217 1155012.111576
218 1136470.681311
219 1091899.409389
220 1055746.854546
221 1047500.245672
222 885823.573934
223 890771.363414
224 830601.601873
225 653214.610716
226 679207.639095
227 708451.301439
228 678509.715058
229 646647.570035
230 575506.338066
231 518636.012794
232 606144.754757
233 583868.082066
234 585753.739034
235 653392.199578
236 565542.824717
237 518246.568772
238 538944.019186
239 547598.986935
240 570735.736616
241 639723.716426
242 527638.627816
243 501333.206518
244 518428.400528
245 459568.642888
246 490061.286725
247 517944.025855
248 470854.235427
249 421658.514588
250 404770.634352
251 385840.026471
252 384260.597418
253 365344.746744
254 347728.933065
255 354480.966335
256 355912.323866
257 292939.803330
258 309721.851581
259 304229.892053
260 289832.381078
261 259418.782207
262 272729.547239
263 235048.118331
264 262726.025537
265 263916.551141
266 239271.202767
267 230290.670704
268 206302.431374
269 216390.197196
270 221688.872164
271 212422.592857
272 203282.194308
273 210598.477312
274 191731.667742
275 197588.536150
276 174958.372700
277 180664.721607
278 157598.351436
279 153228.129883
280 155581.234793
281 165913.313220
282 166302.546691
283 164838.371026
284 164236.611147
285 150800.395498
286 138862.606896
287 129276.262659
288 120678.225342
289 131481.255472
290 129091.555354
291 118572.367830
292 114416.762079
293 105780.684413
294 110287.852780
295 106593.954037
296 104337.687628
297 104638.421975
298 93195.293620
299 96093.448772
300 93025.101106
301 89456.797570
302 91910.079564
303 87840.184064
304 89428.790517
305 91828.452160
306 92864.771394
307 79875.733488
308 74087.725107
309 75030.253374
310 74776.271734
311 68879.044224
312 70007.170815
313 67456.367750
314 67239.719163
315 69688.064894
316 67824.333225
317 57802.428394
318 64798.160291
319 55671.983824
320 59807.101628
321 62322.221298
322 55819.315978
323 54257.602750
324 49823.447156
325 50863.993744
326 48398.467215
327 47428.125611
328 45849.509525
329 45041.065016
330 47117.391689
331 44378.241330
332 47269.909646
333 39853.673082
334 40878.096897
335 40057.675464
336 37288.864031
337 37785.044865
338 36986.651603
339 36699.448735
340 33918.281759
341 36117.879103
342 36189.142097
343 35262.274624
344 33413.830359
345 29814.145316
346 32031.714172
347 29328.496605
348 29366.066609
349 29079.213107
350 27371.566849
351 28135.626705
352 27023.334585
353 27220.132965
354 28240.260133
355 27399.935010
356 25196.130479
357 23628.538005
358 24400.296160
359 23758.351369
360 23926.140914
361 22663.981707
362 22237.270219
363 20149.040545
364 21463.672657
365 21044.981164
366 20194.428402
367 20146.490359
368 19038.093721
369 18868.778715
370 17750.387995
371 17040.971494
372 17334.088230
373 17369.302171
374 15953.369456
375 16395.497838
376 16168.195356
377 15766.206989
378 15251.367283
379 14901.584079
380 14731.791312
381 14459.076332
382 13569.005928
383 13925.831933
384 13493.332608
385 12969.529557
386 13066.399507
387 12604.571237
388 12460.543983
389 11945.367350
390 12430.069925
391 11556.730469
392 12183.487875
393 11629.073697
394 11182.257932
395 11023.018317
396 10953.866819
397 10662.640053
398 10684.067451
399 10563.515390
400 10505.533861
401 9983.685051
402 9882.665317
403 9792.938870
404 9731.324095
405 9445.396186
406 9298.277949
407 9118.302846
408 8996.603429
409 8805.687802
410 8609.682804
411 8708.353841
412 8531.784121
413 8541.986771
414 8550.409690
415 8381.276720
416 8401.455530
417 8452.144108
418 8226.629124
419 8314.035700
420 8167.264682
421 7858.731208
422 7757.621584
423 7650.455897
424 7493.790101
425 7408.669157
426 7321.252910
427 7291.759414
428 7325.289707
429 7212.298073
430 7081.350326
431 6824.068178
432 6708.843423
433 6673.293512
434 6552.343731
435 6434.221767
436 6360.344247
437 6214.906591
438 6201.952760
439 6242.196322
440 6170.917140
441 6013.393576
442 5879.820571
443 5868.016741
444 5826.484292
445 5744.778546
446 5699.124936
447 5567.907235
448 5565.573941
449 5482.719364
450 5390.676283
451 5328.110683
452 5274.694991
453 5241.278046
454 5157.862175
455 5142.076799
456 5074.053210
457 5048.197868
458 4989.550543
459 4967.024892
460 4917.756152
461 4882.755896
462 4828.607247
463 4813.426659
464 4763.642521
465 4727.765900
466 4686.788777
467 4646.468111
468 4618.520697
469 4554.462283
470 4505.885891
471 4529.235692
472 4451.432769
473 4429.260335
474 4383.578345
475 4373.529114
476 4334.573745
477 4293.667288
478 4274.946128
479 4252.417915
480 4233.458233
481 4214.437869
482 4196.330504
483 4166.733766
484 4153.348843
485 4136.114492
486 4118.747997
487 4104.232369
488 4078.288116
489 4058.827219
490 4045.690941
491 4028.969186
492 4021.492729
493 4007.341913
494 3997.047085
495 3986.682704
496 3979.660529
497 3972.880775
498 3967.584822
499 3964.490448
500 3962.777642
