1 inf
2 inf
3 inf
4 inf
5 inf
6 inf
7 inf
8 inf
9 inf
10 1491939049078057296846575257014231046628492658141331434048295395431322550780187139800156874197984423873042008351465144671892443120339674085210939759330240141383196959273494539971987664678440714795999707115525918505428372145532738802574973007337752343620727008773123870115674193920.000000
11 52666696685121975079793473205616400063983284582014226043481935995787798122630597724363113180584608201081116531477893154372796760776428924529208896116365880206804408187377597542805244372128796941635735668631771245949234048322991292416.000000
12 15950308938852982900571638078667614021794587253333715995120848914831583521144696642889255754092699617524635685374274807894891920001972636608020535713518730791041892352.000000
13 1705506470626094793564625880922630419108197563810791296130517791874945515042170455929639308692333354812638071279308505088.000000
14 78150154437399064708647238945491395401102168143429632.000000
15 5165035819.554147
16 16714.830287
17 16922.327972
18 16504.158874
19 10984.822000
20 9321.675660
21 9316.473150
22 9276.770031
23 8660.240733
24 7165.018474
25 5709.029600
26 4882.537255
27 5086.121647
28 4857.712343
29 3776.630840
30 2933.470858
31 2681.566085
32 2890.640712
33 1364.797290
34 1199.779583
35 1003.415969
36 992.675880
37 789.176613
38 325.741290
39 201.487977
40 160.059061
41 127.725951
42 117.082493
43 121.429135
44 90.488132
45 56.882203
46 42.175415
47 20.776250
48 22.786379
49 18.533287
50 12.257029
51 13.530336
52 8.921208
53 7.119577
54 5.867706
55 4.148119
56 4.830645
57 5.992241
58 3.310708
59 2.238136
60 2.581461
61 1.514691
62 1.510892
63 1.317420
64 1.088115
65 0.948810
66 0.806785
67 0.588774
68 0.481890
69 0.351450
70 0.273570
71 0.261199
72 0.196611
73 0.150835
74 0.126466
75 0.118613
76 0.095512
77 0.092666
78 0.073932
79 0.062491
80 0.048993
81 0.035545
82 0.024789
83 0.025814
84 0.024523
85 0.021894
86 0.018282
87 0.016718
88 0.011630
89 0.010138
90 0.007699
91 0.005452
92 0.003940
93 0.003385
94 0.002904
95 0.002286
96 0.001740
97 0.001396
98 0.001105
99 0.000864
100 0.000796
101 0.000673
102 0.000609
103 0.000527
104 0.000467
105 0.000408
106 0.000330
107 0.000268
108 0.000238
109 0.000216
110 0.000186
111 0.000150
112 0.000125
113 0.000102
114 0.000086
115 0.000056
116 0.000050
117 0.000040
118 0.000032
119 0.000027
120 0.000021
121 0.000019
122 0.000015
123 0.000012
124 0.000010
125 0.000008
126 0.000007
127 0.000006
128 0.000004
129 0.000003
130 0.000002
131 0.000002
132 0.000002
133 0.000001
134 0.000001
135 0.000001
136 0.000000
137 0.000000
138 0.000000
139 0.000000
140 0.000000
141 0.000000
142 0.000000
143 0.000000
144 0.000000
145 0.000000
146 0.000000
147 0.000000
148 0.000000
149 0.000000
150 0.000000
151 0.000000
152 0.000000
153 0.000000
154 0.000000
155 0.000000
156 0.000000
157 0.000000
158 0.000000
159 0.000000
160 0.000000
161 0.000000
162 0.000000
163 0.000000
164 0.000000
165 0.000000
166 0.000000
167 0.000000
168 0.000000
169 0.000000
170 0.000000
171 0.000000
172 0.000000
173 0.000000
174 0.000000
175 0.000000
176 0.000000
177 0.000000
178 0.000000
179 0.000000
180 0.000000
181 0.000000
182 0.000000
183 0.000000
184 0.000000
185 0.000000
186 0.000000
187 0.000000
188 0.000000
189 0.000000
190 0.000000
191 0.000000
192 0.000000
193 0.000000
194 0.000000
195 0.000000
196 0.000000
197 0.000000
198 0.000000
199 0.000000
200 0.000000
201 0.000000
202 0.000000
203 0.000000
204 0.000000
205 0.000000
206 0.000000
207 0.000000
208 0.000000
209 0.000000
210 0.000000
211 0.000000
212 0.000000
213 0.000000
214 0.000000
215 0.000000
216 0.000000
217 0.000000
218 0.000000
219 0.000000
220 0.000000
221 0.000000
222 0.000000
223 0.000000
224 0.000000
225 0.000000
226 0.000000
227 0.000000
228 0.000000
229 0.000000
230 0.000000
231 0.000000
232 0.000000
233 0.000000
234 0.000000
235 0.000000
236 0.000000
237 0.000000
238 0.000000
239 0.000000
240 0.000000
241 0.000000
242 0.000000
243 0.000000
244 0.000000
245 0.000000
246 0.000000
247 0.000000
248 0.000000
249 0.000000
250 0.000000
251 0.000000
252 0.000000
253 0.000000
254 0.000000
255 0.000000
256 0.000000
257 0.000000
258 0.000000
259 0.000000
260 0.000000
261 0.000000
262 0.000000
263 0.000000
264 0.000000
265 0.000000
266 0.000000
267 0.000000
268 0.000000
269 0.000000
270 0.000000
271 0.000000
272 0.000000
273 0.000000
274 0.000000
275 0.000000
276 0.000000
277 0.000000
278 0.000000
279 0.000000
280 0.000000
281 0.000000
282 0.000000
283 0.000000
284 0.000000
285 0.000000
286 0.000000
287 0.000000
288 0.000000
289 0.000000
290 0.000000
291 0.000000
292 0.000000
293 0.000000
294 0.000000
295 0.000000
296 0.000000
297 0.000000
298 0.000000
299 0.000000
300 0.000000
301 0.000000
302 0.000000
303 0.000000
304 0.000000
305 0.000000
306 0.000000
307 0.000000
308 0.000000
309 0.000000
310 0.000000
311 0.000000
312 0.000000
313 0.000000
314 0.000000
315 0.000000
316 0.000000
317 0.000000
318 0.000000
319 0.000000
320 0.000000
321 0.000000
322 0.000000
323 0.000000
324 0.000000
325 0.000000
326 0.000000
327 0.000000
328 0.000000
329 0.000000
330 0.000000
331 0.000000
332 0.000000
333 0.000000
334 0.000000
335 0.000000
336 0.000000
337 0.000000
338 0.000000
339 0.000000
340 0.000000
341 0.000000
342 0.000000
343 0.000000
344 0.000000
345 0.000000
346 0.000000
347 0.000000
348 0.000000
349 0.000000
350 0.000000
351 0.000000
352 0.000000
353 0.000000
354 0.000000
355 0.000000
356 0.000000
357 0.000000
358 0.000000
359 0.000000
360 0.000000
361 0.000000
362 0.000000
363 0.000000
364 0.000000
365 0.000000
366 0.000000
367 0.000000
368 0.000000
369 0.000000
370 0.000000
371 0.000000
372 0.000000
373 0.000000
374 0.000000
375 0.000000
376 0.000000
377 0.000000
378 0.000000
379 0.000000
380 0.000000
381 0.000000
382 0.000000
383 0.000000
384 0.000000
385 0.000000
386 0.000000
387 0.000000
388 0.000000
389 0.000000
390 0.000000
391 0.000000
392 0.000000
393 0.000000
394 0.000000
395 0.000000
396 0.000000
397 0.000000
398 0.000000
399 0.000000
400 0.000000
401 0.000000
402 0.000000
403 0.000000
404 0.000000
405 0.000000
406 0.000000
407 0.000000
408 0.000000
409 0.000000
410 0.000000
411 0.000000
412 0.000000
413 0.000000
414 0.000000
415 0.000000
416 0.000000
417 0.000000
418 0.000000
419 0.000000
420 0.000000
421 0.000000
422 0.000000
423 0.000000
424 0.000000
425 0.000000
426 0.000000
427 0.000000
428 0.000000
429 0.000000
430 0.000000
431 0.000000
432 0.000000
433 0.000000
434 0.000000
435 0.000000
436 0.000000
437 0.000000
438 0.000000
439 0.000000
440 0.000000
441 0.000000
442 0.000000
443 0.000000
444 0.000000
445 0.000000
446 0.000000
447 0.000000
448 0.000000
449 0.000000
450 0.000000
451 0.000000
452 0.000000
453 0.000000
454 0.000000
455 0.000000
456 0.000000
457 0.000000
458 0.000000
459 0.000000
460 0.000000
461 0.000000
462 0.000000
463 0.000000
464 0.000000
465 0.000000
466 0.000000
467 0.000000
468 0.000000
469 0.000000
470 0.000000
471 0.000000
472 0.000000
473 0.000000
474 0.000000
475 0.000000
476 0.000000
477 0.000000
478 0.000000
479 0.000000
480 0.000000
481 0.000000
482 0.000000
483 0.000000
484 0.000000
485 0.000000
486 0.000000
487 0.000000
488 0.000000
489 0.000000
490 0.000000
491 0.000000
492 0.000000
493 0.000000
494 0.000000
495 0.000000
496 0.000000
497 0.000000
498 0.000000
499 0.000000
500 0.000000
