1 inf
2 inf
3 inf
4 inf
5 inf
6 inf
7 inf
8 inf
9 inf
10 inf
11 inf
12 inf
13 2832246571846340450000184074470143456254017440992425856870620879229577125415563687704526445082630373436178334422344392005777534241639425955669956764919834723268940440672089276352391387461503122865098079133580427054340364183613421942564665757675672439881728.000000
14 43496411533605666378638151654563240271757084808816478354100741621479334826755572711061061367696679292561802694655396702349103343803039744.000000
15 87064125129903587328.000000
16 14921.705859
17 14354.321234
18 13146.218134
19 12432.491235
20 10758.353759
21 9085.754727
22 8056.735497
23 7134.497287
24 7433.621382
25 7451.696658
26 8362.802229
27 6647.216117
28 6637.437093
29 5354.310642
30 4429.955578
31 3400.561658
32 3158.698548
33 2190.234323
34 2050.961729
35 1789.579831
36 1483.357177
37 1288.963708
38 1310.531565
39 1289.165377
40 1379.693549
41 1222.292065
42 1041.296444
43 929.260186
44 1023.990604
45 1014.954377
46 821.524662
47 754.356567
48 776.338301
49 717.344235
50 623.495945
51 536.201267
52 548.422326
53 427.114631
54 362.636547
55 367.549698
56 355.910804
57 341.439078
58 306.292704
59 272.158327
60 212.344345
61 180.303642
62 173.853507
63 148.284547
64 145.543869
65 123.160115
66 132.459250
67 105.618655
68 92.604945
69 86.668480
70 66.218256
71 61.261294
72 59.528103
73 56.551870
74 54.592676
75 46.700739
76 42.904311
77 35.868837
78 34.104479
79 30.563657
80 30.139048
81 27.809843
82 26.049931
83 22.440385
84 20.056243
85 16.012056
86 13.811112
87 12.925610
88 11.821057
89 9.744731
90 8.978508
91 7.333529
92 6.910563
93 6.441357
94 6.183616
95 6.001538
96 5.336716
97 5.215646
98 4.244620
99 4.016987
100 3.687216
101 3.148549
102 2.853191
103 2.568294
104 2.290735
105 2.072958
106 1.782417
107 1.457123
108 1.383029
109 1.201583
110 1.120529
111 1.020208
112 0.944912
113 0.817070
114 0.680308
115 0.654041
116 0.592045
117 0.575285
118 0.528802
119 0.483894
120 0.433494
121 0.368643
122 0.338283
123 0.310653
124 0.266485
125 0.234044
126 0.211535
127 0.189898
128 0.174566
129 0.145683
130 0.134141
131 0.115113
132 0.106454
133 0.094935
134 0.084760
135 0.078098
136 0.062223
137 0.055937
138 0.048320
139 0.041262
140 0.034139
141 0.030964
142 0.027834
143 0.022624
144 0.020728
145 0.017553
146 0.015986
147 0.013398
148 0.011647
149 0.010343
150 0.008930
151 0.008318
152 0.007602
153 0.006562
154 0.005806
155 0.005112
156 0.004711
157 0.004120
158 0.003602
159 0.003089
160 0.002853
161 0.002501
162 0.002072
163 0.001832
164 0.001547
165 0.001432
166 0.001247
167 0.001031
168 0.000915
169 0.000797
170 0.000697
171 0.000611
172 0.000524
173 0.000463
174 0.000408
175 0.000365
176 0.000324
177 0.000295
178 0.000255
179 0.000235
180 0.000209
181 0.000185
182 0.000163
183 0.000148
184 0.000130
185 0.000115
186 0.000101
187 0.000089
188 0.000076
189 0.000067
190 0.000059
191 0.000052
192 0.000047
193 0.000041
194 0.000036
195 0.000033
196 0.000029
197 0.000025
198 0.000022
199 0.000019
200 0.000017
201 0.000014
202 0.000013
203 0.000011
204 0.000010
205 0.000009
206 0.000008
207 0.000007
208 0.000006
209 0.000005
210 0.000004
211 0.000004
212 0.000003
213 0.000003
214 0.000002
215 0.000002
216 0.000002
217 0.000002
218 0.000001
219 0.000001
220 0.000001
221 0.000001
222 0.000001
223 0.000001
224 0.000001
225 0.000000
226 0.000000
227 0.000000
228 0.000000
229 0.000000
230 0.000000
231 0.000000
232 0.000000
233 0.000000
234 0.000000
235 0.000000
236 0.000000
237 0.000000
238 0.000000
239 0.000000
240 0.000000
241 0.000000
242 0.000000
243 0.000000
244 0.000000
245 0.000000
246 0.000000
247 0.000000
248 0.000000
249 0.000000
250 0.000000
251 0.000000
252 0.000000
253 0.000000
254 0.000000
255 0.000000
256 0.000000
257 0.000000
258 0.000000
259 0.000000
260 0.000000
261 0.000000
262 0.000000
263 0.000000
264 0.000000
265 0.000000
266 0.000000
267 0.000000
268 0.000000
269 0.000000
270 0.000000
271 0.000000
272 0.000000
273 0.000000
274 0.000000
275 0.000000
276 0.000000
277 0.000000
278 0.000000
279 0.000000
280 0.000000
281 0.000000
282 0.000000
283 0.000000
284 0.000000
285 0.000000
286 0.000000
287 0.000000
288 0.000000
289 0.000000
290 0.000000
291 0.000000
292 0.000000
293 0.000000
294 0.000000
295 0.000000
296 0.000000
297 0.000000
298 0.000000
299 0.000000
300 0.000000
301 0.000000
302 0.000000
303 0.000000
304 0.000000
305 0.000000
306 0.000000
307 0.000000
308 0.000000
309 0.000000
310 0.000000
311 0.000000
312 0.000000
313 0.000000
314 0.000000
315 0.000000
316 0.000000
317 0.000000
318 0.000000
319 0.000000
320 0.000000
321 0.000000
322 0.000000
323 0.000000
324 0.000000
325 0.000000
326 0.000000
327 0.000000
328 0.000000
329 0.000000
330 0.000000
331 0.000000
332 0.000000
333 0.000000
334 0.000000
335 0.000000
336 0.000000
337 0.000000
338 0.000000
339 0.000000
340 0.000000
341 0.000000
342 0.000000
343 0.000000
344 0.000000
345 0.000000
346 0.000000
347 0.000000
348 0.000000
349 0.000000
350 0.000000
351 0.000000
352 0.000000
353 0.000000
354 0.000000
355 0.000000
356 0.000000
357 0.000000
358 0.000000
359 0.000000
360 0.000000
361 0.000000
362 0.000000
363 0.000000
364 0.000000
365 0.000000
366 0.000000
367 0.000000
368 0.000000
369 0.000000
370 0.000000
371 0.000000
372 0.000000
373 0.000000
374 0.000000
375 0.000000
376 0.000000
377 0.000000
378 0.000000
379 0.000000
380 0.000000
381 0.000000
382 0.000000
383 0.000000
384 0.000000
385 0.000000
386 0.000000
387 0.000000
388 0.000000
389 0.000000
390 0.000000
391 0.000000
392 0.000000
393 0.000000
394 0.000000
395 0.000000
396 0.000000
397 0.000000
398 0.000000
399 0.000000
400 0.000000
401 0.000000
402 0.000000
403 0.000000
404 0.000000
405 0.000000
406 0.000000
407 0.000000
408 0.000000
409 0.000000
410 0.000000
411 0.000000
412 0.000000
413 0.000000
414 0.000000
415 0.000000
416 0.000000
417 0.000000
418 0.000000
419 0.000000
420 0.000000
421 0.000000
422 0.000000
423 0.000000
424 0.000000
425 0.000000
426 0.000000
427 0.000000
428 0.000000
429 0.000000
430 0.000000
431 0.000000
432 0.000000
433 0.000000
434 0.000000
435 0.000000
436 0.000000
437 0.000000
438 0.000000
439 0.000000
440 0.000000
441 0.000000
442 0.000000
443 0.000000
444 0.000000
445 0.000000
446 0.000000
447 0.000000
448 0.000000
449 0.000000
450 0.000000
451 0.000000
452 0.000000
453 0.000000
454 0.000000
455 0.000000
456 0.000000
457 0.000000
458 0.000000
459 0.000000
460 0.000000
461 0.000000
462 0.000000
463 0.000000
464 0.000000
465 0.000000
466 0.000000
467 0.000000
468 0.000000
469 0.000000
470 0.000000
471 0.000000
472 0.000000
473 0.000000
474 0.000000
475 0.000000
476 0.000000
477 0.000000
478 0.000000
479 0.000000
480 0.000000
481 0.000000
482 0.000000
483 0.000000
484 0.000000
485 0.000000
486 0.000000
487 0.000000
488 0.000000
489 0.000000
490 0.000000
491 0.000000
492 0.000000
493 0.000000
494 0.000000
495 0.000000
496 0.000000
497 0.000000
498 0.000000
499 0.000000
500 0.000000
