1 inf
2 inf
3 inf
4 inf
5 inf
6 inf
7 inf
8 inf
9 inf
10 inf
11 inf
12 inf
13 30368516475530419222558769550739882760498658397156910929168858426727993829505499578333344966369764191624809122094437797080744864035735532863491504670366277163275127398930659547304239663223394743169400862889846562800134475313012205211176917780706552942491074560.000000
14 16350952050121661139702579493291391268604584637711981078079523959167772220751591474433855045323753353701589334515365815299708757242544128.000000
15 616552670943423476726654163746816.000000
16 12948.898319
17 10897.063371
18 10735.009370
19 10129.740589
20 8403.928442
21 8643.306798
22 6357.208260
23 6075.232357
24 5671.395946
25 5521.694868
26 4712.853578
27 4499.655158
28 4625.391477
29 4152.901938
30 4362.378186
31 4222.036063
32 3504.524464
33 3076.241783
34 2709.213955
35 2638.279346
36 2376.300724
37 2214.233967
38 1971.718900
39 1808.118603
40 1498.753402
41 1349.813792
42 1227.332404
43 1050.017770
44 896.192565
45 908.989433
46 885.287137
47 817.318665
48 690.944708
49 670.891435
50 613.786388
51 561.182346
52 467.685508
53 500.640519
54 446.657215
55 358.887989
56 334.075283
57 323.721432
58 303.636492
59 296.691282
60 293.357352
61 254.713251
62 216.537439
63 181.176031
64 173.755466
65 160.011674
66 150.053726
67 133.790713
68 129.249646
69 130.148193
70 123.025274
71 109.092970
72 94.395154
73 92.908582
74 78.292660
75 73.241602
76 66.774631
77 57.308959
78 54.904147
79 45.048919
80 40.341471
81 36.400769
82 32.395759
83 27.372104
84 23.559421
85 22.330456
86 18.721132
87 15.310177
88 13.286341
89 12.528574
90 10.619750
91 9.689377
92 9.129597
93 8.509764
94 8.071601
95 6.454529
96 5.809551
97 5.725543
98 5.171553
99 4.569562
100 4.385760
101 3.694579
102 3.004239
103 2.786715
104 2.557540
105 2.230325
106 2.072483
107 1.909679
108 1.627586
109 1.485361
110 1.370505
111 1.277087
112 1.104274
113 0.965477
114 0.907757
115 0.828648
116 0.703972
117 0.667615
118 0.614023
119 0.502274
120 0.466342
121 0.411920
122 0.372500
123 0.361767
124 0.315406
125 0.301470
126 0.284820
127 0.254540
128 0.230131
129 0.192352
130 0.181660
131 0.149557
132 0.130882
133 0.117310
134 0.107073
135 0.098385
136 0.088279
137 0.080250
138 0.076429
139 0.065878
140 0.061204
141 0.053524
142 0.047884
143 0.040657
144 0.038146
145 0.034831
146 0.031253
147 0.027528
148 0.023706
149 0.021426
150 0.019050
151 0.017294
152 0.015318
153 0.013617
154 0.012129
155 0.010336
156 0.009206
157 0.008202
158 0.006754
159 0.006202
160 0.005564
161 0.004898
162 0.004539
163 0.004143
164 0.003745
165 0.003258
166 0.002794
167 0.002460
168 0.002078
169 0.001787
170 0.001558
171 0.001407
172 0.001266
173 0.001162
174 0.001046
175 0.000899
176 0.000786
177 0.000675
178 0.000604
179 0.000532
180 0.000462
181 0.000402
182 0.000355
183 0.000314
184 0.000278
185 0.000242
186 0.000205
187 0.000188
188 0.000168
189 0.000153
190 0.000135
191 0.000119
192 0.000106
193 0.000090
194 0.000081
195 0.000069
196 0.000062
197 0.000054
198 0.000047
199 0.000040
200 0.000036
201 0.000031
202 0.000027
203 0.000024
204 0.000021
205 0.000018
206 0.000015
207 0.000013
208 0.000011
209 0.000009
210 0.000008
211 0.000007
212 0.000006
213 0.000005
214 0.000005
215 0.000004
216 0.000004
217 0.000003
218 0.000003
219 0.000002
220 0.000002
221 0.000002
222 0.000002
223 0.000001
224 0.000001
225 0.000001
226 0.000001
227 0.000001
228 0.000001
229 0.000001
230 0.000001
231 0.000000
232 0.000000
233 0.000000
234 0.000000
235 0.000000
236 0.000000
237 0.000000
238 0.000000
239 0.000000
240 0.000000
241 0.000000
242 0.000000
243 0.000000
244 0.000000
245 0.000000
246 0.000000
247 0.000000
248 0.000000
249 0.000000
250 0.000000
251 0.000000
252 0.000000
253 0.000000
254 0.000000
255 0.000000
256 0.000000
257 0.000000
258 0.000000
259 0.000000
260 0.000000
261 0.000000
262 0.000000
263 0.000000
264 0.000000
265 0.000000
266 0.000000
267 0.000000
268 0.000000
269 0.000000
270 0.000000
271 0.000000
272 0.000000
273 0.000000
274 0.000000
275 0.000000
276 0.000000
277 0.000000
278 0.000000
279 0.000000
280 0.000000
281 0.000000
282 0.000000
283 0.000000
284 0.000000
285 0.000000
286 0.000000
287 0.000000
288 0.000000
289 0.000000
290 0.000000
291 0.000000
292 0.000000
293 0.000000
294 0.000000
295 0.000000
296 0.000000
297 0.000000
298 0.000000
299 0.000000
300 0.000000
301 0.000000
302 0.000000
303 0.000000
304 0.000000
305 0.000000
306 0.000000
307 0.000000
308 0.000000
309 0.000000
310 0.000000
311 0.000000
312 0.000000
313 0.000000
314 0.000000
315 0.000000
316 0.000000
317 0.000000
318 0.000000
319 0.000000
320 0.000000
321 0.000000
322 0.000000
323 0.000000
324 0.000000
325 0.000000
326 0.000000
327 0.000000
328 0.000000
329 0.000000
330 0.000000
331 0.000000
332 0.000000
333 0.000000
334 0.000000
335 0.000000
336 0.000000
337 0.000000
338 0.000000
339 0.000000
340 0.000000
341 0.000000
342 0.000000
343 0.000000
344 0.000000
345 0.000000
346 0.000000
347 0.000000
348 0.000000
349 0.000000
350 0.000000
351 0.000000
352 0.000000
353 0.000000
354 0.000000
355 0.000000
356 0.000000
357 0.000000
358 0.000000
359 0.000000
360 0.000000
361 0.000000
362 0.000000
363 0.000000
364 0.000000
365 0.000000
366 0.000000
367 0.000000
368 0.000000
369 0.000000
370 0.000000
371 0.000000
372 0.000000
373 0.000000
374 0.000000
375 0.000000
376 0.000000
377 0.000000
378 0.000000
379 0.000000
380 0.000000
381 0.000000
382 0.000000
383 0.000000
384 0.000000
385 0.000000
386 0.000000
387 0.000000
388 0.000000
389 0.000000
390 0.000000
391 0.000000
392 0.000000
393 0.000000
394 0.000000
395 0.000000
396 0.000000
397 0.000000
398 0.000000
399 0.000000
400 0.000000
401 0.000000
402 0.000000
403 0.000000
404 0.000000
405 0.000000
406 0.000000
407 0.000000
408 0.000000
409 0.000000
410 0.000000
411 0.000000
412 0.000000
413 0.000000
414 0.000000
415 0.000000
416 0.000000
417 0.000000
418 0.000000
419 0.000000
420 0.000000
421 0.000000
422 0.000000
423 0.000000
424 0.000000
425 0.000000
426 0.000000
427 0.000000
428 0.000000
429 0.000000
430 0.000000
431 0.000000
432 0.000000
433 0.000000
434 0.000000
435 0.000000
436 0.000000
437 0.000000
438 0.000000
439 0.000000
440 0.000000
441 0.000000
442 0.000000
443 0.000000
444 0.000000
445 0.000000
446 0.000000
447 0.000000
448 0.000000
449 0.000000
450 0.000000
451 0.000000
452 0.000000
453 0.000000
454 0.000000
455 0.000000
456 0.000000
457 0.000000
458 0.000000
459 0.000000
460 0.000000
461 0.000000
462 0.000000
463 0.000000
464 0.000000
465 0.000000
466 0.000000
467 0.000000
468 0.000000
469 0.000000
470 0.000000
471 0.000000
472 0.000000
473 0.000000
474 0.000000
475 0.000000
476 0.000000
477 0.000000
478 0.000000
479 0.000000
480 0.000000
481 0.000000
482 0.000000
483 0.000000
484 0.000000
485 0.000000
486 0.000000
487 0.000000
488 0.000000
489 0.000000
490 0.000000
491 0.000000
492 0.000000
493 0.000000
494 0.000000
495 0.000000
496 0.000000
497 0.000000
498 0.000000
499 0.000000
500 0.000000
