1 inf
2 inf
3 inf
4 inf
5 inf
6 inf
7 inf
8 inf
9 inf
10 inf
11 inf
12 inf
13 inf
14 inf
15 inf
16 inf
17 inf
18 inf
19 inf
20 inf
21 inf
22 inf
23 inf
24 inf
25 inf
26 inf
27 inf
28 inf
29 inf
30 inf
31 inf
32 inf
33 inf
34 inf
35 inf
36 inf
37 inf
38 inf
39 inf
40 inf
41 inf
42 inf
43 inf
44 inf
45 inf
46 inf
47 inf
48 inf
49 inf
50 inf
51 inf
52 inf
53 inf
54 inf
55 inf
56 inf
57 inf
58 inf
59 inf
60 inf
61 inf
62 inf
63 inf
64 inf
65 inf
66 inf
67 3092030568306157213133111750895535906035117637587552962242147425675324039119628559468501909586732855513354435687359818391376429918071669310589963460202821911973152613380009188606698734326763447193654732416480846721342555797760025970415452932483850665181419075923396142977510013194600667327500841838968832.000000
68 837719819416108964191133247942145632537750762207850087968409376241748473694547588280979446142144279349095744311400054412377835735177569950576750413770302698117133949724263513256834132017256260401776006102920225684251385121739342815087763725176421772655954848697548800.000000
69 34048953936169990522869552133548555616189070032801154986671609377126899152680823790705006351855537962613012992696905583563914378342381355378195774712966973370288925900555824565861111809704626671426213417750297114941889563596947456.000000
70 28027702582622666577748105223396445886088079284317096765633772164356871026036345632919801373085024877026690129686732086539875459987194801576317660618751763316225543727178388596596639815784464384.000000
71 15383050489647252978259871942973696134448620264142277277629274180873817447615336088731951246686273263000168427763798688611912177349921404430393016320.000000
72 9996038554388336382646714305106054673692226447964642769722470957213811078690213910208883152904511791523363094587559116800.000000
73 1047385471151846150082692109342249457522041737427358821409681225632358308424240465663653660590080.000000
74 52341655746854014406809969550424409096499341690887271078696117600256.000000
75 68456685092128216629545599441609619931136.000000
76 4480085.826039
77 39242.268978
78 33614.570373
79 28048.904308
80 24315.086068
81 22239.258709
82 19907.823048
83 17330.524239
84 15427.515412
85 13629.175524
86 12027.991368
87 11102.662670
88 10168.085589
89 8980.331197
90 8285.040051
91 7584.635541
92 6872.408331
93 6160.167866
94 5753.160766
95 5367.588238
96 4916.220093
97 4385.074923
98 4092.507234
99 3715.776342
100 3309.785434
101 3105.554550
102 2856.280742
103 2661.568128
104 2484.538910
105 2318.605200
106 2096.744370
107 1928.004156
108 1791.558527
109 1646.666795
110 1496.951000
111 1410.453354
112 1295.887679
113 1202.600927
114 1092.123573
115 1036.659677
116 952.925951
117 883.556311
118 818.158598
119 757.289765
120 699.976528
121 655.182945
122 605.049427
123 558.658829
124 518.302734
125 484.866291
126 454.298624
127 415.825573
128 390.978766
129 365.889173
130 340.263036
131 316.011115
132 290.714725
133 262.766108
134 248.320623
135 231.836963
136 216.863137
137 205.237897
138 191.096276
139 180.619180
140 168.401577
141 157.574480
142 146.555489
143 137.482144
144 128.290413
145 119.417356
146 109.169716
147 104.353778
148 97.314814
149 91.863404
150 84.765076
151 79.785035
152 75.011739
153 70.411373
154 65.286585
155 62.095982
156 58.232361
157 55.170729
158 51.940054
159 48.798614
160 45.501984
161 43.533592
162 40.638488
163 38.976047
164 36.894524
165 35.103037
166 33.123480
167 31.152180
168 29.445633
169 28.075121
170 26.650371
171 25.346569
172 23.731906
173 22.706251
174 21.532885
175 20.134943
176 19.149383
177 18.237728
178 17.169499
179 16.248097
180 15.366142
181 14.744460
182 13.918176
183 13.226974
184 12.500195
185 11.912979
186 11.322152
187 10.746403
188 10.160275
189 9.774897
190 9.232872
191 8.791743
192 8.259167
193 8.088741
194 7.724790
195 7.323620
196 7.038116
197 6.723696
198 6.413861
199 6.184731
200 5.947565
201 5.680481
202 5.426930
203 5.218062
204 4.938863
205 4.743045
206 4.543262
207 4.380375
208 4.222676
209 4.081148
210 3.910707
211 3.791112
212 3.643981
213 3.497272
214 3.369153
215 3.230343
216 3.134051
217 2.997559
218 2.906995
219 2.792124
220 2.687401
221 2.576564
222 2.478183
223 2.376939
224 2.295014
225 2.221168
226 2.148524
227 2.072182
228 1.997327
229 1.922642
230 1.854976
231 1.782919
232 1.722332
233 1.658443
234 1.602502
235 1.550377
236 1.504386
237 1.446666
238 1.390967
239 1.331634
240 1.298726
241 1.258820
242 1.218470
243 1.185430
244 1.148866
245 1.111311
246 1.074794
247 1.039127
248 1.008368
249 0.980200
250 0.948594
251 0.922177
252 0.896436
253 0.869410
254 0.847144
255 0.825200
256 0.799858
257 0.778008
258 0.755967
259 0.729062
260 0.711958
261 0.691862
262 0.672305
263 0.655495
264 0.634610
265 0.616193
266 0.601470
267 0.582464
268 0.565648
269 0.551104
270 0.535840
271 0.522709
272 0.509795
273 0.497084
274 0.486603
275 0.473526
276 0.459148
277 0.447811
278 0.437251
279 0.426837
280 0.415207
281 0.405041
282 0.395884
283 0.386226
284 0.378609
285 0.367168
286 0.359140
287 0.350898
288 0.344039
289 0.336189
290 0.327638
291 0.318699
292 0.313482
293 0.306160
294 0.298452
295 0.293697
296 0.287342
297 0.280928
298 0.275028
299 0.269520
300 0.264031
301 0.258685
302 0.253063
303 0.248283
304 0.242478
305 0.236811
306 0.232049
307 0.227259
308 0.223290
309 0.218886
310 0.214783
311 0.210295
312 0.206682
313 0.203084
314 0.199095
315 0.195174
316 0.191828
317 0.188802
318 0.183847
319 0.181519
320 0.178468
321 0.175680
322 0.172608
323 0.169608
324 0.166707
325 0.163342
326 0.160716
327 0.157714
328 0.155317
329 0.152620
330 0.149785
331 0.147460
332 0.145304
333 0.142968
334 0.140104
335 0.138198
336 0.136188
337 0.134127
338 0.131531
339 0.129018
340 0.127641
341 0.125776
342 0.123832
343 0.121938
344 0.120160
345 0.118531
346 0.116888
347 0.115209
348 0.113657
349 0.112051
350 0.110515
351 0.108772
352 0.107083
353 0.105646
354 0.104556
355 0.102795
356 0.101577
357 0.100197
358 0.099072
359 0.097576
360 0.096081
361 0.094966
362 0.093740
363 0.092567
364 0.091526
365 0.090213
366 0.089235
367 0.088137
368 0.086759
369 0.085978
370 0.084854
371 0.083971
372 0.082948
373 0.082153
374 0.081283
375 0.080414
376 0.079386
377 0.078324
378 0.077595
379 0.076732
380 0.075934
381 0.075127
382 0.074271
383 0.073472
384 0.072798
385 0.072055
386 0.071341
387 0.070419
388 0.069663
389 0.068985
390 0.068404
391 0.067681
392 0.067173
393 0.066589
394 0.065949
395 0.065359
396 0.064563
397 0.064166
398 0.063507
399 0.062959
400 0.062294
401 0.061769
402 0.061271
403 0.060691
404 0.060221
405 0.059578
406 0.059233
407 0.058697
408 0.058133
409 0.057659
410 0.057268
411 0.056772
412 0.056414
413 0.055923
414 0.055574
415 0.055041
416 0.054726
417 0.054290
418 0.053908
419 0.053584
420 0.053198
421 0.052850
422 0.052494
423 0.052188
424 0.051799
425 0.051491
426 0.051211
427 0.050909
428 0.050593
429 0.050205
430 0.049916
431 0.049577
432 0.049321
433 0.049036
434 0.048754
435 0.048501
436 0.048219
437 0.047977
438 0.047737
439 0.047431
440 0.047211
441 0.046975
442 0.046689
443 0.046464
444 0.046220
445 0.046028
446 0.045842
447 0.045640
448 0.045417
449 0.045245
450 0.045053
451 0.044870
452 0.044716
453 0.044544
454 0.044385
455 0.044188
456 0.044042
457 0.043877
458 0.043682
459 0.043576
460 0.043384
461 0.043272
462 0.043137
463 0.043005
464 0.042861
465 0.042734
466 0.042593
467 0.042475
468 0.042351
469 0.042240
470 0.042131
471 0.042022
472 0.041929
473 0.041812
474 0.041732
475 0.041644
476 0.041558
477 0.041484
478 0.041398
479 0.041322
480 0.041263
481 0.041188
482 0.041125
483 0.041070
484 0.041005
485 0.040955
486 0.040900
487 0.040867
488 0.040821
489 0.040784
490 0.040749
491 0.040711
492 0.040685
493 0.040659
494 0.040632
495 0.040610
496 0.040586
497 0.040575
498 0.040565
499 0.040560
500 0.040557
