1 inf
2 inf
3 inf
4 inf
5 inf
6 inf
7 inf
8 inf
9 inf
10 inf
11 inf
12 inf
13 inf
14 inf
15 inf
16 11014390702643710440305913928382141839466913720723236492059798887970019918497170911958168547846479940080372651495931581464339119424269109830597396249610926288133197954174382204927852500468328307218134100283789375308274048239321109745056802845755721927145330845899561589954407279444008409784992399737017597952.000000
17 2493811844317630050966587681342918724057477162090851866763134313412325280589882143026144075921148569947558800708317269134461880879384681340522024018912629147593229857149801330573179852653554168053351648134755746357098600080902759968870791823273774790701487411276335164230621615040362569201366176104448.000000
18 90739877822466639398116864216089209170013644344481858038071023726789711989127733157306315529229918997431083312580004396047542608800210431371198347108662953502073179982938351254574112825499782315931351645406409737542676723897671769389176184280067808944877333535282560679771792998400.000000
19 251053570527061057984150114236991058509431952680219637838368339074175381829223719730770391306903192093873231561640393717767986325130968104610640074082794292129627651088263728865819563104601059369162173324737184449075689166960245911051580039738725403542585982931154717733279498240.000000
20 302509072059618740045247893872414172566120322175929675764177972836732287479163731664055076491832046151178633757050518180946829787473532803541123955577801158178467858839078013204301243526743088459104679594024558878278082012818969504357728495424319852201300377484379815936.000000
21 388821343862564845540477516145407734019287779533132950114113666346087428493182742913303345879562149748437183749045934650855062720401624417110854293854781383127608594920815703126703515180295462247860934821228725217679283848973175603312033034124652900364459180032.000000
22 1706609569479774540584691115712370590005318161331266805241677121680998548101264271070871095629318505405860971204198195784041078177909234921450270800013712493815998559973664611002152062110601150573941687805426956126006312019225682233267530871698343591936.000000
23 33336590804614500784530713339784787442678327988329399210190362723242234628787754198869277734473824652910799102880693621541153615052935286651232731074827170964438721291116050467584391694882448279367900441914438979115000062060874567930034478624276480.000000
24 235498595792709701917564780457234084432150248455380583901152217021075002912342692238588031179883094147012217116991074328644404617623669558032663721834925356747186250578740687349084618673991037906748338332859374715702415740119084433408.000000
25 13584831204560275275290154364672742455798179850830837261499388066761671534164687961466562794184162221632536251668747692734856554740987800996552143781072970537338608704901916835675328041076332413872496049105246003019170971648.000000
26 4116663156502229763730079042284155278844267121125571863041590941170919635570655127874927666680932225799192496480503454947220263455562824198435182428888207774366103451005701262219038482898203102573753395187194802437357568.000000
27 30774064212729823005727356713259367890074713364464128226173509069421287643781640895816785350651437667335847013942751974135468399918881610103659969960902426830693081079587235109906672734106731656070950379434541056.000000
28 306521742140409345516360687510808325430079732442116961786608338381588443807851791235768502143967139377107801433071493288436280366167264030398257972291244312239654427397990811759673118520088180293632.000000
29 86655544059071375249040345674051634269452356963908409429437722707932945942469371788031653764555629254643556659112716237952913392123254788353205190922805490849213783088917316940437913600.000000
30 458427480953833252552381307199463359551942071720685481829243303936631417707485901377428966460487840577261201545872549041868134726794669636893437492921968702559795258562602044751872.000000
31 498822161182093878856816203441106891619944375914334677616246832239349038237315940282825301665652153000696018653097518021936485339792993720305869244951185793132403086653067886592.000000
32 95788474702613999070054102345947125595619439552582493636658431096579710222548424216957692942301559959167454346747811143022037375655517426480224818972732170723097351028736.000000
33 36384320482579481689743454358003795655992013103435364887586509337872161387173879575171855479883184591640642178565729712379846196329502852872938823663261539368960.000000
34 705979404734800305774500820622402131889788730472422363467719415244269943670757446435730129821962576434163325725034188512509277858002742178246121538715648.000000
35 63443472948989130194188114870484650621304038622087542637182532291651149387118399937198873967897623437812714340729544015807376749214221793864187904.000000
36 172863658237332911165954127352371836269601366282784559355305367816101494052983217984055729285687764081318791982784594089774084521984.000000
37 1890305288515230019419069739332281770372233118235038296363555307272319158402686766911545433452323722669309543281839531098112.000000
38 1528976603714679259660815700125310716268805711508105083334377452634326569032677428809863972592569245910450569216.000000
39 20299206144115911087900188085388917726428469138386019555281988561097906240611527936031608719942138449625088.000000
40 1919358669898970673959286234578865675964688116652537880432260823408868814181642668727074816.000000
41 75258318108473004089576887552851017253301959948906034624072080210698840400191073288192.000000
42 1970651619424173591059441124982496143628180140310932740983065202614245261312.000000
43 368304402191663529433361743828507937751403459331813360140850036736.000000
44 27686847282640126666505938801023307783204083121070265837027328.000000
45 401395301225226242246632979210688839662483848298496.000000
46 145876103065246902997436950109843619840.000000
47 1080165204163037572320198656.000000
48 44332941639972864000.000000
49 2770207.610477
50 7197.960695
51 3259.882353
52 2656.200747
53 2169.840380
54 1683.337000
55 1418.854425
56 1125.268670
57 1011.793305
58 846.434449
59 717.907315
60 592.117528
61 545.550131
62 493.688339
63 437.350925
64 389.005758
65 335.498612
66 298.407352
67 272.404971
68 242.139169
69 213.670454
70 193.211954
71 173.479957
72 149.987375
73 129.253729
74 119.885216
75 104.950895
76 93.479445
77 84.898289
78 77.567787
79 68.517509
80 63.168293
81 54.072981
82 49.380234
83 43.044075
84 38.036181
85 32.926020
86 29.795566
87 26.204504
88 23.626134
89 20.892136
90 17.625058
91 15.905341
92 14.155567
93 12.462738
94 11.325429
95 9.990126
96 8.557632
97 7.969594
98 6.886209
99 6.102622
100 5.445646
101 4.657466
102 4.311029
103 3.780757
104 3.237549
105 3.077761
106 2.712760
107 2.406847
108 2.126088
109 1.964931
110 1.728852
111 1.540226
112 1.375363
113 1.227116
114 1.088694
115 0.979741
116 0.846732
117 0.766462
118 0.688977
119 0.609694
120 0.538583
121 0.472632
122 0.434364
123 0.379791
124 0.340974
125 0.296352
126 0.271141
127 0.243102
128 0.215723
129 0.194976
130 0.174606
131 0.153057
132 0.137642
133 0.122042
134 0.108419
135 0.097281
136 0.086630
137 0.077886
138 0.068289
139 0.063231
140 0.057533
141 0.050929
142 0.046417
143 0.042554
144 0.037772
145 0.034575
146 0.030900
147 0.027979
148 0.026064
149 0.022994
150 0.020971
151 0.018835
152 0.017601
153 0.016005
154 0.014089
155 0.012965
156 0.011901
157 0.010719
158 0.009864
159 0.008860
160 0.008148
161 0.007244
162 0.006680
163 0.006060
164 0.005474
165 0.005035
166 0.004529
167 0.004180
168 0.003788
169 0.003482
170 0.003175
171 0.002963
172 0.002697
173 0.002453
174 0.002237
175 0.002043
176 0.001876
177 0.001692
178 0.001563
179 0.001414
180 0.001298
181 0.001200
182 0.001107
183 0.001025
184 0.000943
185 0.000859
186 0.000778
187 0.000721
188 0.000663
189 0.000612
190 0.000562
191 0.000517
192 0.000477
193 0.000439
194 0.000399
195 0.000370
196 0.000340
197 0.000319
198 0.000293
199 0.000274
200 0.000255
201 0.000238
202 0.000223
203 0.000209
204 0.000196
205 0.000183
206 0.000171
207 0.000160
208 0.000149
209 0.000139
210 0.000129
211 0.000119
212 0.000112
213 0.000103
214 0.000096
215 0.000090
216 0.000083
217 0.000078
218 0.000073
219 0.000069
220 0.000064
221 0.000060
222 0.000057
223 0.000054
224 0.000051
225 0.000047
226 0.000044
227 0.000042
228 0.000040
229 0.000038
230 0.000035
231 0.000033
232 0.000031
233 0.000029
234 0.000028
235 0.000026
236 0.000025
237 0.000024
238 0.000023
239 0.000021
240 0.000020
241 0.000019
242 0.000018
243 0.000017
244 0.000016
245 0.000015
246 0.000014
247 0.000014
248 0.000013
249 0.000012
250 0.000012
251 0.000011
252 0.000011
253 0.000010
254 0.000009
255 0.000009
256 0.000009
257 0.000008
258 0.000008
259 0.000007
260 0.000007
261 0.000007
262 0.000006
263 0.000006
264 0.000006
265 0.000005
266 0.000005
267 0.000005
268 0.000005
269 0.000004
270 0.000004
271 0.000004
272 0.000004
273 0.000004
274 0.000004
275 0.000003
276 0.000003
277 0.000003
278 0.000003
279 0.000003
280 0.000003
281 0.000003
282 0.000003
283 0.000002
284 0.000002
285 0.000002
286 0.000002
287 0.000002
288 0.000002
289 0.000002
290 0.000002
291 0.000002
292 0.000002
293 0.000002
294 0.000002
295 0.000002
296 0.000002
297 0.000001
298 0.000001
299 0.000001
300 0.000001
301 0.000001
302 0.000001
303 0.000001
304 0.000001
305 0.000001
306 0.000001
307 0.000001
308 0.000001
309 0.000001
310 0.000001
311 0.000001
312 0.000001
313 0.000001
314 0.000001
315 0.000001
316 0.000001
317 0.000001
318 0.000001
319 0.000001
320 0.000001
321 0.000001
322 0.000001
323 0.000001
324 0.000001
325 0.000001
326 0.000001
327 0.000001
328 0.000001
329 0.000000
330 0.000000
331 0.000000
332 0.000000
333 0.000000
334 0.000000
335 0.000000
336 0.000000
337 0.000000
338 0.000000
339 0.000000
340 0.000000
341 0.000000
342 0.000000
343 0.000000
344 0.000000
345 0.000000
346 0.000000
347 0.000000
348 0.000000
349 0.000000
350 0.000000
351 0.000000
352 0.000000
353 0.000000
354 0.000000
355 0.000000
356 0.000000
357 0.000000
358 0.000000
359 0.000000
360 0.000000
361 0.000000
362 0.000000
363 0.000000
364 0.000000
365 0.000000
366 0.000000
367 0.000000
368 0.000000
369 0.000000
370 0.000000
371 0.000000
372 0.000000
373 0.000000
374 0.000000
375 0.000000
376 0.000000
377 0.000000
378 0.000000
379 0.000000
380 0.000000
381 0.000000
382 0.000000
383 0.000000
384 0.000000
385 0.000000
386 0.000000
387 0.000000
388 0.000000
389 0.000000
390 0.000000
391 0.000000
392 0.000000
393 0.000000
394 0.000000
395 0.000000
396 0.000000
397 0.000000
398 0.000000
399 0.000000
400 0.000000
401 0.000000
402 0.000000
403 0.000000
404 0.000000
405 0.000000
406 0.000000
407 0.000000
408 0.000000
409 0.000000
410 0.000000
411 0.000000
412 0.000000
413 0.000000
414 0.000000
415 0.000000
416 0.000000
417 0.000000
418 0.000000
419 0.000000
420 0.000000
421 0.000000
422 0.000000
423 0.000000
424 0.000000
425 0.000000
426 0.000000
427 0.000000
428 0.000000
429 0.000000
430 0.000000
431 0.000000
432 0.000000
433 0.000000
434 0.000000
435 0.000000
436 0.000000
437 0.000000
438 0.000000
439 0.000000
440 0.000000
441 0.000000
442 0.000000
443 0.000000
444 0.000000
445 0.000000
446 0.000000
447 0.000000
448 0.000000
449 0.000000
450 0.000000
451 0.000000
452 0.000000
453 0.000000
454 0.000000
455 0.000000
456 0.000000
457 0.000000
458 0.000000
459 0.000000
460 0.000000
461 0.000000
462 0.000000
463 0.000000
464 0.000000
465 0.000000
466 0.000000
467 0.000000
468 0.000000
469 0.000000
470 0.000000
471 0.000000
472 0.000000
473 0.000000
474 0.000000
475 0.000000
476 0.000000
477 0.000000
478 0.000000
479 0.000000
480 0.000000
481 0.000000
482 0.000000
483 0.000000
484 0.000000
485 0.000000
486 0.000000
487 0.000000
488 0.000000
489 0.000000
490 0.000000
491 0.000000
492 0.000000
493 0.000000
494 0.000000
495 0.000000
496 0.000000
497 0.000000
498 0.000000
499 0.000000
500 0.000000
