1 inf
2 inf
3 inf
4 inf
5 inf
6 inf
7 inf
8 inf
9 inf
10 inf
11 inf
12 inf
13 inf
14 inf
15 77309212974531429227046421049466753957444617577042958870877754054870524367261385927544019031895512641622617802517441061559890638110995130397924915481829775019814126703717347219510542671724806082891252897722372379603304655125655279476290066394350736975958672227034335078585012619449783212865731009240367104.000000
16 148432692897363911366471989915732724237883912050001419439456742988781797017847520913409680869815385057674010086096738218687561807579377852755042416784816447064427527656107243882519580184708579604616421668109947474285324715722165556518280228580989709371571051149192893948605626218076526658715648.000000
17 29099007074922789167210666010237861259987295870424776672157194030989834214568870567414611033819904333290779675124471237261777739222963327152948853522609359058249427749558142509639341136165995844729059795428394398455490701167088882033950593725420447452669021970578276741904020945617551360.000000
18 5036050387574512053249819268102323224323478607683135679175754202469106355969543905557849515743514257901514796446322209170397947106410427821747081736850248789995082618061072388038138548617157587880104709591406837685039640622897853555860482798950127611305938893907651600496216724471808.000000
19 99008024782211594375330639311645872425987546961205835496651700676958186265010662852382615804783873114830851173726330580013101059245241818645458314465983332393036168520114048900137042097270934169175154270889004870133080076417912750565609535465694659875870219554538394033848320.000000
20 818508850598394414267581197453766060825516777383537358122365568653160816132960237858166003939762970090432358607853881521857766290877437826728563320173577948280673565369556478023502110937006925166015000907298570449891956694632657026324206532481002038822904688480878592.000000
21 72111609564345272255004960776806336216982353340883887824924900765834141202314864513234952032903714483562321268863156059342863277903547530047361126331715448592190066054783247532250145518029662040197472965099001568301140420466684039329906500853246012577384759296.000000
22 910836552708048724161883018455812405890209365073579426357244279629586320153250237986666220666600581738639261494768038329534570166674549044210228461320671971004012315983830201250284303119161664265685169871848615641036152938786378305191376572121088.000000
23 813157784859750412473424676620185559822325866493360830046722612360114735946806076366083792769416662547622605678261073312282780751149470675229722778062963202814185436153186392573429591555459405573605430972341313427856995160329589620736.000000
24 32495555667574579479321342823177787717159118268431101257153515042263417696130647336139627678611871625565749039074778046022560067371776179139177445695916621183731454657667854086899270804066388436147852478007842283434332124631531520.000000
25 576845837012937926290214797523316900489064445905645465611713226799525861003162429599331583492324605643871677262176187674204480377732333758181822389824297078569640128111630752137013152391207938550583889771554953404450682766884864.000000
26 37009886033680668645919394659080079995700598432696997155699684530412755403419897036832783178121195378034626149904659552188533037129198020079382721429350592660521402671372485110909130530506618426631801677141232630890496.000000
27 144431797223195045038968823581907226847844475585269846341640711331471518062484043262342570896096759130440298099041075581353199576424968044600284064363765102439079061152732979290431508203692446485315584.000000
28 22792702654668707374818522785849009412781669061362513477909497959988914170370701969784160547718583588163427817945675695501597719516236210827392909252403772139865362789818913129594397733679777447936.000000
29 100697237704006336605499227443058351289028496491024835083687667726154717666311591022224571919115396788793323542895132243557718492253941916231218841553067767559023115485588900027357001154560.000000
30 4852580814960862706186740266142678430241050102037455168467942322359223060997537771209425515604459894729188753908175436468419345778520391748622572724742053312363757194753538021430132736.000000
31 2477082290404977887054687605983876851771325092486907280698640600043300167422473257154188011003271793852609805291208016134266883704163649236107113270397754915536477576300068864.000000
32 46553656735526145271881223556527577372576318309374655364146385008710728733391075850294828118842676893569298402107093441580316692949599652553705064403506714801143283712000.000000
33 17021688679486680145376412673983300632808869059955583496117014391873662805362336109299355214030759444750183695848904038109339587910826618263038552565704818688.000000
34 22291446182377368450656732621102642117219028070319252276992196607805458517716785175940746821612060388928476753120769618292882151375532498333204480.000000
35 8170437463785404909871126335234358499584986207457097734346580786407446852761942018046158555498274252502015947262282785481941843968.000000
36 25706792132627538153939230317341529810024723274885470939381489687632566944704636577472540435931088836232988356285464213192704.000000
37 3210926279186089325500314810668253713139052938054671467842826284645668321693049246516159239391906117376131156934656.000000
38 2813085068393525153431156326946689509507631129536964718448220721452057275874784883194048480097528520376320.000000
39 469339365004428103070191701059389169575053205126639465207249699904479714714017655502349008896.000000
40 190530027027742118026274851464839982258020285300613366794687922975500666388791427072.000000
41 6181442411784729391598780418779849095997304039026612375547348802076672.000000
42 519335847823985422625940516981801917969605626446314772960903168.000000
43 31628158843811550504417860180143357005115054293516288.000000
44 12582173822976111709442871557881856.000000
45 32934041007901245670194677809152.000000
46 2377284332178742706176.000000
47 7319452110321.984375
48 10929.646252
49 5003.790477
50 2903.445862
51 2466.749158
52 1988.659328
53 1702.731623
54 1440.955639
55 1234.425660
56 1052.137349
57 908.309830
58 782.745544
59 689.997548
60 563.674370
61 504.421043
62 430.530420
63 406.986037
64 356.969151
65 322.226728
66 263.974690
67 250.664990
68 217.876127
69 199.584680
70 175.243111
71 160.073797
72 142.729592
73 126.336652
74 114.265297
75 101.848830
76 88.746576
77 78.443169
78 69.854564
79 57.952157
80 55.306160
81 48.944942
82 42.737710
83 37.629196
84 33.993466
85 29.991135
86 27.072490
87 23.868375
88 21.297787
89 18.961676
90 16.062604
91 13.627185
92 12.867190
93 11.104289
94 9.573478
95 8.722113
96 7.555325
97 6.671989
98 5.767914
99 4.859523
100 4.431492
101 3.745130
102 3.339394
103 2.969334
104 2.643320
105 2.315504
106 2.055036
107 1.839356
108 1.562265
109 1.429008
110 1.258748
111 1.125299
112 0.994625
113 0.886770
114 0.805186
115 0.720534
116 0.628169
117 0.563969
118 0.512939
119 0.455693
120 0.404452
121 0.367518
122 0.332238
123 0.294736
124 0.266785
125 0.231691
126 0.208804
127 0.179695
128 0.163440
129 0.140756
130 0.130863
131 0.117078
132 0.107599
133 0.095502
134 0.082453
135 0.075801
136 0.068622
137 0.060777
138 0.053397
139 0.049473
140 0.045186
141 0.040392
142 0.036335
143 0.032998
144 0.029831
145 0.026161
146 0.023940
147 0.021670
148 0.019428
149 0.017962
150 0.016152
151 0.014458
152 0.013284
153 0.012076
154 0.010948
155 0.010092
156 0.009157
157 0.008380
158 0.007466
159 0.006882
160 0.006214
161 0.005609
162 0.005014
163 0.004505
164 0.004180
165 0.003810
166 0.003493
167 0.003112
168 0.002899
169 0.002650
170 0.002452
171 0.002209
172 0.002026
173 0.001846
174 0.001690
175 0.001570
176 0.001423
177 0.001321
178 0.001217
179 0.001104
180 0.001014
181 0.000918
182 0.000860
183 0.000783
184 0.000724
185 0.000672
186 0.000623
187 0.000578
188 0.000536
189 0.000491
190 0.000454
191 0.000423
192 0.000386
193 0.000362
194 0.000336
195 0.000311
196 0.000285
197 0.000264
198 0.000242
199 0.000226
200 0.000206
201 0.000193
202 0.000180
203 0.000168
204 0.000158
205 0.000147
206 0.000138
207 0.000127
208 0.000119
209 0.000112
210 0.000102
211 0.000097
212 0.000091
213 0.000085
214 0.000079
215 0.000074
216 0.000069
217 0.000065
218 0.000060
219 0.000057
220 0.000054
221 0.000050
222 0.000047
223 0.000044
224 0.000042
225 0.000039
226 0.000037
227 0.000035
228 0.000033
229 0.000031
230 0.000029
231 0.000028
232 0.000026
233 0.000025
234 0.000023
235 0.000022
236 0.000021
237 0.000020
238 0.000019
239 0.000018
240 0.000017
241 0.000016
242 0.000015
243 0.000014
244 0.000013
245 0.000012
246 0.000012
247 0.000011
248 0.000011
249 0.000010
250 0.000010
251 0.000009
252 0.000009
253 0.000008
254 0.000008
255 0.000007
256 0.000007
257 0.000007
258 0.000006
259 0.000006
260 0.000006
261 0.000006
262 0.000005
263 0.000005
264 0.000005
265 0.000005
266 0.000004
267 0.000004
268 0.000004
269 0.000004
270 0.000004
271 0.000003
272 0.000003
273 0.000003
274 0.000003
275 0.000003
276 0.000003
277 0.000003
278 0.000003
279 0.000002
280 0.000002
281 0.000002
282 0.000002
283 0.000002
284 0.000002
285 0.000002
286 0.000002
287 0.000002
288 0.000002
289 0.000002
290 0.000002
291 0.000002
292 0.000001
293 0.000001
294 0.000001
295 0.000001
296 0.000001
297 0.000001
298 0.000001
299 0.000001
300 0.000001
301 0.000001
302 0.000001
303 0.000001
304 0.000001
305 0.000001
306 0.000001
307 0.000001
308 0.000001
309 0.000001
310 0.000001
311 0.000001
312 0.000001
313 0.000001
314 0.000001
315 0.000001
316 0.000001
317 0.000001
318 0.000001
319 0.000001
320 0.000001
321 0.000001
322 0.000001
323 0.000001
324 0.000000
325 0.000000
326 0.000000
327 0.000000
328 0.000000
329 0.000000
330 0.000000
331 0.000000
332 0.000000
333 0.000000
334 0.000000
335 0.000000
336 0.000000
337 0.000000
338 0.000000
339 0.000000
340 0.000000
341 0.000000
342 0.000000
343 0.000000
344 0.000000
345 0.000000
346 0.000000
347 0.000000
348 0.000000
349 0.000000
350 0.000000
351 0.000000
352 0.000000
353 0.000000
354 0.000000
355 0.000000
356 0.000000
357 0.000000
358 0.000000
359 0.000000
360 0.000000
361 0.000000
362 0.000000
363 0.000000
364 0.000000
365 0.000000
366 0.000000
367 0.000000
368 0.000000
369 0.000000
370 0.000000
371 0.000000
372 0.000000
373 0.000000
374 0.000000
375 0.000000
376 0.000000
377 0.000000
378 0.000000
379 0.000000
380 0.000000
381 0.000000
382 0.000000
383 0.000000
384 0.000000
385 0.000000
386 0.000000
387 0.000000
388 0.000000
389 0.000000
390 0.000000
391 0.000000
392 0.000000
393 0.000000
394 0.000000
395 0.000000
396 0.000000
397 0.000000
398 0.000000
399 0.000000
400 0.000000
401 0.000000
402 0.000000
403 0.000000
404 0.000000
405 0.000000
406 0.000000
407 0.000000
408 0.000000
409 0.000000
410 0.000000
411 0.000000
412 0.000000
413 0.000000
414 0.000000
415 0.000000
416 0.000000
417 0.000000
418 0.000000
419 0.000000
420 0.000000
421 0.000000
422 0.000000
423 0.000000
424 0.000000
425 0.000000
426 0.000000
427 0.000000
428 0.000000
429 0.000000
430 0.000000
431 0.000000
432 0.000000
433 0.000000
434 0.000000
435 0.000000
436 0.000000
437 0.000000
438 0.000000
439 0.000000
440 0.000000
441 0.000000
442 0.000000
443 0.000000
444 0.000000
445 0.000000
446 0.000000
447 0.000000
448 0.000000
449 0.000000
450 0.000000
451 0.000000
452 0.000000
453 0.000000
454 0.000000
455 0.000000
456 0.000000
457 0.000000
458 0.000000
459 0.000000
460 0.000000
461 0.000000
462 0.000000
463 0.000000
464 0.000000
465 0.000000
466 0.000000
467 0.000000
468 0.000000
469 0.000000
470 0.000000
471 0.000000
472 0.000000
473 0.000000
474 0.000000
475 0.000000
476 0.000000
477 0.000000
478 0.000000
479 0.000000
480 0.000000
481 0.000000
482 0.000000
483 0.000000
484 0.000000
485 0.000000
486 0.000000
487 0.000000
488 0.000000
489 0.000000
490 0.000000
491 0.000000
492 0.000000
493 0.000000
494 0.000000
495 0.000000
496 0.000000
497 0.000000
498 0.000000
499 0.000000
500 0.000000
