1 63714935.001716
2 157558440.532615
3 185318411.102450
4 444435979.111301
5 859608465.585688
6 1519731649.395979
7 2801618656.752221
8 6300091600.321496
9 9739971229.673273
10 15838913417.231859
11 39048619865.958237
12 45673642480.914574
13 103011807306.779617
14 197528032386.015869
15 215067252094.373108
16 405097906308.313110
17 480782840816.776978
18 646579996226.913330
19 1245303674934.210693
20 1675559722978.393311
21 2870232366222.673340
22 3423100163583.511230
23 6030484722307.215820
24 9216394524533.148438
25 19837143623167.773438
26 22765179986849.281250
27 28637393084376.066406
28 32649541816840.203125
29 40883166025567.437500
30 78530603290207.218750
31 147009082511992.968750
32 333145284635213.062500
33 314495927199045.125000
34 486119829194634.312500
35 610744130989356.750000
36 755025584867625.500000
37 1283797441245853.000000
38 2096371164563993.500000
39 2536518747401974.000000
40 2100841487998222.750000
41 3750853706827311.000000
42 3833533495740450.500000
43 5485870307862914.000000
44 8021471011625565.000000
45 13589060898946756.000000
46 14154789689968886.000000
47 20575403529310148.000000
48 20764432650156844.000000
49 30533275797594152.000000
50 37931182111495080.000000
51 67363438263125272.000000
52 108106310956049072.000000
53 113518813939100848.000000
54 113265467698580192.000000
55 210355181966965568.000000
56 304430859217543488.000000
57 393408598589318784.000000
58 551823902012695552.000000
59 474014065271811584.000000
60 700208538360242944.000000
61 791756595626088448.000000
62 999509478390833536.000000
63 1200358758630262016.000000
64 1099507769235196160.000000
65 1843486298594086144.000000
66 1823917831115745024.000000
67 2201169654884610048.000000
68 2911678403114528768.000000
69 3719955849979812352.000000
70 4234347416106348032.000000
71 6081359350621116416.000000
72 7544242232910756864.000000
73 7679402964903997440.000000
74 13415496738016843776.000000
75 17920739816301617152.000000
76 15107899054902513664.000000
77 31746256783964098560.000000
78 32701847575948292096.000000
79 32653825451869478912.000000
80 50261323508009566208.000000
81 55601824355796443136.000000
82 85605128368481304576.000000
83 77482712294506938368.000000
84 128233401064198029312.000000
85 165587880002757918720.000000
86 141198530002637684736.000000
87 159318209483021811712.000000
88 149697782290421219328.000000
89 236606777856405929984.000000
90 227200089739570085888.000000
91 246618721299903283200.000000
92 409585262821567234048.000000
93 398456803994303528960.000000
94 276091628087706157056.000000
95 357619939946086662144.000000
96 210503139927481057280.000000
97 302571545361132027904.000000
98 411610855793302896640.000000
99 508993611321974063104.000000
100 611806518336830046208.000000
101 757435626878634819584.000000
102 1169159303091504152576.000000
103 1181560280802641051648.000000
104 1136854971145123790848.000000
105 598726801912356536320.000000
106 872905911453541335040.000000
107 911529342330840547328.000000
108 1502608344051435700224.000000
109 1348466684694894215168.000000
110 1395943885517573324800.000000
111 975771796622481686528.000000
112 1570299545491240648704.000000
113 1738352388523789647872.000000
114 2008278546249244213248.000000
115 2122969081927415889920.000000
116 1776562470146847801344.000000
117 2597540935560876523520.000000
118 2688249093477230444544.000000
119 2168784042691833102336.000000
120 3210243893327697018880.000000
121 2585068379450157563904.000000
122 3516850383061342224384.000000
123 2948503019464173289472.000000
124 2593133161997103792128.000000
125 2550831817963842568192.000000
126 3011371205546554163200.000000
127 4167610905833087959040.000000
128 2957932519160970477568.000000
129 3729722059270882066432.000000
130 2996774733372495757312.000000
131 2426468856244647493632.000000
132 2563109339857907875840.000000
133 2668878086598955106304.000000
134 2569962142417722802176.000000
135 3069956885637986516992.000000
136 3064478106984442232832.000000
137 2612318034224451420160.000000
138 3053181275316697956352.000000
139 2534661881159974125568.000000
140 2181733704354980691968.000000
141 2525699706210777300992.000000
142 2468321837568401342464.000000
143 1769850012817910398976.000000
144 2148992525788504915968.000000
145 1694860325583605465088.000000
146 1443920881948709617664.000000
147 1529606555144489795584.000000
148 1523660187094897917952.000000
149 1572962216870033227776.000000
150 1617365363053461504000.000000
151 857041196971532091392.000000
152 961254523236607328256.000000
153 768195245040371761152.000000
154 836862687641149898752.000000
155 812236611626504159232.000000
156 396440791511808606208.000000
157 522951626833545003008.000000
158 402368569323186421760.000000
159 388548645826592309248.000000
160 284224270089446916096.000000
161 375552963731392888832.000000
162 236923866080556449792.000000
163 296514419704138825728.000000
164 237336668713459679232.000000
165 177482351918068203520.000000
166 147512476283938078720.000000
167 185786146033041473536.000000
168 157788344149779120128.000000
169 144090893465336561664.000000
170 154080599162072072192.000000
171 119251299300437737472.000000
172 126667351388305440768.000000
173 109914280013685637120.000000
174 87659925783734796288.000000
175 92149187130731233280.000000
176 74154135767840407552.000000
177 67347084644286980096.000000
178 61758237014368722944.000000
179 50087107018476863488.000000
180 58287682080960036864.000000
181 55633807187658219520.000000
182 48173223193666142208.000000
183 37977630082001346560.000000
184 29731651630820171776.000000
185 38018207046102220800.000000
186 30277038215386071040.000000
187 24035084754976739328.000000
188 17838286350401708032.000000
189 16731620043833233408.000000
190 13664784785992128512.000000
191 14543755568956717056.000000
192 9813417023558356992.000000
193 7158680104881085440.000000
194 6443454178996514816.000000
195 6481876765979457536.000000
196 5897372559602485248.000000
197 6387975757548924928.000000
198 5627248111838700544.000000
199 5224808379332033536.000000
200 4548040830338648576.000000
201 3632872139971514880.000000
202 2614198095919524352.000000
203 2028456811613128960.000000
204 1454153363774074112.000000
205 1552437168898168320.000000
206 1031735068134900224.000000
207 1024733870457624960.000000
208 673496355685839360.000000
209 608566118667803776.000000
210 456563115641318976.000000
211 496975827125756032.000000
212 471209691479781568.000000
213 463378583220631360.000000
214 473010967344235072.000000
215 400675393576278272.000000
216 322369273024549632.000000
217 223893088555933088.000000
218 161264197270391136.000000
219 138733408560223552.000000
220 95264046670436464.000000
221 71311600796370880.000000
222 68917857069081296.000000
223 56024163627614640.000000
224 55669669375213064.000000
225 44135011224139360.000000
226 29619810479069888.000000
227 25535549766919344.000000
228 20779455899921692.000000
229 20145645963499656.000000
230 13077797841351990.000000
231 11153672352440170.000000
232 9343796278675304.000000
233 6253813713874008.000000
234 5683198361779449.000000
235 5185597563472662.000000
236 3515514585031734.500000
237 2687406183636294.500000
238 2421493839031274.000000
239 1770456253978486.750000
240 1344484813844730.750000
241 1018230502133887.750000
242 806510631183423.500000
243 693811177290069.000000
244 533489516948901.625000
245 472794335153331.750000
246 365160770145908.875000
247 364359603601299.750000
248 261109709163705.343750
249 210630978907097.687500
250 175371362759597.000000
251 123307554140810.375000
252 114368880185840.625000
253 65460111446397.203125
254 53396556320496.562500
255 47638065441764.460938
256 41157516670223.726562
257 43155371220418.593750
258 35148087718801.578125
259 30234434300561.453125
260 25654397679175.886719
261 21111678012453.652344
262 15881940761946.548828
263 12862625956386.023438
264 11513583127437.476562
265 8937438006792.410156
266 9251786421467.527344
267 5253746168317.439453
268 4118178637405.790527
269 3546031206892.569824
270 1994850541689.962402
271 1763235851043.704834
272 1255485056554.720459
273 955529344407.124756
274 908313889061.672607
275 683307062671.281372
276 524920438748.787537
277 339389822543.776062
278 278090484359.011047
279 266752676625.421326
280 208950650636.194061
281 182392969010.631744
282 130082151043.944855
283 117719440472.047729
284 79308172990.276352
285 56493216983.007057
286 45261924545.190361
287 32505095965.825409
288 26535535359.563950
289 16635280370.650850
290 13651437355.517609
291 9822713661.650787
292 8238890154.338444
293 6473351534.962093
294 4418456659.870860
295 2738992837.602819
296 2262971972.492399
297 1749891161.767781
298 974017814.784445
299 909339768.993982
300 670505701.330466
301 449432371.932119
302 356247377.051172
303 279981249.400467
304 258428222.171175
305 188671685.929012
306 137653506.054247
307 114343520.333910
308 93727128.009526
309 80672410.200748
310 53784365.202189
311 35181227.499665
312 28300551.343613
313 21137028.833411
314 15093051.335306
315 11686743.251968
316 9156136.335208
317 8107564.156275
318 6584069.529743
319 4778096.012045
320 3682960.091120
321 2768375.600793
322 2650234.802718
323 1759384.666551
324 1629636.932922
325 1159511.516815
326 925639.583591
327 855260.725153
328 663591.538384
329 516838.546220
330 400281.338162
331 341086.447774
332 231236.877471
333 226953.925896
334 189695.811069
335 173602.676484
336 135950.996218
337 118804.609337
338 84860.635967
339 72684.140758
340 48457.195958
341 43011.150471
342 32451.819415
343 25601.218978
344 19374.813841
345 15714.424233
346 13123.926101
347 10996.087044
348 7951.830298
349 6610.270409
350 4704.215611
351 3899.165129
352 3375.799355
353 2349.176276
354 1937.482826
355 1545.283795
356 1311.892573
357 1096.860921
358 788.544474
359 546.142898
360 458.021054
361 364.444433
362 321.437380
363 260.952798
364 202.757041
365 163.382483
366 133.259832
367 100.400544
368 85.162620
369 70.540692
370 53.185492
371 38.900787
372 33.147039
373 28.099492
374 20.095701
375 14.188388
376 11.508629
377 9.130592
378 6.459511
379 5.135355
380 3.972671
381 3.374966
382 2.644906
383 2.197331
384 1.722309
385 1.453397
386 1.131215
387 0.845891
388 0.645760
389 0.554345
390 0.396685
391 0.323465
392 0.238046
393 0.186811
394 0.156559
395 0.131343
396 0.110370
397 0.083351
398 0.066476
399 0.051142
400 0.043100
401 0.032941
402 0.026375
403 0.020572
404 0.016699
405 0.013723
406 0.010867
407 0.008591
408 0.007008
409 0.005581
410 0.004570
411 0.003769
412 0.002903
413 0.002448
414 0.001952
415 0.001501
416 0.001244
417 0.001002
418 0.000795
419 0.000626
420 0.000501
421 0.000411
422 0.000342
423 0.000245
424 0.000204
425 0.000151
426 0.000121
427 0.000100
428 0.000079
429 0.000065
430 0.000052
431 0.000042
432 0.000035
433 0.000030
434 0.000024
435 0.000019
436 0.000016
437 0.000013
438 0.000011
439 0.000008
440 0.000007
441 0.000006
442 0.000005
443 0.000004
444 0.000003
445 0.000002
446 0.000002
447 0.000002
448 0.000001
449 0.000001
450 0.000001
451 0.000001
452 0.000001
453 0.000000
454 0.000000
455 0.000000
456 0.000000
457 0.000000
458 0.000000
459 0.000000
460 0.000000
461 0.000000
462 0.000000
463 0.000000
464 0.000000
465 0.000000
466 0.000000
467 0.000000
468 0.000000
469 0.000000
470 0.000000
471 0.000000
472 0.000000
473 0.000000
474 0.000000
475 0.000000
476 0.000000
477 0.000000
478 0.000000
479 0.000000
480 0.000000
481 0.000000
482 0.000000
483 0.000000
484 0.000000
485 0.000000
486 0.000000
487 0.000000
488 0.000000
489 0.000000
490 0.000000
491 0.000000
492 0.000000
493 0.000000
494 0.000000
495 0.000000
496 0.000000
497 0.000000
498 0.000000
499 0.000000
500 0.000000
