1 5507379.603544
2 5722627.775131
3 4997758.875108
4 4911787.462702
5 5694665.860373
6 5956702.808236
7 9628089.808037
8 9874460.529753
9 12351779.876369
10 10812302.575242
11 14651210.625974
12 13173730.349264
13 14930927.912559
14 20814620.244047
15 22890696.959610
16 24172290.374195
17 21266258.347239
18 20591265.021199
19 27181974.465108
20 32239151.829460
21 35330995.071718
22 35373335.083249
23 38245404.913466
24 38538902.665048
25 54037665.224619
26 50291329.908581
27 31077620.028507
28 40779474.158875
29 47186826.480428
30 41629445.469307
31 36415930.055242
32 50867380.048522
33 42492589.241228
34 51224603.365061
35 55222162.044451
36 48660719.479730
37 53012663.784729
38 53672614.764505
39 66050413.006677
40 59238775.078146
41 51006193.243108
42 70229985.169468
43 52360070.815406
44 61645002.668320
45 70000727.450365
46 57663366.955536
47 67819066.462969
48 73450793.036444
49 68032651.254511
50 62120381.798544
51 53809854.320830
52 59238537.075742
53 56200044.755575
54 67767943.969958
55 60511513.147229
56 62592766.695016
57 59033871.512815
58 74365471.621378
59 65921522.597736
60 50836107.921475
61 57170984.266516
62 68513932.548464
63 68415040.058460
64 71245870.379652
65 57108552.142872
66 66180480.282900
67 58044162.284646
68 74055958.446642
69 78474818.721721
70 51183285.665821
71 70828701.325651
72 69890565.430339
73 65860089.973982
74 66782513.517468
75 64583059.680440
76 70077112.139746
77 60051896.747783
78 49059157.224616
79 49064115.079352
80 48786683.266215
81 45135107.210337
82 44116220.516755
83 58416512.164144
84 56831036.595663
85 48769685.641857
86 44182554.550741
87 49802320.301982
88 49927939.810649
89 47113174.814206
90 33190623.660293
91 44616687.386407
92 30885650.509665
93 30299435.910847
94 32505401.461105
95 36856738.621853
96 28223518.512011
97 39554707.978649
98 29309216.475381
99 34304724.309678
100 26854432.559527
101 30670518.310113
102 31295555.711403
103 28530479.654051
104 24490248.697661
105 28544484.083914
106 30198254.570301
107 24742069.111150
108 19841902.884867
109 18534129.376754
110 10447361.157786
111 11669380.856261
112 13910262.285466
113 10140717.582562
114 12921374.681480
115 9519544.715023
116 8394981.821154
117 7964535.952845
118 6887894.372308
119 7200965.413964
120 5763836.021152
121 5534409.533648
122 5250477.510167
123 4341256.017423
124 4656340.959208
125 4692256.296059
126 3445724.790355
127 4116308.896480
128 2872219.084762
129 2838049.287452
130 2726245.632253
131 2455567.091122
132 2224652.631583
133 2133329.387026
134 1985372.400562
135 1782841.847089
136 2331713.950752
137 1880170.195962
138 1860610.645303
139 1845558.414931
140 1884349.985720
141 1739812.418227
142 1527293.446131
143 1357725.346958
144 1406429.995184
145 1341294.321571
146 1110521.477263
147 1270425.655448
148 1191329.824006
149 1034065.830994
150 1102264.579144
151 932827.997430
152 879719.228337
153 941350.089270
154 707825.136205
155 764030.632539
156 668266.404363
157 555382.473928
158 672193.628491
159 677207.079967
160 601811.605882
161 562324.666897
162 373487.120558
163 382149.169258
164 391363.972014
165 351242.003438
166 298184.349849
167 296695.793618
168 263328.588692
169 258080.005815
170 252577.088283
171 186959.520124
172 201389.657002
173 163864.877913
174 172542.918350
175 148722.087346
176 134055.086285
177 138781.064789
178 114385.714620
179 118404.077001
180 111278.943969
181 113658.892533
182 106824.024664
183 107314.133494
184 98715.723632
185 96539.864045
186 94215.010489
187 76771.520663
188 73827.198503
189 66515.598974
190 62302.229357
191 48643.288662
192 50108.725185
193 47555.867129
194 40635.792204
195 40261.824190
196 38159.293621
197 40079.341765
198 36945.729035
199 36339.430704
200 34500.566374
201 26646.399094
202 25336.415997
203 30044.442650
204 27273.621344
205 21554.961393
206 17688.497625
207 20458.536557
208 19049.346978
209 18709.921921
210 17414.447561
211 14855.533372
212 15243.668304
213 15949.301566
214 14851.138009
215 16322.456671
216 15149.661952
217 13375.118770
218 14334.730936
219 14706.794544
220 13822.251592
221 13995.226361
222 11920.469748
223 12329.958615
224 13357.024313
225 12497.415842
226 11498.598228
227 12879.142596
228 12093.510673
229 11073.087360
230 11394.000480
231 8485.238806
232 8721.340999
233 8343.279155
234 8190.977073
235 6612.351767
236 5683.543830
237 7221.273593
238 6923.489984
239 6609.590215
240 5430.465952
241 6824.539560
242 6609.127491
243 5022.825845
244 5935.898977
245 5206.150758
246 5586.552779
247 5320.035414
248 5304.995032
249 4771.686237
250 4401.317257
251 4609.840402
252 4212.655196
253 4549.306768
254 4057.153480
255 3959.348263
256 3867.304343
257 3534.754139
258 3446.175385
259 3382.006668
260 3159.516307
261 2859.256838
262 2872.933956
263 2399.492355
264 2313.617601
265 2413.977470
266 2224.641479
267 2321.437188
268 2496.384964
269 2175.389342
270 2245.668275
271 2043.296800
272 2005.251836
273 1919.467221
274 1906.068111
275 1963.187878
276 1892.599828
277 1730.403477
278 1821.587304
279 1947.228026
280 1847.787110
281 2031.273133
282 1978.303277
283 1767.833861
284 1747.267283
285 1527.951990
286 1633.950427
287 1361.425888
288 1411.417716
289 1466.635513
290 1393.781632
291 1338.213123
292 1357.661780
293 1163.455183
294 1089.584462
295 1084.020056
296 1121.082809
297 1119.331154
298 1016.209814
299 1027.542229
300 990.385228
301 918.843612
302 851.032952
303 832.104734
304 808.721411
305 704.941698
306 705.359782
307 702.296045
308 687.309818
309 616.780505
310 630.252042
311 603.428817
312 627.328712
313 615.336167
314 522.165703
315 517.378517
316 543.751306
317 510.333231
318 511.560971
319 498.888731
320 480.566090
321 431.184563
322 452.963263
323 454.091773
324 403.526907
325 392.471156
326 408.805363
327 380.780298
328 382.054713
329 376.490895
330 375.340444
331 336.844478
332 332.994867
333 313.348888
334 325.653448
335 306.129992
336 298.124929
337 278.225109
338 259.711733
339 260.417233
340 255.480532
341 240.386448
342 226.898577
343 234.941711
344 238.571641
345 230.031477
346 220.176802
347 216.949609
348 220.924462
349 199.555324
350 199.918045
351 194.477735
352 196.753527
353 191.583859
354 178.451495
355 172.648079
356 174.108902
357 160.170895
358 160.944964
359 163.408822
360 158.691816
361 152.138056
362 150.726915
363 146.542765
364 138.446549
365 141.379103
366 133.442887
367 126.495931
368 125.320034
369 123.930063
370 120.960777
371 120.773909
372 116.641613
373 117.205479
374 111.599502
375 109.402676
376 104.788290
377 104.603329
378 98.257730
379 97.644673
380 97.502727
381 96.937450
382 94.221856
383 92.421337
384 93.171635
385 90.407225
386 89.346913
387 88.453657
388 83.893723
389 84.994457
390 82.886282
391 80.469165
392 79.964319
393 76.820292
394 75.839569
395 74.432886
396 73.296433
397 72.370842
398 71.608369
399 71.870968
400 69.604780
401 68.652992
402 67.288939
403 66.538389
404 66.234565
405 66.168148
406 64.767873
407 63.565761
408 61.688899
409 59.805989
410 59.791075
411 57.063204
412 56.385865
413 54.665884
414 54.228731
415 53.477648
416 52.773066
417 52.010666
418 51.358023
419 50.757091
420 50.314375
421 50.113937
422 50.009413
423 48.311862
424 48.374266
425 46.976847
426 46.434122
427 46.252550
428 44.832409
429 44.928864
430 43.482393
431 42.589387
432 42.106893
433 41.322305
434 40.975273
435 40.459881
436 39.667675
437 39.562423
438 39.506595
439 38.566538
440 38.453130
441 37.463353
442 37.099919
443 36.541212
444 35.577218
445 35.291800
446 34.844856
447 34.447234
448 33.655556
449 33.529343
450 33.259031
451 32.754706
452 32.157913
453 31.629732
454 31.234937
455 31.299315
456 30.881803
457 30.670189
458 30.430995
459 30.143683
460 29.723832
461 29.715524
462 29.232804
463 28.896178
464 28.804058
465 28.662424
466 28.253843
467 28.120911
468 27.970657
469 27.710764
470 27.421875
471 27.356661
472 27.020661
473 26.906578
474 26.558947
475 26.357563
476 26.203543
477 25.947222
478 25.727881
479 25.609401
480 25.437275
481 25.275278
482 25.079269
483 24.937958
484 24.839974
485 24.718817
486 24.573227
487 24.452270
488 24.339191
489 24.246034
490 24.148848
491 24.067869
492 23.988213
493 23.909486
494 23.859928
495 23.815534
496 23.762347
497 23.724749
498 23.694986
499 23.675214
500 23.663143
