1 82552582.085542
2 70742040.492467
3 91766068.358902
4 98392066.952349
5 151375232.254500
6 153908372.481861
7 192401018.474395
8 164745711.208865
9 216663495.815981
10 357634652.739099
11 264710103.261078
12 381147776.268781
13 371876609.103731
14 441412953.608016
15 562923688.069700
16 608174565.482920
17 780170101.304247
18 788242897.773796
19 816459349.588344
20 885312407.358937
21 1550792891.381791
22 1541695954.907210
23 1667006465.922325
24 1864703105.881155
25 2115051482.704113
26 2347055176.433140
27 1724971172.313753
28 2379442855.206125
29 2463077863.771112
30 3049581947.540514
31 2411241530.669782
32 2046926610.475730
33 2918049207.504221
34 3525896547.326106
35 3493694973.093504
36 3792496249.511691
37 4373558713.311481
38 4397854480.919941
39 4381820457.887430
40 4242493585.633272
41 4488045818.376613
42 4899100087.345206
43 5872640463.978183
44 4849443218.244910
45 5027910922.542342
46 6307930377.799902
47 5448471103.778758
48 6811944719.310285
49 7927243494.280606
50 6080267811.203972
51 8019254918.145296
52 8196490429.284558
53 9997317453.576971
54 8245045558.214301
55 11478441825.227304
56 13500958227.036396
57 12000839527.377586
58 11447371924.434677
59 11208320988.341232
60 10099537272.386993
61 10609695341.831270
62 11394536257.280447
63 11424351730.382788
64 10750389741.564354
65 9890812060.184706
66 11908422278.032639
67 7491839879.915628
68 10601534258.024963
69 7540567259.788916
70 8705369259.889759
71 11034991380.987173
72 9950231161.082092
73 8942754604.803932
74 9888756152.103359
75 11227692760.619720
76 10183431774.891327
77 9377870431.106359
78 9204696534.675419
79 8269759944.276523
80 10080195974.472754
81 8049854030.924554
82 6485085306.184522
83 9650966941.617867
84 9570005698.407362
85 9118869972.789856
86 8733829031.211905
87 7462511939.040522
88 7650351591.076953
89 8465080051.024991
90 7351435690.413639
91 7070160489.924309
92 6701681756.997133
93 5379226521.816250
94 6010844298.249954
95 4566189217.458697
96 5204751190.166902
97 5415610944.167663
98 5118915198.380209
99 5198478006.665726
100 4440645186.033979
101 3658739217.984517
102 4893683566.543219
103 3834494318.256485
104 4657620741.443019
105 5772993559.921335
106 4488907779.991195
107 4256879696.138665
108 2985334713.429208
109 4677923887.989199
110 4792366637.211830
111 4081106591.306299
112 3663558945.677552
113 4863038230.706147
114 3447071089.326176
115 3419913330.960508
116 3866326839.390108
117 3741936577.252328
118 4181991875.001972
119 3682427308.751505
120 3469873304.505193
121 3763549590.234945
122 3406687781.682810
123 4239564379.067185
124 3801912379.957315
125 3290113394.971952
126 3587876278.186726
127 2466294020.965061
128 2450511639.742891
129 2312048258.521306
130 1857238450.342344
131 2041975952.981691
132 2221224669.784572
133 2317277102.363761
134 2288625830.328403
135 2863751765.252851
136 2758230975.897645
137 2618439316.834496
138 2392864231.723952
139 1797439241.660473
140 2045871368.621041
141 2013513551.387741
142 1850297499.007077
143 1802991313.716331
144 1905604921.553317
145 1904350847.494054
146 1478929269.599398
147 1622232930.811498
148 1654848307.360132
149 1710045257.478683
150 1494236488.491375
151 1289045922.512670
152 1431614825.450422
153 1543580529.801055
154 1323975331.555901
155 1513737856.016886
156 847078064.595259
157 1043467146.811308
158 1248280207.293028
159 1375110749.867280
160 1178269912.377930
161 1210358658.245104
162 1051242083.016392
163 1138512446.798198
164 1008232049.617202
165 1059439970.618428
166 945968623.709658
167 1015592230.985064
168 1113275450.933746
169 881304347.187521
170 694992652.352217
171 732833700.653604
172 669252472.271954
173 817315912.745482
174 888663760.413309
175 789461636.017632
176 917433788.832132
177 849245886.137633
178 766465609.903301
179 630273111.028788
180 636099376.907120
181 605216334.647434
182 587707545.698204
183 575137394.731981
184 641973428.414309
185 473936382.187046
186 401027101.377813
187 420426723.253661
188 394866321.598256
189 392656622.475951
190 465731336.781702
191 369263810.020597
192 321255900.993716
193 263504349.019938
194 236544405.730770
195 281618087.319932
196 241873653.079836
197 213426809.847924
198 249582959.118669
199 212227039.442927
200 185577664.946169
201 176208904.969160
202 168213734.724322
203 171704446.985870
204 173572708.079379
205 140351056.706180
206 145135503.031404
207 142089675.328750
208 132615987.873725
209 124607539.047165
210 123021745.912971
211 143887869.457563
212 119477454.211554
213 126372837.376083
214 104495148.767108
215 95207618.007572
216 104204460.278779
217 97298576.643856
218 83102840.733926
219 84873732.002440
220 91320444.783400
221 74916804.833708
222 62948950.998768
223 75872656.790341
224 77231034.981162
225 71278474.136899
226 51272794.232190
227 53959840.956528
228 57782302.638991
229 56822071.898677
230 46963322.013638
231 46044732.369268
232 41875467.567293
233 45435155.131564
234 38511413.501370
235 39107152.687091
236 40721199.629694
237 37037660.618354
238 35401290.183767
239 40098005.669272
240 38919489.486174
241 40372133.119230
242 28737221.939268
243 34719694.013841
244 30692582.407235
245 29397569.962270
246 34181299.564753
247 32474042.383285
248 31022090.710054
249 26655196.290898
250 26415790.897196
251 25326605.529265
252 21510607.000245
253 24340333.937028
254 21946172.922174
255 21024620.329589
256 20979057.008756
257 21386914.411543
258 18422252.954642
259 17782868.561644
260 15849057.906883
261 14548798.646217
262 15058674.948891
263 14616891.988754
264 12842434.224994
265 13113822.150045
266 12201364.891071
267 12569110.811029
268 11104956.623324
269 11475748.131197
270 11479628.428604
271 11385686.444294
272 10855191.983586
273 10032198.851056
274 9827489.119955
275 9739113.193366
276 9203499.282401
277 10795021.683689
278 9428760.226746
279 9160524.701214
280 7973471.696075
281 8403927.732663
282 7712584.279606
283 7799216.126904
284 7991111.970205
285 7780958.895424
286 8189043.915123
287 7637663.731442
288 7834357.096102
289 7638167.263340
290 7800838.971618
291 7050126.581806
292 6942879.513421
293 6772465.505445
294 7044393.707958
295 6830009.691186
296 6025283.266220
297 6683217.228661
298 6015768.301367
299 6076197.380799
300 6162937.862714
301 6088716.308731
302 6579913.801379
303 5679752.231993
304 5325817.151311
305 4958428.224069
306 4952667.489820
307 5203692.409248
308 5499467.136487
309 5044755.216682
310 4715637.042106
311 4706358.563385
312 4482111.360752
313 4553349.406072
314 4516534.762890
315 4219621.246032
316 4243545.745994
317 3913385.039971
318 4132854.215234
319 4164568.604868
320 3811612.854994
321 3891240.853900
322 3948120.163264
323 3956348.341130
324 3618862.202590
325 3868835.771256
326 3936883.078714
327 3859949.360881
328 3884673.305840
329 4075863.250558
330 4011516.673409
331 3810848.683021
332 3849592.222332
333 3830542.610098
334 3837750.732842
335 3883543.759749
336 3798336.190205
337 3299989.580990
338 3345460.564585
339 3468478.847494
340 3229462.793540
341 3059734.327223
342 3100656.323742
343 3040191.587158
344 2847829.074590
345 2874649.730338
346 2947835.565774
347 2520632.792955
348 2723000.355190
349 2571603.563495
350 2536983.412736
351 2660521.693054
352 2473994.557051
353 2417179.446058
354 2501367.276979
355 2173637.014999
356 2256070.135309
357 2183648.697272
358 2138842.850506
359 2122815.264877
360 1920043.500225
361 2027488.110638
362 1937363.319652
363 1852472.633236
364 1788087.897173
365 1722957.073742
366 1697411.126262
367 1588234.460104
368 1549402.021053
369 1433369.023672
370 1523312.267093
371 1475404.797610
372 1426438.924189
373 1407203.039259
374 1549588.536385
375 1440894.017190
376 1308025.380500
377 1371913.964044
378 1323681.633033
379 1306238.183639
380 1214645.675868
381 1209559.982645
382 1187897.207084
383 1159530.848326
384 1150406.534171
385 1149305.595220
386 1163054.735775
387 1150362.124554
388 1105001.151896
389 1090107.317896
390 1081119.562282
391 1060428.282337
392 1091707.156017
393 1076196.711829
394 1024134.235299
395 1008341.001314
396 1008402.705102
397 981373.142657
398 956759.840233
399 981827.484870
400 988372.180487
401 968666.040476
402 915827.874640
403 934089.075090
404 884179.137382
405 878725.924014
406 873212.089208
407 877648.015834
408 904973.516509
409 889175.113137
410 914042.520193
411 905625.900584
412 880471.203086
413 877285.081048
414 885623.189299
415 891845.149855
416 895185.151534
417 901317.656175
418 869320.059008
419 877014.551223
420 844341.648432
421 846041.008047
422 810023.036495
423 833250.842160
424 816505.534568
425 783930.510911
426 771103.095896
427 777856.861004
428 779856.080856
429 772460.364820
430 770290.033083
431 764699.444197
432 748218.317497
433 744215.729627
434 734325.561420
435 724692.045562
436 713363.071035
437 700038.256014
438 673888.267958
439 668646.926297
440 660987.037218
441 645867.727954
442 650322.108935
443 631888.219059
444 636555.352300
445 633721.672819
446 638080.406135
447 632924.874970
448 628414.062333
449 617322.596910
450 616858.430802
451 599820.608002
452 594286.895283
453 592114.387962
454 583074.306988
455 580198.322689
456 577539.785259
457 572836.514063
458 565423.017233
459 565381.109033
460 564884.548563
461 566273.697748
462 559244.009431
463 553166.564151
464 547063.276187
465 538033.824760
466 534771.698671
467 527710.244661
468 524065.038448
469 521279.846443
470 520640.757003
471 516298.080688
472 514872.596130
473 504877.162026
474 502781.512645
475 498149.975998
476 493182.797198
477 488861.571214
478 487766.971574
479 485660.610199
480 483001.134502
481 480374.989382
482 478041.814718
483 475730.269815
484 473476.549218
485 472024.250410
486 467686.690953
487 464110.285495
488 463102.415060
489 460203.960537
490 458072.176682
491 455637.027578
492 454750.226214
493 453505.540181
494 452472.967001
495 451729.339211
496 451097.160072
497 450583.587247
498 450180.439273
499 449661.313476
500 449505.193965
