1 68750255.194477
2 222836065.766880
3 287262107.970420
4 774866408.620306
5 1213031172.189620
6 2117817471.902058
7 5291066210.333661
8 8028902855.041516
9 11257678629.246889
10 20875844327.790890
11 20483686697.484974
12 17486478465.868687
13 39599827742.403290
14 48926893155.888130
15 60693035307.757767
16 110618568706.523605
17 174852065715.552612
18 302322084578.181641
19 437081205220.070129
20 895482547259.887207
21 1162268739523.227295
22 1373093818605.077393
23 2193863647056.451172
24 2863906325601.885742
25 5489827585902.783203
26 10416635708961.390625
27 9152033524149.619141
28 14441364671451.158203
29 17392823467758.531250
30 21174594682323.078125
31 32439899644728.492188
32 44975207142142.484375
33 43801934794260.734375
34 95805531131076.015625
35 158436647701008.656250
36 149979150543312.843750
37 285657506065419.250000
38 314832471635679.437500
39 475196379326322.937500
40 713565277400532.500000
41 809595125911656.375000
42 838060144524965.500000
43 1487648871937370.750000
44 2410265920752284.000000
45 2877381806892088.000000
46 4036098222350671.500000
47 3083002423476686.000000
48 4905778262024444.000000
49 7386009713203221.000000
50 8406924806586993.000000
51 9797486229468328.000000
52 11189995789609832.000000
53 14105488652272654.000000
54 24331019981428436.000000
55 33378884953094824.000000
56 45230258067488168.000000
57 32413300696858060.000000
58 56808989643729640.000000
59 50074392596933496.000000
60 87753496831383856.000000
61 79230905982258240.000000
62 149243136116219584.000000
63 154700906941230976.000000
64 175195318708179392.000000
65 265047196108096864.000000
66 249716164317696096.000000
67 274280268432440384.000000
68 443489893301584576.000000
69 332765627554990080.000000
70 773859519235884032.000000
71 1019337460758930816.000000
72 1147627593249573248.000000
73 1156790417523351552.000000
74 1670242663666806272.000000
75 1645992393740426752.000000
76 1629534979069969152.000000
77 1583712365505321984.000000
78 2202561212698403072.000000
79 2539496292150516224.000000
80 3352154379918693888.000000
81 3585805881906192896.000000
82 2555194087936936960.000000
83 3942293713902080000.000000
84 5735655247774384128.000000
85 4683303583406798848.000000
86 6208878653466001408.000000
87 5478637008550915072.000000
88 10522912288162156544.000000
89 6930372260296138752.000000
90 7318995966778441728.000000
91 9521105672971161600.000000
92 9507185998186848256.000000
93 11085266178291316736.000000
94 13882002467845124096.000000
95 13175096935405436928.000000
96 18160138762000584704.000000
97 24331967816730300416.000000
98 15021069920517111808.000000
99 15718302294364424192.000000
100 11315444668751546368.000000
101 12904320896512348160.000000
102 19703379109804097536.000000
103 22494670476463050752.000000
104 27186625731409575936.000000
105 30047020139047161856.000000
106 19527498526167859200.000000
107 34921787962164064256.000000
108 29412270212925431808.000000
109 22751212557538295808.000000
110 25334744698760966144.000000
111 33670156485330595840.000000
112 26703189127747989504.000000
113 14422277098980038656.000000
114 23139303661856497664.000000
115 26341631418490740736.000000
116 24705711940287627264.000000
117 22016730718850084864.000000
118 22897836462493974528.000000
119 16787375987014576128.000000
120 18440389477846548480.000000
121 13128421785289383936.000000
122 17195190053670498304.000000
123 18705426825530413056.000000
124 16677937925487759360.000000
125 11770597259621210112.000000
126 11485470002677643264.000000
127 12971117652026697728.000000
128 15419122994804563968.000000
129 11286919920067989504.000000
130 7813727353886565376.000000
131 8338511444902036480.000000
132 8391159842988689408.000000
133 6230542286291213312.000000
134 4139977906518715392.000000
135 3516432856850805760.000000
136 4352344339730165760.000000
137 3439800911655120384.000000
138 2531793110839938048.000000
139 1798373498625346048.000000
140 1987615495414384128.000000
141 1694536866586970624.000000
142 1997708829972849152.000000
143 2043743058876510720.000000
144 1838936799460893952.000000
145 1033310184160586752.000000
146 1059498748666202752.000000
147 1135681447196516608.000000
148 1039864953499465856.000000
149 1094593454334183936.000000
150 714471306979952384.000000
151 458328877394403328.000000
152 611129432883414528.000000
153 490044658304878272.000000
154 475323060509846528.000000
155 412938924925027776.000000
156 286609105409745472.000000
157 279112681815569984.000000
158 215501525171222016.000000
159 141835211950579808.000000
160 143410726934406224.000000
161 91551266510269792.000000
162 65749848219103616.000000
163 79097832008588160.000000
164 47406677922337424.000000
165 27843419804291340.000000
166 24005829936346752.000000
167 17189100515436632.000000
168 17297880747504326.000000
169 13069491416765778.000000
170 12183168713730838.000000
171 7551083268563107.000000
172 9319866438352240.000000
173 6861121094619179.000000
174 6003878967172183.000000
175 3405945761659868.500000
176 1841870148719535.500000
177 1592176428043418.750000
178 1816497969887531.750000
179 1275838875741218.500000
180 1123543482419114.250000
181 788898875682269.250000
182 394239253325303.812500
183 308202619137932.000000
184 309890710874735.312500
185 234131744803789.593750
186 178056550072664.593750
187 110477791504838.312500
188 77515192172944.968750
189 61253311747261.945312
190 34458411232237.910156
191 30758585254170.890625
192 27466444420186.535156
193 16352102181146.232422
194 12410267929964.542969
195 8624594490715.071289
196 6790331114317.528320
197 4364095531718.000000
198 3140435090664.018066
199 2540234567129.542969
200 1920178990661.800293
201 1141390768684.395020
202 1071680303468.202393
203 496334667286.288818
204 327374419622.975586
205 280813778977.118835
206 207618969742.921692
207 103774265302.161285
208 104198025190.194519
209 69218547902.867813
210 52183083472.639496
211 33514214350.856903
212 29087796741.683273
213 15145167610.446743
214 11705460749.976265
215 8575481611.809853
216 6867889685.907170
217 6067006512.901313
218 2965266544.942832
219 2151844067.141546
220 1875505078.212261
221 1267047005.753790
222 822537621.922930
223 415561480.412337
224 254079144.484839
225 209725984.634160
226 170472520.217308
227 141154912.762451
228 79514248.707603
229 65221298.249971
230 43680122.321418
231 24700390.184299
232 23348308.921924
233 21408956.421106
234 15060147.818917
235 9966331.587365
236 6317565.396871
237 3508789.021782
238 2096757.839043
239 2450816.417480
240 1208266.834684
241 779889.421669
242 590122.755429
243 401279.513800
244 268511.276093
245 166283.345113
246 98483.648735
247 58346.006688
248 33625.786293
249 20965.279171
250 12087.496205
251 8146.175146
252 5433.422918
253 3865.614404
254 2668.833296
255 1775.998595
256 1307.058154
257 1168.617997
258 758.186044
259 495.915200
260 346.627065
261 257.612449
262 157.196397
263 105.837616
264 70.295975
265 40.890400
266 26.927006
267 18.542238
268 12.062339
269 6.897533
270 3.855420
271 3.160989
272 1.589040
273 1.271373
274 0.714658
275 0.508539
276 0.345700
277 0.188357
278 0.101530
279 0.059436
280 0.033536
281 0.022927
282 0.013802
283 0.010153
284 0.005128
285 0.003483
286 0.002170
287 0.001196
288 0.000662
289 0.000381
290 0.000224
291 0.000141
292 0.000087
293 0.000058
294 0.000029
295 0.000018
296 0.000008
297 0.000004
298 0.000002
299 0.000001
300 0.000001
301 0.000000
302 0.000000
303 0.000000
304 0.000000
305 0.000000
306 0.000000
307 0.000000
308 0.000000
309 0.000000
310 0.000000
311 0.000000
312 0.000000
313 0.000000
314 0.000000
315 0.000000
316 0.000000
317 0.000000
318 0.000000
319 0.000000
320 0.000000
321 0.000000
322 0.000000
323 0.000000
324 0.000000
325 0.000000
326 0.000000
327 0.000000
328 0.000000
329 0.000000
330 0.000000
331 0.000000
332 0.000000
333 0.000000
334 0.000000
335 0.000000
336 0.000000
337 0.000000
338 0.000000
339 0.000000
340 0.000000
341 0.000000
342 0.000000
343 0.000000
344 0.000000
345 0.000000
346 0.000000
347 0.000000
348 0.000000
349 0.000000
350 0.000000
351 0.000000
352 0.000000
353 0.000000
354 0.000000
355 0.000000
356 0.000000
357 0.000000
358 0.000000
359 0.000000
360 0.000000
361 0.000000
362 0.000000
363 0.000000
364 0.000000
365 0.000000
366 0.000000
367 0.000000
368 0.000000
369 0.000000
370 0.000000
371 0.000000
372 0.000000
373 0.000000
374 0.000000
375 0.000000
376 0.000000
377 0.000000
378 0.000000
379 0.000000
380 0.000000
381 0.000000
382 0.000000
383 0.000000
384 0.000000
385 0.000000
386 0.000000
387 0.000000
388 0.000000
389 0.000000
390 0.000000
391 0.000000
392 0.000000
393 0.000000
394 0.000000
395 0.000000
396 0.000000
397 0.000000
398 0.000000
399 0.000000
400 0.000000
401 0.000000
402 0.000000
403 0.000000
404 0.000000
405 0.000000
406 0.000000
407 0.000000
408 0.000000
409 0.000000
410 0.000000
411 0.000000
412 0.000000
413 0.000000
414 0.000000
415 0.000000
416 0.000000
417 0.000000
418 0.000000
419 0.000000
420 0.000000
421 0.000000
422 0.000000
423 0.000000
424 0.000000
425 0.000000
426 0.000000
427 0.000000
428 0.000000
429 0.000000
430 0.000000
431 0.000000
432 0.000000
433 0.000000
434 0.000000
435 0.000000
436 0.000000
437 0.000000
438 0.000000
439 0.000000
440 0.000000
441 0.000000
442 0.000000
443 0.000000
444 0.000000
445 0.000000
446 0.000000
447 0.000000
448 0.000000
449 0.000000
450 0.000000
451 0.000000
452 0.000000
453 0.000000
454 0.000000
455 0.000000
456 0.000000
457 0.000000
458 0.000000
459 0.000000
460 0.000000
461 0.000000
462 0.000000
463 0.000000
464 0.000000
465 0.000000
466 0.000000
467 0.000000
468 0.000000
469 0.000000
470 0.000000
471 0.000000
472 0.000000
473 0.000000
474 0.000000
475 0.000000
476 0.000000
477 0.000000
478 0.000000
479 0.000000
480 0.000000
481 0.000000
482 0.000000
483 0.000000
484 0.000000
485 0.000000
486 0.000000
487 0.000000
488 0.000000
489 0.000000
490 0.000000
491 0.000000
492 0.000000
493 0.000000
494 0.000000
495 0.000000
496 0.000000
497 0.000000
498 0.000000
499 0.000000
500 0.000000
