1 60263888.705978
2 174438175.677272
3 400663388.685143
4 445831761.727204
5 850780441.656166
6 992787861.469333
7 1674228754.606902
8 2338461064.190190
9 7873631819.833198
10 15037890215.621901
11 21865137321.572178
12 35942966266.242859
13 79495153067.535019
14 180099468006.984131
15 178322689866.903046
16 295397583227.437500
17 277250937398.083923
18 816157580697.417480
19 1453209726398.861328
20 1953742088408.219238
21 2718640433749.028809
22 3817694823229.182617
23 5019908174454.597656
24 10594013245181.181641
25 7592762170646.739258
26 8853351750272.974609
27 18363583497646.738281
28 22345336726991.062500
29 30296780449476.480469
30 37694414021705.101562
31 52908042711051.914062
32 94736145639949.203125
33 126864033566325.218750
34 197389078810137.531250
35 326365358771461.562500
36 249258729950601.687500
37 485809450267068.750000
38 1180058863937351.750000
39 895339410367597.750000
40 751149559532690.625000
41 1735127365232006.500000
42 2265070723885487.500000
43 1954865783578484.250000
44 2862055266314605.000000
45 4780120713937190.000000
46 9814064212983170.000000
47 10884432197239446.000000
48 14868035500614800.000000
49 16660607530411344.000000
50 22688741318788452.000000
51 20513418351103504.000000
52 32274837845351320.000000
53 37821514912166376.000000
54 39236332770052048.000000
55 47680166052167752.000000
56 72634511235177840.000000
57 107262004287555664.000000
58 99380848897656048.000000
59 116686486690992096.000000
60 194202970574194048.000000
61 139475947186996080.000000
62 171201708381967360.000000
63 214793773569395520.000000
64 278497288123956448.000000
65 309623261723408192.000000
66 401554560172946688.000000
67 546391478077500032.000000
68 554716868377346624.000000
69 474715078525529472.000000
70 764709173424415360.000000
71 1442109642896546048.000000
72 1576411189251274240.000000
73 1677982930734749952.000000
74 1698089686090418176.000000
75 1455720099838973696.000000
76 1941275668477818880.000000
77 2205869189825449216.000000
78 2545596902709350400.000000
79 3418847183670893568.000000
80 3589488488023658496.000000
81 5357280785804071936.000000
82 4921761025454160896.000000
83 5801076204090345472.000000
84 6553534437771028480.000000
85 5579395935625794560.000000
86 8883309636611133440.000000
87 8571354840066208768.000000
88 10394773292381818880.000000
89 9139057496956827648.000000
90 10990782904698101760.000000
91 14211361426921844736.000000
92 19790024356012605440.000000
93 21848605701796810752.000000
94 21107928533671116800.000000
95 17655152577019265024.000000
96 25384584244926869504.000000
97 21217707063036846080.000000
98 28517519445321850880.000000
99 32933961053740724224.000000
100 39341571797070381056.000000
101 29780682425397186560.000000
102 33594496515430285312.000000
103 57342971797859418112.000000
104 45445060163565125632.000000
105 47084226220365012992.000000
106 57162513826787344384.000000
107 57793998214213386240.000000
108 47506709834571628544.000000
109 62897135901286998016.000000
110 50053043164748840960.000000
111 66870338998462087168.000000
112 84794555975357480960.000000
113 71848365742155382784.000000
114 79882511792888905728.000000
115 66031489242143424512.000000
116 100453077435930230784.000000
117 81142997080312561664.000000
118 101638662159824044032.000000
119 74639271981290340352.000000
120 89782896668262154240.000000
121 76796436661811560448.000000
122 61954530696895733760.000000
123 44415630865189896192.000000
124 58967904225831739392.000000
125 27056447288041005056.000000
126 37593088575134277632.000000
127 18653837692369993728.000000
128 31062276281815429120.000000
129 30004113943041417216.000000
130 20773611480595447808.000000
131 27383011667164372992.000000
132 26473718116264796160.000000
133 25738392396181737472.000000
134 25719670132183822336.000000
135 21021978690045665280.000000
136 13032110794947483648.000000
137 14675198021218322432.000000
138 12403082383192676352.000000
139 10666152404745721856.000000
140 10496379719274473472.000000
141 10847158281453119488.000000
142 6464585376613900288.000000
143 9067325427464083456.000000
144 4897815260599775232.000000
145 5830836869154740224.000000
146 6503635798424338432.000000
147 7320011533831710720.000000
148 6748193695855443968.000000
149 5987298305244856320.000000
150 4818113772055987200.000000
151 4259804970234891776.000000
152 3220773648332868608.000000
153 2271076111323396864.000000
154 1883343972981547008.000000
155 1580397649768753152.000000
156 1627075161301676032.000000
157 1447651995365755904.000000
158 1744702548476893952.000000
159 1549238487017445376.000000
160 1222934305438645504.000000
161 859017380654445184.000000
162 536728361631202560.000000
163 471584218554031104.000000
164 357549419391914432.000000
165 250188945944067264.000000
166 271641020419925760.000000
167 240577138537580128.000000
168 199078525792644800.000000
169 179883998636691712.000000
170 147716884408293504.000000
171 121997889215425760.000000
172 107993095521813184.000000
173 84949726330266368.000000
174 59877849517841608.000000
175 42472979825286232.000000
176 33169966208243616.000000
177 29604179245158988.000000
178 26286210911837228.000000
179 18323297485728616.000000
180 14733975592866302.000000
181 9686115935030594.000000
182 7548199960997495.000000
183 5611252357151186.000000
184 4425133316515400.500000
185 2959857329162555.500000
186 2859882722909840.000000
187 2322562741546260.500000
188 1496930600793923.250000
189 1276384749334065.250000
190 1101134195691100.750000
191 815967809631472.500000
192 885699414243784.500000
193 590714020802125.750000
194 557481236302384.500000
195 441257657545614.687500
196 395591388172124.687500
197 290574215091093.500000
198 235987739299335.468750
199 138584652038883.296875
200 99972031703533.625000
201 122942101778858.890625
202 59817175512906.710938
203 44823271553969.937500
204 33142654250109.367188
205 30071570642087.613281
206 26040562583514.468750
207 14261347075080.044922
208 12374221673654.347656
209 6720029617533.645508
210 6098000902253.546875
211 3890474453046.198242
212 2961796413372.308105
213 1679756464698.277100
214 1159811631489.471436
215 788088164267.301636
216 497089122956.665039
217 331413591512.455383
218 162311613283.387115
219 171086858568.588776
220 116511158356.372910
221 61519351026.746132
222 44147286616.573929
223 27251914700.551941
224 17184975788.624462
225 13766041553.036215
226 10089391506.781340
227 5836226093.182129
228 4102001519.161654
229 3233525640.358874
230 2344179143.102259
231 1263593195.426826
232 840881787.151040
233 699140160.246423
234 322622408.163536
235 227646236.058646
236 292391541.184573
237 157423664.108771
238 104124722.576138
239 57469478.813498
240 36987758.841018
241 26788673.560470
242 19174236.884781
243 13311382.343431
244 7115464.732766
245 5049904.033795
246 3273498.375218
247 2609977.043491
248 1245336.630022
249 837874.804251
250 545283.713357
251 361337.224408
252 266975.438420
253 160374.034998
254 115055.318316
255 64826.102520
256 50468.248688
257 27514.398213
258 21314.220120
259 15848.624901
260 11928.287701
261 6722.756747
262 3507.911207
263 2343.378823
264 1579.928727
265 1148.637450
266 776.428184
267 507.498268
268 345.656484
269 217.480917
270 108.088658
271 70.694312
272 45.218108
273 28.978455
274 14.574664
275 9.552669
276 6.243970
277 3.285571
278 1.976771
279 1.086674
280 0.747104
281 0.411149
282 0.229226
283 0.132787
284 0.084223
285 0.047102
286 0.032931
287 0.024791
288 0.011273
289 0.008789
290 0.006270
291 0.003022
292 0.001780
293 0.000978
294 0.000610
295 0.000342
296 0.000223
297 0.000146
298 0.000085
299 0.000041
300 0.000023
301 0.000016
302 0.000008
303 0.000005
304 0.000003
305 0.000002
306 0.000001
307 0.000001
308 0.000000
309 0.000000
310 0.000000
311 0.000000
312 0.000000
313 0.000000
314 0.000000
315 0.000000
316 0.000000
317 0.000000
318 0.000000
319 0.000000
320 0.000000
321 0.000000
322 0.000000
323 0.000000
324 0.000000
325 0.000000
326 0.000000
327 0.000000
328 0.000000
329 0.000000
330 0.000000
331 0.000000
332 0.000000
333 0.000000
334 0.000000
335 0.000000
336 0.000000
337 0.000000
338 0.000000
339 0.000000
340 0.000000
341 0.000000
342 0.000000
343 0.000000
344 0.000000
345 0.000000
346 0.000000
347 0.000000
348 0.000000
349 0.000000
350 0.000000
351 0.000000
352 0.000000
353 0.000000
354 0.000000
355 0.000000
356 0.000000
357 0.000000
358 0.000000
359 0.000000
360 0.000000
361 0.000000
362 0.000000
363 0.000000
364 0.000000
365 0.000000
366 0.000000
367 0.000000
368 0.000000
369 0.000000
370 0.000000
371 0.000000
372 0.000000
373 0.000000
374 0.000000
375 0.000000
376 0.000000
377 0.000000
378 0.000000
379 0.000000
380 0.000000
381 0.000000
382 0.000000
383 0.000000
384 0.000000
385 0.000000
386 0.000000
387 0.000000
388 0.000000
389 0.000000
390 0.000000
391 0.000000
392 0.000000
393 0.000000
394 0.000000
395 0.000000
396 0.000000
397 0.000000
398 0.000000
399 0.000000
400 0.000000
401 0.000000
402 0.000000
403 0.000000
404 0.000000
405 0.000000
406 0.000000
407 0.000000
408 0.000000
409 0.000000
410 0.000000
411 0.000000
412 0.000000
413 0.000000
414 0.000000
415 0.000000
416 0.000000
417 0.000000
418 0.000000
419 0.000000
420 0.000000
421 0.000000
422 0.000000
423 0.000000
424 0.000000
425 0.000000
426 0.000000
427 0.000000
428 0.000000
429 0.000000
430 0.000000
431 0.000000
432 0.000000
433 0.000000
434 0.000000
435 0.000000
436 0.000000
437 0.000000
438 0.000000
439 0.000000
440 0.000000
441 0.000000
442 0.000000
443 0.000000
444 0.000000
445 0.000000
446 0.000000
447 0.000000
448 0.000000
449 0.000000
450 0.000000
451 0.000000
452 0.000000
453 0.000000
454 0.000000
455 0.000000
456 0.000000
457 0.000000
458 0.000000
459 0.000000
460 0.000000
461 0.000000
462 0.000000
463 0.000000
464 0.000000
465 0.000000
466 0.000000
467 0.000000
468 0.000000
469 0.000000
470 0.000000
471 0.000000
472 0.000000
473 0.000000
474 0.000000
475 0.000000
476 0.000000
477 0.000000
478 0.000000
479 0.000000
480 0.000000
481 0.000000
482 0.000000
483 0.000000
484 0.000000
485 0.000000
486 0.000000
487 0.000000
488 0.000000
489 0.000000
490 0.000000
491 0.000000
492 0.000000
493 0.000000
494 0.000000
495 0.000000
496 0.000000
497 0.000000
498 0.000000
499 0.000000
500 0.000000
