1 82828908.596936
2 176931674.044990
3 374804357.185654
4 851668143.222156
5 2159119727.281288
6 3882595928.001560
7 4820927416.040361
8 7460224102.565524
9 18745142739.823002
10 30529493664.078297
11 61692643031.892548
12 104282853104.046402
13 201448755057.977997
14 369017099170.302246
15 628921185337.322510
16 598056788931.338379
17 1677207446535.906006
18 2410462742570.375977
19 2223616908621.582520
20 3837052021709.130371
21 6247991834005.487305
22 9726181863571.177734
23 10610353646662.851562
24 16202913377204.384766
25 33891361822259.667969
26 38591303363024.468750
27 71226747151953.890625
28 82027748201710.359375
29 108035592506200.640625
30 184442002041955.937500
31 186660195285796.812500
32 352353761543395.625000
33 288750129002428.500000
34 347356501948344.000000
35 362547946664569.375000
36 368358459834416.312500
37 683359855022750.250000
38 870952741036213.625000
39 822948915045187.500000
40 1514355695318274.500000
41 3704045142818825.000000
42 5958492224123332.000000
43 6668682216088053.000000
44 8975115861538735.000000
45 14015919692505486.000000
46 15377900212310920.000000
47 20486243236328624.000000
48 29752222777801208.000000
49 35822902949422828.000000
50 52498274524241408.000000
51 55337082093261728.000000
52 71234917655048544.000000
53 123836662683623600.000000
54 126791532815839344.000000
55 267444489733749536.000000
56 293030443521008064.000000
57 209052273978176800.000000
58 334086182099499968.000000
59 450666609209646528.000000
60 629493833698303488.000000
61 528033418341842368.000000
62 643015031694780416.000000
63 764365363437832832.000000
64 980914089009915136.000000
65 1619953117541148928.000000
66 1502966196133769472.000000
67 2414065139878705152.000000
68 3709799196973278208.000000
69 1704578591266042112.000000
70 1714621019102084352.000000
71 1881584588060761856.000000
72 4094325868198078464.000000
73 5535164080654204928.000000
74 3702849642953807872.000000
75 4332969443054605824.000000
76 4228001808301906432.000000
77 6404207516729744384.000000
78 7923241226564481024.000000
79 8056454561584219136.000000
80 8653825269618134016.000000
81 11045873733118326784.000000
82 10991489919583698944.000000
83 13354786160288296960.000000
84 20345504048002351104.000000
85 20305714613484208128.000000
86 23125739915163643904.000000
87 19662935269090521088.000000
88 21139218073365381120.000000
89 23175783097345785856.000000
90 34946459520205864960.000000
91 31292741835475496960.000000
92 27908409283303677952.000000
93 35348123834485579776.000000
94 40689276884209721344.000000
95 43895453210149625856.000000
96 59406686455659577344.000000
97 73530857960433737728.000000
98 104846909773039239168.000000
99 129074333576738717696.000000
100 101029224074792222720.000000
101 86676336660239859712.000000
102 93837428417858617344.000000
103 88266665216003047424.000000
104 121312839701647130624.000000
105 112124858095559917568.000000
106 135536639762489769984.000000
107 117731291559091683328.000000
108 113558168466616713216.000000
109 120217872836682661888.000000
110 109298228189001187328.000000
111 121259802886396755968.000000
112 54131904485508825088.000000
113 69585197673801269248.000000
114 49213776069748572160.000000
115 64148287845918195712.000000
116 62654222344984256512.000000
117 49561214178435448832.000000
118 81471251150965948416.000000
119 55226391042600222720.000000
120 66766285130710867968.000000
121 57598105951238414336.000000
122 69319271263682035712.000000
123 64650812436641406976.000000
124 49564255794109071360.000000
125 60759448742991872000.000000
126 53148935497616965632.000000
127 58763252095749595136.000000
128 57346806888188977152.000000
129 96631146027321245696.000000
130 72363371975996399616.000000
131 82499696369479221248.000000
132 62808233959482572800.000000
133 55717941743885983744.000000
134 55122482391240851456.000000
135 38473548385900896256.000000
136 30098800033614360576.000000
137 26678163824962785280.000000
138 29246703334582882304.000000
139 24957560913579859968.000000
140 22971983917598879744.000000
141 23908455436641976320.000000
142 19370715995469246464.000000
143 16689404795079057408.000000
144 11369547114377138176.000000
145 10320199903653355520.000000
146 10888463932597796864.000000
147 11412805370987763712.000000
148 10806721297002731520.000000
149 8108307108594775040.000000
150 8592854902038589440.000000
151 7332701756244455424.000000
152 7778505035735022592.000000
153 7548110723118199808.000000
154 6030865020313755648.000000
155 5312741026189387776.000000
156 4858456491879030784.000000
157 5490260746539696128.000000
158 5264723026605061120.000000
159 4422076372879165952.000000
160 4138466968642535424.000000
161 4281130405610693632.000000
162 2721429090722624000.000000
163 2004863817010567424.000000
164 1645372862373794560.000000
165 1465020641435021312.000000
166 1285061292482939904.000000
167 1258773839624852992.000000
168 1100846044259545728.000000
169 892314864345980928.000000
170 773727847722043520.000000
171 366922407304971776.000000
172 440943544987079936.000000
173 383203982876662656.000000
174 418582779817682944.000000
175 423876740247979072.000000
176 260968987904824832.000000
177 232469507146758368.000000
178 130119603557741856.000000
179 162004660541607008.000000
180 117792384617007216.000000
181 80846244861964624.000000
182 45415168908987352.000000
183 38425138619930632.000000
184 35507189766816460.000000
185 27401749659598556.000000
186 15627695974330566.000000
187 14101492478090050.000000
188 14681332088863122.000000
189 7680278327713397.000000
190 6866617003695189.000000
191 5943296798577990.000000
192 3220724103658142.000000
193 2097762345749949.500000
194 1776386931580841.750000
195 1629182151113768.250000
196 1062955042613620.000000
197 695795371826031.625000
198 884136422182277.250000
199 606092682894763.250000
200 538681592002667.375000
201 350607304934545.750000
202 271294949735192.875000
203 180922132560578.656250
204 167541552327617.781250
205 125078398821672.718750
206 89942719773188.656250
207 68848711745725.437500
208 56317397914998.296875
209 37043276896666.046875
210 32427802242188.851562
211 18333706282576.902344
212 14585718986644.914062
213 14578870874541.677734
214 10550005102715.560547
215 7035515032817.585938
216 4868478367061.319336
217 2797765875831.801758
218 2741836548811.324707
219 1887738219528.773682
220 752932896270.271240
221 576397741248.779785
222 421047066934.857361
223 330974385840.012146
224 198541555662.370148
225 150473264810.843170
226 118741278615.297302
227 106398754403.223831
228 66602156169.999084
229 52931996800.718956
230 41862562724.111610
231 25614849103.648697
232 16993732092.754765
233 11854268963.725344
234 9743072823.305494
235 7186253433.028740
236 5517671901.066431
237 3865804790.411574
238 3153152007.074529
239 2576908366.755720
240 1016316260.081725
241 859106015.224363
242 599306057.177010
243 314633069.470944
244 235503554.099758
245 183463402.582637
246 95126598.200801
247 77755576.315657
248 59432630.537914
249 34850869.398986
250 24924262.498233
251 15951836.478933
252 10395849.834925
253 8358278.244172
254 3839840.138331
255 3168343.716559
256 2094371.552307
257 1876746.165779
258 1016216.412492
259 843783.210896
260 556829.705417
261 368389.035258
262 223327.711325
263 127644.155930
264 62420.613948
265 43654.716704
266 30171.425269
267 17644.528539
268 12572.847088
269 7132.671183
270 4260.335638
271 3140.091805
272 2277.102241
273 1398.246483
274 948.482801
275 565.824255
276 294.540669
277 213.300325
278 123.610455
279 80.481317
280 39.253571
281 28.385705
282 19.201053
283 10.736493
284 7.524350
285 3.997678
286 2.869658
287 2.400739
288 1.752485
289 0.913383
290 0.420563
291 0.258867
292 0.162810
293 0.077820
294 0.052337
295 0.035747
296 0.023490
297 0.012858
298 0.008041
299 0.004559
300 0.002680
301 0.001872
302 0.001000
303 0.000494
304 0.000286
305 0.000199
306 0.000110
307 0.000065
308 0.000039
309 0.000027
310 0.000016
311 0.000010
312 0.000006
313 0.000004
314 0.000002
315 0.000001
316 0.000001
317 0.000001
318 0.000000
319 0.000000
320 0.000000
321 0.000000
322 0.000000
323 0.000000
324 0.000000
325 0.000000
326 0.000000
327 0.000000
328 0.000000
329 0.000000
330 0.000000
331 0.000000
332 0.000000
333 0.000000
334 0.000000
335 0.000000
336 0.000000
337 0.000000
338 0.000000
339 0.000000
340 0.000000
341 0.000000
342 0.000000
343 0.000000
344 0.000000
345 0.000000
346 0.000000
347 0.000000
348 0.000000
349 0.000000
350 0.000000
351 0.000000
352 0.000000
353 0.000000
354 0.000000
355 0.000000
356 0.000000
357 0.000000
358 0.000000
359 0.000000
360 0.000000
361 0.000000
362 0.000000
363 0.000000
364 0.000000
365 0.000000
366 0.000000
367 0.000000
368 0.000000
369 0.000000
370 0.000000
371 0.000000
372 0.000000
373 0.000000
374 0.000000
375 0.000000
376 0.000000
377 0.000000
378 0.000000
379 0.000000
380 0.000000
381 0.000000
382 0.000000
383 0.000000
384 0.000000
385 0.000000
386 0.000000
387 0.000000
388 0.000000
389 0.000000
390 0.000000
391 0.000000
392 0.000000
393 0.000000
394 0.000000
395 0.000000
396 0.000000
397 0.000000
398 0.000000
399 0.000000
400 0.000000
401 0.000000
402 0.000000
403 0.000000
404 0.000000
405 0.000000
406 0.000000
407 0.000000
408 0.000000
409 0.000000
410 0.000000
411 0.000000
412 0.000000
413 0.000000
414 0.000000
415 0.000000
416 0.000000
417 0.000000
418 0.000000
419 0.000000
420 0.000000
421 0.000000
422 0.000000
423 0.000000
424 0.000000
425 0.000000
426 0.000000
427 0.000000
428 0.000000
429 0.000000
430 0.000000
431 0.000000
432 0.000000
433 0.000000
434 0.000000
435 0.000000
436 0.000000
437 0.000000
438 0.000000
439 0.000000
440 0.000000
441 0.000000
442 0.000000
443 0.000000
444 0.000000
445 0.000000
446 0.000000
447 0.000000
448 0.000000
449 0.000000
450 0.000000
451 0.000000
452 0.000000
453 0.000000
454 0.000000
455 0.000000
456 0.000000
457 0.000000
458 0.000000
459 0.000000
460 0.000000
461 0.000000
462 0.000000
463 0.000000
464 0.000000
465 0.000000
466 0.000000
467 0.000000
468 0.000000
469 0.000000
470 0.000000
471 0.000000
472 0.000000
473 0.000000
474 0.000000
475 0.000000
476 0.000000
477 0.000000
478 0.000000
479 0.000000
480 0.000000
481 0.000000
482 0.000000
483 0.000000
484 0.000000
485 0.000000
486 0.000000
487 0.000000
488 0.000000
489 0.000000
490 0.000000
491 0.000000
492 0.000000
493 0.000000
494 0.000000
495 0.000000
496 0.000000
497 0.000000
498 0.000000
499 0.000000
500 0.000000
