1 inf
2 inf
3 inf
4 inf
5 inf
6 inf
7 inf
8 inf
9 inf
10 inf
11 inf
12 inf
13 inf
14 inf
15 inf
16 inf
17 inf
18 inf
19 inf
20 inf
21 inf
22 inf
23 inf
24 inf
25 inf
26 inf
27 inf
28 inf
29 inf
30 inf
31 inf
32 inf
33 inf
34 inf
35 inf
36 inf
37 inf
38 inf
39 inf
40 inf
41 inf
42 inf
43 inf
44 inf
45 inf
46 inf
47 inf
48 42262534084348907813061291393403944215129504645816256630220362125741502374066387345756242395589778480561115887886727385959951334420235537494712189937760918407815539270185959278188407535737545052535551062980000036982399797158993586476127086364419604719199215166556353993939970936389942199643361247232.000000
49 920044857037037190995757882255382973448522940730729041750133490528630803514361176613790641399531660531024495250540954094153747647121530195496977433744470175130021408395616273280608551274983340450488375399821192709040904406720762979397440210945941350864157715873697804320768.000000
50 37555542276216322006985530458854436904261772751265085830671642423290759453418298645825556816341619163936185204001012905551040947058061463870014064522617492407424288472185506147897287665529050120312283511457100448218256560683135000243708435386881554255970304.000000
51 6026940638139319670952734941684235286855288217704696770193354883213885412424794768779047389460504163576752826356655502461719952865241893436852146448347553874362184531637133213772293712024054285799921329296077772613248258910551201131003904.000000
52 209956174301727451694561010401151458235297997945504457064883260205706874337266481975203954272450091844143878207470496804613712311794581370744209707339355881955192371370909225654974980505792188818811322656420889624233610575872.000000
53 104684804720148378637272583843612748547013005183523069856421652102615676436459110932788190509317859900839834814615160768685832946552890565482035094453789632032374831210650048163315441566596381508894720.000000
54 42124906571804860639504431742368696929177486686717955638613697590238052530809115336801200156276294970732135354106113102743457349104774562671320781487639373796842741687768340243858406490037551104.000000
55 860685036160439298589166551918906912157422057734335492578932892479602807050750787238877634521106867078110655882972807855940509825978072358911509840072945697546169059075178889216.000000
56 195287791306194910311726495625810519028614306287622717563600568412521489919792744345270085063732634141626271481620823602221136253190096583028605607473624121344.000000
57 8811320415384761664275881661792677763792233082323657555346355558234767548319117274774594843833261808724739614674798978076521923109646528445153280.000000
58 21292557646009086512769624255128508967475515467891432123300275214631444249809987586960215360311755282420886431083506551941496832.000000
59 113160751601701221963965731876765019718565348766397110545277786952901318663834119634302692180093468972505305710592000.000000
60 140140587733856832150499025844793711541950463583630189828797981400819778819442233877798047449088.000000
61 92354822402050757200564967894356107475417050492464044323953598005248.000000
62 15101743259780403205034808044443651725411018671138883116204032.000000
63 339092175346881253025963225156759115135349700952064.000000
64 21468886358162602969566019584.000000
65 1758542441734.812744
66 17653.056543
67 10809.249963
68 8908.279357
69 7747.307854
70 6240.679377
71 5578.252054
72 4959.576915
73 4203.877384
74 3746.971033
75 3233.009478
76 2903.186616
77 2552.904124
78 2070.328027
79 1975.450650
80 1728.857548
81 1591.481271
82 1440.672213
83 1254.981783
84 1079.334636
85 995.163446
86 910.913746
87 824.873029
88 724.873157
89 685.709010
90 617.236180
91 556.975347
92 511.988380
93 461.311844
94 425.765054
95 391.411609
96 342.543409
97 312.332046
98 282.919579
99 257.643084
100 227.417846
101 205.215735
102 184.095892
103 165.990710
104 151.722697
105 138.589703
106 123.462007
107 110.180389
108 100.745367
109 90.699383
110 82.931790
111 71.927957
112 65.978184
113 59.387980
114 53.466965
115 48.330850
116 43.544991
117 39.970642
118 36.217808
119 33.195728
120 30.421414
121 28.023534
122 25.540286
123 23.526535
124 21.647286
125 19.543567
126 18.096741
127 16.733530
128 15.490154
129 14.071610
130 12.941820
131 11.855710
132 10.824727
133 9.993707
134 9.052934
135 8.353605
136 7.737149
137 7.189390
138 6.559067
139 6.044400
140 5.637671
141 5.177515
142 4.756386
143 4.438371
144 4.115091
145 3.687830
146 3.469620
147 3.195300
148 2.993987
149 2.740319
150 2.561132
151 2.325349
152 2.168134
153 2.006601
154 1.822657
155 1.690504
156 1.579518
157 1.457691
158 1.364400
159 1.277349
160 1.170554
161 1.094825
162 1.022350
163 0.960664
164 0.877844
165 0.826561
166 0.778846
167 0.725077
168 0.678969
169 0.630862
170 0.583530
171 0.543775
172 0.504087
173 0.473906
174 0.444484
175 0.418793
176 0.390530
177 0.363044
178 0.344276
179 0.322885
180 0.302126
181 0.285309
182 0.267998
183 0.249350
184 0.232813
185 0.218931
186 0.203699
187 0.193428
188 0.181550
189 0.171572
190 0.161933
191 0.150348
192 0.140706
193 0.131827
194 0.123653
195 0.115882
196 0.108996
197 0.104290
198 0.098290
199 0.092402
200 0.087541
201 0.082906
202 0.078347
203 0.075151
204 0.070666
205 0.067300
206 0.064205
207 0.060061
208 0.056901
209 0.054058
210 0.051582
211 0.049080
212 0.046921
213 0.044370
214 0.042480
215 0.040345
216 0.038305
217 0.035951
218 0.034439
219 0.032095
220 0.030925
221 0.029468
222 0.028092
223 0.026720
224 0.025728
225 0.024482
226 0.023374
227 0.022495
228 0.021452
229 0.020587
230 0.019559
231 0.018821
232 0.018013
233 0.017300
234 0.016511
235 0.015913
236 0.015145
237 0.014537
238 0.013956
239 0.013281
240 0.012801
241 0.012211
242 0.011824
243 0.011381
244 0.010919
245 0.010521
246 0.010124
247 0.009740
248 0.009379
249 0.009023
250 0.008690
251 0.008354
252 0.007967
253 0.007711
254 0.007435
255 0.007123
256 0.006855
257 0.006626
258 0.006408
259 0.006193
260 0.005975
261 0.005766
262 0.005554
263 0.005375
264 0.005165
265 0.004954
266 0.004801
267 0.004626
268 0.004485
269 0.004341
270 0.004196
271 0.004069
272 0.003902
273 0.003809
274 0.003698
275 0.003574
276 0.003459
277 0.003368
278 0.003272
279 0.003140
280 0.003050
281 0.002955
282 0.002881
283 0.002799
284 0.002706
285 0.002615
286 0.002537
287 0.002456
288 0.002392
289 0.002337
290 0.002259
291 0.002190
292 0.002131
293 0.002067
294 0.002006
295 0.001960
296 0.001905
297 0.001860
298 0.001808
299 0.001757
300 0.001713
301 0.001666
302 0.001628
303 0.001584
304 0.001536
305 0.001499
306 0.001465
307 0.001425
308 0.001390
309 0.001352
310 0.001320
311 0.001289
312 0.001254
313 0.001226
314 0.001192
315 0.001168
316 0.001134
317 0.001107
318 0.001082
319 0.001052
320 0.001030
321 0.001006
322 0.000985
323 0.000961
324 0.000942
325 0.000921
326 0.000896
327 0.000876
328 0.000860
329 0.000844
330 0.000823
331 0.000801
332 0.000787
333 0.000770
334 0.000754
335 0.000741
336 0.000726
337 0.000712
338 0.000695
339 0.000682
340 0.000669
341 0.000655
342 0.000640
343 0.000628
344 0.000616
345 0.000604
346 0.000595
347 0.000584
348 0.000573
349 0.000563
350 0.000553
351 0.000542
352 0.000532
353 0.000525
354 0.000515
355 0.000504
356 0.000496
357 0.000489
358 0.000481
359 0.000474
360 0.000466
361 0.000457
362 0.000451
363 0.000444
364 0.000437
365 0.000430
366 0.000423
367 0.000416
368 0.000407
369 0.000402
370 0.000396
371 0.000390
372 0.000385
373 0.000378
374 0.000373
375 0.000368
376 0.000362
377 0.000358
378 0.000353
379 0.000348
380 0.000343
381 0.000338
382 0.000334
383 0.000328
384 0.000325
385 0.000321
386 0.000316
387 0.000312
388 0.000308
389 0.000304
390 0.000300
391 0.000296
392 0.000293
393 0.000289
394 0.000286
395 0.000282
396 0.000279
397 0.000276
398 0.000273
399 0.000269
400 0.000265
401 0.000262
402 0.000258
403 0.000255
404 0.000252
405 0.000249
406 0.000246
407 0.000244
408 0.000241
409 0.000239
410 0.000236
411 0.000234
412 0.000232
413 0.000229
414 0.000227
415 0.000225
416 0.000223
417 0.000220
418 0.000219
419 0.000216
420 0.000214
421 0.000213
422 0.000211
423 0.000209
424 0.000207
425 0.000206
426 0.000204
427 0.000202
428 0.000201
429 0.000199
430 0.000198
431 0.000196
432 0.000194
433 0.000193
434 0.000192
435 0.000190
436 0.000189
437 0.000187
438 0.000186
439 0.000184
440 0.000183
441 0.000182
442 0.000181
443 0.000179
444 0.000178
445 0.000177
446 0.000176
447 0.000175
448 0.000174
449 0.000173
450 0.000172
451 0.000171
452 0.000170
453 0.000169
454 0.000169
455 0.000168
456 0.000167
457 0.000166
458 0.000165
459 0.000164
460 0.000164
461 0.000163
462 0.000162
463 0.000162
464 0.000161
465 0.000160
466 0.000160
467 0.000159
468 0.000159
469 0.000158
470 0.000157
471 0.000157
472 0.000156
473 0.000156
474 0.000155
475 0.000155
476 0.000155
477 0.000154
478 0.000154
479 0.000153
480 0.000153
481 0.000153
482 0.000152
483 0.000152
484 0.000152
485 0.000152
486 0.000151
487 0.000151
488 0.000151
489 0.000151
490 0.000150
491 0.000150
492 0.000150
493 0.000150
494 0.000150
495 0.000150
496 0.000150
497 0.000150
498 0.000150
499 0.000150
500 0.000150
