1 719779.780188
2 622221.620105
3 572231.431025
4 608493.477702
5 593494.328593
6 546428.786841
7 505935.898260
8 459552.706105
9 397794.549780
10 383106.014594
11 381555.323023
12 371483.020125
13 328868.337268
14 289642.677649
15 260019.238603
16 216135.430510
17 186808.703126
18 183766.755314
19 167446.718637
20 151819.628189
21 138853.339268
22 121080.844436
23 98762.281278
24 87650.223417
25 80830.734032
26 65365.477631
27 65519.391071
28 58074.184503
29 50313.912273
30 42817.308765
31 39641.374567
32 34792.583660
33 30617.753426
34 28131.124708
35 25006.614364
36 21963.331472
37 19445.197243
38 16081.607429
39 14612.061416
40 12793.774712
41 11497.093318
42 10211.809791
43 8362.879495
44 7797.491288
45 6939.587123
46 5682.686195
47 5175.403226
48 4478.546805
49 3749.404696
50 3117.950008
51 2753.024561
52 2306.617328
53 2035.876862
54 1760.494252
55 1475.216584
56 1194.081685
57 1044.230053
58 875.914124
59 710.279466
60 581.109723
61 478.322240
62 407.520976
63 341.740738
64 261.346960
65 227.773492
66 186.173926
67 156.226007
68 130.904169
69 115.483616
70 100.749563
71 84.093155
72 71.278550
73 51.976742
74 46.411202
75 36.058021
76 30.548996
77 24.347445
78 20.257495
79 16.199940
80 13.647460
81 10.648325
82 9.013554
83 7.305630
84 6.151657
85 4.878448
86 4.104524
87 3.430914
88 2.890953
89 2.329493
90 1.978135
91 1.618689
92 1.258361
93 1.094011
94 0.897978
95 0.753007
96 0.653163
97 0.514111
98 0.426230
99 0.355154
100 0.283723
101 0.233227
102 0.182993
103 0.157088
104 0.131497
105 0.114723
106 0.092198
107 0.075534
108 0.063818
109 0.052615
110 0.040578
111 0.035839
112 0.030355
113 0.026116
114 0.020634
115 0.017267
116 0.014345
117 0.011042
118 0.009669
119 0.007908
120 0.006954
121 0.005852
122 0.005050
123 0.004441
124 0.003515
125 0.002777
126 0.002348
127 0.001898
128 0.001589
129 0.001330
130 0.001104
131 0.000919
132 0.000692
133 0.000583
134 0.000490
135 0.000394
136 0.000351
137 0.000292
138 0.000245
139 0.000210
140 0.000183
141 0.000146
142 0.000128
143 0.000108
144 0.000093
145 0.000074
146 0.000066
147 0.000056
148 0.000046
149 0.000038
150 0.000032
151 0.000026
152 0.000023
153 0.000019
154 0.000017
155 0.000014
156 0.000012
157 0.000011
158 0.000009
159 0.000008
160 0.000007
161 0.000006
162 0.000004
163 0.000004
164 0.000003
165 0.000003
166 0.000002
167 0.000002
168 0.000002
169 0.000001
170 0.000001
171 0.000001
172 0.000001
173 0.000001
174 0.000001
175 0.000001
176 0.000000
177 0.000000
178 0.000000
179 0.000000
180 0.000000
181 0.000000
182 0.000000
183 0.000000
184 0.000000
185 0.000000
186 0.000000
187 0.000000
188 0.000000
189 0.000000
190 0.000000
191 0.000000
192 0.000000
193 0.000000
194 0.000000
195 0.000000
196 0.000000
197 0.000000
198 0.000000
199 0.000000
200 0.000000
201 0.000000
202 0.000000
203 0.000000
204 0.000000
205 0.000000
206 0.000000
207 0.000000
208 0.000000
209 0.000000
210 0.000000
211 0.000000
212 0.000000
213 0.000000
214 0.000000
215 0.000000
216 0.000000
217 0.000000
218 0.000000
219 0.000000
220 0.000000
221 0.000000
222 0.000000
223 0.000000
224 0.000000
225 0.000000
226 0.000000
227 0.000000
228 0.000000
229 0.000000
230 0.000000
231 0.000000
232 0.000000
233 0.000000
234 0.000000
235 0.000000
236 0.000000
237 0.000000
238 0.000000
239 0.000000
240 0.000000
241 0.000000
242 0.000000
243 0.000000
244 0.000000
245 0.000000
246 0.000000
247 0.000000
248 0.000000
249 0.000000
250 0.000000
251 0.000000
252 0.000000
253 0.000000
254 0.000000
255 0.000000
256 0.000000
257 0.000000
258 0.000000
259 0.000000
260 0.000000
261 0.000000
262 0.000000
263 0.000000
264 0.000000
265 0.000000
266 0.000000
267 0.000000
268 0.000000
269 0.000000
270 0.000000
271 0.000000
272 0.000000
273 0.000000
274 0.000000
275 0.000000
276 0.000000
277 0.000000
278 0.000000
279 0.000000
280 0.000000
281 0.000000
282 0.000000
283 0.000000
284 0.000000
285 0.000000
286 0.000000
287 0.000000
288 0.000000
289 0.000000
290 0.000000
291 0.000000
292 0.000000
293 0.000000
294 0.000000
295 0.000000
296 0.000000
297 0.000000
298 0.000000
299 0.000000
300 0.000000
301 0.000000
302 0.000000
303 0.000000
304 0.000000
305 0.000000
306 0.000000
307 0.000000
308 0.000000
309 0.000000
310 0.000000
311 0.000000
312 0.000000
313 0.000000
314 0.000000
315 0.000000
316 0.000000
317 0.000000
318 0.000000
319 0.000000
320 0.000000
321 0.000000
322 0.000000
323 0.000000
324 0.000000
325 0.000000
326 0.000000
327 0.000000
328 0.000000
329 0.000000
330 0.000000
331 0.000000
332 0.000000
333 0.000000
334 0.000000
335 0.000000
336 0.000000
337 0.000000
338 0.000000
339 0.000000
340 0.000000
341 0.000000
342 0.000000
343 0.000000
344 0.000000
345 0.000000
346 0.000000
347 0.000000
348 0.000000
349 0.000000
350 0.000000
351 0.000000
352 0.000000
353 0.000000
354 0.000000
355 0.000000
356 0.000000
357 0.000000
358 0.000000
359 0.000000
360 0.000000
361 0.000000
362 0.000000
363 0.000000
364 0.000000
365 0.000000
366 0.000000
367 0.000000
368 0.000000
369 0.000000
370 0.000000
371 0.000000
372 0.000000
373 0.000000
374 0.000000
375 0.000000
376 0.000000
377 0.000000
378 0.000000
379 0.000000
380 0.000000
381 0.000000
382 0.000000
383 0.000000
384 0.000000
385 0.000000
386 0.000000
387 0.000000
388 0.000000
389 0.000000
390 0.000000
391 0.000000
392 0.000000
393 0.000000
394 0.000000
395 0.000000
396 0.000000
397 0.000000
398 0.000000
399 0.000000
400 0.000000
401 0.000000
402 0.000000
403 0.000000
404 0.000000
405 0.000000
406 0.000000
407 0.000000
408 0.000000
409 0.000000
410 0.000000
411 0.000000
412 0.000000
413 0.000000
414 0.000000
415 0.000000
416 0.000000
417 0.000000
418 0.000000
419 0.000000
420 0.000000
421 0.000000
422 0.000000
423 0.000000
424 0.000000
425 0.000000
426 0.000000
427 0.000000
428 0.000000
429 0.000000
430 0.000000
431 0.000000
432 0.000000
433 0.000000
434 0.000000
435 0.000000
436 0.000000
437 0.000000
438 0.000000
439 0.000000
440 0.000000
441 0.000000
442 0.000000
443 0.000000
444 0.000000
445 0.000000
446 0.000000
447 0.000000
448 0.000000
449 0.000000
450 0.000000
451 0.000000
452 0.000000
453 0.000000
454 0.000000
455 0.000000
456 0.000000
457 0.000000
458 0.000000
459 0.000000
460 0.000000
461 0.000000
462 0.000000
463 0.000000
464 0.000000
465 0.000000
466 0.000000
467 0.000000
468 0.000000
469 0.000000
470 0.000000
471 0.000000
472 0.000000
473 0.000000
474 0.000000
475 0.000000
476 0.000000
477 0.000000
478 0.000000
479 0.000000
480 0.000000
481 0.000000
482 0.000000
483 0.000000
484 0.000000
485 0.000000
486 0.000000
487 0.000000
488 0.000000
489 0.000000
490 0.000000
491 0.000000
492 0.000000
493 0.000000
494 0.000000
495 0.000000
496 0.000000
497 0.000000
498 0.000000
499 0.000000
500 0.000000
