1 5725116.748088
2 3630860.109584
3 12300035.836726
4 17227245.335011
5 30695821.744771
6 64697260.307272
7 91602228.343374
8 208809830.865019
9 317009502.774220
10 460087567.011527
11 781091726.449732
12 1092169000.648784
13 2178860476.942590
14 2964705405.748304
15 4623982024.607120
16 5703064898.038496
17 6160130647.273299
18 11765960805.467934
19 19164071816.997631
20 25751602022.690590
21 40225689180.790741
22 38741690914.895020
23 40266629191.546860
24 72913063883.980026
25 77471770900.187103
26 43695168068.204414
27 57103029274.679054
28 35658163168.813454
29 50334074975.877480
30 89334116571.776245
31 91435435710.288040
32 101791302743.413620
33 122433678295.438309
34 105936742460.834274
35 139023117561.324982
36 195136424347.478333
37 254588194031.242706
38 320409712752.255188
39 323107119759.373962
40 354347841303.021484
41 753255061288.280762
42 852297584345.131348
43 1029955376993.515137
44 1706250753033.690918
45 1963387090585.229004
46 1704074186225.353027
47 1172314638071.333008
48 1492180283678.005127
49 2930428911975.011230
50 5043581895988.361328
51 4757139688373.250977
52 6225794627702.385742
53 6644971687926.000977
54 5529961569923.503906
55 10791892501333.937500
56 12881954316261.191406
57 17738137821383.652344
58 33280081755226.039062
59 34266297390100.195312
60 41654029921948.562500
61 60174304267028.773438
62 97025376776540.640625
63 128637921051034.500000
64 128181955301843.390625
65 115656338792805.687500
66 183857817317274.937500
67 230775758929758.281250
68 195147079114676.812500
69 312180259651429.125000
70 202572945116272.343750
71 235379440643188.593750
72 206926214618808.875000
73 187907346731716.343750
74 196880981466020.937500
75 216259150656500.000000
76 279164334533109.125000
77 402391271328985.000000
78 278588049304038.937500
79 373372523692833.625000
80 321279359232510.125000
81 705119600460395.875000
82 471637352163254.125000
83 680139542675604.250000
84 691532087859785.375000
85 933288428080296.875000
86 1017648602418202.375000
87 952852448779676.250000
88 1148246011609037.500000
89 1068520935505004.000000
90 1175269292465899.000000
91 945796498796450.625000
92 1037956696997228.125000
93 1045818418161885.250000
94 720745701020101.125000
95 1106504979203855.250000
96 952368668563626.125000
97 1198675338137726.000000
98 1314215776064221.500000
99 1782937306041420.250000
100 1510121510874896.000000
101 1246566635772201.500000
102 1277551470936503.750000
103 867790622538960.125000
104 1057196683853850.125000
105 560505423616695.500000
106 926868251480908.625000
107 1220974899117749.000000
108 843340203979519.625000
109 983976086750193.000000
110 778364375559413.500000
111 1181858545764961.500000
112 971383695833240.125000
113 731949486717387.500000
114 1007503330533709.500000
115 1017270536237251.500000
116 1042215706702995.500000
117 759692499979232.500000
118 833080178892465.000000
119 783479441868247.375000
120 807056611915806.625000
121 1060536749168473.375000
122 670428336243994.125000
123 769631937062816.625000
124 971682450041672.250000
125 1016429160236476.625000
126 711493674749415.625000
127 993587868501796.750000
128 721112267368465.875000
129 604976854767913.375000
130 505731421170313.000000
131 355271391820503.125000
132 365789641963276.062500
133 448252577842734.562500
134 306402663971663.687500
135 298341558940859.812500
136 208501459499334.156250
137 211757494248791.187500
138 163136148084094.812500
139 152489940031713.437500
140 151894070155771.000000
141 138981637850033.359375
142 124939901390445.593750
143 126638701998896.906250
144 71605309376314.687500
145 70632755183060.218750
146 67942587883165.601562
147 57272617505743.382812
148 35902679902069.484375
149 40890920229807.789062
150 37885700883616.140625
151 36940084177718.781250
152 41961666910104.234375
153 32700669283117.125000
154 37719554864456.265625
155 20808313545020.503906
156 29492381625007.000000
157 20934620856687.250000
158 19462524831030.699219
159 18380127548266.816406
160 12488983077439.042969
161 9321133983422.328125
162 10284675272871.005859
163 8745859778873.000000
164 5458689978911.468750
165 4200713787634.376465
166 2438423407938.036621
167 2248431979133.533203
168 2441211582792.492676
169 1280963575525.043701
170 1198541758171.344727
171 721309857476.603027
172 520179155674.615051
173 575462396626.157471
174 363760942889.893005
175 380706354948.712158
176 306494708855.940002
177 261253934587.440857
178 193654664192.506775
179 163670768996.262939
180 95121853974.797302
181 98946530463.550873
182 60786181388.331421
183 42176740640.121101
184 23972855054.295906
185 27576466020.604939
186 28152652936.019623
187 20419243425.101269
188 18765964531.655697
189 12250403194.716255
190 10445530505.120476
191 5414623195.820573
192 5028859608.842532
193 4620041897.867101
194 2723060078.662632
195 2966395737.641084
196 2521030062.847636
197 1832477205.891193
198 1040443268.339458
199 691712878.034419
200 514230418.913901
201 478687140.977723
202 313241745.153287
203 264737530.394372
204 151807540.303700
205 88237715.503317
206 71290532.345897
207 58376899.266936
208 40856760.573880
209 26190281.018468
210 18527070.378040
211 9312090.544854
212 10036216.300371
213 4673596.266699
214 4596511.173201
215 3792646.217620
216 2624022.581889
217 1889175.418703
218 1351882.538114
219 1122646.453922
220 770436.428886
221 509721.415353
222 349841.666674
223 243205.767849
224 160413.908914
225 94811.388999
226 58744.996499
227 55342.562658
228 30862.774372
229 26763.971673
230 15021.031088
231 10403.132584
232 6764.686684
233 4885.522175
234 3219.390902
235 2098.753592
236 1160.353662
237 1012.262442
238 583.705101
239 415.637320
240 359.593299
241 303.457677
242 157.639760
243 126.210656
244 68.405840
245 49.899223
246 29.061689
247 16.105638
248 13.655163
249 8.257985
250 6.065091
251 3.926947
252 1.873373
253 1.343954
254 0.679390
255 0.554771
256 0.332118
257 0.224296
258 0.120558
259 0.085117
260 0.060095
261 0.035056
262 0.015851
263 0.006825
264 0.003521
265 0.002448
266 0.001460
267 0.001065
268 0.000714
269 0.000505
270 0.000375
271 0.000207
272 0.000110
273 0.000074
274 0.000038
275 0.000028
276 0.000017
277 0.000010
278 0.000007
279 0.000004
280 0.000003
281 0.000001
282 0.000001
283 0.000000
284 0.000000
285 0.000000
286 0.000000
287 0.000000
288 0.000000
289 0.000000
290 0.000000
291 0.000000
292 0.000000
293 0.000000
294 0.000000
295 0.000000
296 0.000000
297 0.000000
298 0.000000
299 0.000000
300 0.000000
301 0.000000
302 0.000000
303 0.000000
304 0.000000
305 0.000000
306 0.000000
307 0.000000
308 0.000000
309 0.000000
310 0.000000
311 0.000000
312 0.000000
313 0.000000
314 0.000000
315 0.000000
316 0.000000
317 0.000000
318 0.000000
319 0.000000
320 0.000000
321 0.000000
322 0.000000
323 0.000000
324 0.000000
325 0.000000
326 0.000000
327 0.000000
328 0.000000
329 0.000000
330 0.000000
331 0.000000
332 0.000000
333 0.000000
334 0.000000
335 0.000000
336 0.000000
337 0.000000
338 0.000000
339 0.000000
340 0.000000
341 0.000000
342 0.000000
343 0.000000
344 0.000000
345 0.000000
346 0.000000
347 0.000000
348 0.000000
349 0.000000
350 0.000000
351 0.000000
352 0.000000
353 0.000000
354 0.000000
355 0.000000
356 0.000000
357 0.000000
358 0.000000
359 0.000000
360 0.000000
361 0.000000
362 0.000000
363 0.000000
364 0.000000
365 0.000000
366 0.000000
367 0.000000
368 0.000000
369 0.000000
370 0.000000
371 0.000000
372 0.000000
373 0.000000
374 0.000000
375 0.000000
376 0.000000
377 0.000000
378 0.000000
379 0.000000
380 0.000000
381 0.000000
382 0.000000
383 0.000000
384 0.000000
385 0.000000
386 0.000000
387 0.000000
388 0.000000
389 0.000000
390 0.000000
391 0.000000
392 0.000000
393 0.000000
394 0.000000
395 0.000000
396 0.000000
397 0.000000
398 0.000000
399 0.000000
400 0.000000
401 0.000000
402 0.000000
403 0.000000
404 0.000000
405 0.000000
406 0.000000
407 0.000000
408 0.000000
409 0.000000
410 0.000000
411 0.000000
412 0.000000
413 0.000000
414 0.000000
415 0.000000
416 0.000000
417 0.000000
418 0.000000
419 0.000000
420 0.000000
421 0.000000
422 0.000000
423 0.000000
424 0.000000
425 0.000000
426 0.000000
427 0.000000
428 0.000000
429 0.000000
430 0.000000
431 0.000000
432 0.000000
433 0.000000
434 0.000000
435 0.000000
436 0.000000
437 0.000000
438 0.000000
439 0.000000
440 0.000000
441 0.000000
442 0.000000
443 0.000000
444 0.000000
445 0.000000
446 0.000000
447 0.000000
448 0.000000
449 0.000000
450 0.000000
451 0.000000
452 0.000000
453 0.000000
454 0.000000
455 0.000000
456 0.000000
457 0.000000
458 0.000000
459 0.000000
460 0.000000
461 0.000000
462 0.000000
463 0.000000
464 0.000000
465 0.000000
466 0.000000
467 0.000000
468 0.000000
469 0.000000
470 0.000000
471 0.000000
472 0.000000
473 0.000000
474 0.000000
475 0.000000
476 0.000000
477 0.000000
478 0.000000
479 0.000000
480 0.000000
481 0.000000
482 0.000000
483 0.000000
484 0.000000
485 0.000000
486 0.000000
487 0.000000
488 0.000000
489 0.000000
490 0.000000
491 0.000000
492 0.000000
493 0.000000
494 0.000000
495 0.000000
496 0.000000
497 0.000000
498 0.000000
499 0.000000
500 0.000000
