1 729182.246045
2 694155.415099
3 707804.157651
4 581922.297440
5 628740.796535
6 614905.149182
7 579231.683974
8 558661.987153
9 489796.772741
10 459766.628540
11 396880.408032
12 378730.491695
13 350188.454662
14 326259.599618
15 277252.370345
16 273482.529849
17 251618.895061
18 214276.217792
19 193549.534624
20 183654.698150
21 174940.592586
22 132831.520541
23 124432.271606
24 118697.838477
25 101298.074884
26 94406.651200
27 83817.421958
28 76852.589774
29 63647.619157
30 59523.105085
31 52321.838292
32 40079.158678
33 39452.860070
34 35215.171823
35 33919.390653
36 27395.312948
37 23128.706473
38 19597.576414
39 18814.536490
40 14447.334307
41 13635.830195
42 11613.255318
43 9862.109199
44 8546.151713
45 7500.643247
46 5603.820413
47 4794.204351
48 4159.204931
49 3787.223838
50 3166.481670
51 2729.519435
52 2374.622440
53 2077.534294
54 1726.846404
55 1551.654133
56 1297.801424
57 1065.768750
58 838.226690
59 777.995863
60 691.269868
61 605.077637
62 485.017555
63 392.943106
64 316.481693
65 286.505315
66 250.125828
67 212.774901
68 175.091060
69 152.375125
70 127.164400
71 102.282934
72 87.011500
73 70.871124
74 60.057415
75 50.387250
76 42.379820
77 33.971060
78 29.242348
79 23.145758
80 19.548420
81 15.678352
82 13.176329
83 10.139828
84 8.351309
85 7.213087
86 5.499654
87 4.623329
88 3.805508
89 3.345745
90 2.801968
91 2.380360
92 1.936574
93 1.636982
94 1.356619
95 1.079343
96 0.906344
97 0.751671
98 0.632533
99 0.494186
100 0.396503
101 0.337298
102 0.280809
103 0.221995
104 0.183609
105 0.161239
106 0.130454
107 0.107437
108 0.088847
109 0.071904
110 0.059174
111 0.048465
112 0.040377
113 0.033700
114 0.027678
115 0.022398
116 0.018710
117 0.016143
118 0.012192
119 0.010457
120 0.008544
121 0.006806
122 0.005841
123 0.005054
124 0.004023
125 0.003381
126 0.002857
127 0.002234
128 0.001798
129 0.001525
130 0.001254
131 0.000964
132 0.000830
133 0.000671
134 0.000568
135 0.000475
136 0.000388
137 0.000331
138 0.000268
139 0.000227
140 0.000189
141 0.000152
142 0.000126
143 0.000108
144 0.000089
145 0.000072
146 0.000058
147 0.000048
148 0.000039
149 0.000032
150 0.000026
151 0.000023
152 0.000018
153 0.000016
154 0.000014
155 0.000012
156 0.000009
157 0.000008
158 0.000007
159 0.000006
160 0.000005
161 0.000004
162 0.000004
163 0.000003
164 0.000002
165 0.000002
166 0.000002
167 0.000002
168 0.000001
169 0.000001
170 0.000001
171 0.000001
172 0.000001
173 0.000001
174 0.000001
175 0.000000
176 0.000000
177 0.000000
178 0.000000
179 0.000000
180 0.000000
181 0.000000
182 0.000000
183 0.000000
184 0.000000
185 0.000000
186 0.000000
187 0.000000
188 0.000000
189 0.000000
190 0.000000
191 0.000000
192 0.000000
193 0.000000
194 0.000000
195 0.000000
196 0.000000
197 0.000000
198 0.000000
199 0.000000
200 0.000000
201 0.000000
202 0.000000
203 0.000000
204 0.000000
205 0.000000
206 0.000000
207 0.000000
208 0.000000
209 0.000000
210 0.000000
211 0.000000
212 0.000000
213 0.000000
214 0.000000
215 0.000000
216 0.000000
217 0.000000
218 0.000000
219 0.000000
220 0.000000
221 0.000000
222 0.000000
223 0.000000
224 0.000000
225 0.000000
226 0.000000
227 0.000000
228 0.000000
229 0.000000
230 0.000000
231 0.000000
232 0.000000
233 0.000000
234 0.000000
235 0.000000
236 0.000000
237 0.000000
238 0.000000
239 0.000000
240 0.000000
241 0.000000
242 0.000000
243 0.000000
244 0.000000
245 0.000000
246 0.000000
247 0.000000
248 0.000000
249 0.000000
250 0.000000
251 0.000000
252 0.000000
253 0.000000
254 0.000000
255 0.000000
256 0.000000
257 0.000000
258 0.000000
259 0.000000
260 0.000000
261 0.000000
262 0.000000
263 0.000000
264 0.000000
265 0.000000
266 0.000000
267 0.000000
268 0.000000
269 0.000000
270 0.000000
271 0.000000
272 0.000000
273 0.000000
274 0.000000
275 0.000000
276 0.000000
277 0.000000
278 0.000000
279 0.000000
280 0.000000
281 0.000000
282 0.000000
283 0.000000
284 0.000000
285 0.000000
286 0.000000
287 0.000000
288 0.000000
289 0.000000
290 0.000000
291 0.000000
292 0.000000
293 0.000000
294 0.000000
295 0.000000
296 0.000000
297 0.000000
298 0.000000
299 0.000000
300 0.000000
301 0.000000
302 0.000000
303 0.000000
304 0.000000
305 0.000000
306 0.000000
307 0.000000
308 0.000000
309 0.000000
310 0.000000
311 0.000000
312 0.000000
313 0.000000
314 0.000000
315 0.000000
316 0.000000
317 0.000000
318 0.000000
319 0.000000
320 0.000000
321 0.000000
322 0.000000
323 0.000000
324 0.000000
325 0.000000
326 0.000000
327 0.000000
328 0.000000
329 0.000000
330 0.000000
331 0.000000
332 0.000000
333 0.000000
334 0.000000
335 0.000000
336 0.000000
337 0.000000
338 0.000000
339 0.000000
340 0.000000
341 0.000000
342 0.000000
343 0.000000
344 0.000000
345 0.000000
346 0.000000
347 0.000000
348 0.000000
349 0.000000
350 0.000000
351 0.000000
352 0.000000
353 0.000000
354 0.000000
355 0.000000
356 0.000000
357 0.000000
358 0.000000
359 0.000000
360 0.000000
361 0.000000
362 0.000000
363 0.000000
364 0.000000
365 0.000000
366 0.000000
367 0.000000
368 0.000000
369 0.000000
370 0.000000
371 0.000000
372 0.000000
373 0.000000
374 0.000000
375 0.000000
376 0.000000
377 0.000000
378 0.000000
379 0.000000
380 0.000000
381 0.000000
382 0.000000
383 0.000000
384 0.000000
385 0.000000
386 0.000000
387 0.000000
388 0.000000
389 0.000000
390 0.000000
391 0.000000
392 0.000000
393 0.000000
394 0.000000
395 0.000000
396 0.000000
397 0.000000
398 0.000000
399 0.000000
400 0.000000
401 0.000000
402 0.000000
403 0.000000
404 0.000000
405 0.000000
406 0.000000
407 0.000000
408 0.000000
409 0.000000
410 0.000000
411 0.000000
412 0.000000
413 0.000000
414 0.000000
415 0.000000
416 0.000000
417 0.000000
418 0.000000
419 0.000000
420 0.000000
421 0.000000
422 0.000000
423 0.000000
424 0.000000
425 0.000000
426 0.000000
427 0.000000
428 0.000000
429 0.000000
430 0.000000
431 0.000000
432 0.000000
433 0.000000
434 0.000000
435 0.000000
436 0.000000
437 0.000000
438 0.000000
439 0.000000
440 0.000000
441 0.000000
442 0.000000
443 0.000000
444 0.000000
445 0.000000
446 0.000000
447 0.000000
448 0.000000
449 0.000000
450 0.000000
451 0.000000
452 0.000000
453 0.000000
454 0.000000
455 0.000000
456 0.000000
457 0.000000
458 0.000000
459 0.000000
460 0.000000
461 0.000000
462 0.000000
463 0.000000
464 0.000000
465 0.000000
466 0.000000
467 0.000000
468 0.000000
469 0.000000
470 0.000000
471 0.000000
472 0.000000
473 0.000000
474 0.000000
475 0.000000
476 0.000000
477 0.000000
478 0.000000
479 0.000000
480 0.000000
481 0.000000
482 0.000000
483 0.000000
484 0.000000
485 0.000000
486 0.000000
487 0.000000
488 0.000000
489 0.000000
490 0.000000
491 0.000000
492 0.000000
493 0.000000
494 0.000000
495 0.000000
496 0.000000
497 0.000000
498 0.000000
499 0.000000
500 0.000000
