1 1000000000000000019884624838656.000000
2 1000000000000000019884624838656.000000
3 1000000000000000019884624838656.000000
4 1000000000000000019884624838656.000000
5 inf
6 inf
7 inf
8 inf
9 inf
10 inf
11 inf
12 inf
13 inf
14 inf
15 inf
16 inf
17 inf
18 inf
19 inf
20 inf
21 inf
22 inf
23 inf
24 inf
25 inf
26 inf
27 inf
28 inf
29 inf
30 inf
31 inf
32 inf
33 inf
34 inf
35 inf
36 inf
37 inf
38 inf
39 inf
40 inf
41 inf
42 inf
43 inf
44 inf
45 inf
46 inf
47 inf
48 inf
49 inf
50 inf
51 inf
52 inf
53 inf
54 inf
55 inf
56 inf
57 inf
58 inf
59 inf
60 inf
61 inf
62 inf
63 inf
64 inf
65 inf
66 inf
67 inf
68 inf
69 inf
70 24861595777581515699193744529972136905348413842576511477167037109473046808805119633124985214622316493318684266153834224068043329673847728765092936557576528145573780949777978050019924018785681408.000000
71 24861595777581515699193744529972136905348413842576511477167037109473046808805119633124985214622316493318684266153834224068043329673847728765092936557576528145573780949777978050019924018785681408.000000
72 24861595777581515699193744529972136905348413842576511477167037109473046808805119633124985214622316493318684266153834224068043329673847728765092936557576528145573780949777978050019924018785681408.000000
73 24861595777581515699193744529972136905348413842576511477167037109473046808805119633124985214622316493318684266153834224068043329673847728765092936557576528145573780949777978050019924018785681408.000000
74 24861595777581515699193744529972136905348413842576511477167037109473046808805119633124985214622316493318684266153834224068043329673847728765092936557576528145573780949777978050019924018785681408.000000
75 10736563167575334986260888808878172795007591305307595536482763771553389977731596288.000000
76 10736563167575334986260888808878172795007591305307595536482763771553389977731596288.000000
77 10736563167575334986260888808878172795007591305307595536482763771553389977731596288.000000
78 10736563167575334986260888808878172795007591305307595536482763771553389977731596288.000000
79 10736563167575334986260888808878172795007591305307595536482763771553389977731596288.000000
80 54126.351497
81 54126.351497
82 54126.351497
83 54126.351497
84 54126.351497
85 43061.664388
86 43061.664388
87 43061.664388
88 43061.664388
89 43061.664388
90 37504.443070
91 37504.443070
92 37504.443070
93 37504.443070
94 37504.443070
95 31054.414290
96 31054.414290
97 31054.414290
98 31054.414290
99 31054.414290
100 27264.774803
101 27264.774803
102 27264.774803
103 27264.774803
104 27264.774803
105 25722.319635
106 25722.319635
107 25722.319635
108 25722.319635
109 25722.319635
110 20077.336923
111 20077.336923
112 20077.336923
113 20077.336923
114 20077.336923
115 17645.355178
116 17645.355178
117 17645.355178
118 17645.355178
119 17645.355178
120 13746.386433
121 13746.386433
122 13746.386433
123 13746.386433
124 13746.386433
125 10638.710313
126 10638.710313
127 10638.710313
128 10638.710313
129 10638.710313
130 8507.839495
131 8507.839495
132 8507.839495
133 8507.839495
134 8507.839495
135 6756.793172
136 6756.793172
137 6756.793172
138 6756.793172
139 6756.793172
140 5077.744554
141 5077.744554
142 5077.744554
143 5077.744554
144 5077.744554
145 4410.649240
146 4410.649240
147 4410.649240
148 4410.649240
149 4410.649240
150 3747.492829
151 3747.492829
152 3747.492829
153 3747.492829
154 3747.492829
155 3082.172444
156 3082.172444
157 3082.172444
158 3082.172444
159 3082.172444
160 2329.591660
161 2329.591660
162 2329.591660
163 2329.591660
164 2329.591660
165 2048.477911
166 2048.477911
167 2048.477911
168 2048.477911
169 2048.477911
170 1690.794657
171 1690.794657
172 1690.794657
173 1690.794657
174 1690.794657
175 1411.276218
176 1411.276218
177 1411.276218
178 1411.276218
179 1411.276218
180 1124.371580
181 1124.371580
182 1124.371580
183 1124.371580
184 1124.371580
185 907.555766
186 907.555766
187 907.555766
188 907.555766
189 907.555766
190 781.726543
191 781.726543
192 781.726543
193 781.726543
194 781.726543
195 651.206188
196 651.206188
197 651.206188
198 651.206188
199 651.206188
200 528.382812
201 528.382812
202 528.382812
203 528.382812
204 528.382812
205 438.514562
206 438.514562
207 438.514562
208 438.514562
209 438.514562
210 372.856191
211 372.856191
212 372.856191
213 372.856191
214 372.856191
215 313.650477
216 313.650477
217 313.650477
218 313.650477
219 313.650477
220 262.571384
221 262.571384
222 262.571384
223 262.571384
224 262.571384
225 227.831881
226 227.831881
227 227.831881
228 227.831881
229 227.831881
230 182.053324
231 182.053324
232 182.053324
233 182.053324
234 182.053324
235 154.969333
236 154.969333
237 154.969333
238 154.969333
239 154.969333
240 130.097661
241 130.097661
242 130.097661
243 130.097661
244 130.097661
245 103.163010
246 103.163010
247 103.163010
248 103.163010
249 103.163010
250 85.304021
251 85.304021
252 85.304021
253 85.304021
254 85.304021
255 72.428247
256 72.428247
257 72.428247
258 72.428247
259 72.428247
260 61.457899
261 61.457899
262 61.457899
263 61.457899
264 61.457899
265 52.498696
266 52.498696
267 52.498696
268 52.498696
269 52.498696
270 45.192279
271 45.192279
272 45.192279
273 45.192279
274 45.192279
275 37.306218
276 37.306218
277 37.306218
278 37.306218
279 37.306218
280 31.328687
281 31.328687
282 31.328687
283 31.328687
284 31.328687
285 26.994768
286 26.994768
287 26.994768
288 26.994768
289 26.994768
290 22.189758
291 22.189758
292 22.189758
293 22.189758
294 22.189758
295 18.265918
296 18.265918
297 18.265918
298 18.265918
299 18.265918
300 15.747206
301 15.747206
302 15.747206
303 15.747206
304 15.747206
305 13.539171
306 13.539171
307 13.539171
308 13.539171
309 13.539171
310 11.815520
311 11.815520
312 11.815520
313 11.815520
314 11.815520
315 10.254086
316 10.254086
317 10.254086
318 10.254086
319 10.254086
320 8.713470
321 8.713470
322 8.713470
323 8.713470
324 8.713470
325 7.532681
326 7.532681
327 7.532681
328 7.532681
329 7.532681
330 6.649164
331 6.649164
332 6.649164
333 6.649164
334 6.649164
335 5.585857
336 5.585857
337 5.585857
338 5.585857
339 5.585857
340 4.817864
341 4.817864
342 4.817864
343 4.817864
344 4.817864
345 4.092364
346 4.092364
347 4.092364
348 4.092364
349 4.092364
350 3.577139
351 3.577139
352 3.577139
353 3.577139
354 3.577139
355 3.118199
356 3.118199
357 3.118199
358 3.118199
359 3.118199
360 2.721887
361 2.721887
362 2.721887
363 2.721887
364 2.721887
365 2.402241
366 2.402241
367 2.402241
368 2.402241
369 2.402241
370 2.064739
371 2.064739
372 2.064739
373 2.064739
374 2.064739
375 1.805246
376 1.805246
377 1.805246
378 1.805246
379 1.805246
380 1.575830
381 1.575830
382 1.575830
383 1.575830
384 1.575830
385 1.371210
386 1.371210
387 1.371210
388 1.371210
389 1.371210
390 1.204885
391 1.204885
392 1.204885
393 1.204885
394 1.204885
395 1.061773
396 1.061773
397 1.061773
398 1.061773
399 1.061773
400 0.927385
401 0.927385
402 0.927385
403 0.927385
404 0.927385
405 0.815386
406 0.815386
407 0.815386
408 0.815386
409 0.815386
410 0.716458
411 0.716458
412 0.716458
413 0.716458
414 0.716458
415 0.635184
416 0.635184
417 0.635184
418 0.635184
419 0.635184
420 0.560728
421 0.560728
422 0.560728
423 0.560728
424 0.560728
425 0.497984
426 0.497984
427 0.497984
428 0.497984
429 0.497984
430 0.439229
431 0.439229
432 0.439229
433 0.439229
434 0.439229
435 0.389570
436 0.389570
437 0.389570
438 0.389570
439 0.389570
440 0.346593
441 0.346593
442 0.346593
443 0.346593
444 0.346593
445 0.306944
446 0.306944
447 0.306944
448 0.306944
449 0.306944
450 0.274033
451 0.274033
452 0.274033
453 0.274033
454 0.274033
455 0.244033
456 0.244033
457 0.244033
458 0.244033
459 0.244033
460 0.216578
461 0.216578
462 0.216578
463 0.216578
464 0.216578
465 0.193405
466 0.193405
467 0.193405
468 0.193405
469 0.193405
470 0.172931
471 0.172931
472 0.172931
473 0.172931
474 0.172931
475 0.154685
476 0.154685
477 0.154685
478 0.154685
479 0.154685
480 0.138454
481 0.138454
482 0.138454
483 0.138454
484 0.138454
485 0.124232
486 0.124232
487 0.124232
488 0.124232
489 0.124232
490 0.111693
491 0.111693
492 0.111693
493 0.111693
494 0.111693
495 0.100467
496 0.100467
497 0.100467
498 0.100467
499 0.100467
500 0.090393
