1 inf
2 inf
3 inf
4 inf
5 inf
6 inf
7 inf
8 inf
9 inf
10 inf
11 942524157528530688149636151870683609794947365427877233851702880799128133713223699377405440927635998145512960050967536244449380869941083072298514472790516547255135845871050026137963288755247261420073922976285368111018630351185578528992325870780679423589976113828298291972923570970607361430281790663642054656.000000
12 1435962987752056352919104418412940174134724171341529473288770149083929262784273102568985158054052319757563534071373169544154460754686139842714195194170615721668086893986216260144978244132251029253490345771251027038810456073825632541202020752186583810818908257695974070120040439742424395035845416976384.000000
13 9628427400909962194255325253353277380687428105227491271293233932534658336726894454571355391194544882379499742069763270059352456499430474858707257773490500227149101079647024900747414540548464711805118012298559581212241239984806113622802598113716800234439844148637398247574503409690645364736.000000
14 331993335879405911009357461579550089598410515024097101126866455770304469013561623935073270596400101050974022787354727466249785291402383173270551512519618727881370462301205051259701708754894094904575721768014400144810171208256658568687015564593045010580547078238397666270479839657984.000000
15 7681807658570064487202481320365355086125556719830018572510128391671809076623267787121503840352412529232164877516596420746336848248114033892607393832458456148632998485531406555447525912435571597500720306360753262546600377849749636699111172426976247088690210700763717762547712.000000
16 9519299871523785572832094765309055876122159380479945508894056761849552206993770728467921574177957708649198443948445511427509837745552754391078234057854325055679978453701280167682193871707454322239046568812269860969666129261410172250426327625519711176447009751040.000000
17 958104274179488509522996838250496860801914014648884766430204156902091972492462601506842897164638602645736899368507217133274859722449940452428041527352432517853536737940505706887269253664468509373939924613220876704240381457686852154732214696132648312780472975360.000000
18 2342631332594834028497970826237470178162694417773931442640398425147299121446417335439201850135678663876455285369704786303765721068419822772848060224630139858257970586666506823659594075984691832590250461988505891285666356064121142045405795486785716678033408.000000
19 1661549600372394225254494629256283812578615027166536839255833701591402539001439191506800174663249069508426890791668141275587459951271507629251973235687011427150203375931340100114017532207829594112334009383842477074122043411835354041573747720192.000000
20 1440574551577171442479477175509927179708914158937392150227351527752595818973730000369984068458908039711859119056404350191198212260277090051856464197726816435291991556843383162698262400050216794665402550767205333973600345898837609123814572032.000000
21 63713829472231778097061238306848713000853696282961092886444532481851770037566482092071050643207059944799357438160518978508394772827102720719622237850231293616048068039452576386324383190051494132062858117290070545083382155150622720.000000
22 73478946520926510678423517633651112219855830027486091060215420481343391465533194491103813436318974479635582428974095108656862765321311702494296047173137763714945671181533929459807348807788720221352579588719519004286733254656.000000
23 721007673580648912623484092749851493814892973546645941101615671826598188812788327724767514598259665929100273332957037488775165744202126044851582470825888388949404586635179544046783262480874801317951538349371140134141952.000000
24 64395447221811340753206481736692912148889533754121468485127936174729288441215788839255568890176454844903996259150234885376012597151473153489143255566031093389679905724190485340948867035555369084306535289127436288.000000
25 1405553132953759544972183261935741612018058583228567143884337771810270453279310833284180520946638714704954447745599847926719193635898614580229796149612018669557978779654048677620668019440307314855197540352.000000
26 165771774480309534477518725278425778227597481209709101323198626137633866859735704669148083462927016124577589588962222173188798632599512369805831719622239715127925378118706755256991969407332777984.000000
27 1124106583834599734712711644190972369620215788261334108394556097931310904586898404943458810436350838433163517437271776652193976641966317593031227553342610267160450207981981511789842530304.000000
28 859750786699584149066765246875842470437128597450486910526967566193919838162723828920958953155202785663157740935499428377747234882991439152442541644955155720863236902680690425856.000000
29 10187202581501023749341543105101056280650394138070622272635646069676632038545045741475157720527622909164885879833960249284076817703694335097666496946125229031288160787628032.000000
30 2669011674495822010367886254677180305299869931617280552380546541951817997244792522232777747717835383761716393834071686833368738945958046476725698597212228549607424.000000
31 14398984036182961138950186488124650211110087743224987578977691408035769230270157010013881021390382655952940156121052859983149483094558546772015430733135872.000000
32 6300163189945328426080078677407177023524245243527432838393313037869701559778304691667185750181822986138084917327667230527281351983812400765730816.000000
33 6307204267614693595476912048413901957577103341489346895227437128402806016710055392331669324943759668840513428768837842627236171087872.000000
34 1053026257483646299002509777779504075350316343153497772545554143560615347625376940705129194377942025378940738485848238595244032.000000
35 68618682803449540320747762835719355828042970824630100219856910096520900181758796429327509325232192555486950719488.000000
36 616410186214780325290318245650238622268782373819127403896535192183053215155234406972264030941210476544.000000
37 20654253075618195337891981862507785619426024425014127899291128786387882787685376073930306420874412032.000000
38 247641865597495134091314325330518363438809806072667933506204668922634688026024489179414528.000000
39 3569985756993283321927286053251183179041299490821864979621139865221517932285132800.000000
40 1659550341706670095903655307509575197810751849517870552661593339985920.000000
41 27453551329163866876476309105692455445483455139765993603072.000000
42 15916651871864857642300297359898542881387761171955712.000000
43 919587050677130057688260336215596669599744.000000
44 38076163702986412058805545205760.000000
45 698459503278.521606
46 17507.341955
47 4379.739704
48 2917.459548
49 2389.881201
50 2003.392271
51 1578.074813
52 1335.233727
53 1195.545417
54 994.943231
55 888.358096
56 752.285997
57 669.074464
58 591.721022
59 493.542165
60 417.307988
61 379.413153
62 340.200179
63 284.389890
64 256.624315
65 228.338313
66 192.582588
67 178.893225
68 153.384288
69 140.033836
70 125.959067
71 110.836301
72 101.530922
73 90.511845
74 83.126510
75 73.507578
76 64.219952
77 53.876277
78 49.730213
79 44.907961
80 40.083459
81 36.121598
82 32.713836
83 29.316351
84 25.894627
85 23.178046
86 21.177969
87 18.670185
88 16.301229
89 14.838654
90 12.759226
91 11.533405
92 10.042185
93 8.993436
94 7.948500
95 7.282025
96 6.459460
97 5.715206
98 4.785739
99 4.380767
100 3.941595
101 3.494893
102 3.014040
103 2.697399
104 2.420844
105 2.116762
106 1.862355
107 1.672703
108 1.480737
109 1.289264
110 1.146098
111 1.022953
112 0.909739
113 0.825149
114 0.729499
115 0.653297
116 0.591277
117 0.530199
118 0.464680
119 0.420710
120 0.380313
121 0.341070
122 0.298162
123 0.275569
124 0.244375
125 0.220896
126 0.195666
127 0.179100
128 0.153752
129 0.140097
130 0.125120
131 0.111511
132 0.098912
133 0.087888
134 0.079967
135 0.067599
136 0.062037
137 0.054784
138 0.050411
139 0.044371
140 0.040476
141 0.036637
142 0.031657
143 0.029116
144 0.026549
145 0.023755
146 0.021231
147 0.019129
148 0.016420
149 0.014897
150 0.013642
151 0.012370
152 0.011278
153 0.010286
154 0.009278
155 0.008247
156 0.007599
157 0.006885
158 0.006281
159 0.005766
160 0.005242
161 0.004737
162 0.004368
163 0.004009
164 0.003620
165 0.003348
166 0.003058
167 0.002806
168 0.002530
169 0.002287
170 0.002063
171 0.001925
172 0.001767
173 0.001621
174 0.001475
175 0.001328
176 0.001220
177 0.001125
178 0.001020
179 0.000942
180 0.000860
181 0.000796
182 0.000717
183 0.000670
184 0.000611
185 0.000570
186 0.000518
187 0.000475
188 0.000439
189 0.000405
190 0.000369
191 0.000347
192 0.000322
193 0.000298
194 0.000274
195 0.000259
196 0.000234
197 0.000220
198 0.000204
199 0.000189
200 0.000174
201 0.000161
202 0.000147
203 0.000136
204 0.000125
205 0.000117
206 0.000108
207 0.000100
208 0.000091
209 0.000085
210 0.000080
211 0.000075
212 0.000069
213 0.000066
214 0.000062
215 0.000057
216 0.000053
217 0.000050
218 0.000047
219 0.000044
220 0.000041
221 0.000039
222 0.000037
223 0.000034
224 0.000032
225 0.000030
226 0.000028
227 0.000026
228 0.000025
229 0.000023
230 0.000022
231 0.000021
232 0.000020
233 0.000018
234 0.000017
235 0.000016
236 0.000016
237 0.000015
238 0.000014
239 0.000013
240 0.000012
241 0.000012
242 0.000011
243 0.000010
244 0.000010
245 0.000009
246 0.000009
247 0.000008
248 0.000008
249 0.000007
250 0.000007
251 0.000007
252 0.000006
253 0.000006
254 0.000006
255 0.000006
256 0.000005
257 0.000005
258 0.000005
259 0.000005
260 0.000004
261 0.000004
262 0.000004
263 0.000004
264 0.000004
265 0.000003
266 0.000003
267 0.000003
268 0.000003
269 0.000003
270 0.000003
271 0.000003
272 0.000002
273 0.000002
274 0.000002
275 0.000002
276 0.000002
277 0.000002
278 0.000002
279 0.000002
280 0.000002
281 0.000002
282 0.000002
283 0.000002
284 0.000001
285 0.000001
286 0.000001
287 0.000001
288 0.000001
289 0.000001
290 0.000001
291 0.000001
292 0.000001
293 0.000001
294 0.000001
295 0.000001
296 0.000001
297 0.000001
298 0.000001
299 0.000001
300 0.000001
301 0.000001
302 0.000001
303 0.000001
304 0.000001
305 0.000001
306 0.000001
307 0.000001
308 0.000001
309 0.000001
310 0.000001
311 0.000001
312 0.000001
313 0.000001
314 0.000000
315 0.000000
316 0.000000
317 0.000000
318 0.000000
319 0.000000
320 0.000000
321 0.000000
322 0.000000
323 0.000000
324 0.000000
325 0.000000
326 0.000000
327 0.000000
328 0.000000
329 0.000000
330 0.000000
331 0.000000
332 0.000000
333 0.000000
334 0.000000
335 0.000000
336 0.000000
337 0.000000
338 0.000000
339 0.000000
340 0.000000
341 0.000000
342 0.000000
343 0.000000
344 0.000000
345 0.000000
346 0.000000
347 0.000000
348 0.000000
349 0.000000
350 0.000000
351 0.000000
352 0.000000
353 0.000000
354 0.000000
355 0.000000
356 0.000000
357 0.000000
358 0.000000
359 0.000000
360 0.000000
361 0.000000
362 0.000000
363 0.000000
364 0.000000
365 0.000000
366 0.000000
367 0.000000
368 0.000000
369 0.000000
370 0.000000
371 0.000000
372 0.000000
373 0.000000
374 0.000000
375 0.000000
376 0.000000
377 0.000000
378 0.000000
379 0.000000
380 0.000000
381 0.000000
382 0.000000
383 0.000000
384 0.000000
385 0.000000
386 0.000000
387 0.000000
388 0.000000
389 0.000000
390 0.000000
391 0.000000
392 0.000000
393 0.000000
394 0.000000
395 0.000000
396 0.000000
397 0.000000
398 0.000000
399 0.000000
400 0.000000
401 0.000000
402 0.000000
403 0.000000
404 0.000000
405 0.000000
406 0.000000
407 0.000000
408 0.000000
409 0.000000
410 0.000000
411 0.000000
412 0.000000
413 0.000000
414 0.000000
415 0.000000
416 0.000000
417 0.000000
418 0.000000
419 0.000000
420 0.000000
421 0.000000
422 0.000000
423 0.000000
424 0.000000
425 0.000000
426 0.000000
427 0.000000
428 0.000000
429 0.000000
430 0.000000
431 0.000000
432 0.000000
433 0.000000
434 0.000000
435 0.000000
436 0.000000
437 0.000000
438 0.000000
439 0.000000
440 0.000000
441 0.000000
442 0.000000
443 0.000000
444 0.000000
445 0.000000
446 0.000000
447 0.000000
448 0.000000
449 0.000000
450 0.000000
451 0.000000
452 0.000000
453 0.000000
454 0.000000
455 0.000000
456 0.000000
457 0.000000
458 0.000000
459 0.000000
460 0.000000
461 0.000000
462 0.000000
463 0.000000
464 0.000000
465 0.000000
466 0.000000
467 0.000000
468 0.000000
469 0.000000
470 0.000000
471 0.000000
472 0.000000
473 0.000000
474 0.000000
475 0.000000
476 0.000000
477 0.000000
478 0.000000
479 0.000000
480 0.000000
481 0.000000
482 0.000000
483 0.000000
484 0.000000
485 0.000000
486 0.000000
487 0.000000
488 0.000000
489 0.000000
490 0.000000
491 0.000000
492 0.000000
493 0.000000
494 0.000000
495 0.000000
496 0.000000
497 0.000000
498 0.000000
499 0.000000
500 0.000000
