1 inf
2 inf
3 inf
4 inf
5 36153912783585226090578223754450213991561209397993921287008578618949839242564087769077186534976546068278314809727469092352654770617021395345333865106017850698162545952718531470677667371678308939221944937375738189251321389107489603955615448776341820971935559832827005547448763416576.000000
6 2587872126649208278167844607111029808643701482430099367016239862875769754663779286497730060578400838385093195285538041516928119837595414615448949156285646863413738666267714332725915954780393252046659520088327668750855671041375225503265419898004701184.000000
7 480778756170604360224237762879425588665249571380657968732187104011578521860488108304855096361345138079981095324788396427483992203565253137047198570839842478285532426278276009751587477041383543808323794252356124672.000000
8 3551387235788752622489453430836655051101712726234076571550547241089005227608325224270576615721297189679901753387058376030540437284314410031442026543592217866699493114123383070831678846926848.000000
9 2893621833028999639834009631595914030014688613211705772821837656702154880734913697850987518357948527162214828646796809636559564105858413625541168842896152985600.000000
10 104707307070307616632554696771326701174421219711293687122967371583534883814556281932214486199473958053157572825669411330116812800.000000
11 72982407075886078634232921573083367229000182187262432134354143600406978825728510803276479321715245056.000000
12 187865156296313753864240627704582507787625765933196649138607377380016128.000000
13 7570474331384521469648197891485859840.000000
14 5718179120.797538
15 6350.058514
16 5026.506547
17 6169.371260
18 5077.639137
19 3885.556466
20 2810.152706
21 2826.218346
22 2210.602007
23 2010.844799
24 1642.899783
25 1203.223520
26 1251.487811
27 904.585844
28 959.440191
29 558.641830
30 462.135844
31 409.933192
32 409.857835
33 347.238578
34 316.748891
35 282.562823
36 232.608110
37 168.588578
38 162.222363
39 88.355727
40 70.315989
41 73.999890
42 57.041799
43 42.678884
44 36.492410
45 25.173902
46 22.339408
47 20.519606
48 20.164030
49 19.854889
50 18.229855
51 16.630899
52 13.577627
53 8.729755
54 6.704353
55 4.913985
56 3.387513
57 3.341476
58 2.485338
59 2.285846
60 2.328967
61 2.026142
62 1.612584
63 1.164202
64 0.947762
65 0.732625
66 0.562803
67 0.450181
68 0.344162
69 0.317495
70 0.250025
71 0.207205
72 0.188867
73 0.168052
74 0.144304
75 0.119223
76 0.090021
77 0.062137
78 0.045096
79 0.036346
80 0.026394
81 0.024262
82 0.019437
83 0.016524
84 0.014658
85 0.012332
86 0.010823
87 0.008432
88 0.007229
89 0.005092
90 0.003962
91 0.002898
92 0.003011
93 0.002891
94 0.002297
95 0.001781
96 0.001439
97 0.001291
98 0.001138
99 0.000924
100 0.000609
101 0.000515
102 0.000463
103 0.000422
104 0.000336
105 0.000268
106 0.000208
107 0.000177
108 0.000146
109 0.000115
110 0.000090
111 0.000077
112 0.000059
113 0.000047
114 0.000037
115 0.000028
116 0.000019
117 0.000017
118 0.000014
119 0.000009
120 0.000006
121 0.000006
122 0.000005
123 0.000004
124 0.000003
125 0.000003
126 0.000002
127 0.000001
128 0.000001
129 0.000001
130 0.000001
131 0.000001
132 0.000001
133 0.000000
134 0.000000
135 0.000000
136 0.000000
137 0.000000
138 0.000000
139 0.000000
140 0.000000
141 0.000000
142 0.000000
143 0.000000
144 0.000000
145 0.000000
146 0.000000
147 0.000000
148 0.000000
149 0.000000
150 0.000000
151 0.000000
152 0.000000
153 0.000000
154 0.000000
155 0.000000
156 0.000000
157 0.000000
158 0.000000
159 0.000000
160 0.000000
161 0.000000
162 0.000000
163 0.000000
164 0.000000
165 0.000000
166 0.000000
167 0.000000
168 0.000000
169 0.000000
170 0.000000
171 0.000000
172 0.000000
173 0.000000
174 0.000000
175 0.000000
176 0.000000
177 0.000000
178 0.000000
179 0.000000
180 0.000000
181 0.000000
182 0.000000
183 0.000000
184 0.000000
185 0.000000
186 0.000000
187 0.000000
188 0.000000
189 0.000000
190 0.000000
191 0.000000
192 0.000000
193 0.000000
194 0.000000
195 0.000000
196 0.000000
197 0.000000
198 0.000000
199 0.000000
200 0.000000
201 0.000000
202 0.000000
203 0.000000
204 0.000000
205 0.000000
206 0.000000
207 0.000000
208 0.000000
209 0.000000
210 0.000000
211 0.000000
212 0.000000
213 0.000000
214 0.000000
215 0.000000
216 0.000000
217 0.000000
218 0.000000
219 0.000000
220 0.000000
221 0.000000
222 0.000000
223 0.000000
224 0.000000
225 0.000000
226 0.000000
227 0.000000
228 0.000000
229 0.000000
230 0.000000
231 0.000000
232 0.000000
233 0.000000
234 0.000000
235 0.000000
236 0.000000
237 0.000000
238 0.000000
239 0.000000
240 0.000000
241 0.000000
242 0.000000
243 0.000000
244 0.000000
245 0.000000
246 0.000000
247 0.000000
248 0.000000
249 0.000000
250 0.000000
251 0.000000
252 0.000000
253 0.000000
254 0.000000
255 0.000000
256 0.000000
257 0.000000
258 0.000000
259 0.000000
260 0.000000
261 0.000000
262 0.000000
263 0.000000
264 0.000000
265 0.000000
266 0.000000
267 0.000000
268 0.000000
269 0.000000
270 0.000000
271 0.000000
272 0.000000
273 0.000000
274 0.000000
275 0.000000
276 0.000000
277 0.000000
278 0.000000
279 0.000000
280 0.000000
281 0.000000
282 0.000000
283 0.000000
284 0.000000
285 0.000000
286 0.000000
287 0.000000
288 0.000000
289 0.000000
290 0.000000
291 0.000000
292 0.000000
293 0.000000
294 0.000000
295 0.000000
296 0.000000
297 0.000000
298 0.000000
299 0.000000
300 0.000000
301 0.000000
302 0.000000
303 0.000000
304 0.000000
305 0.000000
306 0.000000
307 0.000000
308 0.000000
309 0.000000
310 0.000000
311 0.000000
312 0.000000
313 0.000000
314 0.000000
315 0.000000
316 0.000000
317 0.000000
318 0.000000
319 0.000000
320 0.000000
321 0.000000
322 0.000000
323 0.000000
324 0.000000
325 0.000000
326 0.000000
327 0.000000
328 0.000000
329 0.000000
330 0.000000
331 0.000000
332 0.000000
333 0.000000
334 0.000000
335 0.000000
336 0.000000
337 0.000000
338 0.000000
339 0.000000
340 0.000000
341 0.000000
342 0.000000
343 0.000000
344 0.000000
345 0.000000
346 0.000000
347 0.000000
348 0.000000
349 0.000000
350 0.000000
351 0.000000
352 0.000000
353 0.000000
354 0.000000
355 0.000000
356 0.000000
357 0.000000
358 0.000000
359 0.000000
360 0.000000
361 0.000000
362 0.000000
363 0.000000
364 0.000000
365 0.000000
366 0.000000
367 0.000000
368 0.000000
369 0.000000
370 0.000000
371 0.000000
372 0.000000
373 0.000000
374 0.000000
375 0.000000
376 0.000000
377 0.000000
378 0.000000
379 0.000000
380 0.000000
381 0.000000
382 0.000000
383 0.000000
384 0.000000
385 0.000000
386 0.000000
387 0.000000
388 0.000000
389 0.000000
390 0.000000
391 0.000000
392 0.000000
393 0.000000
394 0.000000
395 0.000000
396 0.000000
397 0.000000
398 0.000000
399 0.000000
400 0.000000
401 0.000000
402 0.000000
403 0.000000
404 0.000000
405 0.000000
406 0.000000
407 0.000000
408 0.000000
409 0.000000
410 0.000000
411 0.000000
412 0.000000
413 0.000000
414 0.000000
415 0.000000
416 0.000000
417 0.000000
418 0.000000
419 0.000000
420 0.000000
421 0.000000
422 0.000000
423 0.000000
424 0.000000
425 0.000000
426 0.000000
427 0.000000
428 0.000000
429 0.000000
430 0.000000
431 0.000000
432 0.000000
433 0.000000
434 0.000000
435 0.000000
436 0.000000
437 0.000000
438 0.000000
439 0.000000
440 0.000000
441 0.000000
442 0.000000
443 0.000000
444 0.000000
445 0.000000
446 0.000000
447 0.000000
448 0.000000
449 0.000000
450 0.000000
451 0.000000
452 0.000000
453 0.000000
454 0.000000
455 0.000000
456 0.000000
457 0.000000
458 0.000000
459 0.000000
460 0.000000
461 0.000000
462 0.000000
463 0.000000
464 0.000000
465 0.000000
466 0.000000
467 0.000000
468 0.000000
469 0.000000
470 0.000000
471 0.000000
472 0.000000
473 0.000000
474 0.000000
475 0.000000
476 0.000000
477 0.000000
478 0.000000
479 0.000000
480 0.000000
481 0.000000
482 0.000000
483 0.000000
484 0.000000
485 0.000000
486 0.000000
487 0.000000
488 0.000000
489 0.000000
490 0.000000
491 0.000000
492 0.000000
493 0.000000
494 0.000000
495 0.000000
496 0.000000
497 0.000000
498 0.000000
499 0.000000
500 0.000000
