1 inf
2 inf
3 inf
4 586075389674072101443170502401954997452503605776737473203352748972281809686956229449587129172599819838501337539799143677293783285328693136873908203661117589010692587693060390130784272571687248417221347297654666605594595049891410123683600042282295757569060043175489880460854514696672830088628187177156608.000000
5 1233589507440528674111481509474647062863232334622153874005537681595967942125199174680296637092114708313227833507014948273760900959331402188326513619088661491304021906301324561769334986698344310619024956130118704370354765882139504692784115962583541516717174428310340902269747200.000000
6 9213163924631655065848349854594484355601015099867854352321058827510832307241446458549985777887166448285653862153074609993927011704028508070720696543943096702690352259977570824565522513140021418978500708992982464865786258124046751379176393015296.000000
7 17722092570913029854632064817550086880778842405326475645934642348491817873721551779756342083584835411232468043395940103338090658331061795586517882194244736121069588335011541843932974493688029945028988746511487070109696.000000
8 106175706367851254320866574601408211379534872461268530105089995638674467707739926428765869241918552678119695411846602426920149010987446402276570271577700167996410130041144393901015040.000000
9 2800876247708944025413502849860392230254478958157899160417959870873406429173641881119006394580610785031393882516053331166214216267106196979868119360654423359488.000000
10 2167158712762951248580032786432872290225479781236650197887719828716476535942988990953941507339941648243312920513674243710386176.000000
11 28748097478914908603591231671725784988502228082608694009678507074063150697316691090218156032.000000
12 11933322877612652527202099852584267352457578599667306183994475239725797998592.000000
13 178495824794450681491533272330803842921838654776793890816.000000
14 3431241330846223189409792.000000
15 5294.552685
16 4502.967481
17 4685.681008
18 4181.587647
19 3285.204950
20 3040.931291
21 2814.138419
22 2607.740422
23 2124.596530
24 1610.242077
25 1327.455125
26 1149.862858
27 718.358546
28 600.651001
29 466.746474
30 348.559096
31 294.342431
32 213.421811
33 147.662780
34 161.150526
35 103.607447
36 81.976435
37 72.147660
38 41.878534
39 48.066873
40 31.625426
41 29.149509
42 25.907804
43 29.264938
44 26.661954
45 20.620910
46 16.844372
47 9.735835
48 8.782779
49 5.845226
50 3.098277
51 2.379601
52 1.956937
53 1.567244
54 1.139552
55 0.768112
56 0.665971
57 0.560676
58 0.419984
59 0.354563
60 0.322319
61 0.255759
62 0.233601
63 0.177321
64 0.171204
65 0.144870
66 0.116782
67 0.087168
68 0.040919
69 0.033682
70 0.032788
71 0.024813
72 0.011246
73 0.011483
74 0.009531
75 0.009187
76 0.007955
77 0.005336
78 0.004992
79 0.005142
80 0.004035
81 0.003543
82 0.003146
83 0.001981
84 0.001386
85 0.001190
86 0.000940
87 0.000656
88 0.000552
89 0.000435
90 0.000304
91 0.000236
92 0.000231
93 0.000130
94 0.000120
95 0.000092
96 0.000087
97 0.000071
98 0.000059
99 0.000038
100 0.000032
101 0.000026
102 0.000016
103 0.000014
104 0.000012
105 0.000010
106 0.000008
107 0.000007
108 0.000005
109 0.000004
110 0.000004
111 0.000003
112 0.000002
113 0.000002
114 0.000002
115 0.000001
116 0.000001
117 0.000001
118 0.000001
119 0.000000
120 0.000000
121 0.000000
122 0.000000
123 0.000000
124 0.000000
125 0.000000
126 0.000000
127 0.000000
128 0.000000
129 0.000000
130 0.000000
131 0.000000
132 0.000000
133 0.000000
134 0.000000
135 0.000000
136 0.000000
137 0.000000
138 0.000000
139 0.000000
140 0.000000
141 0.000000
142 0.000000
143 0.000000
144 0.000000
145 0.000000
146 0.000000
147 0.000000
148 0.000000
149 0.000000
150 0.000000
151 0.000000
152 0.000000
153 0.000000
154 0.000000
155 0.000000
156 0.000000
157 0.000000
158 0.000000
159 0.000000
160 0.000000
161 0.000000
162 0.000000
163 0.000000
164 0.000000
165 0.000000
166 0.000000
167 0.000000
168 0.000000
169 0.000000
170 0.000000
171 0.000000
172 0.000000
173 0.000000
174 0.000000
175 0.000000
176 0.000000
177 0.000000
178 0.000000
179 0.000000
180 0.000000
181 0.000000
182 0.000000
183 0.000000
184 0.000000
185 0.000000
186 0.000000
187 0.000000
188 0.000000
189 0.000000
190 0.000000
191 0.000000
192 0.000000
193 0.000000
194 0.000000
195 0.000000
196 0.000000
197 0.000000
198 0.000000
199 0.000000
200 0.000000
201 0.000000
202 0.000000
203 0.000000
204 0.000000
205 0.000000
206 0.000000
207 0.000000
208 0.000000
209 0.000000
210 0.000000
211 0.000000
212 0.000000
213 0.000000
214 0.000000
215 0.000000
216 0.000000
217 0.000000
218 0.000000
219 0.000000
220 0.000000
221 0.000000
222 0.000000
223 0.000000
224 0.000000
225 0.000000
226 0.000000
227 0.000000
228 0.000000
229 0.000000
230 0.000000
231 0.000000
232 0.000000
233 0.000000
234 0.000000
235 0.000000
236 0.000000
237 0.000000
238 0.000000
239 0.000000
240 0.000000
241 0.000000
242 0.000000
243 0.000000
244 0.000000
245 0.000000
246 0.000000
247 0.000000
248 0.000000
249 0.000000
250 0.000000
251 0.000000
252 0.000000
253 0.000000
254 0.000000
255 0.000000
256 0.000000
257 0.000000
258 0.000000
259 0.000000
260 0.000000
261 0.000000
262 0.000000
263 0.000000
264 0.000000
265 0.000000
266 0.000000
267 0.000000
268 0.000000
269 0.000000
270 0.000000
271 0.000000
272 0.000000
273 0.000000
274 0.000000
275 0.000000
276 0.000000
277 0.000000
278 0.000000
279 0.000000
280 0.000000
281 0.000000
282 0.000000
283 0.000000
284 0.000000
285 0.000000
286 0.000000
287 0.000000
288 0.000000
289 0.000000
290 0.000000
291 0.000000
292 0.000000
293 0.000000
294 0.000000
295 0.000000
296 0.000000
297 0.000000
298 0.000000
299 0.000000
300 0.000000
301 0.000000
302 0.000000
303 0.000000
304 0.000000
305 0.000000
306 0.000000
307 0.000000
308 0.000000
309 0.000000
310 0.000000
311 0.000000
312 0.000000
313 0.000000
314 0.000000
315 0.000000
316 0.000000
317 0.000000
318 0.000000
319 0.000000
320 0.000000
321 0.000000
322 0.000000
323 0.000000
324 0.000000
325 0.000000
326 0.000000
327 0.000000
328 0.000000
329 0.000000
330 0.000000
331 0.000000
332 0.000000
333 0.000000
334 0.000000
335 0.000000
336 0.000000
337 0.000000
338 0.000000
339 0.000000
340 0.000000
341 0.000000
342 0.000000
343 0.000000
344 0.000000
345 0.000000
346 0.000000
347 0.000000
348 0.000000
349 0.000000
350 0.000000
351 0.000000
352 0.000000
353 0.000000
354 0.000000
355 0.000000
356 0.000000
357 0.000000
358 0.000000
359 0.000000
360 0.000000
361 0.000000
362 0.000000
363 0.000000
364 0.000000
365 0.000000
366 0.000000
367 0.000000
368 0.000000
369 0.000000
370 0.000000
371 0.000000
372 0.000000
373 0.000000
374 0.000000
375 0.000000
376 0.000000
377 0.000000
378 0.000000
379 0.000000
380 0.000000
381 0.000000
382 0.000000
383 0.000000
384 0.000000
385 0.000000
386 0.000000
387 0.000000
388 0.000000
389 0.000000
390 0.000000
391 0.000000
392 0.000000
393 0.000000
394 0.000000
395 0.000000
396 0.000000
397 0.000000
398 0.000000
399 0.000000
400 0.000000
401 0.000000
402 0.000000
403 0.000000
404 0.000000
405 0.000000
406 0.000000
407 0.000000
408 0.000000
409 0.000000
410 0.000000
411 0.000000
412 0.000000
413 0.000000
414 0.000000
415 0.000000
416 0.000000
417 0.000000
418 0.000000
419 0.000000
420 0.000000
421 0.000000
422 0.000000
423 0.000000
424 0.000000
425 0.000000
426 0.000000
427 0.000000
428 0.000000
429 0.000000
430 0.000000
431 0.000000
432 0.000000
433 0.000000
434 0.000000
435 0.000000
436 0.000000
437 0.000000
438 0.000000
439 0.000000
440 0.000000
441 0.000000
442 0.000000
443 0.000000
444 0.000000
445 0.000000
446 0.000000
447 0.000000
448 0.000000
449 0.000000
450 0.000000
451 0.000000
452 0.000000
453 0.000000
454 0.000000
455 0.000000
456 0.000000
457 0.000000
458 0.000000
459 0.000000
460 0.000000
461 0.000000
462 0.000000
463 0.000000
464 0.000000
465 0.000000
466 0.000000
467 0.000000
468 0.000000
469 0.000000
470 0.000000
471 0.000000
472 0.000000
473 0.000000
474 0.000000
475 0.000000
476 0.000000
477 0.000000
478 0.000000
479 0.000000
480 0.000000
481 0.000000
482 0.000000
483 0.000000
484 0.000000
485 0.000000
486 0.000000
487 0.000000
488 0.000000
489 0.000000
490 0.000000
491 0.000000
492 0.000000
493 0.000000
494 0.000000
495 0.000000
496 0.000000
497 0.000000
498 0.000000
499 0.000000
500 0.000000
