1 inf
2 inf
3 inf
4 inf
5 inf
6 inf
7 inf
8 inf
9 inf
10 inf
11 inf
12 inf
13 inf
14 inf
15 inf
16 inf
17 inf
18 inf
19 inf
20 inf
21 inf
22 inf
23 inf
24 inf
25 inf
26 inf
27 inf
28 inf
29 inf
30 inf
31 inf
32 inf
33 inf
34 inf
35 inf
36 inf
37 inf
38 inf
39 inf
40 inf
41 inf
42 inf
43 inf
44 inf
45 inf
46 inf
47 inf
48 inf
49 inf
50 inf
51 inf
52 inf
53 inf
54 inf
55 inf
56 inf
57 inf
58 inf
59 inf
60 inf
61 inf
62 inf
63 2160509025023080761618190620289420367984085154942585536641966015143160245367003680553164437528140718074714430646353589157063105800806584274265225774988858659706831831662140992297131721316547236234343250691740315737499760330105978455176885889064128242347683685320373558270810286726380256324518131751070990336.000000
64 178632432237876019226736454421784976663563369533754112627632206899934037910691122293641595050801989622222686329634494764739642848313927449332817536052857442092621852372134351928219115972855481329562806374548035891527206472565469297365894386046366003986633241036059799696424374291210835066880.000000
65 4001158949032659049620829486612407460987277900452757942172050438638637063071449420571688698835521005851283250285295624391539523390033626792829797916091440086996494358388457955480050568489263024759666062596778534199951688256121812662108876056725861433344.000000
66 522861621955332659239219142764973081274792740762462168521081147571326190694993540878850204520665672208728035258047513430442080231362105459860009753853610207138713312460630456032307289241813740815031861268333985792.000000
67 6319913194903831188491995354921878430972227602744801900533289074544480715533722314019016454146150424729465170898971244226975634763277379990945607086690617443271115323523221392719872.000000
68 190226316629287281381337191245717961629600973389907252371698085830929640168742690771922686011997466271606039453176633917912161189888.000000
69 8953916212380654141549571290683856962305065929183948544666977191134219290219457441297334272.000000
70 33421991275903923528330110182732497434883845709090017771520.000000
71 7736055321546281078226944.000000
72 1009010.183056
73 38558.620231
74 37297.645429
75 32983.344779
76 29772.415626
77 25729.739437
78 23741.717219
79 21286.326218
80 20398.494849
81 18154.412278
82 16849.859505
83 16168.535181
84 14753.921250
85 13550.837474
86 12019.609944
87 11057.288155
88 10671.022011
89 9727.386513
90 9501.722357
91 8713.905816
92 7797.943803
93 7499.764754
94 6989.516741
95 6572.401267
96 6163.696480
97 5768.809554
98 5496.486722
99 5194.513261
100 4869.374168
101 4608.071762
102 4432.442021
103 3928.774516
104 3731.458261
105 3562.123724
106 3268.974896
107 3115.020901
108 2943.225130
109 2808.503151
110 2586.445587
111 2367.823870
112 2268.256587
113 2134.892483
114 1990.225620
115 1823.220349
116 1650.219108
117 1587.289793
118 1441.711098
119 1324.410425
120 1234.932024
121 1137.746221
122 1039.137438
123 948.212782
124 870.286331
125 834.226147
126 794.119620
127 722.894231
128 687.445097
129 638.260554
130 613.249218
131 584.673125
132 556.858953
133 515.226363
134 487.803942
135 438.635059
136 409.030300
137 382.667970
138 363.926889
139 339.603150
140 322.300736
141 312.755335
142 293.980025
143 273.216737
144 258.706116
145 244.402585
146 224.644641
147 211.286142
148 200.934379
149 186.688349
150 177.501783
151 169.174928
152 160.876025
153 151.176746
154 141.008409
155 132.894932
156 123.294608
157 117.224885
158 109.727209
159 99.012570
160 95.270353
161 90.815948
162 84.360630
163 79.020705
164 73.748975
165 68.192489
166 65.232154
167 60.286933
168 54.905753
169 52.020450
170 49.174463
171 47.062503
172 45.090131
173 42.628360
174 39.835124
175 37.456222
176 35.415696
177 33.842441
178 32.236943
179 30.449242
180 28.371173
181 27.057525
182 25.783567
183 24.423774
184 23.258387
185 21.605621
186 20.611642
187 19.685665
188 18.532056
189 17.481104
190 16.451684
191 15.804611
192 14.975654
193 14.255948
194 13.460315
195 12.731218
196 12.005624
197 11.473968
198 10.894627
199 10.395630
200 9.801093
201 9.148881
202 8.781147
203 8.301195
204 7.754346
205 7.313569
206 6.950596
207 6.631919
208 6.217483
209 5.818276
210 5.536459
211 5.224683
212 4.998047
213 4.696411
214 4.502335
215 4.260573
216 4.049505
217 3.805238
218 3.690965
219 3.539462
220 3.362652
221 3.197592
222 3.036284
223 2.897198
224 2.742457
225 2.614918
226 2.512575
227 2.391909
228 2.280425
229 2.196893
230 2.096408
231 2.005536
232 1.917941
233 1.821179
234 1.730010
235 1.652092
236 1.585113
237 1.526700
238 1.471202
239 1.405453
240 1.354763
241 1.296502
242 1.250276
243 1.199763
244 1.157177
245 1.119820
246 1.081630
247 1.032120
248 1.005269
249 0.967766
250 0.936694
251 0.905309
252 0.873388
253 0.842900
254 0.811949
255 0.789702
256 0.761718
257 0.730777
258 0.704309
259 0.683713
260 0.659469
261 0.638132
262 0.612179
263 0.588464
264 0.568882
265 0.549319
266 0.531004
267 0.517003
268 0.499980
269 0.486435
270 0.468675
271 0.453958
272 0.439350
273 0.425244
274 0.412055
275 0.400120
276 0.388470
277 0.371533
278 0.360519
279 0.348096
280 0.337676
281 0.327908
282 0.317453
283 0.307177
284 0.297910
285 0.288005
286 0.281047
287 0.272054
288 0.265801
289 0.258159
290 0.250683
291 0.243341
292 0.235563
293 0.230125
294 0.223278
295 0.218841
296 0.212021
297 0.206528
298 0.199819
299 0.194225
300 0.189555
301 0.184825
302 0.178841
303 0.175101
304 0.170606
305 0.166867
306 0.162159
307 0.158006
308 0.153749
309 0.149850
310 0.146737
311 0.143146
312 0.139666
313 0.136495
314 0.133690
315 0.130858
316 0.127742
317 0.123451
318 0.121302
319 0.119221
320 0.115849
321 0.113454
322 0.110709
323 0.108120
324 0.105042
325 0.102600
326 0.100845
327 0.098409
328 0.096578
329 0.094252
330 0.092149
331 0.090506
332 0.088606
333 0.086270
334 0.084703
335 0.083121
336 0.081657
337 0.079858
338 0.078307
339 0.077027
340 0.075655
341 0.074265
342 0.072885
343 0.071270
344 0.070006
345 0.068865
346 0.067159
347 0.065858
348 0.064751
349 0.063488
350 0.062299
351 0.061162
352 0.060033
353 0.059221
354 0.057945
355 0.057227
356 0.056336
357 0.055464
358 0.054611
359 0.053752
360 0.052891
361 0.052108
362 0.051055
363 0.050246
364 0.049532
365 0.048576
366 0.047839
367 0.047125
368 0.046398
369 0.045435
370 0.044783
371 0.043976
372 0.043430
373 0.042826
374 0.042315
375 0.041773
376 0.041131
377 0.040617
378 0.039848
379 0.039329
380 0.038818
381 0.038293
382 0.037794
383 0.037319
384 0.036972
385 0.036434
386 0.036017
387 0.035471
388 0.034882
389 0.034404
390 0.033978
391 0.033569
392 0.033187
393 0.032766
394 0.032475
395 0.032016
396 0.031672
397 0.031340
398 0.031030
399 0.030665
400 0.030383
401 0.030097
402 0.029766
403 0.029422
404 0.029102
405 0.028795
406 0.028529
407 0.028264
408 0.027981
409 0.027739
410 0.027479
411 0.027154
412 0.026846
413 0.026545
414 0.026320
415 0.026097
416 0.025867
417 0.025550
418 0.025387
419 0.025187
420 0.025000
421 0.024797
422 0.024616
423 0.024427
424 0.024200
425 0.023969
426 0.023843
427 0.023668
428 0.023516
429 0.023346
430 0.023138
431 0.023012
432 0.022831
433 0.022688
434 0.022544
435 0.022401
436 0.022259
437 0.022108
438 0.021958
439 0.021808
440 0.021675
441 0.021542
442 0.021414
443 0.021254
444 0.021174
445 0.021078
446 0.020967
447 0.020848
448 0.020741
449 0.020654
450 0.020549
451 0.020470
452 0.020339
453 0.020244
454 0.020124
455 0.020030
456 0.019940
457 0.019852
458 0.019770
459 0.019666
460 0.019619
461 0.019551
462 0.019472
463 0.019392
464 0.019326
465 0.019259
466 0.019198
467 0.019122
468 0.019060
469 0.019005
470 0.018954
471 0.018876
472 0.018842
473 0.018789
474 0.018741
475 0.018692
476 0.018653
477 0.018606
478 0.018564
479 0.018523
480 0.018489
481 0.018451
482 0.018418
483 0.018381
484 0.018351
485 0.018322
486 0.018295
487 0.018268
488 0.018247
489 0.018226
490 0.018205
491 0.018189
492 0.018171
493 0.018155
494 0.018144
495 0.018132
496 0.018123
497 0.018117
498 0.018112
499 0.018108
500 0.018107
