1 inf
2 inf
3 inf
4 inf
5 inf
6 inf
7 inf
8 inf
9 inf
10 198046826474718211571028814434188977132850835911893491628108994384056426334176682514436636089414867470439196527959902228583242836508251863297782103483225988490988926954670013407322813864409841176874742164600869348799634485759153171761532367198051877580086690514068895170560.000000
11 292522329957233234874754428731534927419076035921426023154911070104081958293961308524954071250056697483324610798362667926200318426276934514568670698421876276642517326425177180388738317165193592832.000000
12 127270725752959380725222652677820165100286145001059475247815745287136081231555456257218199041496166008844905448260016295056788446316880340397758349312.000000
13 22682915891390165887629565774187675661926496445220423782383732487898454294528.000000
14 40241220560458940266716332032.000000
15 8619.794014
16 7523.919190
17 6013.743064
18 5912.395556
19 5618.628856
20 4492.351627
21 4353.865242
22 3737.895415
23 3126.446749
24 2908.004882
25 2868.709144
26 2584.716487
27 2299.254248
28 1840.131893
29 1592.926352
30 1537.139196
31 1362.929127
32 1289.837474
33 1030.179942
34 985.751875
35 921.697606
36 904.757608
37 805.798969
38 782.417697
39 679.457790
40 670.810839
41 625.510498
42 540.224463
43 439.956736
44 461.934635
45 403.593358
46 370.050968
47 323.358712
48 229.743375
49 214.295246
50 213.470015
51 159.936935
52 159.991136
53 140.874790
54 135.035444
55 121.412911
56 110.148898
57 106.023463
58 88.551215
59 72.601298
60 57.453906
61 52.955111
62 47.449505
63 47.174892
64 38.703850
65 37.472741
66 23.545724
67 21.705362
68 18.301310
69 17.634598
70 14.319825
71 13.864153
72 12.395341
73 11.045903
74 9.110821
75 7.819682
76 7.313900
77 5.961795
78 5.964405
79 5.347072
80 5.179232
81 4.653942
82 4.573878
83 3.640579
84 3.444321
85 3.153287
86 2.878183
87 2.717562
88 2.273842
89 2.109055
90 2.103586
91 1.784084
92 1.537439
93 1.289218
94 1.248257
95 1.096494
96 1.024014
97 0.939903
98 0.776907
99 0.717035
100 0.570910
101 0.494681
102 0.460279
103 0.402309
104 0.391531
105 0.376287
106 0.341701
107 0.299897
108 0.263632
109 0.236209
110 0.197464
111 0.165866
112 0.142636
113 0.128155
114 0.116894
115 0.101520
116 0.080045
117 0.071881
118 0.068446
119 0.058037
120 0.052567
121 0.046057
122 0.038606
123 0.030173
124 0.027594
125 0.023007
126 0.020587
127 0.019198
128 0.017859
129 0.016156
130 0.014160
131 0.012188
132 0.011022
133 0.009123
134 0.007357
135 0.006913
136 0.006222
137 0.005767
138 0.005040
139 0.004569
140 0.004168
141 0.003611
142 0.002983
143 0.002557
144 0.002273
145 0.002001
146 0.001820
147 0.001566
148 0.001465
149 0.001254
150 0.001119
151 0.000983
152 0.000850
153 0.000750
154 0.000666
155 0.000573
156 0.000530
157 0.000441
158 0.000399
159 0.000357
160 0.000300
161 0.000270
162 0.000226
163 0.000199
164 0.000182
165 0.000160
166 0.000142
167 0.000125
168 0.000105
169 0.000087
170 0.000078
171 0.000068
172 0.000058
173 0.000049
174 0.000041
175 0.000037
176 0.000032
177 0.000029
178 0.000025
179 0.000023
180 0.000021
181 0.000017
182 0.000015
183 0.000013
184 0.000012
185 0.000010
186 0.000009
187 0.000008
188 0.000007
189 0.000006
190 0.000005
191 0.000005
192 0.000004
193 0.000003
194 0.000003
195 0.000003
196 0.000002
197 0.000002
198 0.000002
199 0.000002
200 0.000001
201 0.000001
202 0.000001
203 0.000001
204 0.000001
205 0.000001
206 0.000001
207 0.000000
208 0.000000
209 0.000000
210 0.000000
211 0.000000
212 0.000000
213 0.000000
214 0.000000
215 0.000000
216 0.000000
217 0.000000
218 0.000000
219 0.000000
220 0.000000
221 0.000000
222 0.000000
223 0.000000
224 0.000000
225 0.000000
226 0.000000
227 0.000000
228 0.000000
229 0.000000
230 0.000000
231 0.000000
232 0.000000
233 0.000000
234 0.000000
235 0.000000
236 0.000000
237 0.000000
238 0.000000
239 0.000000
240 0.000000
241 0.000000
242 0.000000
243 0.000000
244 0.000000
245 0.000000
246 0.000000
247 0.000000
248 0.000000
249 0.000000
250 0.000000
251 0.000000
252 0.000000
253 0.000000
254 0.000000
255 0.000000
256 0.000000
257 0.000000
258 0.000000
259 0.000000
260 0.000000
261 0.000000
262 0.000000
263 0.000000
264 0.000000
265 0.000000
266 0.000000
267 0.000000
268 0.000000
269 0.000000
270 0.000000
271 0.000000
272 0.000000
273 0.000000
274 0.000000
275 0.000000
276 0.000000
277 0.000000
278 0.000000
279 0.000000
280 0.000000
281 0.000000
282 0.000000
283 0.000000
284 0.000000
285 0.000000
286 0.000000
287 0.000000
288 0.000000
289 0.000000
290 0.000000
291 0.000000
292 0.000000
293 0.000000
294 0.000000
295 0.000000
296 0.000000
297 0.000000
298 0.000000
299 0.000000
300 0.000000
301 0.000000
302 0.000000
303 0.000000
304 0.000000
305 0.000000
306 0.000000
307 0.000000
308 0.000000
309 0.000000
310 0.000000
311 0.000000
312 0.000000
313 0.000000
314 0.000000
315 0.000000
316 0.000000
317 0.000000
318 0.000000
319 0.000000
320 0.000000
321 0.000000
322 0.000000
323 0.000000
324 0.000000
325 0.000000
326 0.000000
327 0.000000
328 0.000000
329 0.000000
330 0.000000
331 0.000000
332 0.000000
333 0.000000
334 0.000000
335 0.000000
336 0.000000
337 0.000000
338 0.000000
339 0.000000
340 0.000000
341 0.000000
342 0.000000
343 0.000000
344 0.000000
345 0.000000
346 0.000000
347 0.000000
348 0.000000
349 0.000000
350 0.000000
351 0.000000
352 0.000000
353 0.000000
354 0.000000
355 0.000000
356 0.000000
357 0.000000
358 0.000000
359 0.000000
360 0.000000
361 0.000000
362 0.000000
363 0.000000
364 0.000000
365 0.000000
366 0.000000
367 0.000000
368 0.000000
369 0.000000
370 0.000000
371 0.000000
372 0.000000
373 0.000000
374 0.000000
375 0.000000
376 0.000000
377 0.000000
378 0.000000
379 0.000000
380 0.000000
381 0.000000
382 0.000000
383 0.000000
384 0.000000
385 0.000000
386 0.000000
387 0.000000
388 0.000000
389 0.000000
390 0.000000
391 0.000000
392 0.000000
393 0.000000
394 0.000000
395 0.000000
396 0.000000
397 0.000000
398 0.000000
399 0.000000
400 0.000000
401 0.000000
402 0.000000
403 0.000000
404 0.000000
405 0.000000
406 0.000000
407 0.000000
408 0.000000
409 0.000000
410 0.000000
411 0.000000
412 0.000000
413 0.000000
414 0.000000
415 0.000000
416 0.000000
417 0.000000
418 0.000000
419 0.000000
420 0.000000
421 0.000000
422 0.000000
423 0.000000
424 0.000000
425 0.000000
426 0.000000
427 0.000000
428 0.000000
429 0.000000
430 0.000000
431 0.000000
432 0.000000
433 0.000000
434 0.000000
435 0.000000
436 0.000000
437 0.000000
438 0.000000
439 0.000000
440 0.000000
441 0.000000
442 0.000000
443 0.000000
444 0.000000
445 0.000000
446 0.000000
447 0.000000
448 0.000000
449 0.000000
450 0.000000
451 0.000000
452 0.000000
453 0.000000
454 0.000000
455 0.000000
456 0.000000
457 0.000000
458 0.000000
459 0.000000
460 0.000000
461 0.000000
462 0.000000
463 0.000000
464 0.000000
465 0.000000
466 0.000000
467 0.000000
468 0.000000
469 0.000000
470 0.000000
471 0.000000
472 0.000000
473 0.000000
474 0.000000
475 0.000000
476 0.000000
477 0.000000
478 0.000000
479 0.000000
480 0.000000
481 0.000000
482 0.000000
483 0.000000
484 0.000000
485 0.000000
486 0.000000
487 0.000000
488 0.000000
489 0.000000
490 0.000000
491 0.000000
492 0.000000
493 0.000000
494 0.000000
495 0.000000
496 0.000000
497 0.000000
498 0.000000
499 0.000000
500 0.000000
