1 3127579.705339
2 3337396.779370
3 3321338.572357
4 3821410.248421
5 4099838.363075
6 4459739.260362
7 4811950.917604
8 5036176.897794
9 5042089.202472
10 5122615.056595
11 5237686.825805
12 5220135.177072
13 5128714.980419
14 5461387.824236
15 5412698.064949
16 5565841.336884
17 5561637.973982
18 5630778.628835
19 5649873.117075
20 5556408.881902
21 5491214.056284
22 5489965.207805
23 5463758.737078
24 5450076.988963
25 5317699.964260
26 4960319.964514
27 4980857.352119
28 4998082.856190
29 4830250.266283
30 4583861.065556
31 4450677.118312
32 4380672.600446
33 4310167.830721
34 4080613.598670
35 3948163.536936
36 3676842.027550
37 3639425.248103
38 3523629.063170
39 3178551.589200
40 3072348.699019
41 2963088.346297
42 2782400.294309
43 2616169.245267
44 2455234.920378
45 2355623.160808
46 2023659.592503
47 1988898.129184
48 1785930.062557
49 1771121.842631
50 1579689.879436
51 1496410.975291
52 1403823.394732
53 1283330.563899
54 1271718.859956
55 1142357.065637
56 1094391.614500
57 1006928.687598
58 937809.466896
59 868410.864609
60 798858.004189
61 681822.913530
62 701232.283602
63 648432.661671
64 541180.571374
65 511959.833583
66 470065.438447
67 430859.343834
68 401014.131479
69 361002.467163
70 337277.417373
71 301498.529206
72 260331.814331
73 239121.865016
74 217650.910996
75 198987.912116
76 181064.325706
77 172127.874565
78 155840.504257
79 137437.432633
80 119698.901112
81 116055.711431
82 109212.876660
83 100016.206314
84 87758.525388
85 80647.008621
86 75863.382719
87 69743.065114
88 64057.658669
89 59202.498464
90 53090.810030
91 47305.548679
92 43195.409728
93 39362.182363
94 35594.874137
95 32801.621304
96 29814.941246
97 25520.447354
98 24012.010948
99 21700.132846
100 19260.797863
101 16899.011327
102 15654.270900
103 13730.178439
104 12822.623711
105 11670.780897
106 10949.830352
107 9735.834066
108 8518.715052
109 7864.456303
110 7009.397014
111 6252.218919
112 5532.259245
113 5123.786569
114 4564.932164
115 4283.595319
116 3729.285184
117 3286.467850
118 2879.868459
119 2657.480051
120 2391.234047
121 2111.742358
122 1899.653340
123 1716.483606
124 1564.504437
125 1390.354621
126 1235.165049
127 1082.312244
128 1003.821433
129 843.978292
130 784.329673
131 708.181232
132 647.028361
133 575.612147
134 518.892007
135 462.449459
136 426.997971
137 388.655818
138 352.975645
139 323.383994
140 289.727544
141 258.294998
142 237.749386
143 212.849286
144 198.183096
145 177.233953
146 166.140473
147 149.676398
148 133.207572
149 121.013581
150 111.261883
151 98.270868
152 92.066493
153 84.152715
154 74.110447
155 67.598168
156 63.463523
157 58.044958
158 52.054381
159 47.436482
160 42.717161
161 38.608329
162 34.991101
163 30.454501
164 27.897678
165 25.779093
166 23.290709
167 21.186199
168 19.551130
169 18.088819
170 16.401853
171 14.921974
172 13.857192
173 12.580566
174 11.349933
175 10.394694
176 9.742315
177 8.655748
178 8.125368
179 7.463014
180 6.847791
181 6.149607
182 5.696566
183 5.184560
184 4.843085
185 4.428355
186 4.188221
187 3.851705
188 3.491954
189 3.205248
190 2.952583
191 2.729132
192 2.533807
193 2.287446
194 2.087422
195 1.919933
196 1.752606
197 1.611943
198 1.449574
199 1.331639
200 1.232244
201 1.125281
202 1.049873
203 0.967025
204 0.915848
205 0.832105
206 0.784801
207 0.723259
208 0.681509
209 0.634925
210 0.592832
211 0.555012
212 0.510504
213 0.479538
214 0.448016
215 0.418173
216 0.388802
217 0.365559
218 0.330830
219 0.305442
220 0.290925
221 0.271961
222 0.248785
223 0.231515
224 0.219223
225 0.202851
226 0.185942
227 0.176210
228 0.166201
229 0.155139
230 0.146583
231 0.137050
232 0.126300
233 0.119906
234 0.112919
235 0.104922
236 0.099083
237 0.092550
238 0.087259
239 0.083112
240 0.079459
241 0.075734
242 0.070803
243 0.066633
244 0.062812
245 0.059417
246 0.057014
247 0.054671
248 0.052495
249 0.049719
250 0.046660
251 0.044409
252 0.041358
253 0.039922
254 0.038031
255 0.036234
256 0.034360
257 0.032405
258 0.031119
259 0.029747
260 0.028505
261 0.026805
262 0.025486
263 0.023980
264 0.022592
265 0.021604
266 0.020635
267 0.019417
268 0.018344
269 0.017725
270 0.016710
271 0.016017
272 0.015239
273 0.014563
274 0.013980
275 0.013344
276 0.012884
277 0.012144
278 0.011751
279 0.011137
280 0.010684
281 0.010261
282 0.009703
283 0.009263
284 0.008880
285 0.008524
286 0.008138
287 0.007827
288 0.007462
289 0.007196
290 0.006866
291 0.006581
292 0.006315
293 0.006060
294 0.005811
295 0.005568
296 0.005353
297 0.005119
298 0.004916
299 0.004686
300 0.004548
301 0.004342
302 0.004210
303 0.004035
304 0.003897
305 0.003772
306 0.003634
307 0.003494
308 0.003351
309 0.003264
310 0.003161
311 0.003023
312 0.002933
313 0.002792
314 0.002698
315 0.002617
316 0.002495
317 0.002382
318 0.002328
319 0.002247
320 0.002185
321 0.002107
322 0.002056
323 0.001993
324 0.001935
325 0.001876
326 0.001818
327 0.001767
328 0.001714
329 0.001662
330 0.001608
331 0.001562
332 0.001503
333 0.001461
334 0.001425
335 0.001385
336 0.001336
337 0.001289
338 0.001259
339 0.001230
340 0.001197
341 0.001158
342 0.001123
343 0.001091
344 0.001062
345 0.001030
346 0.001003
347 0.000971
348 0.000944
349 0.000919
350 0.000891
351 0.000870
352 0.000841
353 0.000823
354 0.000802
355 0.000782
356 0.000762
357 0.000744
358 0.000723
359 0.000705
360 0.000684
361 0.000669
362 0.000651
363 0.000636
364 0.000619
365 0.000606
366 0.000589
367 0.000575
368 0.000563
369 0.000551
370 0.000539
371 0.000526
372 0.000514
373 0.000502
374 0.000492
375 0.000482
376 0.000472
377 0.000460
378 0.000450
379 0.000443
380 0.000432
381 0.000421
382 0.000411
383 0.000402
384 0.000394
385 0.000384
386 0.000376
387 0.000370
388 0.000361
389 0.000356
390 0.000347
391 0.000340
392 0.000335
393 0.000327
394 0.000321
395 0.000315
396 0.000310
397 0.000305
398 0.000299
399 0.000293
400 0.000287
401 0.000282
402 0.000278
403 0.000274
404 0.000269
405 0.000265
406 0.000259
407 0.000256
408 0.000252
409 0.000248
410 0.000244
411 0.000240
412 0.000236
413 0.000233
414 0.000230
415 0.000225
416 0.000223
417 0.000219
418 0.000217
419 0.000214
420 0.000211
421 0.000207
422 0.000205
423 0.000202
424 0.000200
425 0.000197
426 0.000195
427 0.000192
428 0.000190
429 0.000187
430 0.000185
431 0.000181
432 0.000180
433 0.000178
434 0.000176
435 0.000174
436 0.000172
437 0.000170
438 0.000168
439 0.000167
440 0.000165
441 0.000164
442 0.000162
443 0.000161
444 0.000159
445 0.000158
446 0.000156
447 0.000155
448 0.000153
449 0.000152
450 0.000150
451 0.000149
452 0.000148
453 0.000147
454 0.000146
455 0.000145
456 0.000144
457 0.000143
458 0.000141
459 0.000140
460 0.000139
461 0.000139
462 0.000138
463 0.000137
464 0.000136
465 0.000135
466 0.000134
467 0.000134
468 0.000133
469 0.000132
470 0.000131
471 0.000131
472 0.000130
473 0.000129
474 0.000129
475 0.000128
476 0.000128
477 0.000127
478 0.000127
479 0.000126
480 0.000126
481 0.000125
482 0.000125
483 0.000124
484 0.000124
485 0.000124
486 0.000124
487 0.000123
488 0.000123
489 0.000123
490 0.000122
491 0.000122
492 0.000122
493 0.000122
494 0.000122
495 0.000122
496 0.000121
497 0.000121
498 0.000121
499 0.000121
500 0.000121
