1 16167659.845624
2 48021063.471416
3 102589294.733257
4 180164261.109973
5 368021101.871746
6 789661053.790315
7 1220150854.355574
8 2021134199.112164
9 5521243891.474626
10 8524882686.614473
11 12051122664.097811
12 16147890735.899029
13 19367117985.787418
14 9765777236.046526
15 21685037497.507885
16 44743737476.310249
17 55618982008.308823
18 63290659766.016190
19 209295865089.489380
20 224940896733.947174
21 343499329876.090271
22 705483714697.534058
23 680594547316.812134
24 663590492558.139648
25 1626521639274.406982
26 2442681230221.800781
27 4015458162773.026855
28 4617142512836.824219
29 8092341144942.000000
30 6906093433054.710938
31 7345349817668.265625
32 13884529453577.976562
33 10976836302019.162109
34 13834129757483.183594
35 18647811101951.062500
36 22929511892752.859375
37 22538979496058.847656
38 49188450313328.460938
39 51795107382661.109375
40 112300998211749.234375
41 123360188815231.359375
42 65162652759648.351562
43 185647610072034.468750
44 222209044448090.625000
45 323885523024795.625000
46 219551751236851.093750
47 306199196477888.812500
48 354687927643471.562500
49 369933936306459.687500
50 482556315206431.750000
51 712505894788290.500000
52 705786603612235.250000
53 866533927112283.125000
54 1323491957503983.500000
55 1200853456385184.000000
56 1946714695493214.250000
57 2785276730586592.500000
58 2436982415175034.000000
59 4437372419470773.000000
60 5680616540615404.000000
61 6282552557376027.000000
62 7007628083995036.000000
63 9143462650763916.000000
64 7294922007765137.000000
65 13905513405033168.000000
66 21265683769847324.000000
67 24319346573899052.000000
68 26123422111765188.000000
69 34673986328150344.000000
70 38000020757773704.000000
71 54905550872418560.000000
72 63696692749627968.000000
73 59205577888122504.000000
74 68352048770478288.000000
75 109376850538933776.000000
76 93014415229512160.000000
77 121386331823824208.000000
78 118924769502850928.000000
79 123832923177856608.000000
80 191108858824641280.000000
81 231878895051189888.000000
82 343290000627415808.000000
83 436464629355252032.000000
84 444442279702494016.000000
85 536640808444380032.000000
86 519241315273039616.000000
87 270002919869713376.000000
88 268688507390407840.000000
89 317065811783047872.000000
90 443430395016988160.000000
91 760292516262275840.000000
92 622158049079693952.000000
93 649257860660438016.000000
94 991083958707072000.000000
95 1016473127190133504.000000
96 1248576136638296576.000000
97 1215355728595648768.000000
98 1011924201756230400.000000
99 1241923012672762112.000000
100 1300194677834918656.000000
101 1319554291251050496.000000
102 1457557556533008896.000000
103 1511581230011253760.000000
104 1406837006685682176.000000
105 1772109680030847232.000000
106 1129146429269241472.000000
107 1749279645853591296.000000
108 1829661271679271680.000000
109 2319663178891576320.000000
110 1579786463564125184.000000
111 2164282852435486976.000000
112 2762982155532701696.000000
113 1589777285853941248.000000
114 1846208719906128896.000000
115 2726112392419909632.000000
116 2930647228997244416.000000
117 2574190326363674112.000000
118 3029605419028368896.000000
119 3451741862504136192.000000
120 4573954876765893632.000000
121 3784455992674180608.000000
122 2038972359099603968.000000
123 1992478634620585728.000000
124 2799413077028458496.000000
125 2850774718553564160.000000
126 2972216001298799104.000000
127 3415157370178280960.000000
128 3399851841961120768.000000
129 3869243759791312896.000000
130 3012896236779666432.000000
131 2698518272560861184.000000
132 2634220581406901248.000000
133 2960241162953680896.000000
134 2954244939029890560.000000
135 2844239080284898816.000000
136 2153925683318403840.000000
137 2148165297864223488.000000
138 2841241904439382528.000000
139 2608324477083767808.000000
140 3115632632579739136.000000
141 2437492140546488320.000000
142 2383984013954584064.000000
143 2995006063708311040.000000
144 2495934262686330368.000000
145 2297892295924400384.000000
146 1681397373760797952.000000
147 1382997229890561024.000000
148 1212728275991094528.000000
149 1046619014712177920.000000
150 760039418192172544.000000
151 661588041196853376.000000
152 775396870027504128.000000
153 844404132586475904.000000
154 997969436186320128.000000
155 811793887561124096.000000
156 1038466584099212032.000000
157 910526102270288384.000000
158 840238870336671104.000000
159 445295977133414656.000000
160 624146857673317888.000000
161 439223502704275136.000000
162 276108599739826720.000000
163 349967390681981888.000000
164 301223946746260544.000000
165 299262929163185920.000000
166 180209971292041920.000000
167 163578236807139200.000000
168 158301649641967712.000000
169 140156919000209296.000000
170 118680472336249760.000000
171 121331859913098080.000000
172 88304772140903280.000000
173 90670174560707504.000000
174 74338178668488208.000000
175 96224211573963664.000000
176 61043037973854712.000000
177 44374429682603792.000000
178 45503118281755664.000000
179 38373408665498304.000000
180 34446790358675044.000000
181 37442325039944952.000000
182 34129676528007496.000000
183 30092521358963336.000000
184 22785779720962712.000000
185 19870293800750568.000000
186 19455327671740432.000000
187 15438354490999342.000000
188 19601557716654488.000000
189 8065253389678636.000000
190 9779157098000492.000000
191 6495862385961118.000000
192 4622646402146389.000000
193 3362190264792833.500000
194 3610491372575822.000000
195 3680351596737085.000000
196 2462430218359854.500000
197 1503433276827259.750000
198 1221496159159179.750000
199 1240382217541942.500000
200 1139307499876990.500000
201 846845633058781.000000
202 544657349139907.125000
203 431592525071753.812500
204 374389429818061.500000
205 276917803295977.125000
206 243594914043377.375000
207 155621817863550.093750
208 135433558716178.578125
209 109942256496711.890625
210 109735895515456.640625
211 84032556468536.125000
212 69841147780915.570312
213 75169283715854.218750
214 68558642489648.515625
215 58951025756940.789062
216 39674497629473.320312
217 33147086686366.660156
218 33530075436942.296875
219 30906737044085.492188
220 24561316275131.105469
221 19442573380296.769531
222 20995763693906.593750
223 15096504524750.775391
224 12503640144773.701172
225 11553121552047.191406
226 9188861148496.238281
227 6921858574557.935547
228 5221810443843.752930
229 3079633544716.681641
230 2708791033528.444824
231 2297656850594.225586
232 1194774980572.071533
233 1120350342780.667236
234 886047921589.634033
235 892452833627.927490
236 603831813369.642944
237 548405835076.901978
238 447881597261.335876
239 366885317894.262512
240 274085245957.207642
241 217916261826.094666
242 167325015416.862122
243 125212982737.180542
244 122002848641.787231
245 86138921012.634872
246 74429739171.641541
247 45168750536.842262
248 31466668530.946301
249 14530576020.738384
250 14480074953.328314
251 13138325966.105455
252 10306968369.899717
253 8795650468.268341
254 5968652426.100965
255 4917867139.781668
256 4283340020.972889
257 3539759167.588518
258 2505872310.594129
259 1983339983.822795
260 1564165431.697758
261 1043371129.314463
262 857491061.062233
263 694360251.823669
264 722781141.619332
265 536360577.466869
266 389845488.056650
267 271321699.007616
268 237688857.166800
269 160323540.106199
270 119303129.489367
271 81252405.934795
272 69967347.946549
273 63895379.093481
274 52980645.604161
275 38728234.755555
276 31123136.802266
277 25946540.893892
278 18506028.276564
279 13319870.814603
280 10424574.302313
281 7478373.889309
282 4784207.134725
283 3430182.359407
284 2325029.803001
285 1738938.042439
286 1450160.951756
287 996204.904085
288 680536.804812
289 577160.639061
290 505968.897153
291 392351.193936
292 273081.715467
293 226334.609047
294 201230.202616
295 149479.735364
296 103853.398995
297 83491.671405
298 65648.863165
299 54179.513266
300 40091.660583
301 33280.566132
302 25272.548636
303 22187.101115
304 13295.966355
305 12182.914420
306 8460.310613
307 6161.776940
308 5523.794256
309 4157.304559
310 3444.371512
311 2693.775883
312 2402.378849
313 1900.442436
314 1509.746857
315 1071.573984
316 742.097495
317 643.813635
318 582.022996
319 461.616649
320 382.219608
321 245.586753
322 228.251541
323 194.535747
324 166.090653
325 128.873786
326 84.864059
327 65.582233
328 50.440586
329 34.048043
330 24.741732
331 18.908362
332 13.457682
333 10.714384
334 6.971856
335 5.278210
336 4.040382
337 3.210885
338 2.355094
339 1.958605
340 1.712926
341 1.322349
342 1.075318
343 0.700533
344 0.741822
345 0.486813
346 0.427187
347 0.319215
348 0.269200
349 0.197086
350 0.164610
351 0.139492
352 0.115424
353 0.088935
354 0.071086
355 0.058357
356 0.037803
357 0.028758
358 0.022246
359 0.017774
360 0.014534
361 0.011039
362 0.008321
363 0.007125
364 0.005074
365 0.004039
366 0.003190
367 0.002419
368 0.001994
369 0.001544
370 0.001210
371 0.001000
372 0.000808
373 0.000634
374 0.000496
375 0.000393
376 0.000307
377 0.000248
378 0.000182
379 0.000145
380 0.000115
381 0.000094
382 0.000073
383 0.000056
384 0.000045
385 0.000035
386 0.000027
387 0.000021
388 0.000015
389 0.000013
390 0.000010
391 0.000008
392 0.000006
393 0.000004
394 0.000003
395 0.000003
396 0.000002
397 0.000002
398 0.000001
399 0.000001
400 0.000001
401 0.000001
402 0.000001
403 0.000000
404 0.000000
405 0.000000
406 0.000000
407 0.000000
408 0.000000
409 0.000000
410 0.000000
411 0.000000
412 0.000000
413 0.000000
414 0.000000
415 0.000000
416 0.000000
417 0.000000
418 0.000000
419 0.000000
420 0.000000
421 0.000000
422 0.000000
423 0.000000
424 0.000000
425 0.000000
426 0.000000
427 0.000000
428 0.000000
429 0.000000
430 0.000000
431 0.000000
432 0.000000
433 0.000000
434 0.000000
435 0.000000
436 0.000000
437 0.000000
438 0.000000
439 0.000000
440 0.000000
441 0.000000
442 0.000000
443 0.000000
444 0.000000
445 0.000000
446 0.000000
447 0.000000
448 0.000000
449 0.000000
450 0.000000
451 0.000000
452 0.000000
453 0.000000
454 0.000000
455 0.000000
456 0.000000
457 0.000000
458 0.000000
459 0.000000
460 0.000000
461 0.000000
462 0.000000
463 0.000000
464 0.000000
465 0.000000
466 0.000000
467 0.000000
468 0.000000
469 0.000000
470 0.000000
471 0.000000
472 0.000000
473 0.000000
474 0.000000
475 0.000000
476 0.000000
477 0.000000
478 0.000000
479 0.000000
480 0.000000
481 0.000000
482 0.000000
483 0.000000
484 0.000000
485 0.000000
486 0.000000
487 0.000000
488 0.000000
489 0.000000
490 0.000000
491 0.000000
492 0.000000
493 0.000000
494 0.000000
495 0.000000
496 0.000000
497 0.000000
498 0.000000
499 0.000000
500 0.000000
