1 89957366.024579
2 274242828.875452
3 429978777.376059
4 558072626.797034
5 901585738.749054
6 1290339492.339164
7 3011057620.504801
8 3218487121.569228
9 3368968667.327657
10 7365030424.368827
11 11878094308.920324
12 8121233799.757200
13 12941546160.716883
14 13128248959.543505
15 26686767726.288322
16 45160198313.068047
17 77393619677.241867
18 81021640483.214310
19 106560277157.187073
20 164677507205.923035
21 183287439821.594635
22 240222505027.191071
23 290272097073.921265
24 571784747777.759644
25 666936108950.259888
26 1310278112950.866455
27 1368912857628.218506
28 1921759351037.673584
29 1662679997566.781982
30 3468015553444.598145
31 3508574259923.373047
32 4904644389834.010742
33 9496506121644.771484
34 14172132972873.937500
35 10577680613490.464844
36 6910281921737.552734
37 10945386678948.138672
38 14743774480453.634766
39 18995911347750.277344
40 22173068217979.726562
41 31358718735572.132812
42 42282118200540.539062
43 50091585550063.695312
44 89489931736358.968750
45 65995410573172.335938
46 88753359523782.343750
47 117423216418011.718750
48 169006234985950.656250
49 105295343312818.343750
50 184368037465713.156250
51 205290656634255.531250
52 137861448744521.968750
53 184214883515623.437500
54 168602310293935.562500
55 349560788119533.750000
56 208576269574567.218750
57 272040407064370.000000
58 346780693727033.312500
59 400195118767010.687500
60 524817630454342.687500
61 531475923866349.187500
62 740544541109271.875000
63 811823778488346.375000
64 1093996613136077.375000
65 838119201789793.125000
66 1222157297701425.500000
67 1103210880157196.875000
68 1160129493105541.250000
69 1646928398616389.250000
70 1075807129514000.750000
71 1072093889535074.750000
72 1101783715073887.875000
73 1047617323270686.625000
74 1243560405300806.250000
75 946680136713251.000000
76 1429092117587098.500000
77 1748899779588694.000000
78 2139070506847964.000000
79 2519380435369585.000000
80 2716068621408487.000000
81 2432458338934444.000000
82 2330706538998655.000000
83 2843768753748041.500000
84 2441266131472099.000000
85 2114836963800211.750000
86 2698655663737232.500000
87 891010486020537.625000
88 1283413586058211.750000
89 2223990300633628.250000
90 2562128448565102.000000
91 2611853802781188.500000
92 2383818600667088.000000
93 1986092540941950.250000
94 2293048464131963.500000
95 2443421909708079.000000
96 1791717034821218.250000
97 2270847737109639.500000
98 2923182028134279.000000
99 2925399271405438.500000
100 2269804685910273.500000
101 3150120717523882.000000
102 2889172710269855.500000
103 3376012995411399.500000
104 2608329518762861.000000
105 3704603669864410.000000
106 2527133932976667.500000
107 2239022945595214.000000
108 1919840310797217.250000
109 1490714232877768.750000
110 1786378849407204.750000
111 1218422325120618.500000
112 1177216449079994.250000
113 1096210082703762.750000
114 760882131499081.625000
115 370473887112011.437500
116 361475482424807.750000
117 472915620861346.437500
118 376219605870761.375000
119 507560131402493.125000
120 411124099216371.937500
121 378005339767913.312500
122 288295048632759.000000
123 315503274932762.812500
124 335894013698916.625000
125 194966762500281.531250
126 176102013189314.531250
127 102430450166955.921875
128 107135430543225.359375
129 100058396081168.093750
130 120386152028864.187500
131 100579902516602.781250
132 84158550531591.875000
133 57346585607802.453125
134 67336516477998.500000
135 46559572655962.601562
136 43040701232139.843750
137 44987642146765.328125
138 44605526655998.031250
139 41508235486849.117188
140 38148006625505.554688
141 28812402150525.800781
142 23606155352096.445312
143 25231708614676.386719
144 16727830445915.617188
145 15872754912935.308594
146 15618665713283.687500
147 12654244772541.097656
148 10348108958341.074219
149 8477787570843.975586
150 9242280462818.921875
151 5656329055947.484375
152 2378671319134.828125
153 2602508223239.541992
154 1963165954091.906006
155 1179664462417.746826
156 1184283123727.954346
157 898024884055.709961
158 668882790386.836304
159 395981847437.831970
160 391600667540.098938
161 322450192068.481384
162 316853573563.861145
163 318034015922.349915
164 212006236381.602661
165 164771458958.520264
166 182085130602.230560
167 75854082007.029297
168 85932617281.680984
169 76544477573.163940
170 66197390094.008629
171 48915965745.786514
172 42029136290.205009
173 32752756222.896305
174 25328715612.151276
175 17293585592.308815
176 12410658106.225170
177 8493790333.286660
178 4312919134.945083
179 4538746364.645108
180 3040784234.487885
181 2101410188.050318
182 1504374442.894813
183 1298800896.715940
184 997443105.189761
185 707428202.841322
186 629573680.504972
187 273364648.027060
188 373710704.035367
189 236890580.143496
190 163185030.757472
191 108293873.464109
192 95974626.425615
193 78433754.969214
194 47255809.052966
195 36300315.277790
196 10682590.033075
197 11695664.708927
198 6388445.018042
199 5680712.483725
200 4232809.817392
201 3042834.218638
202 2287070.737785
203 1627306.451377
204 1035767.752761
205 1011940.086185
206 428405.802785
207 347483.706037
208 232288.770838
209 166880.301182
210 119427.423415
211 77431.106119
212 59984.304006
213 34697.033535
214 27103.031948
215 16283.776947
216 9535.575335
217 7723.264207
218 6228.445224
219 4318.619751
220 2930.867903
221 1789.973280
222 1334.339765
223 1069.751888
224 965.759344
225 606.869719
226 393.140652
227 249.613517
228 171.119124
229 107.242223
230 65.741163
231 37.378994
232 30.302438
233 18.581353
234 11.033676
235 8.155008
236 7.519416
237 5.178040
238 3.611186
239 2.273875
240 1.525002
241 0.772884
242 0.606681
243 0.383109
244 0.113298
245 0.116074
246 0.071571
247 0.046138
248 0.028970
249 0.020376
250 0.012498
251 0.006602
252 0.003383
253 0.002289
254 0.001203
255 0.000805
256 0.000489
257 0.000297
258 0.000203
259 0.000109
260 0.000074
261 0.000049
262 0.000034
263 0.000017
264 0.000012
265 0.000009
266 0.000006
267 0.000003
268 0.000002
269 0.000001
270 0.000001
271 0.000000
272 0.000000
273 0.000000
274 0.000000
275 0.000000
276 0.000000
277 0.000000
278 0.000000
279 0.000000
280 0.000000
281 0.000000
282 0.000000
283 0.000000
284 0.000000
285 0.000000
286 0.000000
287 0.000000
288 0.000000
289 0.000000
290 0.000000
291 0.000000
292 0.000000
293 0.000000
294 0.000000
295 0.000000
296 0.000000
297 0.000000
298 0.000000
299 0.000000
300 0.000000
301 0.000000
302 0.000000
303 0.000000
304 0.000000
305 0.000000
306 0.000000
307 0.000000
308 0.000000
309 0.000000
310 0.000000
311 0.000000
312 0.000000
313 0.000000
314 0.000000
315 0.000000
316 0.000000
317 0.000000
318 0.000000
319 0.000000
320 0.000000
321 0.000000
322 0.000000
323 0.000000
324 0.000000
325 0.000000
326 0.000000
327 0.000000
328 0.000000
329 0.000000
330 0.000000
331 0.000000
332 0.000000
333 0.000000
334 0.000000
335 0.000000
336 0.000000
337 0.000000
338 0.000000
339 0.000000
340 0.000000
341 0.000000
342 0.000000
343 0.000000
344 0.000000
345 0.000000
346 0.000000
347 0.000000
348 0.000000
349 0.000000
350 0.000000
351 0.000000
352 0.000000
353 0.000000
354 0.000000
355 0.000000
356 0.000000
357 0.000000
358 0.000000
359 0.000000
360 0.000000
361 0.000000
362 0.000000
363 0.000000
364 0.000000
365 0.000000
366 0.000000
367 0.000000
368 0.000000
369 0.000000
370 0.000000
371 0.000000
372 0.000000
373 0.000000
374 0.000000
375 0.000000
376 0.000000
377 0.000000
378 0.000000
379 0.000000
380 0.000000
381 0.000000
382 0.000000
383 0.000000
384 0.000000
385 0.000000
386 0.000000
387 0.000000
388 0.000000
389 0.000000
390 0.000000
391 0.000000
392 0.000000
393 0.000000
394 0.000000
395 0.000000
396 0.000000
397 0.000000
398 0.000000
399 0.000000
400 0.000000
401 0.000000
402 0.000000
403 0.000000
404 0.000000
405 0.000000
406 0.000000
407 0.000000
408 0.000000
409 0.000000
410 0.000000
411 0.000000
412 0.000000
413 0.000000
414 0.000000
415 0.000000
416 0.000000
417 0.000000
418 0.000000
419 0.000000
420 0.000000
421 0.000000
422 0.000000
423 0.000000
424 0.000000
425 0.000000
426 0.000000
427 0.000000
428 0.000000
429 0.000000
430 0.000000
431 0.000000
432 0.000000
433 0.000000
434 0.000000
435 0.000000
436 0.000000
437 0.000000
438 0.000000
439 0.000000
440 0.000000
441 0.000000
442 0.000000
443 0.000000
444 0.000000
445 0.000000
446 0.000000
447 0.000000
448 0.000000
449 0.000000
450 0.000000
451 0.000000
452 0.000000
453 0.000000
454 0.000000
455 0.000000
456 0.000000
457 0.000000
458 0.000000
459 0.000000
460 0.000000
461 0.000000
462 0.000000
463 0.000000
464 0.000000
465 0.000000
466 0.000000
467 0.000000
468 0.000000
469 0.000000
470 0.000000
471 0.000000
472 0.000000
473 0.000000
474 0.000000
475 0.000000
476 0.000000
477 0.000000
478 0.000000
479 0.000000
480 0.000000
481 0.000000
482 0.000000
483 0.000000
484 0.000000
485 0.000000
486 0.000000
487 0.000000
488 0.000000
489 0.000000
490 0.000000
491 0.000000
492 0.000000
493 0.000000
494 0.000000
495 0.000000
496 0.000000
497 0.000000
498 0.000000
499 0.000000
500 0.000000
