1 80720495.655890
2 93708238.380523
3 114434266.327701
4 117682690.245500
5 126441168.105530
6 146965082.270278
7 174655509.874184
8 176047727.433318
9 273574967.786551
10 237187957.086609
11 355814837.848295
12 335682432.113167
13 489063726.070013
14 573953108.763383
15 405605505.295639
16 554687163.526365
17 717201266.510442
18 908743463.883680
19 1010722872.344668
20 895411178.948411
21 944357506.778320
22 1352838427.385385
23 1099130914.148029
24 1056034363.879100
25 1702412767.903364
26 1658194188.454852
27 1743317946.019561
28 1713985840.852041
29 2194690910.637487
30 2880241283.543316
31 2257551698.536956
32 3445844270.304962
33 2528356884.736888
34 2049482757.768008
35 2640938087.984334
36 3517251025.955872
37 2869023655.583259
38 3845747883.460040
39 3044527018.691053
40 3604468323.644634
41 3066625641.385287
42 3422262219.425762
43 3858217515.393676
44 4285082998.235772
45 3605621062.499151
46 3712536780.775996
47 2975328896.443794
48 3677192106.946464
49 3722607206.496820
50 2900555271.224211
51 3359227125.097455
52 4441664889.131944
53 5127015909.558050
54 5508973768.910102
55 5213973492.835214
56 5262238777.077603
57 4868679028.974169
58 4125953518.869132
59 4454404540.223820
60 3572142808.593743
61 4203972477.321782
62 5342946659.029800
63 4139999121.380066
64 4683983549.096574
65 4526772235.495581
66 3889496678.821534
67 4079431952.016847
68 4766343160.649889
69 4332100699.476769
70 4031087846.093177
71 3891715276.137098
72 3100451560.650443
73 2551642917.576358
74 4056582478.624626
75 4830417235.697382
76 4579637565.080235
77 4450878290.458128
78 4495845856.059664
79 3631005093.391440
80 4118036145.525240
81 3663910724.217491
82 3197509902.385235
83 3698447936.268117
84 3270411924.182067
85 3120151547.935868
86 3029025421.373564
87 3473666548.524756
88 2630518521.322276
89 2769481545.148331
90 2352527802.194162
91 2584414742.599285
92 1980253472.583423
93 2411876157.375492
94 2105071535.418294
95 2153189596.035738
96 1822526564.379596
97 1796471745.555881
98 1853474607.144427
99 1816469205.698909
100 1777869359.090424
101 1794932333.329469
102 1599546969.899037
103 1992824207.005070
104 1477967351.869401
105 1747249972.919803
106 1651253986.311794
107 1543865842.940750
108 1283751427.586280
109 1737785309.647900
110 1491823378.720210
111 1622034640.218326
112 1508888794.840687
113 1387816137.112668
114 1361722585.682567
115 1221392286.861375
116 1107538092.815507
117 1088714278.418210
118 955194967.291409
119 1091429403.015785
120 904447217.854392
121 888490272.729362
122 878896309.129358
123 822386745.810029
124 825907359.628479
125 828266783.969170
126 861744983.821442
127 635211906.278435
128 796916885.050890
129 705771662.415752
130 649654436.810688
131 779205846.905283
132 754477941.016728
133 754179150.459983
134 636955918.491899
135 845328591.739065
136 688079710.105598
137 641232237.961531
138 691245690.214791
139 581343976.770814
140 562893972.312219
141 635796636.082302
142 698873381.366144
143 590253611.604037
144 522186683.595287
145 634641885.666141
146 509302451.602069
147 529118310.854140
148 568936475.205004
149 484644489.428551
150 399084919.796019
151 423844937.290600
152 372998295.026943
153 382009541.978043
154 381333165.183512
155 444706056.248755
156 317331170.376867
157 365582579.961334
158 361132053.365877
159 310497701.271357
160 297275001.282673
161 272240277.107581
162 267221608.417533
163 281857609.172244
164 244917571.610836
165 202531068.722673
166 209291102.598331
167 181717971.197555
168 177003465.097627
169 198915375.706384
170 185273210.400489
171 173257490.164734
172 190483574.974721
173 165519058.919262
174 145908328.370361
175 149347611.130979
176 143816849.884906
177 150000188.053670
178 145048018.722756
179 130286728.630567
180 113436737.554930
181 124058043.400469
182 96923313.199940
183 106012248.250567
184 112162658.038053
185 101435681.547358
186 93765653.527885
187 83641049.923880
188 81889475.598075
189 80379489.084241
190 90949132.735116
191 64291258.902080
192 71085634.669785
193 67574660.102709
194 67514484.654454
195 72533597.111014
196 74722375.042060
197 66164894.912862
198 59756996.417177
199 55709141.637886
200 44982541.371802
201 43366753.989997
202 49906098.166067
203 47478812.300931
204 37997747.452765
205 38969532.227235
206 31630943.351644
207 38028356.463460
208 34441015.572260
209 26465988.088115
210 27381568.645373
211 29734075.588926
212 32700103.529751
213 35919954.574409
214 39142659.035384
215 37183786.857296
216 38960835.224592
217 37479271.707445
218 35713181.854896
219 39580937.466642
220 33647638.002554
221 31052001.838094
222 23484214.480743
223 23486894.906630
224 25459261.704986
225 25254528.096775
226 22446137.592361
227 21409396.472615
228 20515675.311360
229 18395124.212135
230 19928251.172756
231 20848186.854671
232 18698449.589603
233 20789882.111522
234 18928019.266217
235 17374071.966546
236 16600614.580377
237 16374045.007059
238 14534083.007563
239 13583501.468502
240 13781440.722610
241 14761918.213475
242 13060479.720283
243 12649414.842634
244 11965362.915913
245 11430069.658268
246 12547716.419831
247 12291216.557104
248 10698899.736774
249 11222407.113256
250 11391212.881522
251 11275023.622773
252 9609317.171583
253 8992533.829594
254 8583352.173694
255 7898383.351915
256 7417629.509074
257 6668736.776935
258 7960991.658672
259 6675314.951487
260 6218011.101606
261 6568855.242045
262 6351218.067721
263 5583748.975984
264 6334057.125952
265 5288446.041821
266 5590682.133911
267 5549145.699627
268 5942623.007195
269 6100727.725488
270 5157981.273318
271 4482204.088781
272 4973034.600114
273 4824731.863551
274 4554322.633997
275 4288987.524641
276 4497419.551326
277 4795419.107696
278 4596537.029219
279 4165862.825246
280 4293817.038915
281 4079645.107466
282 3683775.922849
283 3820018.112974
284 3839117.647442
285 3687202.736480
286 3529599.679291
287 3216290.260773
288 3457704.193100
289 3036787.078754
290 3451920.093034
291 3086075.133820
292 3187718.167728
293 2986106.298390
294 3124334.283461
295 3202912.298830
296 3181837.083130
297 3058518.638149
298 3083180.988844
299 2943704.890638
300 2732039.425110
301 2746804.869535
302 2719106.395780
303 2438383.779536
304 2259620.873586
305 2162337.757310
306 2329206.551371
307 2211142.445105
308 2150335.741001
309 1990467.112590
310 1927047.758297
311 2035464.953120
312 1955133.003344
313 1866517.231575
314 1998491.334144
315 1855371.246920
316 1927540.786296
317 1942548.076757
318 1852142.960663
319 1870583.926193
320 1740211.319866
321 1801182.329816
322 1759900.778939
323 1874410.193792
324 1790855.046374
325 1796789.180343
326 1799782.772136
327 1715749.568382
328 1614281.950887
329 1626247.611504
330 1740551.458810
331 1477907.422139
332 1592490.172256
333 1559673.082700
334 1532081.022085
335 1434025.681849
336 1288953.585490
337 1320781.172027
338 1364595.515601
339 1251379.180267
340 1303661.962688
341 1280546.463411
342 1255660.461541
343 1253247.775351
344 1307730.344536
345 1176035.028706
346 1221273.819975
347 1151319.893307
348 1144716.132137
349 1052242.433342
350 1153752.905089
351 1133431.818706
352 1069163.430044
353 1088671.828271
354 1068549.358467
355 1043605.135279
356 1021541.836136
357 1057324.379470
358 1038642.003273
359 1019734.304777
360 1023037.144712
361 988483.973979
362 985528.892669
363 956198.605909
364 989791.188739
365 912537.218800
366 914602.094137
367 910150.545279
368 868689.657015
369 894466.968242
370 909078.834167
371 899703.741945
372 867409.403800
373 848656.459342
374 816211.344195
375 793680.557588
376 767890.755830
377 766125.668176
378 722099.084614
379 726379.150114
380 705595.624014
381 716183.798499
382 684302.939015
383 690713.929357
384 689561.669536
385 678175.172883
386 673519.412050
387 679561.467829
388 656394.367178
389 645938.222705
390 616953.844563
391 636329.920398
392 617253.559662
393 584215.204134
394 589618.649648
395 553967.298161
396 564939.794695
397 558216.815775
398 542638.072662
399 552855.341105
400 544894.514405
401 520434.019563
402 517472.681167
403 495001.347720
404 488487.777902
405 492590.187950
406 479039.036073
407 485394.168783
408 480985.880030
409 472390.901330
410 457108.687006
411 465251.878486
412 453947.381387
413 451290.138565
414 444034.885058
415 445381.772514
416 439381.674737
417 425403.568782
418 421013.341732
419 419531.855155
420 416473.446965
421 399592.270822
422 400263.449913
423 385012.227059
424 392492.601609
425 373747.336939
426 380367.935172
427 370418.420384
428 367731.659836
429 360748.127217
430 359898.099014
431 355049.433414
432 351979.405040
433 347843.369712
434 346645.090674
435 338403.701657
436 337956.552061
437 336153.926799
438 331164.174568
439 323468.233830
440 322285.997266
441 326808.618446
442 311296.127465
443 315504.405636
444 309454.259515
445 308774.231242
446 304876.347877
447 303952.648027
448 298699.354929
449 298932.557802
450 296739.163369
451 291550.801894
452 287899.850629
453 286808.556309
454 283977.019737
455 284659.961235
456 281065.259957
457 280287.458630
458 276474.174479
459 273992.527296
460 271272.783319
461 268441.512262
462 265465.965219
463 262930.341871
464 261555.579960
465 259165.060170
466 257736.742921
467 256004.884503
468 256462.027737
469 254470.845566
470 253462.168795
471 253099.371873
472 251524.763389
473 249571.847105
474 247206.369685
475 246556.121265
476 245401.207694
477 242419.698458
478 241042.140526
479 239455.441301
480 236953.055648
481 236308.308328
482 235152.897981
483 234105.915925
484 233203.136369
485 232134.091038
486 231424.017532
487 229429.561991
488 229195.799754
489 228252.998045
490 227760.207383
491 226983.073209
492 226523.079635
493 225835.399369
494 225128.654425
495 224813.135693
496 224390.822345
497 224120.163609
498 223784.572686
499 223625.706803
500 223502.143481
