1 1452005.308456
2 1602537.598869
3 1621109.211446
4 1685594.595303
5 1836359.606805
6 1812981.248179
7 1755075.695545
8 1686245.551526
9 1757997.815772
10 1810414.646099
11 1662056.381727
12 1577113.837689
13 1595696.398969
14 1461948.216556
15 1534292.839830
16 1434553.111196
17 1428863.603456
18 1300198.153225
19 1255829.220951
20 1224926.340000
21 1110623.024846
22 1057045.964086
23 1029389.261054
24 1001078.582537
25 898877.000520
26 878133.642004
27 869718.401200
28 808568.561619
29 760267.032111
30 722932.605660
31 648809.162842
32 572421.952382
33 544165.932753
34 505063.632081
35 446884.038548
36 397108.624055
37 361713.884106
38 343702.182878
39 318722.932097
40 296492.092095
41 275979.265004
42 254757.859324
43 233161.264200
44 214039.300066
45 195343.470838
46 185770.048968
47 163580.798542
48 156773.493966
49 145438.087982
50 127472.748946
51 115187.664276
52 102796.169657
53 94380.617495
54 85101.564675
55 79865.087793
56 63765.986477
57 62302.162375
58 51813.770960
59 43155.683690
60 42571.026846
61 38959.645967
62 33437.198607
63 28579.010697
64 24606.561895
65 22068.126785
66 19500.693943
67 17478.781511
68 15303.469000
69 13312.061762
70 10771.856845
71 9973.473537
72 8966.868629
73 7730.543898
74 6836.798310
75 5935.696451
76 5313.958222
77 4787.113732
78 4071.353655
79 3696.795945
80 3097.116627
81 2684.412344
82 2547.134943
83 2228.910570
84 1921.841113
85 1674.371388
86 1467.593421
87 1255.212683
88 1100.607673
89 990.721744
90 860.788874
91 732.425753
92 626.500010
93 556.434625
94 511.714041
95 444.463211
96 359.261862
97 334.472906
98 288.189538
99 249.385003
100 211.192830
101 190.747074
102 163.249905
103 140.245673
104 120.959226
105 103.979679
106 91.839984
107 81.099528
108 71.568155
109 61.114809
110 56.272105
111 46.192204
112 42.350679
113 36.395650
114 30.782398
115 27.273450
116 24.011490
117 20.842774
118 17.456006
119 15.051263
120 13.142830
121 11.288867
122 10.300341
123 8.993554
124 7.560281
125 6.802336
126 5.835484
127 4.937492
128 4.320562
129 3.666571
130 3.241896
131 2.843861
132 2.481800
133 2.171631
134 1.714569
135 1.563876
136 1.388522
137 1.213565
138 1.034155
139 0.859316
140 0.797164
141 0.705669
142 0.602798
143 0.526967
144 0.457405
145 0.415504
146 0.371026
147 0.326832
148 0.284539
149 0.249733
150 0.217953
151 0.190112
152 0.165976
153 0.141849
154 0.125204
155 0.107541
156 0.096570
157 0.085630
158 0.079003
159 0.069085
160 0.060052
161 0.052510
162 0.046811
163 0.041031
164 0.036052
165 0.032298
166 0.029746
167 0.026204
168 0.022485
169 0.020281
170 0.018416
171 0.016201
172 0.013866
173 0.012253
174 0.011187
175 0.009977
176 0.008768
177 0.007738
178 0.006892
179 0.006272
180 0.005585
181 0.005063
182 0.004549
183 0.004064
184 0.003682
185 0.003316
186 0.002931
187 0.002642
188 0.002449
189 0.002223
190 0.002008
191 0.001818
192 0.001671
193 0.001455
194 0.001365
195 0.001197
196 0.001080
197 0.000983
198 0.000879
199 0.000801
200 0.000730
201 0.000648
202 0.000593
203 0.000521
204 0.000476
205 0.000434
206 0.000398
207 0.000356
208 0.000331
209 0.000299
210 0.000271
211 0.000248
212 0.000226
213 0.000206
214 0.000190
215 0.000177
216 0.000162
217 0.000150
218 0.000135
219 0.000123
220 0.000113
221 0.000104
222 0.000097
223 0.000089
224 0.000081
225 0.000075
226 0.000069
227 0.000064
228 0.000058
229 0.000050
230 0.000048
231 0.000045
232 0.000041
233 0.000038
234 0.000036
235 0.000033
236 0.000031
237 0.000029
238 0.000026
239 0.000025
240 0.000023
241 0.000021
242 0.000020
243 0.000018
244 0.000017
245 0.000016
246 0.000015
247 0.000014
248 0.000013
249 0.000012
250 0.000011
251 0.000011
252 0.000010
253 0.000009
254 0.000008
255 0.000008
256 0.000007
257 0.000007
258 0.000006
259 0.000006
260 0.000006
261 0.000005
262 0.000005
263 0.000005
264 0.000004
265 0.000004
266 0.000004
267 0.000004
268 0.000003
269 0.000003
270 0.000003
271 0.000003
272 0.000003
273 0.000002
274 0.000002
275 0.000002
276 0.000002
277 0.000002
278 0.000002
279 0.000002
280 0.000002
281 0.000002
282 0.000001
283 0.000001
284 0.000001
285 0.000001
286 0.000001
287 0.000001
288 0.000001
289 0.000001
290 0.000001
291 0.000001
292 0.000001
293 0.000001
294 0.000001
295 0.000001
296 0.000001
297 0.000001
298 0.000001
299 0.000001
300 0.000001
301 0.000001
302 0.000000
303 0.000000
304 0.000000
305 0.000000
306 0.000000
307 0.000000
308 0.000000
309 0.000000
310 0.000000
311 0.000000
312 0.000000
313 0.000000
314 0.000000
315 0.000000
316 0.000000
317 0.000000
318 0.000000
319 0.000000
320 0.000000
321 0.000000
322 0.000000
323 0.000000
324 0.000000
325 0.000000
326 0.000000
327 0.000000
328 0.000000
329 0.000000
330 0.000000
331 0.000000
332 0.000000
333 0.000000
334 0.000000
335 0.000000
336 0.000000
337 0.000000
338 0.000000
339 0.000000
340 0.000000
341 0.000000
342 0.000000
343 0.000000
344 0.000000
345 0.000000
346 0.000000
347 0.000000
348 0.000000
349 0.000000
350 0.000000
351 0.000000
352 0.000000
353 0.000000
354 0.000000
355 0.000000
356 0.000000
357 0.000000
358 0.000000
359 0.000000
360 0.000000
361 0.000000
362 0.000000
363 0.000000
364 0.000000
365 0.000000
366 0.000000
367 0.000000
368 0.000000
369 0.000000
370 0.000000
371 0.000000
372 0.000000
373 0.000000
374 0.000000
375 0.000000
376 0.000000
377 0.000000
378 0.000000
379 0.000000
380 0.000000
381 0.000000
382 0.000000
383 0.000000
384 0.000000
385 0.000000
386 0.000000
387 0.000000
388 0.000000
389 0.000000
390 0.000000
391 0.000000
392 0.000000
393 0.000000
394 0.000000
395 0.000000
396 0.000000
397 0.000000
398 0.000000
399 0.000000
400 0.000000
401 0.000000
402 0.000000
403 0.000000
404 0.000000
405 0.000000
406 0.000000
407 0.000000
408 0.000000
409 0.000000
410 0.000000
411 0.000000
412 0.000000
413 0.000000
414 0.000000
415 0.000000
416 0.000000
417 0.000000
418 0.000000
419 0.000000
420 0.000000
421 0.000000
422 0.000000
423 0.000000
424 0.000000
425 0.000000
426 0.000000
427 0.000000
428 0.000000
429 0.000000
430 0.000000
431 0.000000
432 0.000000
433 0.000000
434 0.000000
435 0.000000
436 0.000000
437 0.000000
438 0.000000
439 0.000000
440 0.000000
441 0.000000
442 0.000000
443 0.000000
444 0.000000
445 0.000000
446 0.000000
447 0.000000
448 0.000000
449 0.000000
450 0.000000
451 0.000000
452 0.000000
453 0.000000
454 0.000000
455 0.000000
456 0.000000
457 0.000000
458 0.000000
459 0.000000
460 0.000000
461 0.000000
462 0.000000
463 0.000000
464 0.000000
465 0.000000
466 0.000000
467 0.000000
468 0.000000
469 0.000000
470 0.000000
471 0.000000
472 0.000000
473 0.000000
474 0.000000
475 0.000000
476 0.000000
477 0.000000
478 0.000000
479 0.000000
480 0.000000
481 0.000000
482 0.000000
483 0.000000
484 0.000000
485 0.000000
486 0.000000
487 0.000000
488 0.000000
489 0.000000
490 0.000000
491 0.000000
492 0.000000
493 0.000000
494 0.000000
495 0.000000
496 0.000000
497 0.000000
498 0.000000
499 0.000000
500 0.000000
