1 1503543.049822
2 1730188.814927
3 1418277.443020
4 1224928.766619
5 1101125.720373
6 859797.754523
7 866743.096189
8 840483.991783
9 602920.157716
10 558433.217401
11 698004.368447
12 652844.171694
13 655661.196756
14 492542.379978
15 552244.905765
16 721189.504218
17 416350.098481
18 457791.281136
19 479910.840800
20 403264.314413
21 324141.590274
22 253781.536864
23 349677.994022
24 324940.488820
25 198062.646982
26 179186.647331
27 144610.552899
28 117675.655250
29 120323.788673
30 76761.345082
31 58588.218930
32 38403.543323
33 35605.668319
34 35197.107751
35 29230.355484
36 37681.394200
37 33737.259410
38 29579.382453
39 33831.751477
40 26687.944751
41 11320.227503
42 6949.705703
43 6805.704606
44 7849.111124
45 6492.182992
46 7674.299251
47 6306.951385
48 3357.242676
49 2487.240693
50 1442.077400
51 1126.194482
52 1078.952372
53 1035.760473
54 769.152750
55 552.490156
56 339.784332
57 239.573993
58 233.195900
59 222.069230
60 225.411967
61 125.424194
62 132.875938
63 111.368527
64 97.871150
65 82.284636
66 68.373491
67 51.470348
68 38.167835
69 33.941804
70 29.554825
71 34.951633
72 28.286805
73 27.892304
74 18.364658
75 20.077350
76 22.650050
77 18.450476
78 16.156753
79 11.777061
80 10.924405
81 11.497399
82 11.617840
83 7.857264
84 6.216033
85 5.712848
86 4.260112
87 3.369220
88 2.690719
89 2.418651
90 2.280809
91 1.721929
92 1.428254
93 1.380496
94 1.259564
95 1.172947
96 1.030103
97 0.797309
98 0.562203
99 0.521151
100 0.432253
101 0.296473
102 0.215085
103 0.142293
104 0.108057
105 0.085748
106 0.051987
107 0.035664
108 0.029697
109 0.026134
110 0.017768
111 0.011230
112 0.009639
113 0.007802
114 0.006192
115 0.005245
116 0.004609
117 0.002436
118 0.002160
119 0.002113
120 0.001620
121 0.001257
122 0.000929
123 0.000627
124 0.000439
125 0.000327
126 0.000246
127 0.000180
128 0.000129
129 0.000099
130 0.000084
131 0.000061
132 0.000040
133 0.000027
134 0.000019
135 0.000014
136 0.000012
137 0.000009
138 0.000005
139 0.000004
140 0.000003
141 0.000002
142 0.000002
143 0.000001
144 0.000001
145 0.000001
146 0.000000
147 0.000000
148 0.000000
149 0.000000
150 0.000000
151 0.000000
152 0.000000
153 0.000000
154 0.000000
155 0.000000
156 0.000000
157 0.000000
158 0.000000
159 0.000000
160 0.000000
161 0.000000
162 0.000000
163 0.000000
164 0.000000
165 0.000000
166 0.000000
167 0.000000
168 0.000000
169 0.000000
170 0.000000
171 0.000000
172 0.000000
173 0.000000
174 0.000000
175 0.000000
176 0.000000
177 0.000000
178 0.000000
179 0.000000
180 0.000000
181 0.000000
182 0.000000
183 0.000000
184 0.000000
185 0.000000
186 0.000000
187 0.000000
188 0.000000
189 0.000000
190 0.000000
191 0.000000
192 0.000000
193 0.000000
194 0.000000
195 0.000000
196 0.000000
197 0.000000
198 0.000000
199 0.000000
200 0.000000
201 0.000000
202 0.000000
203 0.000000
204 0.000000
205 0.000000
206 0.000000
207 0.000000
208 0.000000
209 0.000000
210 0.000000
211 0.000000
212 0.000000
213 0.000000
214 0.000000
215 0.000000
216 0.000000
217 0.000000
218 0.000000
219 0.000000
220 0.000000
221 0.000000
222 0.000000
223 0.000000
224 0.000000
225 0.000000
226 0.000000
227 0.000000
228 0.000000
229 0.000000
230 0.000000
231 0.000000
232 0.000000
233 0.000000
234 0.000000
235 0.000000
236 0.000000
237 0.000000
238 0.000000
239 0.000000
240 0.000000
241 0.000000
242 0.000000
243 0.000000
244 0.000000
245 0.000000
246 0.000000
247 0.000000
248 0.000000
249 0.000000
250 0.000000
251 0.000000
252 0.000000
253 0.000000
254 0.000000
255 0.000000
256 0.000000
257 0.000000
258 0.000000
259 0.000000
260 0.000000
261 0.000000
262 0.000000
263 0.000000
264 0.000000
265 0.000000
266 0.000000
267 0.000000
268 0.000000
269 0.000000
270 0.000000
271 0.000000
272 0.000000
273 0.000000
274 0.000000
275 0.000000
276 0.000000
277 0.000000
278 0.000000
279 0.000000
280 0.000000
281 0.000000
282 0.000000
283 0.000000
284 0.000000
285 0.000000
286 0.000000
287 0.000000
288 0.000000
289 0.000000
290 0.000000
291 0.000000
292 0.000000
293 0.000000
294 0.000000
295 0.000000
296 0.000000
297 0.000000
298 0.000000
299 0.000000
300 0.000000
301 0.000000
302 0.000000
303 0.000000
304 0.000000
305 0.000000
306 0.000000
307 0.000000
308 0.000000
309 0.000000
310 0.000000
311 0.000000
312 0.000000
313 0.000000
314 0.000000
315 0.000000
316 0.000000
317 0.000000
318 0.000000
319 0.000000
320 0.000000
321 0.000000
322 0.000000
323 0.000000
324 0.000000
325 0.000000
326 0.000000
327 0.000000
328 0.000000
329 0.000000
330 0.000000
331 0.000000
332 0.000000
333 0.000000
334 0.000000
335 0.000000
336 0.000000
337 0.000000
338 0.000000
339 0.000000
340 0.000000
341 0.000000
342 0.000000
343 0.000000
344 0.000000
345 0.000000
346 0.000000
347 0.000000
348 0.000000
349 0.000000
350 0.000000
351 0.000000
352 0.000000
353 0.000000
354 0.000000
355 0.000000
356 0.000000
357 0.000000
358 0.000000
359 0.000000
360 0.000000
361 0.000000
362 0.000000
363 0.000000
364 0.000000
365 0.000000
366 0.000000
367 0.000000
368 0.000000
369 0.000000
370 0.000000
371 0.000000
372 0.000000
373 0.000000
374 0.000000
375 0.000000
376 0.000000
377 0.000000
378 0.000000
379 0.000000
380 0.000000
381 0.000000
382 0.000000
383 0.000000
384 0.000000
385 0.000000
386 0.000000
387 0.000000
388 0.000000
389 0.000000
390 0.000000
391 0.000000
392 0.000000
393 0.000000
394 0.000000
395 0.000000
396 0.000000
397 0.000000
398 0.000000
399 0.000000
400 0.000000
401 0.000000
402 0.000000
403 0.000000
404 0.000000
405 0.000000
406 0.000000
407 0.000000
408 0.000000
409 0.000000
410 0.000000
411 0.000000
412 0.000000
413 0.000000
414 0.000000
415 0.000000
416 0.000000
417 0.000000
418 0.000000
419 0.000000
420 0.000000
421 0.000000
422 0.000000
423 0.000000
424 0.000000
425 0.000000
426 0.000000
427 0.000000
428 0.000000
429 0.000000
430 0.000000
431 0.000000
432 0.000000
433 0.000000
434 0.000000
435 0.000000
436 0.000000
437 0.000000
438 0.000000
439 0.000000
440 0.000000
441 0.000000
442 0.000000
443 0.000000
444 0.000000
445 0.000000
446 0.000000
447 0.000000
448 0.000000
449 0.000000
450 0.000000
451 0.000000
452 0.000000
453 0.000000
454 0.000000
455 0.000000
456 0.000000
457 0.000000
458 0.000000
459 0.000000
460 0.000000
461 0.000000
462 0.000000
463 0.000000
464 0.000000
465 0.000000
466 0.000000
467 0.000000
468 0.000000
469 0.000000
470 0.000000
471 0.000000
472 0.000000
473 0.000000
474 0.000000
475 0.000000
476 0.000000
477 0.000000
478 0.000000
479 0.000000
480 0.000000
481 0.000000
482 0.000000
483 0.000000
484 0.000000
485 0.000000
486 0.000000
487 0.000000
488 0.000000
489 0.000000
490 0.000000
491 0.000000
492 0.000000
493 0.000000
494 0.000000
495 0.000000
496 0.000000
497 0.000000
498 0.000000
499 0.000000
500 0.000000
