1 inf
2 inf
3 inf
4 inf
5 inf
6 inf
7 inf
8 inf
9 inf
10 inf
11 inf
12 inf
13 inf
14 inf
15 inf
16 27690444647735935595905898362718293330881173943033710230180191020293755811828809526822574547388218889819041074183215177907406143435424798021641088371528808185558568566852492353476273229843083811893818467167006476023529141737679685284644402506130471655968692198773859346494023473311622817582745787899576320.000000
17 2252654611219919443604630486561605308346240512986032482969212852336155018151366426207653451701727022391945937970302616575077978992901231299096073082410113437346831899929277160134169601974937921863582154965619624006471954818536298729274684780306338308263934046684840445255953226804444487535820800.000000
18 3919640705123498406757172031581701973048056635590983465251911074887178480533211542944002889598668694444643414360087452492823185423320689284767029151010220825239078693391473046659851412802596049454567177883908383005787607519420624030866798578818828986815574708013772385189055430656.000000
19 27273595686927946896729346016212095818026735013435385245478589539140158626989633148021868808082768290561745178470664396489117384917284818402752633894412271185374394088968356440005750866723192825001298387916445149375452120399188682120109830937654115994990707603884998656.000000
20 219125733270815122846795950493924178412051981425797806427835883522744311021854798321579492322424592753972933460085110697307067160562029252034532245675338395375119699301170905812169489474245073408675609069808357513840856373236399730300260774924552083243098177536.000000
21 572241033518355829348478397420147178901898834813936153003079955465899530624723049415934879824902216929730299395684974056625700940662967309558548937444943528424897097217488662188736824341604980522136950688770191265692906709194210925580412619252811431936.000000
22 5926067329559601235585731823018882280344601618962337191221252066943243108920799447372135274585135740274443675270801159541235531653235591268030907842034777793864274621182329444015394155508602315495252426220726327813591361630771840586582771086917632.000000
23 61191747637251485423228888794312326245415099618264081417634364474422514902064757342390120071239671458461157906562327525798222462228180666782855163038771690907092882626161271688117903885163808338586170013228936833040294577114907154333166469120.000000
24 2897055528646694717623757422230969623620047245059223188962846857214001420391983262985269109963062574438308333251436825096921887926884732066585530151995519187902414568317829971715633814788029597373129213109474658630746487717363712.000000
25 7491280015106853774942827816182883622252273746659647315833778560867831893964183470463160872892486305865956820167293547929684640255367447583214757306139808054403642064126421559717801558325916801605792411405422988682223157248.000000
26 149383026251667517343959298830974321659107166586268027733860219579838742899605792852753953119547987971353277381340992767049513592610336240976218384601698645329295376974523136372584261440199849854155653889914629521408.000000
27 975027840048261464393312049221250125848798154473941879413739787944332903548092815091927485099063185106340745376085295973904337725992989018185890880251411467403968783317106469563887909729753333702950126283262378639360.000000
28 35434848561718909594314909471921508343311929180775125051260804657796867161659389741451504765472750875497134329487215252841222224379728404338934640817307226223164613433465077565749273633729382095509281593884672.000000
29 2217615855974146284590339173949766652914714158977905044348182461775727117601236828768350750531399703676067511698309566956561344895074717701217427038389759725901566730437330743925961864935033302939598848.000000
30 95670785839404435437669058312277145547809819779817804199778595681566062530168063760963717502731299832268742897779478838610778348211409893589246136041314335915289379075640344760575111731800440832.000000
31 14892572076790154701130548831779134670531547901170659360793941598999180476728973138227220083437996290600758527220149965173267141176846886915462083187634451077807599037463092315291648.000000
32 12810495521987306896228641411498566019581657757438873626300261248421499623929428328872814142808700344304432493180491933399283278335532630289423627608329201112513791636496414303846400.000000
33 891419072615751333466954193428006874750962496884040901674150350540132787549651998247381516957351955651077691124839230209416979871247860880034293501882851334079896573255352320.000000
34 30665927444328061386709298578056050672356767772322302741700023619886191822470221616472160203640215695506563941214012486319143228632358487758470631474171442364416.000000
35 317699649274431287142403362417570850845204308958731780503987145926109043863810525835564446053066530057741991018796124935865364311636767178212598332686314661931384832.000000
36 23023310027742713156033343838997446057386819838584123158183139275012691468812887669380967213389510761581655794668860202406699232039072204553890739836157952.000000
37 270978966687652690286237104822700444616747055097383340255860237268800278017631028455841715182705623352606594339068313409622338501561286656.000000
38 50778145649286344442913518220488534515330487013583514758952062300618430690794958941193394505445526927509648290788684680250712324751524626432.000000
39 8154470928158678665698712379256058809155548074758373558683930525783449447618953788464510107234776833836955107740479664097702445056.000000
40 623257899312099158402985716813342236905138509589382148047134005950044465645820512299400367564717234260541440.000000
41 1451891362474092877286304226552216481832616380848831535941658769356299712783391598848726608432332800.000000
42 5221531706530848058932279084338994881393998016276911716016691430060016630648154794437378048.000000
43 1396548587992756626482009101477668799985358043807957762523041823211118230197894119424.000000
44 43719169940811520743153740005256814626935213679415590003237387991151456288768.000000
45 208717338563832647509916553571942426271440939927592949013507211264.000000
46 17362284211788104262554575994424685180214824782528512.000000
47 103565620388909040048567623315927399923712.000000
48 72192306157937779208855586959523840.000000
49 1773974620991170281472.000000
50 16235919825.727501
51 6393.230753
52 5072.172842
53 4082.636155
54 2754.213071
55 2287.907387
56 1893.761564
57 1588.903346
58 1346.580372
59 1177.858239
60 965.553784
61 873.072747
62 770.365882
63 693.489142
64 598.329475
65 517.809686
66 440.935379
67 401.814570
68 357.532771
69 314.971865
70 279.918826
71 232.942625
72 212.811107
73 190.996748
74 168.301026
75 149.542658
76 135.264976
77 117.390897
78 102.817244
79 92.338473
80 83.371118
81 71.638995
82 63.925778
83 57.219524
84 50.618292
85 44.583479
86 40.024446
87 35.837385
88 31.155993
89 27.886748
90 24.585060
91 21.266748
92 19.112994
93 16.772719
94 15.147486
95 13.770092
96 11.800533
97 10.398455
98 9.144140
99 8.043667
100 7.072296
101 6.367751
102 5.563564
103 5.023898
104 4.402789
105 3.947227
106 3.494576
107 3.119889
108 2.848865
109 2.500280
110 2.251992
111 2.061822
112 1.799732
113 1.634209
114 1.463640
115 1.298051
116 1.144603
117 1.007472
118 0.883022
119 0.770818
120 0.698362
121 0.610637
122 0.537531
123 0.478112
124 0.434101
125 0.386505
126 0.350753
127 0.313843
128 0.286313
129 0.257638
130 0.225603
131 0.193342
132 0.179447
133 0.159415
134 0.142950
135 0.130259
136 0.117925
137 0.105565
138 0.093850
139 0.084354
140 0.075438
141 0.065200
142 0.059243
143 0.054824
144 0.048795
145 0.042967
146 0.038231
147 0.034555
148 0.030695
149 0.028207
150 0.025495
151 0.023215
152 0.020810
153 0.018519
154 0.016805
155 0.015231
156 0.013756
157 0.012221
158 0.011148
159 0.010130
160 0.008927
161 0.008281
162 0.007480
163 0.006705
164 0.005878
165 0.005438
166 0.004944
167 0.004483
168 0.004161
169 0.003707
170 0.003382
171 0.003019
172 0.002739
173 0.002488
174 0.002225
175 0.002053
176 0.001881
177 0.001718
178 0.001599
179 0.001483
180 0.001364
181 0.001245
182 0.001144
183 0.001064
184 0.000980
185 0.000906
186 0.000841
187 0.000769
188 0.000707
189 0.000651
190 0.000609
191 0.000544
192 0.000518
193 0.000483
194 0.000442
195 0.000404
196 0.000379
197 0.000350
198 0.000324
199 0.000302
200 0.000273
201 0.000256
202 0.000238
203 0.000222
204 0.000206
205 0.000192
206 0.000181
207 0.000169
208 0.000157
209 0.000149
210 0.000139
211 0.000131
212 0.000123
213 0.000113
214 0.000106
215 0.000099
216 0.000092
217 0.000086
218 0.000080
219 0.000075
220 0.000070
221 0.000066
222 0.000062
223 0.000058
224 0.000054
225 0.000050
226 0.000048
227 0.000045
228 0.000042
229 0.000039
230 0.000037
231 0.000035
232 0.000033
233 0.000031
234 0.000029
235 0.000028
236 0.000026
237 0.000025
238 0.000023
239 0.000022
240 0.000021
241 0.000020
242 0.000019
243 0.000018
244 0.000017
245 0.000016
246 0.000015
247 0.000014
248 0.000014
249 0.000013
250 0.000012
251 0.000012
252 0.000011
253 0.000011
254 0.000010
255 0.000010
256 0.000009
257 0.000009
258 0.000008
259 0.000008
260 0.000007
261 0.000007
262 0.000007
263 0.000006
264 0.000006
265 0.000006
266 0.000006
267 0.000005
268 0.000005
269 0.000005
270 0.000005
271 0.000005
272 0.000004
273 0.000004
274 0.000004
275 0.000004
276 0.000004
277 0.000003
278 0.000003
279 0.000003
280 0.000003
281 0.000003
282 0.000003
283 0.000003
284 0.000003
285 0.000002
286 0.000002
287 0.000002
288 0.000002
289 0.000002
290 0.000002
291 0.000002
292 0.000002
293 0.000002
294 0.000002
295 0.000002
296 0.000002
297 0.000002
298 0.000002
299 0.000001
300 0.000001
301 0.000001
302 0.000001
303 0.000001
304 0.000001
305 0.000001
306 0.000001
307 0.000001
308 0.000001
309 0.000001
310 0.000001
311 0.000001
312 0.000001
313 0.000001
314 0.000001
315 0.000001
316 0.000001
317 0.000001
318 0.000001
319 0.000001
320 0.000001
321 0.000001
322 0.000001
323 0.000001
324 0.000001
325 0.000001
326 0.000001
327 0.000001
328 0.000001
329 0.000001
330 0.000001
331 0.000001
332 0.000001
333 0.000000
334 0.000000
335 0.000000
336 0.000000
337 0.000000
338 0.000000
339 0.000000
340 0.000000
341 0.000000
342 0.000000
343 0.000000
344 0.000000
345 0.000000
346 0.000000
347 0.000000
348 0.000000
349 0.000000
350 0.000000
351 0.000000
352 0.000000
353 0.000000
354 0.000000
355 0.000000
356 0.000000
357 0.000000
358 0.000000
359 0.000000
360 0.000000
361 0.000000
362 0.000000
363 0.000000
364 0.000000
365 0.000000
366 0.000000
367 0.000000
368 0.000000
369 0.000000
370 0.000000
371 0.000000
372 0.000000
373 0.000000
374 0.000000
375 0.000000
376 0.000000
377 0.000000
378 0.000000
379 0.000000
380 0.000000
381 0.000000
382 0.000000
383 0.000000
384 0.000000
385 0.000000
386 0.000000
387 0.000000
388 0.000000
389 0.000000
390 0.000000
391 0.000000
392 0.000000
393 0.000000
394 0.000000
395 0.000000
396 0.000000
397 0.000000
398 0.000000
399 0.000000
400 0.000000
401 0.000000
402 0.000000
403 0.000000
404 0.000000
405 0.000000
406 0.000000
407 0.000000
408 0.000000
409 0.000000
410 0.000000
411 0.000000
412 0.000000
413 0.000000
414 0.000000
415 0.000000
416 0.000000
417 0.000000
418 0.000000
419 0.000000
420 0.000000
421 0.000000
422 0.000000
423 0.000000
424 0.000000
425 0.000000
426 0.000000
427 0.000000
428 0.000000
429 0.000000
430 0.000000
431 0.000000
432 0.000000
433 0.000000
434 0.000000
435 0.000000
436 0.000000
437 0.000000
438 0.000000
439 0.000000
440 0.000000
441 0.000000
442 0.000000
443 0.000000
444 0.000000
445 0.000000
446 0.000000
447 0.000000
448 0.000000
449 0.000000
450 0.000000
451 0.000000
452 0.000000
453 0.000000
454 0.000000
455 0.000000
456 0.000000
457 0.000000
458 0.000000
459 0.000000
460 0.000000
461 0.000000
462 0.000000
463 0.000000
464 0.000000
465 0.000000
466 0.000000
467 0.000000
468 0.000000
469 0.000000
470 0.000000
471 0.000000
472 0.000000
473 0.000000
474 0.000000
475 0.000000
476 0.000000
477 0.000000
478 0.000000
479 0.000000
480 0.000000
481 0.000000
482 0.000000
483 0.000000
484 0.000000
485 0.000000
486 0.000000
487 0.000000
488 0.000000
489 0.000000
490 0.000000
491 0.000000
492 0.000000
493 0.000000
494 0.000000
495 0.000000
496 0.000000
497 0.000000
498 0.000000
499 0.000000
500 0.000000
1 inf
2 inf
3 inf
4 inf
5 inf
6 inf
7 inf
8 inf
9 inf
10 inf
11 inf
12 inf
13 inf
14 inf
15 353247073391646684654118512635589364903265973073551283782622860438567537981366821025579459233724591835774749172116694067216649690071093597199452362440731617847251734822480206132268671984068871694213944162134591102346524385295514396379848044388675459116678630628755056545261044286556541368602246421892038656.000000
16 122491698785241583697908307590752343991788619336983049858238206963943192280575437897433516561943841353124825066906268676271458370809660093793419844209887428868236580676050518627470514293662353020124800987793536088103900321480168824029833524027838155416472859495894359024564651088124424004818698240.000000
17 1320074337096412443769259179913222708282799940676513108815631764478015132013436985734283980028283548407106808747395929951747555929696309472310164509561948114768915607669547316930878735326305236973902792401906916700625866497698064571523250006128625669593487339238982317248193692172288.000000
18 846693847687258039728763862151493682039968607800197703329597622726261251266696683948067996606302999082047858724649106542888138235749526884034980941043903957500809761874209935942358746048873393745640398030262709693039608856517122325769603938168438413557324760474997227520.000000
19 66911310982220679522117084423025703177924499977974972101966050818988776902582825708756250444626910120081950919864203093526464881601159167465197172281888769629473078982970471694284917126940660453628321540594836939638494603388434376910974456834689150373995858624512.000000
20 16731326293620141554507946152314922262911157658319344365763979999228406439856033850335260739003288283021966120248363372784682369056458479963352441275437941189123173348984138560960224243570645682422617348185807845430466222444078572495993756036241865834496.000000
21 53329757055793130390047927748625128505822532079747580379490844520325408305059356967147251618816796740339119465087090106318111541363524522980933540985961016809036696785268630773593785068608690802881281474741595272503585624101725992880078585856.000000
22 1251949006602768916772968792604507944207981803800214987401955973383705947209917020786901735712630637929670070852463208002603349486359899741022447227922369636439370362297237821033539717317883271295287864791191116478717929294372684211159040.000000
23 357551640458429740982168585946246882742281783704139083351175686145558083089575138123496081964814772835064352893932061473299750732309934426689847431084189844615252251632482839502423624165769897896691400552081009026762989352232419328.000000
24 2821729497594047013663342482395614744077978033765929856640229907821428569321058141750518571576085380854690898524547319620899203259409533881875693476102292405032585795949237274870714588056600810159637232258743072709200161275904.000000
25 9200662297295751186689878069288337035431049367350668219018981042864445090279636541884414733236839744289812313358355792336495359639065616785184078186065595217873382948488593873483210838158258977985583344611491840.000000
26 13491461709080222885269142995741159912514087783486919308394719035740154902338942572101502234558963323301525303996636169700860502679114873453889458518669057882770897513534387285924048876960013686322297298747392.000000
27 221527010986009215123407848862443591178729663847985440280315469785240305279040425419564000953390834613199749961303955796261557328957252599672175742763437261332575918109245944328833791057042308300013568.000000
28 5554955424668386585807719214205066894682098618671539957817894299804009013737382075100939260475966616296722253831886110033761117728171213343137567810354190027485399546319764854693062229622784.000000
29 25496599685711095209034304501427218205143889550085999115876659969765329289360416972281851890924909821314623265259261979847736521095853234778466956926018334509135806604004029200982867968.000000
30 1126644385341068714009093619892133839883483596301423734228204587978898885657648571100295299292447766450676079189644795633229366477825196661570043374234527215724144595514163200.000000
31 1450753180900435618665075321907591364426863433031791591010168901038806991354031899820964344779034271987193867463465690829143590440133606426420030654042978363957772778733568.000000
32 101255799374697663670534593846659739271913502954365247520392520524338601155829367385236853855111236488794349097276891283690830415283804827885667776620134400.000000
33 74208723543606601928659120545385472725576242481451591824262135164313027655407474900320804518651048772012093219355093808375498142404568549299322880.000000
34 103002197431037036266282363671723211902759658459254447549804136954607353770895871123605752694865676045755001396029129872241240589798506644897792.000000
35 6504921927267975870165574863001683923258660756770114084490711478779479073141377079301769969071981509052354999182412110307830792192.000000
36 15965645459956568894194331638322551947891621189944041919001667002046239639305559854689529278603778508132035007688421071126528.000000
37 1860998291862947366722773384280506404516973209979525977616661733479963621104261997263798004153864180803612830597120.000000
38 510726310150730748355898489024760396860472438319692639467978645305063569389693991104198979218778882048.000000
39 93987013443831441689145600887752566796919617012722795212005244130345558728592970098729191244562432.000000
40 70171872673875846465727815829318580530008433653560667585248943983008763310013992140800.000000
41 5554750576503181000593673576551347670006185614341803353890923980796333129728.000000
42 62324266062220095879730060449650630638939997753369334336907640832.000000
43 1386410314874244208423040386154260200727326116977925605556224.000000
44 24081560625517449417806289993620227818193453842432.000000
45 128231359769374862065968637691671051501568.000000
46 188097181875908001136640.000000
47 14894129559680447414272.000000
48 8718778553492.366211
49 139236817.297729
50 4535.670826
51 3436.164663
52 2988.935332
53 2267.536112
54 1865.809899
55 1537.385981
56 1352.712959
57 1125.676304
58 941.064961
59 823.560944
60 728.578435
61 620.066584
62 559.547697
63 479.722086
64 423.349875
65 366.586799
66 340.062208
67 298.853244
68 244.705942
69 234.146720
70 200.567622
71 174.579658
72 159.602114
73 138.502348
74 125.019441
75 110.653687
76 95.889563
77 86.686159
78 78.476231
79 68.794380
80 63.777929
81 56.698908
82 49.075615
83 45.809404
84 41.022860
85 35.714040
86 32.694204
87 28.419539
88 25.488135
89 22.832891
90 20.312711
91 18.018818
92 15.780839
93 14.139083
94 12.785433
95 11.411178
96 9.954763
97 8.777277
98 7.571748
99 6.608016
100 6.020530
101 5.425959
102 4.784738
103 4.248436
104 3.817686
105 3.460511
106 3.095780
107 2.683511
108 2.421637
109 2.154517
110 1.934966
111 1.755626
112 1.571276
113 1.418301
114 1.269510
115 1.109564
116 0.981109
117 0.865466
118 0.768225
119 0.706083
120 0.633206
121 0.567736
122 0.504268
123 0.457315
124 0.410404
125 0.364447
126 0.326201
127 0.288387
128 0.255645
129 0.222979
130 0.202224
131 0.178241
132 0.160335
133 0.144771
134 0.131624
135 0.117841
136 0.104893
137 0.095981
138 0.085383
139 0.076957
140 0.068853
141 0.061334
142 0.055299
143 0.050109
144 0.045666
145 0.041143
146 0.035682
147 0.033225
148 0.029724
149 0.026236
150 0.023483
151 0.021587
152 0.018393
153 0.016494
154 0.014844
155 0.013506
156 0.012003
157 0.011217
158 0.009859
159 0.008920
160 0.008182
161 0.007407
162 0.006697
163 0.006015
164 0.005465
165 0.004924
166 0.004490
167 0.003936
168 0.003591
169 0.003313
170 0.003005
171 0.002701
172 0.002427
173 0.002261
174 0.002077
175 0.001870
176 0.001702
177 0.001574
178 0.001443
179 0.001310
180 0.001198
181 0.001109
182 0.000994
183 0.000931
184 0.000854
185 0.000776
186 0.000715
187 0.000664
188 0.000609
189 0.000563
190 0.000518
191 0.000475
192 0.000434
193 0.000394
194 0.000366
195 0.000337
196 0.000314
197 0.000288
198 0.000267
199 0.000248
200 0.000229
201 0.000213
202 0.000196
203 0.000181
204 0.000170
205 0.000156
206 0.000143
207 0.000133
208 0.000125
209 0.000117
210 0.000109
211 0.000101
212 0.000094
213 0.000089
214 0.000082
215 0.000076
216 0.000071
217 0.000067
218 0.000064
219 0.000059
220 0.000056
221 0.000053
222 0.000050
223 0.000046
224 0.000044
225 0.000041
226 0.000039
227 0.000036
228 0.000034
229 0.000032
230 0.000030
231 0.000028
232 0.000026
233 0.000025
234 0.000024
235 0.000022
236 0.000021
237 0.000020
238 0.000019
239 0.000018
240 0.000017
241 0.000016
242 0.000015
243 0.000015
244 0.000014
245 0.000013
246 0.000012
247 0.000012
248 0.000011
249 0.000011
250 0.000010
251 0.000010
252 0.000009
253 0.000009
254 0.000008
255 0.000008
256 0.000007
257 0.000007
258 0.000007
259 0.000006
260 0.000006
261 0.000006
262 0.000006
263 0.000005
264 0.000005
265 0.000005
266 0.000005
267 0.000004
268 0.000004
269 0.000004
270 0.000004
271 0.000004
272 0.000004
273 0.000003
274 0.000003
275 0.000003
276 0.000003
277 0.000003
278 0.000003
279 0.000003
280 0.000002
281 0.000002
282 0.000002
283 0.000002
284 0.000002
285 0.000002
286 0.000002
287 0.000002
288 0.000002
289 0.000002
290 0.000002
291 0.000002
292 0.000002
293 0.000001
294 0.000001
295 0.000001
296 0.000001
297 0.000001
298 0.000001
299 0.000001
300 0.000001
301 0.000001
302 0.000001
303 0.000001
304 0.000001
305 0.000001
306 0.000001
307 0.000001
308 0.000001
309 0.000001
310 0.000001
311 0.000001
312 0.000001
313 0.000001
314 0.000001
315 0.000001
316 0.000001
317 0.000001
318 0.000001
319 0.000001
320 0.000001
321 0.000001
322 0.000001
323 0.000001
324 0.000001
325 0.000001
326 0.000000
327 0.000000
328 0.000000
329 0.000000
330 0.000000
331 0.000000
332 0.000000
333 0.000000
334 0.000000
335 0.000000
336 0.000000
337 0.000000
338 0.000000
339 0.000000
340 0.000000
341 0.000000
342 0.000000
343 0.000000
344 0.000000
345 0.000000
346 0.000000
347 0.000000
348 0.000000
349 0.000000
350 0.000000
351 0.000000
352 0.000000
353 0.000000
354 0.000000
355 0.000000
356 0.000000
357 0.000000
358 0.000000
359 0.000000
360 0.000000
361 0.000000
362 0.000000
363 0.000000
364 0.000000
365 0.000000
366 0.000000
367 0.000000
368 0.000000
369 0.000000
370 0.000000
371 0.000000
372 0.000000
373 0.000000
374 0.000000
375 0.000000
376 0.000000
377 0.000000
378 0.000000
379 0.000000
380 0.000000
381 0.000000
382 0.000000
383 0.000000
384 0.000000
385 0.000000
386 0.000000
387 0.000000
388 0.000000
389 0.000000
390 0.000000
391 0.000000
392 0.000000
393 0.000000
394 0.000000
395 0.000000
396 0.000000
397 0.000000
398 0.000000
399 0.000000
400 0.000000
401 0.000000
402 0.000000
403 0.000000
404 0.000000
405 0.000000
406 0.000000
407 0.000000
408 0.000000
409 0.000000
410 0.000000
411 0.000000
412 0.000000
413 0.000000
414 0.000000
415 0.000000
416 0.000000
417 0.000000
418 0.000000
419 0.000000
420 0.000000
421 0.000000
422 0.000000
423 0.000000
424 0.000000
425 0.000000
426 0.000000
427 0.000000
428 0.000000
429 0.000000
430 0.000000
431 0.000000
432 0.000000
433 0.000000
434 0.000000
435 0.000000
436 0.000000
437 0.000000
438 0.000000
439 0.000000
440 0.000000
441 0.000000
442 0.000000
443 0.000000
444 0.000000
445 0.000000
446 0.000000
447 0.000000
448 0.000000
449 0.000000
450 0.000000
451 0.000000
452 0.000000
453 0.000000
454 0.000000
455 0.000000
456 0.000000
457 0.000000
458 0.000000
459 0.000000
460 0.000000
461 0.000000
462 0.000000
463 0.000000
464 0.000000
465 0.000000
466 0.000000
467 0.000000
468 0.000000
469 0.000000
470 0.000000
471 0.000000
472 0.000000
473 0.000000
474 0.000000
475 0.000000
476 0.000000
477 0.000000
478 0.000000
479 0.000000
480 0.000000
481 0.000000
482 0.000000
483 0.000000
484 0.000000
485 0.000000
486 0.000000
487 0.000000
488 0.000000
489 0.000000
490 0.000000
491 0.000000
492 0.000000
493 0.000000
494 0.000000
495 0.000000
496 0.000000
497 0.000000
498 0.000000
499 0.000000
500 0.000000
