1 inf
2 inf
3 inf
4 inf
5 inf
6 inf
7 inf
8 inf
9 inf
10 inf
11 inf
12 inf
13 inf
14 inf
15 inf
16 inf
17 inf
18 inf
19 inf
20 inf
21 inf
22 inf
23 inf
24 inf
25 inf
26 inf
27 inf
28 inf
29 inf
30 inf
31 inf
32 inf
33 inf
34 inf
35 inf
36 inf
37 inf
38 inf
39 inf
40 inf
41 inf
42 inf
43 inf
44 inf
45 inf
46 inf
47 inf
48 inf
49 inf
50 inf
51 inf
52 inf
53 inf
54 inf
55 inf
56 inf
57 inf
58 inf
59 inf
60 inf
61 inf
62 inf
63 inf
64 inf
65 inf
66 inf
67 inf
68 1803221470161841361537005239162733942225005598714895760991233945440231075302938381658429627340967904329091659133211737677044960224588141630747829850134191640313529937644852727890903612920383190485808768180555886494326231136737603837022142762133735328265590665388658437332932781636294587295798919168.000000
69 830936390777067255197560585176517173938806259033221223169770666429884492622261694399581418064931569140227009541411465435907987537778284759787317521840662548487914189114534404497666602659721423281038830413189275516921510259692277339380633457365378395456149273901531136.000000
70 639423393827951939526059139473754234974536531193567449528449343199249756880081912786970638413384141983984019536468853204094672655126468461289177237876932154520258682422539773937084029858647058523669270892484981801651133280824590336.000000
71 4717717974840857203527313318969969463718304726577590102995959611116197400022482424487948282902010621165344168963355721519000534475987469602676140213803153936972524794916476247557867289375603398017024.000000
72 23210806051380574169600091590015816024288854920203082096912825011718297629282711589756944104955524674001593966298311115043134113834587656182313819392586500165892598398976.000000
73 86504808529777569904060609077849631927600756786507799571574851159937325842191943231083334253359379058603785049248331828970914118417514496.000000
74 213937842755840559602528552977777200481864055424188917217369633659136046557621114137938996890697728.000000
75 244143505510679249675317398565524913994148735651527597248434082240780042240.000000
76 1938703580835357908795392.000000
77 165388.624270
78 51647.451672
79 37468.572491
80 34608.770917
81 29143.723327
82 25197.972034
83 22247.104000
84 19684.228628
85 17616.604054
86 15887.223999
87 14187.991984
88 12895.590823
89 11915.039406
90 10896.955093
91 9870.857063
92 8753.791997
93 7979.406323
94 7384.141110
95 6742.999090
96 6134.431722
97 5550.532374
98 5053.911507
99 4720.679775
100 4304.816130
101 3982.072409
102 3756.223827
103 3488.688529
104 3182.404878
105 2960.822444
106 2723.377368
107 2547.973707
108 2281.272889
109 2152.336075
110 2015.348695
111 1858.509148
112 1722.664344
113 1582.933552
114 1479.214823
115 1359.505073
116 1270.782192
117 1190.503252
118 1095.026873
119 1038.017328
120 953.061405
121 877.334438
122 820.738017
123 764.717773
124 713.955441
125 664.686524
126 621.300845
127 582.231165
128 547.655639
129 502.332012
130 469.784740
131 432.087835
132 404.076902
133 379.921752
134 355.251553
135 332.988790
136 307.749130
137 290.264416
138 269.317493
139 251.266727
140 236.713024
141 220.713178
142 206.209755
143 190.653552
144 177.864885
145 168.745207
146 156.669283
147 146.186759
148 136.487253
149 128.051916
150 118.639607
151 111.985000
152 103.612773
153 96.835039
154 90.536348
155 84.265534
156 78.973595
157 74.166944
158 69.537138
159 66.031339
160 61.780479
161 58.046732
162 55.690630
163 51.480620
164 48.586518
165 46.059559
166 43.396265
167 41.139750
168 39.141188
169 36.609637
170 34.656734
171 33.136340
172 31.440965
173 29.831140
174 28.173931
175 26.596399
176 25.457825
177 24.069498
178 22.818301
179 21.811212
180 20.650447
181 19.682558
182 18.747150
183 17.764200
184 16.778029
185 16.046366
186 15.236763
187 14.314436
188 13.794893
189 13.105890
190 12.423752
191 11.800154
192 11.335534
193 10.868168
194 10.311910
195 9.800204
196 9.365530
197 8.996965
198 8.621899
199 8.180146
200 7.913649
201 7.586714
202 7.220294
203 6.846610
204 6.532441
205 6.298430
206 6.033827
207 5.719963
208 5.516987
209 5.283733
210 5.046518
211 4.848235
212 4.661526
213 4.466071
214 4.317672
215 4.125837
216 3.991472
217 3.821988
218 3.691639
219 3.550483
220 3.418533
221 3.278913
222 3.150239
223 3.039704
224 2.946811
225 2.846183
226 2.760265
227 2.625393
228 2.552944
229 2.443596
230 2.354229
231 2.265613
232 2.200013
233 2.122902
234 2.057499
235 1.982422
236 1.924518
237 1.857829
238 1.797045
239 1.738041
240 1.675973
241 1.636776
242 1.578975
243 1.539515
244 1.489519
245 1.440013
246 1.395939
247 1.359569
248 1.318114
249 1.276920
250 1.234993
251 1.193198
252 1.154617
253 1.124386
254 1.090512
255 1.057142
256 1.031470
257 1.000188
258 0.967141
259 0.938192
260 0.915185
261 0.890135
262 0.867902
263 0.844488
264 0.821823
265 0.802684
266 0.781906
267 0.763225
268 0.743374
269 0.721384
270 0.703347
271 0.684724
272 0.666722
273 0.645733
274 0.632323
275 0.617084
276 0.601682
277 0.587136
278 0.571625
279 0.558203
280 0.546376
281 0.532170
282 0.519081
283 0.507583
284 0.495179
285 0.484767
286 0.473196
287 0.461971
288 0.450920
289 0.441421
290 0.430545
291 0.422931
292 0.413459
293 0.403135
294 0.395733
295 0.387292
296 0.379839
297 0.370868
298 0.362050
299 0.355828
300 0.348795
301 0.342095
302 0.334493
303 0.327640
304 0.321406
305 0.314189
306 0.308771
307 0.302747
308 0.296026
309 0.289841
310 0.285351
311 0.277890
312 0.273624
313 0.268864
314 0.262457
315 0.258292
316 0.252458
317 0.247664
318 0.243863
319 0.239196
320 0.234991
321 0.230725
322 0.226324
323 0.222878
324 0.219230
325 0.215323
326 0.211451
327 0.207688
328 0.204461
329 0.200914
330 0.197750
331 0.194085
332 0.190552
333 0.187982
334 0.184281
335 0.181592
336 0.178120
337 0.175288
338 0.172992
339 0.170196
340 0.167395
341 0.164911
342 0.162218
343 0.159536
344 0.157741
345 0.155142
346 0.152912
347 0.150678
348 0.148617
349 0.146330
350 0.144532
351 0.142219
352 0.140228
353 0.138501
354 0.136654
355 0.134739
356 0.132342
357 0.131081
358 0.129299
359 0.127813
360 0.126172
361 0.124560
362 0.122870
363 0.121394
364 0.119932
365 0.118634
366 0.117131
367 0.115683
368 0.114302
369 0.112837
370 0.111729
371 0.110508
372 0.109310
373 0.107858
374 0.106957
375 0.105687
376 0.104350
377 0.103293
378 0.102018
379 0.101104
380 0.100146
381 0.099078
382 0.097922
383 0.096966
384 0.096040
385 0.095130
386 0.094283
387 0.093348
388 0.092437
389 0.091370
390 0.090425
391 0.089750
392 0.088795
393 0.088123
394 0.087202
395 0.086503
396 0.085698
397 0.084927
398 0.084240
399 0.083315
400 0.082491
401 0.081895
402 0.081141
403 0.080535
404 0.079797
405 0.079133
406 0.078470
407 0.077860
408 0.077225
409 0.076668
410 0.076107
411 0.075504
412 0.074905
413 0.074405
414 0.073658
415 0.073207
416 0.072595
417 0.072024
418 0.071512
419 0.071086
420 0.070550
421 0.069900
422 0.069452
423 0.068906
424 0.068558
425 0.067968
426 0.067646
427 0.067153
428 0.066741
429 0.066333
430 0.065924
431 0.065500
432 0.065135
433 0.064789
434 0.064426
435 0.064023
436 0.063685
437 0.063317
438 0.062964
439 0.062689
440 0.062341
441 0.061996
442 0.061734
443 0.061447
444 0.061112
445 0.060849
446 0.060562
447 0.060286
448 0.059988
449 0.059694
450 0.059432
451 0.059197
452 0.058962
453 0.058753
454 0.058530
455 0.058300
456 0.058107
457 0.057890
458 0.057716
459 0.057520
460 0.057276
461 0.057120
462 0.056898
463 0.056753
464 0.056579
465 0.056367
466 0.056229
467 0.056076
468 0.055922
469 0.055776
470 0.055625
471 0.055508
472 0.055322
473 0.055215
474 0.055100
475 0.054978
476 0.054864
477 0.054757
478 0.054679
479 0.054562
480 0.054463
481 0.054360
482 0.054299
483 0.054201
484 0.054125
485 0.054056
486 0.053976
487 0.053924
488 0.053865
489 0.053807
490 0.053758
491 0.053717
492 0.053672
493 0.053642
494 0.053604
495 0.053581
496 0.053560
497 0.053545
498 0.053533
499 0.053524
500 0.053519
