1 inf
2 inf
3 inf
4 inf
5 inf
6 inf
7 inf
8 inf
9 inf
10 inf
11 inf
12 inf
13 33457963261536002736640391802234666411631047938211104985262784290582336170345186157817242175737818208143755253614154323374333458469651337414306838720221954992860797471573461528918557252055454226576972996067053153567113216.000000
14 2214282403714741481085598207433966567604722105010083035568618742328164195657648697439505042022334464.000000
15 20617.760515
16 18238.096408
17 16184.111918
18 16461.366428
19 14181.648091
20 11334.980693
21 11120.709957
22 10324.450269
23 8632.815067
24 7634.561583
25 7211.754004
26 7379.308165
27 5337.725790
28 6283.537831
29 4402.132573
30 3509.079461
31 3285.008532
32 2652.712187
33 2476.792113
34 2308.864508
35 2102.437634
36 2339.932447
37 2297.345627
38 1873.862220
39 1811.354416
40 1654.202601
41 1488.761906
42 1205.963309
43 1103.093565
44 1019.011408
45 986.926869
46 973.105345
47 818.621465
48 826.937330
49 730.548100
50 628.713150
51 640.735954
52 561.486098
53 544.084152
54 482.006222
55 462.746872
56 426.349661
57 407.834725
58 312.543473
59 270.441139
60 249.594727
61 221.001336
62 174.552675
63 165.067379
64 157.866104
65 152.309947
66 111.982486
67 105.599367
68 90.666885
69 81.200393
70 72.014625
71 60.589658
72 56.537540
73 51.674920
74 46.535321
75 41.717458
76 40.097516
77 33.572264
78 32.316940
79 29.333028
80 24.970056
81 23.334816
82 19.147191
83 16.042574
84 14.857314
85 13.323904
86 11.859596
87 10.703120
88 9.126972
89 7.720385
90 6.930975
91 5.631518
92 5.453527
93 5.194797
94 4.566709
95 4.518858
96 4.130550
97 3.605051
98 3.430131
99 3.224361
100 2.843092
101 2.398923
102 1.931987
103 1.647268
104 1.626559
105 1.481860
106 1.378243
107 1.115476
108 1.031511
109 0.911970
110 0.773849
111 0.712036
112 0.664977
113 0.586433
114 0.507713
115 0.470774
116 0.436850
117 0.343383
118 0.307925
119 0.270262
120 0.246068
121 0.214113
122 0.198077
123 0.175001
124 0.170029
125 0.151864
126 0.138520
127 0.117600
128 0.106907
129 0.098261
130 0.090738
131 0.084211
132 0.074852
133 0.068969
134 0.060811
135 0.052241
136 0.044199
137 0.040176
138 0.036114
139 0.030461
140 0.027954
141 0.025558
142 0.023027
143 0.021182
144 0.018141
145 0.015499
146 0.014160
147 0.012310
148 0.010860
149 0.009727
150 0.007958
151 0.007548
152 0.006856
153 0.006169
154 0.005610
155 0.004929
156 0.004144
157 0.003873
158 0.003476
159 0.003020
160 0.002726
161 0.002410
162 0.002176
163 0.001935
164 0.001676
165 0.001519
166 0.001384
167 0.001280
168 0.001160
169 0.001041
170 0.000923
171 0.000827
172 0.000730
173 0.000650
174 0.000554
175 0.000482
176 0.000420
177 0.000373
178 0.000328
179 0.000285
180 0.000250
181 0.000212
182 0.000187
183 0.000170
184 0.000147
185 0.000133
186 0.000119
187 0.000106
188 0.000091
189 0.000079
190 0.000068
191 0.000060
192 0.000054
193 0.000046
194 0.000041
195 0.000036
196 0.000031
197 0.000027
198 0.000025
199 0.000021
200 0.000019
201 0.000017
202 0.000015
203 0.000013
204 0.000011
205 0.000010
206 0.000009
207 0.000008
208 0.000007
209 0.000006
210 0.000005
211 0.000004
212 0.000004
213 0.000003
214 0.000003
215 0.000002
216 0.000002
217 0.000002
218 0.000002
219 0.000001
220 0.000001
221 0.000001
222 0.000001
223 0.000001
224 0.000001
225 0.000001
226 0.000001
227 0.000000
228 0.000000
229 0.000000
230 0.000000
231 0.000000
232 0.000000
233 0.000000
234 0.000000
235 0.000000
236 0.000000
237 0.000000
238 0.000000
239 0.000000
240 0.000000
241 0.000000
242 0.000000
243 0.000000
244 0.000000
245 0.000000
246 0.000000
247 0.000000
248 0.000000
249 0.000000
250 0.000000
251 0.000000
252 0.000000
253 0.000000
254 0.000000
255 0.000000
256 0.000000
257 0.000000
258 0.000000
259 0.000000
260 0.000000
261 0.000000
262 0.000000
263 0.000000
264 0.000000
265 0.000000
266 0.000000
267 0.000000
268 0.000000
269 0.000000
270 0.000000
271 0.000000
272 0.000000
273 0.000000
274 0.000000
275 0.000000
276 0.000000
277 0.000000
278 0.000000
279 0.000000
280 0.000000
281 0.000000
282 0.000000
283 0.000000
284 0.000000
285 0.000000
286 0.000000
287 0.000000
288 0.000000
289 0.000000
290 0.000000
291 0.000000
292 0.000000
293 0.000000
294 0.000000
295 0.000000
296 0.000000
297 0.000000
298 0.000000
299 0.000000
300 0.000000
301 0.000000
302 0.000000
303 0.000000
304 0.000000
305 0.000000
306 0.000000
307 0.000000
308 0.000000
309 0.000000
310 0.000000
311 0.000000
312 0.000000
313 0.000000
314 0.000000
315 0.000000
316 0.000000
317 0.000000
318 0.000000
319 0.000000
320 0.000000
321 0.000000
322 0.000000
323 0.000000
324 0.000000
325 0.000000
326 0.000000
327 0.000000
328 0.000000
329 0.000000
330 0.000000
331 0.000000
332 0.000000
333 0.000000
334 0.000000
335 0.000000
336 0.000000
337 0.000000
338 0.000000
339 0.000000
340 0.000000
341 0.000000
342 0.000000
343 0.000000
344 0.000000
345 0.000000
346 0.000000
347 0.000000
348 0.000000
349 0.000000
350 0.000000
351 0.000000
352 0.000000
353 0.000000
354 0.000000
355 0.000000
356 0.000000
357 0.000000
358 0.000000
359 0.000000
360 0.000000
361 0.000000
362 0.000000
363 0.000000
364 0.000000
365 0.000000
366 0.000000
367 0.000000
368 0.000000
369 0.000000
370 0.000000
371 0.000000
372 0.000000
373 0.000000
374 0.000000
375 0.000000
376 0.000000
377 0.000000
378 0.000000
379 0.000000
380 0.000000
381 0.000000
382 0.000000
383 0.000000
384 0.000000
385 0.000000
386 0.000000
387 0.000000
388 0.000000
389 0.000000
390 0.000000
391 0.000000
392 0.000000
393 0.000000
394 0.000000
395 0.000000
396 0.000000
397 0.000000
398 0.000000
399 0.000000
400 0.000000
401 0.000000
402 0.000000
403 0.000000
404 0.000000
405 0.000000
406 0.000000
407 0.000000
408 0.000000
409 0.000000
410 0.000000
411 0.000000
412 0.000000
413 0.000000
414 0.000000
415 0.000000
416 0.000000
417 0.000000
418 0.000000
419 0.000000
420 0.000000
421 0.000000
422 0.000000
423 0.000000
424 0.000000
425 0.000000
426 0.000000
427 0.000000
428 0.000000
429 0.000000
430 0.000000
431 0.000000
432 0.000000
433 0.000000
434 0.000000
435 0.000000
436 0.000000
437 0.000000
438 0.000000
439 0.000000
440 0.000000
441 0.000000
442 0.000000
443 0.000000
444 0.000000
445 0.000000
446 0.000000
447 0.000000
448 0.000000
449 0.000000
450 0.000000
451 0.000000
452 0.000000
453 0.000000
454 0.000000
455 0.000000
456 0.000000
457 0.000000
458 0.000000
459 0.000000
460 0.000000
461 0.000000
462 0.000000
463 0.000000
464 0.000000
465 0.000000
466 0.000000
467 0.000000
468 0.000000
469 0.000000
470 0.000000
471 0.000000
472 0.000000
473 0.000000
474 0.000000
475 0.000000
476 0.000000
477 0.000000
478 0.000000
479 0.000000
480 0.000000
481 0.000000
482 0.000000
483 0.000000
484 0.000000
485 0.000000
486 0.000000
487 0.000000
488 0.000000
489 0.000000
490 0.000000
491 0.000000
492 0.000000
493 0.000000
494 0.000000
495 0.000000
496 0.000000
497 0.000000
498 0.000000
499 0.000000
500 0.000000
