1 4615474.109901
2 5853437.753421
3 4250486.086741
4 6774999.383279
5 8769579.834482
6 9023341.646393
7 9249120.433130
8 10976152.532160
9 11910354.149266
10 12329698.403780
11 12931215.653545
12 14108288.713235
13 14296008.071264
14 17501666.456924
15 17042104.957776
16 18958639.758494
17 14074843.690398
18 20962888.028504
19 21064837.984862
20 25376587.003955
21 26753350.283965
22 23943028.761582
23 22333886.574756
24 29806535.304879
25 22402030.447030
26 31817400.460001
27 33223865.943430
28 38530026.840067
29 45949989.686107
30 45437448.433746
31 46661119.722665
32 51151242.312159
33 47978085.139356
34 49609205.395512
35 46790444.555576
36 44027791.848229
37 46440089.365737
38 38075744.066244
39 47025333.258244
40 35988884.440938
41 49997874.485376
42 42842687.706534
43 47930290.087005
44 46999844.767421
45 55274548.607283
46 50213321.747509
47 37986060.647102
48 36905171.274623
49 37020244.095442
50 50909296.088974
51 47696942.472952
52 43470086.930325
53 46975662.642734
54 50800675.187918
55 32598211.941941
56 48469384.250321
57 41882255.069099
58 34744180.503256
59 41053848.652994
60 37115173.289443
61 45814319.796594
62 39345709.315470
63 45789738.446342
64 41948369.752983
65 38106859.177775
66 43384131.276485
67 42001317.649014
68 34546467.604685
69 38428938.480809
70 28250389.493017
71 37411463.153279
72 35798918.715372
73 26700226.460572
74 29439700.328657
75 32614977.464837
76 31389396.358513
77 18181041.151799
78 16872125.285743
79 21757928.848777
80 21251403.752380
81 23959963.046390
82 20939589.442715
83 18677255.723952
84 17247169.588655
85 18467290.259333
86 17809737.078020
87 16016584.419054
88 15180392.568378
89 16650668.914078
90 19063201.438095
91 11049814.879236
92 10674062.393839
93 8156402.185220
94 10200538.011690
95 8801416.940518
96 9861830.488922
97 8086627.468881
98 9562227.234205
99 8341333.567574
100 7697799.777269
101 6883749.304582
102 6137215.480930
103 6690146.473024
104 5535250.354976
105 6028435.119308
106 5406716.127320
107 5885935.776804
108 7554377.362103
109 6955612.764806
110 8717645.235574
111 8041927.539576
112 7728365.069390
113 7232301.146143
114 5785761.147009
115 5082659.623885
116 5485474.669570
117 4853489.134679
118 4067922.214355
119 4236542.414837
120 4376611.704412
121 3807133.577623
122 3853481.955429
123 3554222.933176
124 3328624.937134
125 3117843.766720
126 2978795.422391
127 2615046.041449
128 2441201.331266
129 2213993.124999
130 2162449.212939
131 1394054.706252
132 1244524.600430
133 1650545.385306
134 1263323.769941
135 1289040.928788
136 1403019.367611
137 1191288.592716
138 1214991.292013
139 1100209.731932
140 1279541.902937
141 967821.114993
142 725576.657563
143 614924.907727
144 641122.954675
145 470617.087140
146 569980.590568
147 526888.048979
148 517841.009819
149 401491.466686
150 468513.090607
151 497000.866791
152 384247.033857
153 416062.565222
154 378028.807346
155 307856.546836
156 303123.228769
157 305579.032370
158 343592.169950
159 352446.880311
160 312147.152127
161 240145.866802
162 272773.313013
163 198248.266778
164 199682.289023
165 212106.650629
166 201148.308194
167 186780.301809
168 179918.816558
169 169530.100530
170 154137.555919
171 140985.735728
172 128317.089853
173 105517.145617
174 113122.750327
175 88907.709311
176 104164.180708
177 79423.876786
178 73132.420567
179 69444.668498
180 64349.816663
181 71907.452879
182 53150.147581
183 53971.847680
184 43455.428055
185 41046.288631
186 41938.130353
187 40489.753266
188 35613.264532
189 32340.459775
190 27119.407489
191 32279.200987
192 21948.626100
193 25623.469285
194 19791.368075
195 19123.798986
196 16658.510507
197 17204.206394
198 16370.113970
199 20301.716249
200 19457.705932
201 18831.229721
202 16837.919074
203 15468.157522
204 15381.458822
205 14879.885067
206 12381.193181
207 11335.665073
208 10809.031309
209 9812.840907
210 8282.837920
211 9008.000120
212 8286.145443
213 6607.161337
214 6688.002256
215 6861.825167
216 6518.530771
217 5068.401578
218 5360.854421
219 4953.913853
220 4192.786275
221 3667.509766
222 4476.439632
223 3507.992627
224 3752.048789
225 3519.650112
226 2964.798302
227 3369.103798
228 2925.456840
229 2386.014939
230 2655.288474
231 2598.438653
232 2555.478637
233 2471.537307
234 1979.581475
235 1987.541216
236 1567.496935
237 1587.490875
238 1425.565482
239 1360.722918
240 1312.317511
241 1309.388751
242 1411.981612
243 1280.687310
244 1235.183443
245 1407.821244
246 1207.033208
247 1154.396968
248 1142.791655
249 1142.144422
250 1006.648562
251 948.963821
252 927.542303
253 929.783537
254 855.793397
255 701.883069
256 638.836239
257 737.553814
258 677.186223
259 669.435363
260 667.004697
261 653.214432
262 605.444684
263 709.875038
264 586.203675
265 587.321052
266 580.473588
267 545.625265
268 501.179667
269 484.858208
270 500.049511
271 431.836765
272 365.599761
273 402.916500
274 374.712596
275 377.429007
276 392.731551
277 407.891817
278 372.454669
279 387.043393
280 389.361967
281 368.358083
282 310.333854
283 327.215449
284 353.128064
285 336.958141
286 347.308619
287 347.804167
288 324.831639
289 283.754137
290 289.305530
291 289.955802
292 264.265341
293 266.595722
294 252.516237
295 247.523293
296 221.653436
297 202.387432
298 215.329785
299 215.661951
300 189.449374
301 183.055093
302 197.417812
303 179.729237
304 186.979799
305 175.326906
306 167.955547
307 148.115063
308 154.506184
309 131.295808
310 130.144445
311 129.232824
312 124.957067
313 118.677520
314 125.675409
315 115.611460
316 129.831935
317 128.596948
318 133.552096
319 119.686900
320 121.248028
321 129.190163
322 107.321023
323 98.512971
324 102.086696
325 100.498383
326 104.692383
327 98.515989
328 88.333473
329 93.903030
330 93.021756
331 89.103299
332 88.872730
333 90.080044
334 79.741677
335 71.993488
336 66.874238
337 69.431641
338 68.849215
339 69.266100
340 65.525063
341 61.667174
342 64.164606
343 62.448774
344 62.354290
345 62.592108
346 55.962271
347 56.253859
348 58.483951
349 58.029423
350 54.279114
351 53.605258
352 50.958478
353 51.581740
354 51.114074
355 49.884202
356 49.962081
357 50.693733
358 47.017707
359 45.047249
360 42.988708
361 42.036780
362 41.847738
363 40.774736
364 38.351978
365 37.803738
366 38.146665
367 34.693271
368 32.881284
369 31.399061
370 31.939320
371 30.026886
372 29.554486
373 28.467739
374 26.981904
375 25.082645
376 23.467205
377 23.039286
378 23.192240
379 22.252786
380 22.057611
381 21.614693
382 20.243222
383 21.215859
384 20.031958
385 19.545296
386 18.694017
387 18.634149
388 17.860502
389 18.275504
390 17.638276
391 17.433808
392 17.144604
393 16.146146
394 16.273168
395 16.387064
396 16.152762
397 15.961757
398 15.898955
399 15.372530
400 14.508894
401 14.101887
402 13.466837
403 12.934586
404 12.875796
405 12.849723
406 12.842129
407 12.042829
408 12.027911
409 11.842510
410 12.135317
411 11.735315
412 11.523121
413 11.543669
414 11.430900
415 11.612728
416 11.314729
417 11.100196
418 11.284323
419 10.890930
420 10.579373
421 10.366279
422 10.050435
423 10.346584
424 9.896051
425 9.892861
426 9.818928
427 9.593402
428 9.173774
429 8.708863
430 8.573702
431 8.556636
432 8.217092
433 8.060221
434 8.248486
435 7.926346
436 7.752924
437 7.679819
438 7.535862
439 7.505945
440 7.347891
441 7.393807
442 7.171935
443 7.054093
444 7.050614
445 7.065230
446 7.049273
447 6.932621
448 6.866971
449 6.939428
450 6.591603
451 6.545917
452 6.503591
453 6.359644
454 6.284983
455 6.189424
456 6.133160
457 6.116603
458 5.893799
459 5.897135
460 5.806161
461 5.649461
462 5.628903
463 5.559039
464 5.509985
465 5.424863
466 5.404068
467 5.320335
468 5.255100
469 5.152380
470 5.139851
471 5.115143
472 5.097341
473 5.060015
474 5.029015
475 4.979623
476 4.951202
477 4.946712
478 4.907276
479 4.893103
480 4.880884
481 4.859129
482 4.817216
483 4.755200
484 4.752986
485 4.736928
486 4.705871
487 4.679690
488 4.657669
489 4.644667
490 4.624241
491 4.599689
492 4.587726
493 4.576396
494 4.562842
495 4.550567
496 4.542656
497 4.535650
498 4.529706
499 4.526173
500 4.523555
