1 4174670.831876
2 14717520.704579
3 20079913.662407
4 35496403.006088
5 62768044.866368
6 91980357.378078
7 95339787.990024
8 137750326.748730
9 257000328.631415
10 375525288.430675
11 410665241.849711
12 874392835.323984
13 1156361550.562511
14 1116625778.027822
15 2454750081.154684
16 2248653455.735301
17 5339851566.847576
18 7598147996.276261
19 8127852584.996833
20 8261496464.042550
21 11239082480.113184
22 9205005069.567877
23 6870300573.052050
24 10459400935.646513
25 13266048839.282724
26 17438447079.927563
27 18431619815.441956
28 10968771108.854559
29 21405576627.151482
30 22293569751.022903
31 45317431703.597122
32 43456414976.695709
33 62556298232.214516
34 94571267337.694305
35 120736589301.772568
36 142682843702.972626
37 141818855501.658691
38 294773500985.956421
39 202377952112.707397
40 338345126058.184753
41 710445902250.695923
42 720268470344.775635
43 962658085667.726685
44 519563766430.371887
45 494276044949.056396
46 382353214363.634888
47 476541710071.615051
48 672666815542.825439
49 726805313535.493652
50 912367890225.744873
51 1157869132279.976074
52 1168575761703.487549
53 460612179113.362183
54 1247860486111.248779
55 482917177441.612122
56 1095006268238.728760
57 1203949093726.062012
58 2128182768317.898438
59 2672659055640.228516
60 3307128509530.673340
61 3585646480772.268066
62 2816188165636.610840
63 4713657010997.079102
64 7977858699927.095703
65 9724871617452.775391
66 10171679565814.181641
67 11838536466220.283203
68 16129487310759.769531
69 16196530412554.359375
70 16016463713063.322266
71 29781493516688.339844
72 36036249634319.281250
73 27910589994717.539062
74 19169613922494.683594
75 32749208924152.437500
76 28893856797702.707031
77 47950238962653.507812
78 55237075206425.718750
79 64755987941454.554688
80 70033044128144.453125
81 98931963430282.593750
82 104716352192840.453125
83 78741589595090.328125
84 115610163703242.078125
85 103614271381299.437500
86 106329191176874.125000
87 134686473368003.765625
88 111204589588413.296875
89 144690339416523.187500
90 177212315535896.187500
91 162899109080838.781250
92 145831926115360.468750
93 144049521692705.187500
94 131209952426012.609375
95 106845641637794.328125
96 195971964359729.062500
97 202213678296172.312500
98 187507600981496.687500
99 130932184682897.281250
100 206381604475305.562500
101 155365452391171.468750
102 130452781316686.328125
103 133769470474074.125000
104 104293713094582.875000
105 133872843193796.703125
106 162403431568538.093750
107 113060855975178.437500
108 93612055025413.281250
109 94782132142082.812500
110 74881631612070.109375
111 73938000572250.046875
112 82227431810923.531250
113 51153105350120.359375
114 82724870316314.984375
115 74858510136176.937500
116 76491139629844.234375
117 53682267192287.351562
118 37154244923618.843750
119 37335690467502.773438
120 30895737840017.718750
121 32929170365596.984375
122 25870668151625.039062
123 29355735466583.125000
124 28308725718484.476562
125 17966989950540.105469
126 13358960558460.947266
127 11504667765329.857422
128 13546665670242.474609
129 10932947091521.408203
130 6833881013641.501953
131 8288052544837.500000
132 13372996768092.837891
133 5877800764373.693359
134 2932232608513.937988
135 2418017434009.725098
136 3700960898217.018555
137 2636375958358.538086
138 3151863512256.387695
139 2221776531840.507324
140 1527131367009.260986
141 1612643289901.607422
142 1172332104940.585205
143 1221587146680.252197
144 980838083354.654053
145 569103512498.263428
146 630514686531.547241
147 465726506569.087891
148 414354824278.045898
149 319362907056.922852
150 302616911852.635986
151 234412281044.692841
152 265334663555.941010
153 339156982512.250854
154 172438503067.759094
155 178631374468.033325
156 188428236087.809723
157 113520367885.611130
158 94268827016.104782
159 65506687588.816139
160 69687162039.150757
161 55242083601.846741
162 40285818677.582031
163 36537563298.708282
164 22590134615.062065
165 15380318402.548487
166 16389011699.474417
167 13146636164.910940
168 9324885670.584631
169 5967090837.058700
170 5370895467.057259
171 4292184217.711040
172 3481007058.102538
173 1951222760.457136
174 1765250580.440192
175 1426774240.768162
176 1159829586.280275
177 614050579.576825
178 466080434.808279
179 437778925.316944
180 268535166.108660
181 209781405.194138
182 155746482.611392
183 125996516.800085
184 99093402.273212
185 76435567.748507
186 57673477.247386
187 40129543.157812
188 29700359.778344
189 25864935.725169
190 18011866.663256
191 8822941.913651
192 5443776.734418
193 5269615.731329
194 4492389.420877
195 4287972.160221
196 3451520.796602
197 1905487.171266
198 1288246.692029
199 924063.198388
200 639102.554305
201 537307.755105
202 435149.850907
203 306621.329179
204 182300.445748
205 118725.399899
206 72762.585000
207 74177.921763
208 43013.749478
209 42878.804793
210 35045.927099
211 21743.833586
212 18009.352198
213 13313.126165
214 8104.667062
215 6113.351791
216 3873.794801
217 2108.343734
218 1487.475916
219 883.886392
220 508.151341
221 362.658840
222 233.614582
223 164.685741
224 89.556653
225 58.617827
226 50.504552
227 28.522483
228 18.130503
229 11.249129
230 6.872598
231 3.845075
232 2.524493
233 1.648497
234 1.052947
235 0.439694
236 0.280655
237 0.160517
238 0.130149
239 0.098874
240 0.059489
241 0.038144
242 0.019040
243 0.013665
244 0.010265
245 0.006454
246 0.004324
247 0.002308
248 0.001147
249 0.000806
250 0.000490
251 0.000262
252 0.000157
253 0.000082
254 0.000038
255 0.000029
256 0.000020
257 0.000011
258 0.000007
259 0.000005
260 0.000003
261 0.000001
262 0.000001
263 0.000001
264 0.000000
265 0.000000
266 0.000000
267 0.000000
268 0.000000
269 0.000000
270 0.000000
271 0.000000
272 0.000000
273 0.000000
274 0.000000
275 0.000000
276 0.000000
277 0.000000
278 0.000000
279 0.000000
280 0.000000
281 0.000000
282 0.000000
283 0.000000
284 0.000000
285 0.000000
286 0.000000
287 0.000000
288 0.000000
289 0.000000
290 0.000000
291 0.000000
292 0.000000
293 0.000000
294 0.000000
295 0.000000
296 0.000000
297 0.000000
298 0.000000
299 0.000000
300 0.000000
301 0.000000
302 0.000000
303 0.000000
304 0.000000
305 0.000000
306 0.000000
307 0.000000
308 0.000000
309 0.000000
310 0.000000
311 0.000000
312 0.000000
313 0.000000
314 0.000000
315 0.000000
316 0.000000
317 0.000000
318 0.000000
319 0.000000
320 0.000000
321 0.000000
322 0.000000
323 0.000000
324 0.000000
325 0.000000
326 0.000000
327 0.000000
328 0.000000
329 0.000000
330 0.000000
331 0.000000
332 0.000000
333 0.000000
334 0.000000
335 0.000000
336 0.000000
337 0.000000
338 0.000000
339 0.000000
340 0.000000
341 0.000000
342 0.000000
343 0.000000
344 0.000000
345 0.000000
346 0.000000
347 0.000000
348 0.000000
349 0.000000
350 0.000000
351 0.000000
352 0.000000
353 0.000000
354 0.000000
355 0.000000
356 0.000000
357 0.000000
358 0.000000
359 0.000000
360 0.000000
361 0.000000
362 0.000000
363 0.000000
364 0.000000
365 0.000000
366 0.000000
367 0.000000
368 0.000000
369 0.000000
370 0.000000
371 0.000000
372 0.000000
373 0.000000
374 0.000000
375 0.000000
376 0.000000
377 0.000000
378 0.000000
379 0.000000
380 0.000000
381 0.000000
382 0.000000
383 0.000000
384 0.000000
385 0.000000
386 0.000000
387 0.000000
388 0.000000
389 0.000000
390 0.000000
391 0.000000
392 0.000000
393 0.000000
394 0.000000
395 0.000000
396 0.000000
397 0.000000
398 0.000000
399 0.000000
400 0.000000
401 0.000000
402 0.000000
403 0.000000
404 0.000000
405 0.000000
406 0.000000
407 0.000000
408 0.000000
409 0.000000
410 0.000000
411 0.000000
412 0.000000
413 0.000000
414 0.000000
415 0.000000
416 0.000000
417 0.000000
418 0.000000
419 0.000000
420 0.000000
421 0.000000
422 0.000000
423 0.000000
424 0.000000
425 0.000000
426 0.000000
427 0.000000
428 0.000000
429 0.000000
430 0.000000
431 0.000000
432 0.000000
433 0.000000
434 0.000000
435 0.000000
436 0.000000
437 0.000000
438 0.000000
439 0.000000
440 0.000000
441 0.000000
442 0.000000
443 0.000000
444 0.000000
445 0.000000
446 0.000000
447 0.000000
448 0.000000
449 0.000000
450 0.000000
451 0.000000
452 0.000000
453 0.000000
454 0.000000
455 0.000000
456 0.000000
457 0.000000
458 0.000000
459 0.000000
460 0.000000
461 0.000000
462 0.000000
463 0.000000
464 0.000000
465 0.000000
466 0.000000
467 0.000000
468 0.000000
469 0.000000
470 0.000000
471 0.000000
472 0.000000
473 0.000000
474 0.000000
475 0.000000
476 0.000000
477 0.000000
478 0.000000
479 0.000000
480 0.000000
481 0.000000
482 0.000000
483 0.000000
484 0.000000
485 0.000000
486 0.000000
487 0.000000
488 0.000000
489 0.000000
490 0.000000
491 0.000000
492 0.000000
493 0.000000
494 0.000000
495 0.000000
496 0.000000
497 0.000000
498 0.000000
499 0.000000
500 0.000000
