1 6107559.662131
2 10713854.550865
3 14743712.060833
4 18864101.487500
5 33922938.968246
6 54247177.241627
7 59765022.432551
8 105302521.349189
9 150851161.497017
10 157498509.930442
11 299990621.598796
12 284836482.919805
13 511685609.251589
14 575891543.403412
15 916436480.048328
16 1055568951.867640
17 1289506036.111090
18 1692900384.200151
19 2409180555.810909
20 2499448417.697319
21 5275635512.654183
22 7914156570.269688
23 9613178681.042236
24 17599488078.364086
25 15585099657.835329
26 20379624292.190845
27 32515713453.855873
28 59580657630.397530
29 82885955868.763138
30 128127468225.097351
31 146118082245.322662
32 163775253544.913971
33 213871203634.473846
34 338285807047.616333
35 326683281314.303894
36 327917572887.717957
37 385568807810.521301
38 330610001920.599731
39 581153551773.320923
40 398964224930.399109
41 442908239978.284485
42 849359960174.836304
43 674885372074.037842
44 700584140529.974487
45 1098040380396.306519
46 1419365521241.288818
47 1906235503135.316895
48 2069121331956.670410
49 1329489639081.991211
50 2146121399981.736328
51 2924355058833.517090
52 3673347883740.854492
53 3223974162987.318848
54 3323057245061.182129
55 4139310556418.490723
56 4367298909928.536133
57 4762903676426.939453
58 4777579735763.996094
59 7926995043917.947266
60 7889736680778.533203
61 8964090022875.515625
62 13766924819265.380859
63 15731263145267.476562
64 17633181880391.292969
65 13767371487865.611328
66 19932646685201.179688
67 16092822855791.132812
68 14559628673707.902344
69 14252442323523.818359
70 19262588708341.382812
71 20257270839423.613281
72 18752773475946.257812
73 19805110131608.089844
74 20833296193338.152344
75 24932064689175.175781
76 30426073432680.179688
77 29504663064048.523438
78 15704129144664.736328
79 19233974670871.339844
80 19769656360528.441406
81 24306865942864.421875
82 41984732357559.523438
83 23187990236782.125000
84 30532613572604.746094
85 31447699381124.570312
86 52069571045051.226562
87 51189200873386.281250
88 49772108331737.359375
89 26079813094137.871094
90 34929470802294.703125
91 19294061407606.835938
92 13429401971342.083984
93 15260835194773.349609
94 16391358365552.189453
95 15664210084551.164062
96 15994001482005.234375
97 12366519206257.988281
98 13980247361956.498047
99 12523983888011.525391
100 15939562036657.269531
101 14043896110917.744141
102 10863807088978.798828
103 11734351119032.884766
104 6556973357876.629883
105 9254961909393.671875
106 11585202640633.048828
107 16429899593457.806641
108 9252908292626.625000
109 5000471504843.790039
110 8015890101084.604492
111 10715307453253.462891
112 8455785180346.274414
113 8941770440154.910156
114 6910180544331.110352
115 3763827050996.213379
116 3499489349132.186035
117 5068312304514.207031
118 3021767297342.002441
119 3779827084782.346191
120 5067981992403.507812
121 3087281901311.269531
122 3444012688110.344238
123 2329739703692.931152
124 2151159354669.016113
125 2603513372824.448242
126 2500322118994.877441
127 2114405073099.199951
128 2354194211888.371582
129 1928776377232.624023
130 2276973274832.481934
131 2030723766740.004883
132 1763062273568.327148
133 1180277642136.098389
134 623817529715.351196
135 662732815099.289795
136 753119068819.937378
137 862911846280.596924
138 956800371433.904541
139 967498689191.334473
140 876565014244.233276
141 618780117714.105347
142 553704745110.870728
143 475348310115.081421
144 317057979274.370972
145 297273468584.391846
146 208384294136.067169
147 161705630759.569977
148 201872380101.899292
149 156286978572.333710
150 111205212963.941711
151 108622457778.154739
152 104878613151.896164
153 89043915419.880722
154 66865045745.051018
155 42666828328.025589
156 37679025116.616859
157 29424869226.450867
158 20998231763.878902
159 23861651282.462776
160 10063570533.667210
161 7507114344.810711
162 7249703158.938887
163 4919408938.337378
164 5440295699.294195
165 3265037274.744346
166 2542863046.033049
167 2872697270.207859
168 1976195138.419915
169 1539732051.567744
170 1296870320.569031
171 1426848838.310107
172 684353198.184446
173 594157426.310594
174 351705348.765166
175 274688389.535435
176 268045414.293040
177 215409569.089566
178 146715861.061902
179 101691254.202740
180 74225866.008199
181 67779613.885882
182 48834370.720203
183 36707307.619569
184 35846647.372147
185 19605365.182770
186 15396950.054434
187 11163770.827407
188 6720794.933922
189 4575431.021107
190 4051542.629206
191 2960673.070245
192 1748237.725547
193 1296057.222336
194 687799.811347
195 485384.648089
196 412554.993469
197 239391.606238
198 254936.764146
199 182737.771821
200 163021.577306
201 83376.770779
202 58884.211372
203 46214.108166
204 31432.729026
205 24340.607911
206 16440.239472
207 11618.625111
208 11269.898778
209 6422.882432
210 5477.402157
211 3742.617419
212 2387.643535
213 1679.741421
214 1086.605129
215 711.234352
216 466.364263
217 321.225830
218 269.689341
219 191.346703
220 109.222164
221 58.173409
222 44.748974
223 29.487140
224 16.318430
225 9.263602
226 6.161297
227 5.138501
228 3.417267
229 1.961198
230 1.332126
231 0.668070
232 0.471179
233 0.310351
234 0.193576
235 0.125580
236 0.071061
237 0.045392
238 0.027846
239 0.020418
240 0.011861
241 0.012202
242 0.007256
243 0.004944
244 0.002963
245 0.002000
246 0.001732
247 0.000688
248 0.000418
249 0.000306
250 0.000159
251 0.000097
252 0.000059
253 0.000036
254 0.000026
255 0.000013
256 0.000007
257 0.000005
258 0.000004
259 0.000003
260 0.000002
261 0.000001
262 0.000001
263 0.000000
264 0.000000
265 0.000000
266 0.000000
267 0.000000
268 0.000000
269 0.000000
270 0.000000
271 0.000000
272 0.000000
273 0.000000
274 0.000000
275 0.000000
276 0.000000
277 0.000000
278 0.000000
279 0.000000
280 0.000000
281 0.000000
282 0.000000
283 0.000000
284 0.000000
285 0.000000
286 0.000000
287 0.000000
288 0.000000
289 0.000000
290 0.000000
291 0.000000
292 0.000000
293 0.000000
294 0.000000
295 0.000000
296 0.000000
297 0.000000
298 0.000000
299 0.000000
300 0.000000
301 0.000000
302 0.000000
303 0.000000
304 0.000000
305 0.000000
306 0.000000
307 0.000000
308 0.000000
309 0.000000
310 0.000000
311 0.000000
312 0.000000
313 0.000000
314 0.000000
315 0.000000
316 0.000000
317 0.000000
318 0.000000
319 0.000000
320 0.000000
321 0.000000
322 0.000000
323 0.000000
324 0.000000
325 0.000000
326 0.000000
327 0.000000
328 0.000000
329 0.000000
330 0.000000
331 0.000000
332 0.000000
333 0.000000
334 0.000000
335 0.000000
336 0.000000
337 0.000000
338 0.000000
339 0.000000
340 0.000000
341 0.000000
342 0.000000
343 0.000000
344 0.000000
345 0.000000
346 0.000000
347 0.000000
348 0.000000
349 0.000000
350 0.000000
351 0.000000
352 0.000000
353 0.000000
354 0.000000
355 0.000000
356 0.000000
357 0.000000
358 0.000000
359 0.000000
360 0.000000
361 0.000000
362 0.000000
363 0.000000
364 0.000000
365 0.000000
366 0.000000
367 0.000000
368 0.000000
369 0.000000
370 0.000000
371 0.000000
372 0.000000
373 0.000000
374 0.000000
375 0.000000
376 0.000000
377 0.000000
378 0.000000
379 0.000000
380 0.000000
381 0.000000
382 0.000000
383 0.000000
384 0.000000
385 0.000000
386 0.000000
387 0.000000
388 0.000000
389 0.000000
390 0.000000
391 0.000000
392 0.000000
393 0.000000
394 0.000000
395 0.000000
396 0.000000
397 0.000000
398 0.000000
399 0.000000
400 0.000000
401 0.000000
402 0.000000
403 0.000000
404 0.000000
405 0.000000
406 0.000000
407 0.000000
408 0.000000
409 0.000000
410 0.000000
411 0.000000
412 0.000000
413 0.000000
414 0.000000
415 0.000000
416 0.000000
417 0.000000
418 0.000000
419 0.000000
420 0.000000
421 0.000000
422 0.000000
423 0.000000
424 0.000000
425 0.000000
426 0.000000
427 0.000000
428 0.000000
429 0.000000
430 0.000000
431 0.000000
432 0.000000
433 0.000000
434 0.000000
435 0.000000
436 0.000000
437 0.000000
438 0.000000
439 0.000000
440 0.000000
441 0.000000
442 0.000000
443 0.000000
444 0.000000
445 0.000000
446 0.000000
447 0.000000
448 0.000000
449 0.000000
450 0.000000
451 0.000000
452 0.000000
453 0.000000
454 0.000000
455 0.000000
456 0.000000
457 0.000000
458 0.000000
459 0.000000
460 0.000000
461 0.000000
462 0.000000
463 0.000000
464 0.000000
465 0.000000
466 0.000000
467 0.000000
468 0.000000
469 0.000000
470 0.000000
471 0.000000
472 0.000000
473 0.000000
474 0.000000
475 0.000000
476 0.000000
477 0.000000
478 0.000000
479 0.000000
480 0.000000
481 0.000000
482 0.000000
483 0.000000
484 0.000000
485 0.000000
486 0.000000
487 0.000000
488 0.000000
489 0.000000
490 0.000000
491 0.000000
492 0.000000
493 0.000000
494 0.000000
495 0.000000
496 0.000000
497 0.000000
498 0.000000
499 0.000000
500 0.000000
